-30.812630349230353
-394.41263034923435
1046.187369650762
1239.7873696507725
269.38736965076663
270.38736965076555
1114.5873696507617
658.7873696507685
600.9873696507665
275.18736965077335
91.38736965077163
250.98736965077075
286.787369650769
-209.41263034923037
237.98736965076938
-165.6126303492332
907.9873696507718
347.98736965077205
-181.6126303492308
-949.4126303492334
94.98736965076993
4.987369650772202
104.38736965076134
398.9873696507694
-203.61263034922916
293.9873696507689
-171.6126303492313
-794.2126303492354
56.78736965077138
520.787369650765
689.9873696507732
630.9873696507681
-106.81263034923077
-55.81263034923036
847.9873696507591
1337.5873696507779
628.5873696507716
-451.2126303492272
-22.01263034922966
-29.812630349228527
-314.41263034923077
-420.81263034922915
262.98736965076944
524.3873696507721
315.38736965077334
-490.61263034923365
206.18736965077142
-365.41263034922963
-676.0126303492339
-474.61263034922894
44.587369650773475
-560.2126303492352
-737.4126303492286
-603.4126303492317
-301.2126303492312
-159.01263034922965
-673.8126303492318
-281.0126303492342
-893.6126303492267
-498.0126303492303
297.5873696507742
351.98736965077035
482.3873696507675
1127.1873696507575
248.78736965077124
83.18736965077193
1.187369650766378
-197.6126303492268
-213.41263034923352
-731.8126303492319
-338.412630349231
394.1873696507683
192.3873696507708
297.7873696507705
960.987369650768
1079.3873696507644
1057.7873696507786
668.3873696507632
197.58736965077017
-398.2126303492329
-350.2126303492288
-123.21263034923149
138.1873696507675
-58.21263034922975
-17.612630349231313
115.38736965077473
-49.01263034922856
-500.4126303492298
-1049.612630349234
-684.6126303492305
-552.4126303492324
623.5873696507645
347.18736965077215
-123.21263034922947
113.78736965076703
973.7873696507714
393.7873696507705
922.987369650768
-334.6126303492286
-1478.0126303492384
-1253.612630349234
-1246.8126303492304
-1028.8126303492324
-245.81263034923353
-73.61263034922939
529.587369650769
651.9873696507658
412.18736965076994
586.1873696507695
301.5873696507699
211.58736965076935
108.78736965076908
132.9873696507718
39.38736965076833
-589.2126303492297
152.3873696507719
550.3873696507595
1229.587369650774
763.9873696507774
-330.612630349232
-650.8126303492307
-1030.012630349225
-28.41263034923317
535.9873696507714
360.9873696507683
402.3873696507728
216.7873696507675
581.3873696507685
283.7873696507698
445.7873696507692
48.78736965077475
-544.6126303492374
-575.4126303492333
-58.812630349229394
328.9873696507741
496.38736965077834
-112.8126303492317
31.38736965076948
-59.41263034923101
-25.812630349233196
470.1873696507606
182.18736965077042
228.38736965076544
-550.8126303492324
-234.81263034923103
-391.4126303492311
-1199.212630349232
-385.61263034923024
-393.81263034923165
700.5873696507774
246.78736965077027
-511.0126303492325
-198.21263034922995
-185.0126303492313
33.18736965077053
-201.01263034922877
153.98736965076847
-58.61263034923277
-302.61263034922996
161.18736965077196
975.9873696507728
-519.0126303492325
54.38736965077016
199.58736965077043
-366.8126303492307
-86.21263034923
2.5873696507685153
515.9873696507668
223.78736965076794
169.38736965076941
-364.41263034922747
-317.81263034923194
-34.41263034922807
139.58736965076992
417.1873696507693
-965.8126303492312
-656.0126303492275
51.58736965076679
137.38736965076745
858.9873696507644
790.3873696507732
195.38736965076964
-416.61263034923314
-116.61263034923402
-189.41263034922983
-870.4126303492263
-762.6126303492325
223.9873696507681
820.1873696507752
161.38736965076993
-395.21263034923254
-142.61263034923033
969.5873696507721
-583.012630349233
-1071.012630349245
-609.0126303492266
-411.81263034922745
-560.6126303492316
-186.21263034923433
-588.0126303492277
-888.0126303492297
-389.61263034922666
-871.0126303492292
-1012.6126303492347
-1239.6126303492276
-467.412630349231
2131.987369650761
1389.9873696507684
-1015.0126303492336
770.7873696507665
1313.3873696507753
1406.1873696507762
641.3873696507599
366.78736965076916
0.7873696507696835
-28.012630349232232
-32.412630349234455
-988.4126303492375
-401.81263034922995
720.3873696507688
747.7873696507697
496.38736965076913
-9.4126303492328
32.98736965076876
626.5873696507714
-836.6126303492287
-445.2126303492323
-570.2126303492332
-259.41263034923134
-1170.4126303492262
-326.61263034923155
-651.6126303492308
-1201.2126303492287
86.58736965076812
-501.01263034923073
-2083.0126303492393
-607.8126303492324
370.9873696507658
1331.587369650771
1739.7873696507681
-125.21263034922842
832.5873696507668
-13.212630349231084
-138.81263034923427
-880.8126303492327
233.98736965076694
-364.41263034923094
-715.6126303492329
548.3873696507694
-133.01263034922982
508.38736965076885
819.5873696507603
-139.01263034922977
-296.41263034923264
-577.2126303492289
-186.0126303492302
277.98736965077137
526.9873696507691
476.3873696507609
-794.8126303492315
-852.6126303492306
-1374.2126303492323
-518.8126303492293
-449.41263034923145
-657.4126303492342
-464.0126303492338
42.587369650769666
-1010.0126303492353
-449.01263034923073
724.3873696507684
1027.5873696507801
1136.9873696507746
1586.3873696507558
1398.787369650771
-511.4126303492289
-139.61263034923286
-1.812630349229572
229.38736965077044
6.587369650766675
-90.61263034923306
156.18736965076616
110.38736965077172
351.78736965076826
-333.0126303492314
-685.2126303492336
-256.0126303492315
-265.01263034923255
25.387369650769628
-167.81263034923
-646.6126303492325
-1058.8126303492295
-1034.8126303492222
-653.412630349232
-513.012630349231
-724.8126303492363
-400.61263034923735
-95.41263034923392
-1049.2126303492248
-976.212630349226
-614.8126303492328
-938.4126303492311
-218.41263034922906
878.7873696507647
1316.3873696507758
515.1873696507782
-176.61263034922928
-929.01263034923
-267.41263034923
65.3873696507675
-634.4126303492333
-1387.2126303492255
-70.01263034923275
-12.612630349230301
-76.21263034923427
195.78736965076808
-1263.8126303492509
-683.212630349225
174.3873696507673
-348.0126303492349
49.387369650767226
-344.4126303492309
-1140.412630349235
-1318.4126303492324
-714.4126303492269
-775.8126303492346
-556.4126303492393
-841.0126303492365
-660.8126303492245
-527.8126303492322
-172.01263034922954
-934.0126303492323
-440.41263034923105
-538.4126303492319
-324.4126303492294
595.3873696507595
1830.5873696507872
-200.8126303492288
334.9873696507663
1740.7873696507702
1011.1873696507748
15.387369650770971
-399.8126303492251
-866.4126303492432
-39.21263034922967
234.58736965076906
-374.4126303492344
80.98736965076887
-663.8126303492261
-77.81263034923234
-139.21263034923248
-283.81263034923046
13.587369650772459
-914.4126303492308
26.18736965076956
227.18736965076772
372.38736965077027
-594.612630349235
-350.41263034923134
-510.81263034923035
-601.0126303492311
-889.2126303492348
-649.212630349231
-773.4126303492233
-225.81263034923225
-448.01263034924176
322.7873696507714
105.98736965077231
1155.7873696507852
418.18736965077056
1758.5873696507651
2010.787369650796
1172.1873696507612
36.1873696507686
-116.41263034923259
-257.61263034923167
-514.2126303492279
-470.41263034922923
-921.2126303492261
360.7873696507714
37.18736965076566
544.7873696507688
114.38736965076828
-812.8126303492321
-207.8126303492313
-821.2126303492267
95.587369650769
360.58736965076764
33.98736965077005
-209.8126303492289
-512.8126303492279
-839.2126303492224
-253.21263034922498
-364.2126303492387
-880.2126303492394
-1107.612630349236
-462.6126303492325
-170.41263034923253
720.9873696507677
362.7873696507708
546.9873696507718
972.1873696507747
1730.9873696507645
1512.187369650753
156.18736965077034
43.787369650767374
554.5873696507689
-74.61263034922914
-767.4126303492309
-195.01263034923056
73.58736965076706
-299.0126303492288
-1263.8126303492345
-311.4126303492308
12.987369650771239
159.38736965077078
980.9873696507651
132.38736965077044
704.3873696507686
653.5873696507651
546.5873696507718
-302.41263034923344
-1090.4126303492264
-153.41263034923384
846.1873696507656
-142.01263034923414
-768.4126303492424
-1307.6126303492329
-1392.6126303492347
-439.2126303492314
739.7873696507742
1454.3873696507665
1248.3873696507694
1864.7873696507509
1003.7873696507752
1312.5873696507692
-20.01263034922643
-227.21263034923348
327.58736965076815
-96.41263034922775
-1047.2126303492255
-312.612630349226
-430.41263034922855
-964.6126303492313
-1173.2126303492378
-790.2126303492347
-442.2126303492395
-437.81263034923217
869.5873696507624
595.1873696507657
1225.58736965077
1728.9873696507527
1486.787369650778
-207.41263034923685
-531.6126303492226
-273.2126303492367
-433.21263034922976
-1330.812630349214
-857.2126303492478
-227.8126303492268
-1366.8126303492338
-698.8126303492335
297.3873696507671
613.1873696507718
1263.3873696507574
2077.587369650779
354.78736965076774
-102.81263034923708
-202.81263034923117
516.9873696507655
822.5873696507716
389.787369650771
-747.0126303492406
-1288.2126303492182
-1005.8126303492293
-1481.2126303492364
-482.012630349229
-31.612630349233495
-213.81263034922995
-717.6126303492335
61.58736965076905
-240.81263034923265
536.9873696507692
1276.9873696507732
616.3873696507716
-335.41263034922764
-160.61263034922888
-886.6126303492323
-441.81263034923285
-390.4126303492301
-821.0126303492345
-1167.0126303492268
-992.6126303492346
-259.8126303492326
-96.01263034922873
-879.0126303492273
-340.8126303492282
462.1873696507693
855.5873696507704
-83.01263034922948
-278.41263034923486
81.38736965076784
217.5873696507686
-775.812630349234
-766.0126303492398
-1317.2126303492282
-1476.012630349253
-991.6126303492288
-401.21263034921697
-484.012630349229
-238.41263034923364
448.58736965076747
63.987369650770745
47.587369650769475
-307.0126303492325
821.1873696507623
314.98736965077035
-114.21263034923359
90.38736965077072
195.18736965076963
-64.01263034923849
-274.0126303492294
3.3873696507695286
-744.4126303492454
-332.6126303492351
-425.01263034923096
-533.2126303492316
-509.6126303492369
-486.6126303492248
-207.2126303492298
654.9873696507752
655.9873696507714
469.3873696507662
86.58736965076874
256.1873696507659
-583.6126303492339
-117.21263034922262
-685.0126303492292
-1151.2126303492416
-656.2126303492369
-348.4126303492318
-251.01263034923755
-772.4126303492271
-531.8126303492337
-539.0126303492282
337.78736965076945
-466.412630349233
835.7873696507621
362.38736965077106
-148.4126303492298
-115.21263034922862
-167.01263034923528
-1172.0126303492352
-996.8126303492312
-423.01263034922977
-869.012630349227
-789.0126303492289
-1189.212630349232
-1357.0126303492318
-1041.0126303492364
-861.8126303492311
-317.81263034923063
96.7873696507724
-213.4126303492327
718.5873696507666
310.78736965077184
-59.41263034922783
-634.6126303492285
-284.8126303492301
-479.01263034922306
-536.2126303492342
-223.41263034923327
-834.2126303492422
-535.812630349247
-228.01263034923477
-361.4126303492322
264.5873696507704
627.3873696507701
-720.2126303492272
121.38736965076819
295.78736965076973
302.78736965077036
-481.612630349232
-1291.4126303492196
-1433.6126303492172
-797.4126303492312
-318.81263034923614
-557.8126303492352
-2118.612630349203
-1355.4126303492512
-586.8126303492323
-878.8126303492319
-74.81263034922846
-471.8126303492308
-447.012630349231
-171.61263034923024
-253.41263034923207
-120.21263034922717
-904.2126303492294
-1475.4126303492458
-634.4126303492329
-869.6126303492374
-688.4126303492282
-371.61263034923155
-584.4126303492193
-391.812630349235
598.5873696507747
315.18736965076965
608.3873696507674
138.9873696507704
-237.8126303492307
90.38736965076907
-209.01263034923153
664.3873696507719
133.18736965076823
-231.412630349229
-568.2126303492322
-808.0126303492314
-237.6126303492282
37.1873696507681
-1272.0126303492477
-763.8126303492338
-343.2126303492282
71.98736965077194
595.3873696507675
161.787369650772
-220.61263034922953
428.1873696507703
-297.0126303492317
-142.41263034923125
-287.61263034922155
-1253.2126303492269
-1026.8126303492236
-915.2126303492422
-930.0126303492317
-301.01263034922965
-128.8126303492316
-433.01263034922954
-340.61263034923036
-554.0126303492359
-185.4126303492322
-339.81263034922983
244.18736965077088
-385.8126303492327
-513.8126303492281
370.98736965076625
-128.6126303492291
236.58736965076875
-343.4126303492248
-634.8126303492309
-956.8126303492342
31.187369650769014
360.3873696507692
-943.412630349236
-467.612630349225
-563.4126303492346
-580.4126303492214
-13.812630349236102
-106.41263034923112
-456.61263034922655
-220.01263034923073
266.587369650771
-732.0126303492332
13.587369650767695
-389.6126303492353
-235.81263034923572
-786.81263034923
-1576.012630349233
-1962.0126303492539
-1089.8126303492302
-415.6126303492318
-39.2126303492315
145.38736965076822
-1291.8126303492131
-401.41263034923026
-748.6126303492308
-193.0126303492304
-295.8126303492331
-545.412630349231
-193.01263034923164
-474.2126303492286
415.18736965076573
-772.2126303492305
67.78736965076986
149.58736965077114
-1202.4126303492283
619.7873696507608
487.78736965077155
-630.4126303492407
83.38736965076751
721.3873696507691
-267.01263034922795
81.98736965077273
171.3873696507722
-688.8126303492288
-114.21263034923167
318.3873696507686
517.1873696507702
161.38736965077072
-665.8126303492329
-1095.2126303492362
-588.412630349232
377.187369650761
1024.787369650763
766.1873696507723
-861.2126303492329
-1273.6126303492224
-737.0126303492309
259.78736965077013
-475.21263034923453
-259.0126303492307
-537.8126303492288
-891.2126303492307
-413.01263034923534
-647.8126303492271
-658.2126303492356
-1086.812630349231
-859.6126303492274
89.18736965077173
765.9873696507624
83.18736965076539
-567.8126303492322
-539.0126303492298
-752.6126303492288
17.78736965076806
-457.8126303492326
509.9873696507616
-259.21263034923203
-984.8126303492346
130.5873696507668
-107.01263034922923
671.387369650773
402.1873696507695
-436.21263034922794
151.98736965076966
188.7873696507707
649.1873696507693
-1396.2126303492337
-1267.2126303492419
-288.41263034923116
-758.012630349228
90.38736965077052
-292.01263034923414
-1171.6126303492335
-759.8126303492265
-706.8126303492347
100.58736965077041
-315.41263034923287
-1561.8126303492272
-453.412630349232
-337.6126303492295
-535.8126303492343
37.387369650769884
844.7873696507653
-257.61263034923564
-299.01263034923034
-213.01263034923255
-648.6126303492297
46.18736965076832
-77.61263034923206
-803.4126303492328
-147.012630349234
-1384.0126303492273
-525.6126303492348
-373.2126303492337
-243.41263034922926
203.58736965077077
-195.21263034922967
400.98736965077455
-1364.4126303492449
-1120.4126303492203
18.38736965076619
-946.8126303492278
474.78736965076695
222.78736965077118
-997.2126303492263
-298.8126303492287
-401.61263034922973
234.38736965076913
-107.81263034922753
-1053.6126303492333
943.1873696507593
-295.61263034922916
-1011.4126303492368
102.78736965077135
625.7873696507705
-118.01263034922988
150.78736965077084
-288.41263034923367
360.18736965076636
200.5873696507696
95.78736965076742
-14.612630349233548
-666.0126303492258
-1879.4126303492192
-842.4126303492257
-440.81263034923074
-250.41263034923233
699.9873696507708
358.58736965076827
599.987369650773
-205.61263034923292
-1216.8126303492527
16.787369650765868
161.38736965076788
-578.8126303492287
-98.41263034923062
52.587369650768636
209.98736965076998
-912.8126303492295
-686.6126303492337
-116.41263034923146
-963.2126303492302
31.787369650768483
-778.8126303492311
356.3873696507668
676.7873696507717
464.78736965077087
398.98736965076984
-186.41263034922875
-1280.6126303492429
1098.1873696507794
437.9873696507699
-462.61263034923917
-627.0126303492412
-620.2126303492317
-852.412630349229
-917.6126303492356
-950.2126303492295
-893.2126303492331
32.78736965076766
-192.8126303492304
586.3873696507657
651.3873696507685
-804.2126303492325
99.98736965077191
-567.6126303492306
-1007.412630349241
289.387369650768
1001.5873696507576
455.18736965076994
-170.0126303492298
-140.8126303492315
473.7873696507716
379.9873696507685
417.1873696507698
-362.01263034923255
676.5873696507724
199.78736965076843
613.7873696507713
1212.9873696507677
332.18736965076835
-562.6126303492312
738.5873696507743
-273.4126303492283
409.7873696507666
175.98736965077168
-806.2126303492264
-199.8126303492279
-171.0126303492338
-811.8126303492368
-224.61263034923587
-756.812630349228
-874.2126303492294
-374.2126303492347
-23.012630349231628
-124.8126303492313
-89.21263034923147
-663.8126303492337
-1.6126303492280911
114.18736965076894
356.98736965076563
166.98736965076682
53.987369650768755
-214.4126303492305
53.187369650772126
163.98736965076995
560.5873696507738
278.18736965077153
-45.81263034923073
-350.81263034922966
221.58736965077188
1197.5873696507786
1117.7873696507747
801.987369650768
402.3873696507651
227.5873696507715
1386.5873696507672
874.387369650773
153.98736965076753
-138.21263034923152
-246.01263034923508
-306.01263034922937
-268.2126303492305
-255.21263034923098
-708.8126303492306
-1530.8126303492297
-405.0126303492311
336.98736965077205
410.1873696507659
48.387369650769024
1121.387369650766
704.5873696507724
298.78736965076365
-130.0126303492332
241.7873696507687
882.5873696507686
587.3873696507676
35.3873696507664
695.9873696507715
1358.787369650766
488.9873696507701
476.78736965076934
691.3873696507704
798.98736965076
1193.1873696507648
835.3873696507686
910.7873696507729
771.1873696507669
1501.1873696507641
512.5873696507679
133.78736965077042
-8.012630349230136
-489.6126303492319
-343.21263034923027
282.9873696507684
394.18736965076727
-8.8126303492278
-768.8126303492288
508.98736965077495
468.3873696507727
815.9873696507717
94.98736965077003
589.5873696507668
106.18736965077
-400.01263034923346
-482.6126303492336
214.7873696507649
842.187369650768
452.38736965076794
936.987369650763
1003.9873696507665
1086.3873696507726
653.1873696507638
622.5873696507695
508.9873696507787
1541.9873696507748
943.3873696507686
152.58736965077557
902.987369650772
-13.812630349230615
-360.21263034923106
-333.21263034922924
-3.012630349227077
-156.0126303492295
-11.612630349229992
273.38736965077646
292.7873696507692
-154.61263034922877
-363.0126303492303
922.5873696507662
934.3873696507703
196.58736965077154
386.7873696507708
-5.612630349233065
259.78736965077144
-298.41263034923077
-535.8126303492368
-445.01263034923124
83.58736965077088
335.38736965076527
515.9873696507634
1373.3873696507594
1013.7873696507711
1367.3873696507633
1603.5873696507592
585.5873696507645
636.987369650773
1788.387369650771
937.787369650767
559.3873696507636
946.3873696507796
798.1873696507681
-13.412630349230417
540.1873696507671
296.3873696507793
-788.412630349232
-495.41263034923213
454.38736965076885
-157.4126303492285
-384.0126303492324
-189.41263034922997
30.587369650767883
-552.2126303492289
455.18736965076357
313.1873696507707
75.3873696507693
372.18736965077443
357.58736965077287
-136.8126303492287
-134.01263034923068
632.7873696507683
573.1873696507789
144.38736965076714
125.18736965077036
-327.61263034923337
732.3873696507743
1081.587369650774
339.9873696507694
-26.612630349228496
-379.41263034923486
-255.41263034923108
63.587369650770825
-57.212630349228576
-158.01263034923107
275.18736965076675
1050.5873696507665
698.1873696507747
374.98736965076904
-736.4126303492328
-142.21263034923118
2.9873696507691037
467.5873696507718
1227.1873696507673
933.3873696507662
299.1873696507707
-675.2126303492303
587.9873696507701
1102.9873696507793
174.38736965076376
532.9873696507719
1101.1873696507848
511.5873696507702
495.5873696507735
230.38736965076538
338.3873696507661
574.1873696507699
261.187369650769
212.78736965076703
778.9873696507732
365.98736965076887
1565.387369650778
958.5873696507689
687.5873696507712
-174.61263034923127
642.1873696507686
491.18736965076414
792.3873696507749
1184.587369650773
780.7873696507584
1018.9873696507761
570.38736965077
19.387369650769784
313.58736965076736
549.9873696507705
527.1873696507756
591.5873696507691
-32.41263034923112
-197.41263034922858
677.9873696507688
1418.1873696507641
652.1873696507685
-440.4126303492293
-131.81263034922517
-431.2126303492319
-734.8126303492277
-945.6126303492371
-397.8126303492297
-19.41263034923173
-232.61263034923024
-506.2126303492327
259.7873696507721
78.38736965076987
209.1873696507698
-129.61263034923076
214.18736965077122
-795.0126303492322
-1094.812630349233
-597.0126303492284
-148.81263034922875
67.18736965076882
-207.41263034922983
31.18736965076892
-331.81263034923325
129.78736965077013
460.787369650777
159.18736965076744
294.78736965076666
901.5873696507721
322.3873696507709
400.38736965076674
334.1873696507734
325.3873696507663
205.18736965077588
-443.2126303492304
-228.01263034922778
111.78736965076993
-183.2126303492345
-166.41263034922815
67.18736965077008
62.987369650769594
144.18736965077252
263.587369650769
149.78736965077098
-63.612630349232255
390.3873696507668
325.58736965076696
314.5873696507711
-417.0126303492293
-655.612630349231
-82.41263034923209
136.1873696507685
-109.81263034923022
-726.4126303492276
-450.6126303492322
-4.412630349232032
1265.3873696507665
874.5873696507626
3.9873696507705034
86.58736965077033
654.1873696507697
385.98736965076677
1270.5873696507767
-65.81263034923226
-896.4126303492262
-389.41263034923355
-541.0126303492322
-534.4126303492308
-509.2126303492309
-490.6126303492288
75.18736965077085
-374.8126303492303
-572.0126303492307
-323.21263034922947
-194.21263034922896
6.587369650770675
66.38736965076794
281.987369650769
165.38736965077223
-609.8126303492326
-18.012630349230008
192.58736965077122
958.3873696507651
766.7873696507725
-104.01263034922803
-228.0126303492308
-419.21263034923203
628.3873696507659
981.5873696507673
719.5873696507684
634.9873696507689
269.58736965076986
64.98736965076921
-165.01263034922746
885.3873696507749
302.9873696507748
-196.01263034922854
44.587369650772644
351.3873696507802
412.7873696507655
121.38736965076768
-520.2126303492315
-286.41263034923
-512.4126303492317
-176.8126303492306
305.1873696507764
-27.21263034923008
-99.61263034923147
-920.8126303492245
-626.212630349231
-997.4126303492318
-1905.6126303492258
-1035.2126303492357
-1012.6126303492266
62.58736965076969
-219.01263034923025
-403.0126303492341
547.98736965077
891.1873696507629
812.1873696507674
-68.01263034923136
16.987369650771868
-10.412630349232291
-432.21263034922976
-473.8126303492323
384.18736965077125
80.98736965076971
530.587369650767
659.5873696507696
137.18736965077028
209.38736965077246
-3.412630349229552
438.58736965076974
305.78736965077184
584.3873696507645
-3.212630349228732
157.18736965076823
76.78736965076956
-244.412630349227
-453.0126303492287
-1920.212630349237
-1302.8126303492397
-864.6126303492365
-1177.0126303492232
-167.41263034923284
-244.61263034923
-699.2126303492313
-1224.0126303492273
-144.01263034922994
553.9873696507653
293.38736965076953
-249.41263034923261
-104.01263034922947
395.38736965077067
-12.612630349230734
-558.0126303492303
-629.2126303492307
417.7873696507622
120.98736965077232
-68.01263034922901
711.5873696507674
623.7873696507709
118.38736965077021
516.3873696507725
49.987369650771114
-169.81263034922856
542.1873696507704
-135.01263034923275
-121.0126303492269
-1227.4126303492255
-1294.4126303492158
774.987369650768
-48.412630349231314
-2091.2126303492246
-379.21263034923453
-228.6126303492287
-2.412630349231925
-389.01263034922874
-323.61263034923144
-840.8126303492328
-379.0126303492367
284.3873696507706
-307.6126303492304
-228.0126303492309
519.1873696507668
730.9873696507651
480.58736965076855
-46.81263034923265
-437.4126303492325
-45.21263034922945
-165.8126303492316
570.9873696507544
769.7873696507754
883.7873696507598
-194.81263034923145
684.5873696507688
94.58736965077375
-590.6126303492314
991.7873696507736
764.3873696507579
-591.21263034923
-133.21263034923157
-552.4126303492344
-229.8126303492288
157.98736965077006
-1521.4126303492312
-228.41263034923057
-933.0126303492332
-950.4126303492291
-1068.6126303492265
-193.41263034923185
-833.6126303492342
-645.6126303492289
721.3873696507675
-74.41263034922918
423.38736965077334
758.9873696507692
262.78736965076524
197.9873696507722
-173.8126303492289
-264.01263034922965
-56.212630349228576
830.3873696507655
1126.9873696507457
188.18736965076735
110.78736965076872
-466.0126303492256
128.18736965076792
81.78736965076678
-260.8126303492311
117.18736965076894
1131.7873696507702
534.1873696507687
364.5873696507696
180.38736965076959
-98.21263034923217
-488.2126303492282
-426.21263034923027
45.78736965076871
-1132.8126303492195
-529.4126303492279
-111.8126303492289
98.7873696507707
492.3873696507702
749.1873696507591
645.1873696507705
375.58736965077446
627.1873696507681
-210.41263034923085
-74.41263034922837
817.1873696507676
509.9873696507575
378.7873696507651
-89.81263034923495
-249.21263034922907
-292.8126303492296
100.98736965077387
466.9873696507619
346.7873696507707
5.187369650772943
432.1873696507726
683.7873696507639
-146.41263034922926
159.38736965076922
820.3873696507683
-318.41263034923514
-627.012630349235
187.9873696507715
-231.21263034923237
-1532.0126303492264
-1664.8126303492343
-1894.0126303492332
-862.0126303492292
-249.41263034922716
-291.412630349233
-255.01263034923306
1126.9873696507673
511.98736965076887
439.98736965076966
1041.38736965077
-372.8126303492304
323.1873696507756
1364.7873696507581
382.5873696507676
282.58736965076724
-107.01263034922454
-741.812630349235
-574.2126303492331
342.78736965076206
366.98736965076887
202.3873696507726
26.18736965077234
385.38736965077
555.1873696507638
997.7873696507693
460.987369650779
960.587369650768
-189.21263034923115
-763.4126303492259
171.7873696507748
518.3873696507759
-2050.2126303492437
-1656.0126303492304
-317.61263034922945
-467.21263034922833
-630.8126303492303
-230.21263034923328
-249.81263034923037
735.1873696507688
703.7873696507579
128.1873696507701
917.9873696507711
152.7873696507683
802.5873696507638
563.987369650777
15.387369650773032
-146.81263034922614
-803.2126303492336
272.58736965076963
569.9873696507682
1062.1873696507594
506.5873696507661
541.5873696507759
492.58736965077026
256.18736965076937
-362.8126303492288
358.587369650773
1057.387369650762
1595.7873696507631
21.78736965076761
-282.8126303492314
-670.6126303492304
-521.6126303492322
-1926.4126303492317
-893.812630349228
-445.01263034923295
-544.0126303492262
-781.8126303492318
32.18736965077203
435.9873696507771
346.187369650771
272.1873696507665
-414.212630349231
977.9873696507717
589.387369650767
1116.3873696507712
815.7873696507711
-360.41263034922963
-38.01263034922863
-515.812630349231
89.98736965077057
463.78736965077644
653.3873696507643
891.3873696507615
629.3873696507661
268.187369650772
184.98736965076972
-138.21263034923163
391.7873696507636
1173.7873696507638
1702.987369650769
554.3873696507719
-42.61263034923077
-595.212630349236
-1479.2126303492305
-1746.8126303492184
-988.6126303492332
-537.8126303492322
-1025.412630349227
-706.2126303492294
782.7873696507728
1154.7873696507725
573.5873696507796
1118.1873696507512
942.9873696507613
700.5873696507747
-236.61263034923041
545.9873696507676
751.1873696507723
410.5873696507784
1068.387369650768
330.1873696507693
294.18736965076977
140.38736965076737
633.1873696507623
437.7873696507707
-45.6126303492321
615.5873696507657
1162.9873696507634
375.18736965077824
572.5873696507767
555.3873696507612
711.9873696507658
211.1873696507677
-207.0126303492296
271.9873696507683
-484.0126303492393
-663.4126303492329
-1525.8126303492443
-637.6126303492242
-947.0126303492461
-712.6126303492305
433.38736965077135
948.5873696507684
68.18736965077986
1105.1873696507757
776.5873696507695
525.1873696507638
458.5873696507681
455.18736965076175
109.18736965077113
-392.8126303492292
638.3873696507679
347.7873696507703
315.9873696507697
518.3873696507644
774.9873696507653
128.98736965076716
228.18736965076687
260.58736965076605
152.1873696507697
-171.61263034923098
707.3873696507735
1262.7873696507747
407.98736965075807
-312.41263034923304
-483.8126303492312
-264.01263034922965
-81.21263034923037
335.9873696507694
-1705.6126303492526
-1912.012630349227
-1414.4126303492376
-162.41263034923003
770.7873696507729
1237.1873696507848
602.187369650772
626.3873696507742
958.1873696507746
535.9873696507677
1166.7873696507622
956.7873696507589
89.18736965076572
-637.2126303492315
-228.612630349231
-538.6126303492301
-38.21263034923047
237.38736965077
-51.41263034922942
-107.41263034923222
640.387369650776
133.3873696507662
629.587369650765
942.3873696507602
939.387369650761
660.3873696507751
673.587369650767
322.38736965077163
-679.8126303492348
-1081.4126303492278
-701.4126303492349
77.98736965077376
-309.212630349229
-1130.0126303492339
-1308.812630349224
-741.2126303492363
194.587369650771
-2.4126303492328134
767.5873696507704
824.98736965077
993.5873696507774
1396.9873696507625
1578.5873696507563
766.5873696507701
438.7873696507688
524.1873696507696
-533.2126303492341
-622.612630349228
-477.61263034923167
371.9873696507679
188.58736965076832
181.58736965077202
1084.7873696507668
1552.187369650773
1238.3873696507683
1004.1873696507712
1672.1873696507641
896.7873696507796
1405.3873696507694
806.7873696507752
-454.4126303492313
-45.41263034922902
-46.61263034922938
-19.812630349228456
339.3873696507696
541.3873696507676
191.7873696507714
-100.61263034922945
567.3873696507721
120.38736965076995
1188.3873696507778
947.9873696507727
886.387369650765
1386.5873696507772
1910.3873696507787
1569.987369650772
426.5873696507745
-182.21263034922626
-1223.412630349238
-564.0126303492298
-593.0126303492302
647.3873696507694
582.3873696507654
-40.01263034922517
840.3873696507578
1295.9873696507755
313.7873696507706
567.7873696507687
1150.5873696507742
532.1873696507688
1174.9873696507807
568.3873696507668
-434.2126303492296
167.5873696507692
299.18736965076755
429.18736965077585
849.3873696507735
189.18736965077136
672.5873696507701
701.1873696507703
970.9873696507821
244.38736965076856
475.38736965077067
619.3873696507565
1006.5873696507878
1222.5873696507758
1017.5873696507683
1242.987369650784
922.9873696507648
-103.41263034922852
-267.2126303492335
-106.21263034923149
-657.8126303492342
-2.4126303492325114
421.3873696507682
245.58736965077037
233.18736965077255
293.38736965077214
34.58736965077121
515.3873696507736
665.387369650766
540.7873696507721
179.78736965077047
657.9873696507697
621.7873696507711
-231.01263034922945
309.18736965077034
34.98736965076424
49.5873696507727
-338.2126303492297
-635.0126303492311
227.38736965077504
-1.2126303492306008
-617.012630349238
222.78736965077277
173.58736965077378
521.9873696507676
681.3873696507736
695.3873696507694
1031.78736965077
1538.387369650781
414.58736965076656
74.38736965077153
-624.0126303492308
-86.61263034922595
-42.81263034922857
-238.61263034923152
648.3873696507846
649.3873696507605
914.7873696507846
492.98736965076745
-165.41263034922628
218.38736965077075
644.1873696507693
554.987369650768
934.9873696507663
748.5873696507716
170.98736965077111
294.38736965076987
-164.81263034923174
-657.01263034923
89.9873696507697
-780.6126303492374
-378.0126303492301
476.3873696507703
-149.61263034923013
240.58736965076872
225.58736965076986
330.3873696507737
792.5873696507758
1157.3873696507749
1258.3873696507715
873.987369650773
27.987369650771235
-440.61263034923167
-828.4126303492271
561.187369650768
-561.6126303492316
-362.21263034922947
603.5873696507675
342.78736965077337
1121.1873696507841
664.987369650768
228.98736965077404
26.98736965077493
1083.1873696507603
1956.1873696507546
552.387369650774
575.9873696507714
-609.8126303492338
-1017.4126303492178
-288.6126303492321
-427.81263034923336
-473.41263034923094
-209.21263034923163
265.58736965076855
14.587369650767691
966.787369650768
691.187369650772
720.9873696507667
230.18736965076195
-376.61263034923155
-382.61263034923155
577.7873696507692
888.3873696507602
713.387369650774
224.18736965076758
-1079.8126303492377
135.18736965076974
-551.0126303492303
412.1873696507659
259.78736965076564
321.78736965077655
757.9873696507673
330.3873696507686
861.7873696507706
93.58736965076577
1328.1873696507746
1984.5873696507551
508.38736965076464
1365.5873696507806
341.18736965076846
-722.0126303492312
-357.61263034922564
339.7873696507706
-154.61263034923059
465.7873696507668
464.78736965077076
-88.4126303492293
507.3873696507649
1017.9873696507691
1091.5873696507701
870.9873696507664
81.38736965077173
-8.61263034923201
414.5873696507719
1265.187369650781
1234.5873696507801
738.5873696507662
-607.0126303492309
-498.61263034923354
-241.21263034923237
1053.7873696507688
81.38736965076534
388.9873696507749
525.9873696507696
37.38736965076392
-161.01263034922914
-208.21263034922865
174.58736965076204
251.58736965077065
528.3873696507657
556.587369650767
489.5873696507778
-284.6126303492303
-1208.012630349231
-1155.812630349229
-664.6126303492293
427.18736965076846
-61.81263034923361
1177.587369650764
644.5873696507763
-70.41263034923105
1131.9873696507702
969.9873696507736
1398.187369650765
1131.587369650772
148.78736965077016
598.5873696507699
126.78736965076794
644.9873696507647
-1127.0126303492318
-934.41263034923
49.98736965077285
-178.21263034923072
655.3873696507685
330.9873696507675
-16.412630349231314
288.58736965077014
206.3873696507698
1361.7873696507754
995.9873696507636
-394.0126303492293
287.38736965076384
-280.4126303492305
-799.012630349232
-418.0126303492313
331.3873696507705
-839.0126303492327
-331.41263034923725
240.18736965076928
-127.61263034923033
610.7873696507693
760.9873696507633
60.38736965076929
1148.5873696507697
385.98736965077154
935.9873696507706
746.9873696507698
885.1873696507696
1036.5873696507624
-12.81263034923116
834.9873696507565
-672.2126303492315
-1066.2126303492284
141.1873696507694
-739.8126303492288
988.9873696507693
627.9873696507777
-522.8126303492363
449.38736965076714
697.5873696507654
1679.5873696507758
1235.5873696507756
81.7873696507692
1468.1873696507696
-218.61263034923158
-1038.8126303492359
-197.4126303492306
191.9873696507703
-656.212630349231
341.3873696507726
331.1873696507699
484.7873696507656
315.9873696507742
288.9873696507697
268.18736965076585
336.38736965077396
17.387369650770232
919.5873696507681
800.5873696507695
1032.7873696507675
1763.9873696507536
748.7873696507636
1046.3873696507703
399.18736965077545
-1279.0126303492423
-2.212630349233642
285.5873696507661
-93.21263034922382
283.58736965076724
232.58736965077014
595.1873696507682
-206.81263034923288
170.3873696507717
775.1873696507649
-120.21263034923022
184.98736965077143
-761.4126303492392
55.58736965076863
44.98736965076965
-151.41263034923622
-283.01263034923204
15.587369650768341
-721.8126303492301
972.5873696507783
553.7873696507717
-252.4126303492349
-345.61263034923445
447.9873696507663
1079.1873696507723
868.3873696507637
230.38736965077098
-54.41263034922583
413.58736965076815
-76.61263034923056
675.1873696507624
552.78736965077
-1188.612630349239
41.38736965077059
-320.01263034922755
-438.6126303492299
688.7873696507736
852.787369650758
588.1873696507707
241.78736965077135
64.98736965077114
382.18736965077045
440.7873696507667
16.58736965076972
-773.8126303492311
-273.01263034923545
-709.8126303492246
-421.8126303492352
-15.212630349227986
-327.4126303492311
-1053.4126303492274
53.78736965077287
-832.2126303492264
-6.612630349232571
88.5873696507692
-268.6126303492328
1205.9873696507623
1216.587369650776
99.7873696507729
411.1873696507693
-498.812630349233
-744.0126303492272
-239.01263034922948
-180.01263034922903
-546.812630349242
-340.41263034923213
-350.4126303492317
535.3873696507752
595.3873696507721
337.18736965077346
71.58736965076994
71.38736965077112
-716.8126303492357
-614.412630349243
-311.41263034922576
-226.21263034923194
-695.2126303492333
-1509.4126303492221
-1724.2126303492291
-1312.8126303492227
-565.2126303492365
-336.61263034923223
-428.01263034922823
-816.412630349229
-1124.4126303492326
260.78736965077
218.1873696507734
337.38736965076953
679.7873696507652
483.9873696507647
318.387369650776
321.787369650771
-70.21263034922887
-570.6126303492224
-1396.2126303492278
-426.21263034922623
-68.41263034923205
-44.81263034923103
61.78736965076859
1322.9873696507734
1032.38736965077
242.58736965077279
-252.4126303492306
127.38736965076684
319.78736965077104
-266.21263034922947
-780.6126303492304
-408.8126303492332
-116.81263034922928
-1140.6126303492338
-1004.6126303492467
-1020.012630349243
-1444.0126303492293
-892.6126303492276
-853.6126303492252
-286.412630349229
-184.8126303492295
776.7873696507659
185.3873696507708
382.3873696507698
451.58736965077037
81.38736965076953
225.58736965077003
683.5873696507649
303.7873696507692
-56.612630349231196
-815.0126303492317
392.7873696507717
-69.41263034923298
359.58736965076974
-357.0126303492317
414.18736965076926
142.5873696507694
-536.4126303492295
-658.6126303492399
31.587369650770803
303.98736965077256
-599.6126303492266
-497.012630349231
-576.2126303492338
-816.2126303492297
-1122.6126303492304
-948.2126303492338
-1411.6126303492285
-871.4126303492196
-1269.4126303492274
-1687.6126303492283
-536.6126303492294
-1088.412630349234
-928.6126303492342
-529.6126303492316
69.78736965077081
57.98736965076928
145.78736965076973
535.5873696507651
498.1873696507724
-226.2126303492272
-323.21263034922924
796.787369650763
799.3873696507742
-445.41263034922946
-219.0126303492289
-429.21263034923896
-133.81263034922665
-655.0126303492355
-811.2126303492231
-720.2126303492355
-476.61263034923513
-579.0126303492283
-802.2126303492339
-479.4126303492276
-1044.6126303492279
-671.2126303492345
-289.41263034922974
-1264.6126303492367
-1701.612630349237
-946.6126303492346
-1206.0126303492361
-907.6126303492325
-552.0126303492377
-400.8126303492284
-778.2126303492361
-314.2126303492309
-293.8126303492318
-1164.8126303492422
-880.412630349224
-9.412630349228465
-645.0126303492333
-1002.2126303492406
-633.4126303492311
-346.2126303492301
-845.0126303492276
-29.012630349231802
-36.2126303492293
-76.21263034923085
138.18736965077045
96.58736965077156
-268.0126303492326
-303.61263034923587
-153.61263034922996
-608.0126303492323
-1154.0126303492311
-1682.2126303492382
-2601.212630349217
-1629.8126303492522
-1242.6126303492406
-1991.412630349249
-2604.2126303492246
-3236.812630349232
-2584.0126303492216
-1569.6126303492226
-1618.2126303492419
-1373.6126303492415
-631.4126303492294
-106.41263034923249
-206.41263034923148
-235.81263034923512
-1030.612630349232
-723.01263034922
-746.6126303492246
-454.41263034923446
202.3873696507687
104.3873696507672
-185.61263034923152
-2553.8126303492268
-1251.0126303492268
-419.412630349235
-1009.0126303492365
-801.4126303492172
-97.81263034923285
-209.81263034923012
-172.8126303492344
-530.6126303492363
-504.612630349231
-190.01263034923778
-512.812630349241
-904.8126303492273
-520.6126303492331
-941.0126303492304
473.7873696507673
123.18736965076701
-391.8126303492272
-1128.412630349224
-480.812630349215
-321.01263034922664
13.387369650769685
135.78736965076646
-651.012630349223
-176.21263034923336
-552.0126303492316
-1178.4126303492274
-1073.4126303492412
-925.6126303492352
-1103.0126303492243
-1432.6126303492413
-2059.0126303492307
-1465.2126303492382
-592.0126303492259
450.18736965077017
24.787369650770202
-1120.4126303492155
-774.812630349227
-605.8126303492326
-661.01263034923
-795.8126303492279
-203.2126303492328
247.18736965077076
-7.412630349230241
-836.6126303492292
-170.81263034923376
-278.4126303492296
335.18736965077017
224.3873696507714
311.7873696507703
-821.8126303492223
-1225.0126303492432
-583.8126303492351
105.3873696507716
234.78736965076746
-842.8126303492395
-296.61263034923127
-550.2126303492402
-179.2126303492366
-312.0126303492332
-824.8126303492298
-806.8126303492256
-811.2126303492342
-1545.0126303492411
-559.2126303492342
-485.81263034923523
-373.2126303492348
-131.01263034923102
-831.0126303492332
-793.8126303492348
-281.01263034923187
33.787369650768625
106.18736965076886
309.5873696507696
821.3873696507658
1175.987369650767
846.9873696507656
611.787369650774
468.98736965076876
1071.9873696507736
1201.9873696507661
774.7873696507689
96.18736965077105
-156.21263034923885
215.98736965077129
232.98736965076924
136.18736965077045
-1087.4126303492296
-380.41263034923236
196.18736965076818
1090.7873696507763
297.5873696507694
-478.8126303492213
-299.41263034922883
-133.2126303492335
-706.6126303492257
314.5873696507677
-756.4126303492316
-1329.4126303492244
-678.6126303492294
-820.6126303492371
-906.6126303492244
-918.4126303492329
-891.212630349232
-291.81263034923234
-691.4126303492264
-388.61263034922786
236.58736965077196
465.38736965077
580.1873696507693
847.9873696507608
1402.1873696507753
1300.7873696507654
192.78736965076732
495.58736965076446
540.5873696507729
1251.5873696507595
623.1873696507691
-218.61263034923235
-835.8126303492369
-432.41263034923236
868.9873696507661
556.7873696507697
160.18736965076732
397.7873696507694
518.9873696507681
12.587369650767386
-452.21263034922356
261.9873696507714
208.18736965077042
-207.4126303492281
-525.4126303492352
-315.81263034923245
-231.61263034923
-568.0126303492307
-1325.412630349225
-775.0126303492307
-962.2126303492244
-328.2126303492295
635.9873696507701
986.7873696507677
768.3873696507668
71.9873696507693
1136.9873696507605
566.7873696507703
-782.4126303492337
-308.2126303492338
-720.0126303492273
-15.412630349230326
-146.01263034923016
-56.41263034922721
197.18736965076948
314.18736965076766
474.18736965077153
-657.2126303492338
-644.6126303492323
-264.012630349237
-61.212630349229336
-352.812630349239
364.9873696507667
-221.41263034922764
638.7873696507685
543.1873696507658
-206.612630349232
-127.41263034923101
-627.6126303492314
-566.4126303492321
-689.4126303492322
-89.81263034923101
-239.6126303492343
271.98736965077114
570.7873696507703
741.7873696507675
460.7873696507692
-1213.0126303492184
-14.61263034922979
734.5873696507687
315.58736965076844
910.5873696507778
312.3873696507644
-253.21263034922987
-392.81263034923234
432.1873696507725
545.9873696507656
-197.01263034923198
-576.0126303492282
-627.2126303492325
-366.4126303492317
-470.21263034923294
-346.01263034923215
-379.81263034923177
530.5873696507668
150.5873696507683
35.987369650768514
596.1873696507698
568.5873696507683
169.98736965076765
317.18736965076766
-358.21263034922924
-714.4126303492351
155.98736965076918
-112.81263034923082
513.5873696507697
-503.81263034921744
-704.2126303492322
1189.5873696507658
202.58736965076858
-1437.6126303492263
963.5873696507655
1267.9873696507618
1187.7873696507584
355.78736965076996
105.38736965077211
-330.4126303492281
-155.41263034923463
179.9873696507697
-662.8126303492339
-663.2126303492303
-124.61263034922919
-56.01263034922722
-55.012630349235266
55.58736965077019
-155.4126303492307
355.78736965076854
164.3873696507724
809.7873696507714
820.3873696507677
910.7873696507702
-476.2126303492317
420.7873696507694
-126.81263034923103
-887.2126303492341
804.3873696507666
908.987369650774
-106.81263034923175
149.78736965076934
-120.01263034922943
-129.2126303492324
-3.0126303492340156
-1326.612630349228
607.3873696507702
580.7873696507636
612.1873696507722
-61.01263034922944
-29.21263034922887
-1078.6126303492294
-529.6126303492342
748.9873696507667
-115.81263034923225
25.387369650769507
41.387369650772165
-568.0126303492295
-318.4126303492262
0.5873696507691974
-217.21263034923436
383.3873696507647
1161.3873696507753
1276.9873696507593
132.78736965077064
-132.21263034922896
-624.0126303492342
-61.61263034923056
-348.81263034923114
-641.0126303492312
-33.21263034923018
989.387369650767
187.38736965077283
170.18736965077005
300.38736965077277
-60.41263034922842
-734.412630349235
-487.01263034923375
578.7873696507781
547.7873696507753
1214.7873696507668
1127.187369650774
739.1873696507697
295.5873696507724
436.3873696507704
91.38736965076757
142.78736965076743
158.18736965077096
-958.4126303492285
-1090.0126303492168
330.3873696507712
622.3873696507659
461.58736965076605
467.5873696507682
-115.61263034922814
-575.612630349231
-562.2126303492296
-82.21263034922995
412.78736965076973
-124.81263034923225
228.78736965076982
347.3873696507725
-384.0126303492285
-19.812630349231714
576.7873696507713
-411.4126303492284
-774.0126303492298
224.38736965076941
-86.01263034922948
-1245.8126303492327
-818.0126303492318
-59.21263034923468
765.7873696507738
1033.5873696507742
661.5873696507717
-44.412630349231144
576.5873696507701
-536.0126303492298
-222.61263034922848
320.7873696507726
-1212.0126303492268
-656.2126303492362
772.1873696507697
77.98736965076974
100.18736965076863
130.98736965077453
-878.4126303492455
-1192.012630349231
-589.2126303492353
-346.01263034923085
-184.2126303492305
-347.21263034923004
41.3873696507696
21.587369650769382
634.3873696507699
247.18736965076943
900.3873696507627
112.38736965076875
-492.2126303492289
518.7873696507694
931.1873696507722
-1489.412630349236
-782.4126303492352
687.1873696507698
375.98736965076944
165.1873696507705
305.1873696507657
-287.4126303492325
319.18736965076897
49.587369650771386
-29.21263034923048
450.38736965076777
-695.4126303492368
-382.61263034923223
-417.8126303492313
-573.212630349222
-594.4126303492301
-836.0126303492277
-111.61263034923
-8.812630349228591
717.5873696507633
241.38736965076993
-48.212630349229585
315.98736965076813
266.5873696507713
-581.6126303492315
75.7873696507622
486.98736965077717
1176.5873696507801
166.98736965076992
75.38736965076811
-70.2126303492298
-423.2126303492329
-1809.212630349244
-323.6126303492304
-169.41263034923253
-87.41263034923412
-120.01263034922798
423.58736965076776
238.58736965077253
89.98736965077038
29.18736965076927
-28.012630349232552
1141.387369650767
-160.21263034922956
-192.81263034923006
-239.0126303492309
-842.6126303492259
-498.81263034922915
-593.8126303492312
-45.21263034923402
280.78736965077405
351.18736965077125
746.1873696507698
259.9873696507729
436.18736965076647
663.3873696507688
-192.01263034922832
-195.61263034923135
244.58736965076778
1166.1873696507703
404.7873696507688
-501.61263034923064
-647.2126303492311
-1439.212630349238
-2146.01263034923
-970.6126303492239
-196.21263034923376
-306.01263034923585
341.1873696507681
1266.3873696507706
588.3873696507685
162.7873696507639
1162.9873696507625
1118.3873696507724
777.9873696507682
-673.6126303492335
-386.6126303492254
34.78736965076792
482.78736965076814
1168.9873696507664
461.18736965076647
-267.81263034923114
-664.6126303492287
-82.81263034923207
184.38736965076782
-550.8126303492317
415.1873696507634
1063.387369650772
3.387369650770772
-54.81263034923143
-164.81263034923086
-164.8126303492303
-661.2126303492341
-1587.2126303492412
-510.81263034923364
-610.6126303492268
-1216.0126303492486
-1795.6126303492183
-44.4126303492432
-18.412630349233257
52.987369650772514
871.3873696507692
511.78736965076564
-370.81263034923103
1035.5873696507658
1156.3873696507653
710.187369650772
337.18736965077017
171.58736965077
-19.412630349231673
290.78736965076934
1287.5873696507751
945.9873696507619
-341.8126303492302
-435.21263034923373
-156.81263034923853
-551.4126303492317
-686.0126303492301
-257.2126303492258
-109.01263034923377
-301.61263034923013
459.7873696507691
841.7873696507668
-502.61263034923047
-1232.0126303492307
-1395.612630349238
-583.4126303492314
-216.41263034923458
-243.01263034922925
-1711.4126303492353
-1339.2126303492228
-689.2126303492321
-26.412630349234917
769.3873696507675
1260.5873696507729
521.5873696507742
287.38736965076833
847.587369650769
471.38736965076674
898.187369650769
623.1873696507721
-36.01263034922951
-167.4126303492277
269.5873696507687
-87.81263034923225
-483.2126303492341
-593.8126303492251
-1270.612630349236
-1061.2126303492348
-406.8126303492314
-754.212630349226
423.7873696507682
662.587369650775
559.3873696507724
330.18736965076926
-33.01263034922526
-360.81263034922904
-841.6126303492333
-409.61263034923087
-403.6126303492294
-105.61263034923248
-249.81263034923282
-923.412630349221
-1097.0126303492225
-1119.8126303492186
-147.61263034923238
-38.41263034923019
784.7873696507717
319.58736965076963
395.587369650766
432.987369650767
444.78736965076826
-29.412630349231915
109.98736965076965
453.38736965077084
-324.8126303492392
-128.61263034923127
-286.4126303492333
-30.61263034922901
-814.4126303492332
-738.0126303492308
-69.81263034923018
159.5873696507698
413.58736965077543
163.98736965077129
1166.3873696507767
544.7873696507681
351.1873696507719
-131.61263034923087
-474.61263034923354
272.9873696507667
257.9873696507711
-268.0126303492302
-585.8126303492289
-312.61263034923024
-446.8126303492291
-1018.8126303492179
-137.81263034922787
1.5873696507662274
1220.5873696507679
531.5873696507671
261.9873696507692
378.9873696507737
963.3873696507741
982.9873696507732
155.5873696507694
-29.61263034922823
-786.012630349228
181.18736965077017
-165.2126303492329
148.98736965077114
-239.01263034923028
-671.4126303492297
-149.41263034923603
97.38736965077283
-480.4126303492268
5.987369650769601
734.987369650768
-124.81263034923086
-80.61263034922567
-584.6126303492307
-946.0126303492358
-5.412630349232604
424.1873696507681
-176.61263034923223
-724.0126303492256
-1355.8126303492345
-459.8126303492334
-398.4126303492338
490.1873696507693
419.3873696507665
625.3873696507706
413.5873696507711
384.3873696507685
321.78736965077155
529.1873696507694
915.7873696507735
581.3873696507712
222.58736965077048
393.7873696507701
950.5873696507617
-229.41263034923307
-141.61263034923007
84.78736965077124
-232.21263034922868
-817.012630349233
-727.4126303492326
-507.6126303492298
240.5873696507704
152.38736965077132
-509.81263034923325
-794.6126303492351
-160.61263034923343
-38.212630349234445
-497.6126303492294
143.58736965077077
-551.0126303492302
-1142.2126303492316
-1651.2126303492303
-1362.0126303492361
-282.21263034923027
11.38736965077046
-396.61263034924093
-41.812630349231796
-21.612630349227267
246.1873696507714
100.78736965077101
-58.612630349231
321.9873696507709
380.1873696507741
157.5873696507693
685.787369650772
330.18736965076744
168.1873696507693
19.387369650766324
-797.8126303492298
-274.6126303492333
-959.412630349229
-465.8126303492337
-460.21263034923106
-709.2126303492356
-540.6126303492304
-261.6126303492335
-65.2126303492345
574.7873696507686
485.38736965077
-223.212630349232
380.38736965076885
-256.41263034923094
-1210.412630349229
-332.21263034923084
-1048.412630349232
-934.6126303492206
262.1873696507708
-179.21263034923066
65.78736965076843
-42.81263034923043
373.7873696507758
827.9873696507707
623.9873696507736
222.38736965077
-842.6126303492281
-796.6126303492349
-70.21263034923382
-34.61263034923099
1020.7873696507648
-697.4126303492263
-1268.6126303492297
-536.4126303492328
-989.4126303492286
-385.0126303492285
-719.0126303492219
-743.4126303492329
-713.8126303492315
214.58736965077068
996.1873696507736
-319.41263034923213
65.3873696507701
-996.4126303492366
-813.4126303492341
-628.8126303492257
-880.2126303492239
-650.4126303492333
-428.61263034923275
-27.612630349230738
-227.41263034922596
528.7873696507706
244.58736965077037
221.98736965076694
-182.01263034923093
-865.4126303492259
-880.2126303492357
-261.61263034922916
-820.4126303492365
-400.8126303492299
500.7873696507707
46.78736965077447
542.3873696507677
-871.6126303492285
-536.4126303492351
-556.2126303492294
-381.61263034923377
-261.61263034923155
-609.812630349234
113.58736965076619
-547.0126303492316
502.7873696507609
921.1873696507683
-834.012630349235
944.5873696507663
402.1873696507703
-635.6126303492264
-982.4126303492343
-2.812630349232574
160.38736965076785
653.5873696507742
595.1873696507671
-403.4126303492323
-214.8126303492291
72.18736965077
234.18736965077056
-86.6126303492311
-1209.412630349228
-1301.6126303492385
-527.0126303492311
-84.21263034923007
393.5873696507704
719.3873696507703
308.987369650769
-57.612630349223224
-427.61263034923024
189.98736965077018
-370.4126303492295
277.3873696507714
171.98736965076847
-8.812630349233974
-272.0126303492323
-260.41263034923054
34.98736965077539
-56.01263034923091
-321.21263034923084
191.18736965076974
634.1873696507668
-59.21263034922852
-1425.4126303492312
-717.8126303492288
203.18736965076747
870.7873696507685
126.7873696507699
849.5873696507683
250.38736965077106
-550.2126303492355
583.9873696507743
262.58736965076923
-68.61263034922844
-404.81263034922983
-1006.2126303492294
-356.4126303492293
-344.6126303492288
562.1873696507702
-175.61263034922644
-439.8126303492297
-169.21263034922632
-854.4126303492296
133.38736965076902
59.98736965077385
-600.2126303492303
129.5873696507711
27.787369650765264
918.5873696507609
405.5873696507662
-692.6126303492355
19.98736965076946
-826.2126303492257
-1021.2126303492363
-424.6126303492337
210.78736965076988
-284.2126303492315
48.18736965076849
191.58736965076557
-142.81263034923003
168.38736965076873
483.7873696507692
-294.01263034922806
459.78736965077013
-422.81263034923217
-296.61263034923104
-675.2126303492323
-444.8126303492292
30.78736965076773
-464.21263034923396
560.7873696507728
-5.012630349232563
-510.8126303492347
282.38736965077123
-952.2126303492328
652.187369650768
348.3873696507731
-978.8126303492318
54.587369650768004
89.5873696507695
367.58736965076935
-7.412630349231279
-299.81263034923046
1063.3873696507576
-821.6126303492355
-847.8126303492321
80.18736965077053
407.9873696507704
132.1873696507688
515.7873696507669
165.18736965076653
278.1873696507723
-73.21263034922899
164.78736965077024
-89.81263034923444
-583.812630349236
-1037.0126303492314
-21.212630349229578
-324.0126303492303
203.78736965077502
1181.987369650765
308.5873696507689
828.7873696507726
1093.78736965077
47.38736965076614
1055.5873696507683
888.3873696507748
-35.21263034922871
-29.212630349227677
-138.41263034922963
267.18736965077005
-809.8126303492307
-700.812630349231
-226.81263034922722
-308.8126303492312
231.18736965076445
-828.012630349226
799.9873696507716
838.3873696507707
626.1873696507691
892.9873696507693
586.1873696507715
-474.6126303492294
1101.787369650771
838.3873696507671
-36.4126303492343
-469.8126303492295
-80.21263034923062
704.5873696507676
396.98736965077194
-261.2126303492282
-391.2126303492295
40.78736965077077
-360.21263034923044
564.9873696507674
1262.787369650766
188.78736965076592
1078.1873696507653
257.18736965076755
-559.6126303492321
337.5873696507675
281.38736965076845
-96.01263034923093
-194.21263034922964
-161.21263034922796
261.58736965076974
607.3873696507741
390.5873696507652
-429.61263034923195
687.1873696507677
754.7873696507681
842.1873696507713
1294.5873696507801
365.3873696507676
-701.6126303492297
640.78736965077
96.78736965076756
212.3873696507726
-221.21263034923257
-824.2126303492262
965.187369650781
1165.387369650761
-248.41263034923156
-503.21263034923106
-1145.412630349247
-994.2126303492344
-87.01263034923412
514.7873696507717
-27.412630349229357
-44.812630349227376
-231.01263034923016
-66.41263034922711
-11.412630349231065
-233.21263034923206
-266.6126303492286
-404.0126303492309
-973.6126303492355
-383.4126303492263
96.98736965076868
160.38736965076652
-129.2126303492291
-385.4126303492245
141.58736965076892
292.58736965076923
866.78736965077
559.5873696507692
-151.0126303492319
-172.61263034922985
-559.812630349236
81.78736965076733
-531.2126303492317
-245.21263034922944
542.5873696507684
442.38736965077146
-193.41263034922986
-309.01263034922874
-483.0126303492339
-785.6126303492345
-1203.2126303492446
108.18736965076772
-137.81263034922645
-369.2126303492284
-287.01263034922965
1074.387369650769
1171.58736965077
422.1873696507676
91.18736965077076
-185.81263034922895
-146.61263034923155
-401.0126303492262
-485.41263034923145
134.58736965077222
594.7873696507706
152.78736965077377
845.3873696507701
404.38736965076987
-56.012630349231216
373.1873696507673
-166.4126303492312
425.7873696507735
300.187369650771
600.7873696507698
-411.4126303492286
299.1873696507728
592.7873696507661
-56.21263034922974
-491.8126303492279
133.38736965076828
137.18736965076872
-55.212630349233095
-1025.012630349237
324.3873696507722
-927.0126303492249
-606.4126303492329
-958.2126303492237
469.5873696507717
716.7873696507701
199.18736965077088
436.5873696507703
581.9873696507722
512.5873696507774
-286.8126303492276
193.18736965077156
190.78736965076956
420.58736965076963
783.9873696507675
968.9873696507699
234.5873696507755
699.1873696507741
295.9873696507722
-367.8126303492295
314.1873696507658
-371.0126303492289
-624.2126303492323
-642.8126303492297
240.18736965076846
388.58736965076565
388.7873696507705
318.5873696507703
469.18736965076886
-169.21263034922998
-382.6126303492315
507.7873696507704
585.9873696507703
-1172.6126303492274
-762.6126303492345
-894.2126303492479
-297.0126303492331
-135.01263034923065
76.78736965076969
366.7873696507704
362.78736965076934
202.3873696507712
219.78736965077843
509.98736965077075
130.98736965076947
899.9873696507798
1830.1873696507705
825.7873696507656
524.5873696507723
1037.3873696507683
394.18736965077073
733.1873696507649
451.7873696507653
377.3873696507704
69.98736965077092
228.1873696507677
96.38736965077229
-435.2126303492315
-129.4126303492289
649.1873696507687
263.5873696507707
-374.8126303492277
-404.61263034923087
-416.21263034923095
-897.8126303492254
-352.41263034923514
-175.21263034922782
-516.2126303492321
-277.2126303492289
367.1873696507717
563.987369650773
705.9873696507645
754.3873696507729
615.5873696507748
377.9873696507708
-347.01263034923153
-945.0126303492293
327.7873696507685
1082.5873696507676
741.3873696507708
95.98736965076888
-884.212630349234
-503.81263034922455
376.1873696507686
-33.012630349233476
-264.81263034923575
595.7873696507673
705.987369650771
453.5873696507691
582.7873696507685
-154.01263034923062
79.58736965076875
11.187369650767671
-68.21263034923248
132.587369650772
-574.4126303492361
-741.0126303492432
