-127.99313375605915
-769.7931337560744
-348.19313375603724
207.00686624394538
-461.3931337560569
-397.9931337560548
442.60686624394083
-447.59313375605495
337.6068662439513
-2048.3931337560994
884.6068662439467
1435.2068662439729
405.40686624394135
-705.3931337560705
1342.4068662439506
1575.4068662439277
1502.406866243955
608.4068662439439
99.00686624394773
1392.2068662439492
599.0068662439174
981.6068662439277
-57.39313375604469
-1511.193133756041
2403.006866243925
2914.6068662439916
1701.406866243913
2289.006866243962
738.2068662439358
-224.39313375604644
1518.6068662439543
1127.606866243979
-1827.9931337560593
1623.0068662439444
1028.2068662439049
404.8068662439528
1365.2068662439508
-392.9931337560546
-27.393133756053196
-1088.393133756039
2572.6068662439857
-609.3931337560695
-675.7931337560651
-122.39313375605623
-1288.3931337560628
1116.0068662439212
1147.6068662439286
520.0068662439478
158.0068662439444
149.00686624394268
930.2068662439518
1293.406866243938
-1461.7931337560717
-2147.5931337560705
-2326.1931337560604
-439.99313375605266
-41.39313375605806
653.2068662439245
-165.39313375604107
733.4068662439788
1161.0068662439949
-73.99313375606829
994.4068662439568
585.4068662439425
677.2068662439776
1051.2068662439463
944.606866243928
-1312.9931337560486
1464.4068662439086
-1468.1931337560877
856.2068662439601
598.8068662439413
480.4068662439392
-1066.7931337560292
-1227.3931337560605
-1063.5931337561012
650.406866243948
592.8068662439366
-2428.993133756059
-489.99313375605936
265.0068662439498
749.8068662439603
308.0068662439381
1177.206866243986
-669.993133756068
-832.9931337560597
1105.0068662439435
-544.9931337560698
1059.006866243936
294.00686624396474
-515.3931337560525
1822.0068662439362
1151.4068662439531
335.40686624395187
1773.8068662439343
641.8068662439414
3.2068662439563838
-1869.593133756034
1031.4068662439531
123.80686624393438
2244.0068662439585
402.80686624394605
-682.5931337560468
611.406866243948
778.8068662439438
1301.4068662439445
2284.606866243894
-880.7931337560651
726.4068662439437
587.2068662439615
-843.3931337560914
-413.9931337560426
-1209.793133756049
-722.3931337560548
-754.7931337560614
402.8068662439461
834.0068662439394
-79.39313375607225
837.2068662439436
569.8068662439458
1859.2068662439199
1286.6068662439743
-401.7931337560584
1732.4068662439154
797.4068662439282
-1102.393133756037
-531.9931337560517
1230.406866243964
2643.206866243935
-5.9931337560518045
-604.5931337560609
-1619.1931337560536
31.00686624394654
584.2068662439394
-627.9931337560498
437.0068662439453
-429.5931337560577
1492.406866243931
4008.6068662439725
1423.2068662439465
-1781.3931337560934
-147.59313375605208
406.8068662439375
710.0068662439586
931.2068662439477
1235.2068662439622
1696.006866243944
2221.406866243899
8.206866243945754
-1780.9931337561275
-793.393133756068
-12.993133756052956
-139.59313375606592
-441.3931337560542
-519.3931337560583
889.2068662439502
-1.793133756074532
-228.99313375605462
-1927.9931337560415
-1143.593133756063
-583.7931337560547
606.0068662439187
-7.393133756063548
-416.9931337560616
-1177.5931337560726
-1133.1931337560532
-1505.3931337560537
-64.19313375605026
-581.3931337560502
498.4068662439482
509.00686624394564
2027.0068662439644
91.60686624394451
2629.4068662440127
827.0068662439577
522.2068662439478
786.8068662439089
61.40686624394866
-390.19313375606407
1569.2068662438726
756.8068662439504
-702.3931337560552
-683.7931337560543
1689.2068662439226
1043.6068662439268
1487.4068662439302
1855.406866243922
1068.6068662439604
-670.3931337560575
-588.9931337560546
-77.19313375605878
-1737.9931337561022
-674.9931337560579
67.80686624394644
882.806866243946
1235.4068662439413
2425.8068662439514
96.60686624394768
-921.5931337560598
-84.59313375605078
328.80686624394593
1087.0068662439483
-18.593133756053255
481.0068662439438
-304.7931337560509
3555.4068662439618
903.0068662439314
-313.993133756063
1493.606866243922
242.60686624394023
123.80686624394593
539.8068662439446
-1475.193133756054
-656.5931337560488
1437.206866243894
2032.206866243916
1868.6068662439777
3396.6068662439047
883.4068662439595
459.60686624395703
1368.6068662439718
-759.1931337560667
-701.593133756068
-453.3931337560545
679.6068662439284
-1256.19313375606
-85.79313375606188
1089.8068662439437
928.2068662439339
97.20686624394003
-1022.5931337560778
-1730.1931337560493
-284.59313375606513
-451.99313375606374
699.6068662439285
2991.4068662439017
18.006866243950256
700.406866243934
953.8068662439096
-789.393133756061
1166.6068662439504
-196.59313375606428
100.40686624393257
1203.6068662439418
144.4068662439662
-1284.1931337560436
-1417.593133756087
-747.3931337560398
1144.606866243922
-808.7931337560632
-272.7931337560597
-539.993133756068
-115.19313375605915
673.4068662439523
-833.1931337560537
334.80686624393593
-1738.5931337560414
-1149.7931337560585
-1316.7931337560533
-472.3931337560556
1246.2068662439415
59.00686624394672
-152.59313375606217
1717.6068662438831
1615.60686624391
1273.0068662438764
-746.593133756079
-88.59313375604985
1067.4068662439706
-713.793133756069
2592.006866243986
1154.2068662439476
866.4068662439548
1022.0068662439259
-616.3931337560657
1020.6068662439347
887.0068662439361
-753.7931337560482
-924.1931337560757
-1658.1931337561002
1509.2068662439424
-1845.5931337561126
806.0068662439393
258.40686624394993
-1021.193133756054
506.2068662439414
-192.99313375605027
-1234.1931337560563
-755.9931337560508
627.2068662439626
-903.1931337560555
-1168.1931337560866
1319.0068662439376
-294.7931337560635
412.60686624394083
1114.406866243935
1015.0068662439368
1696.2068662439256
110.80686624394505
-881.5931337560506
80.40686624393543
938.2068662439505
-573.7931337560551
-323.5931337560657
-429.39313375605246
301.8068662439621
1154.4068662439458
1129.606866243957
1142.8068662439537
-579.5931337560604
554.4068662439397
-848.7931337560539
1073.8068662439673
-1170.5931337560523
-1058.3931337560578
1366.6068662439488
-941.1931337560962
-1253.5931337560608
-1625.5931337560164
-1275.1931337560459
382.6068662439443
899.6068662439328
-715.5931337560623
-1835.3931337560896
55.40686624393636
872.8068662439315
-186.19313375605566
1596.0068662439528
862.206866243903
16.806866243943034
1514.006866243969
606.406866243914
-920.993133756041
2175.8068662439446
201.20686624393142
-112.19313375605418
927.6068662439704
517.0068662439365
1228.0068662439533
1453.8068662439234
1531.8068662439985
-619.7931337560592
107.80686624394392
-734.3931337560645
-609.1931337560658
2049.80686624394
2187.4068662439463
832.2068662439227
-1133.3931337560612
554.20686624395
-2275.7931337560035
-1557.393133756054
1154.8068662439293
-546.1931337560604
-396.79313375605415
589.8068662439503
133.40686624394323
1661.0068662438734
-1560.5931337561037
-989.5931337560777
131.60686624394674
323.00686624393614
274.606866243928
679.4068662439605
-592.7931337560623
420.40686624394846
960.8068662439528
-1409.9931337560283
179.00686624394663
1384.206866243914
1807.4068662439524
171.206866243943
-287.7931337560615
-487.5931337560674
-2488.7931337560954
135.8068662439413
-259.7931337560599
616.8068662439478
1738.4068662439631
-166.79313375605437
-157.79313375605759
1336.4068662439374
-965.9931337560614
-697.793133756061
2523.0068662438803
-337.1931337560615
458.20686624394307
893.806866243939
-812.1931337560717
769.2068662439378
-495.5931337560516
-2076.1931337560454
-551.1931337560525
-1768.7931337560703
487.2068662439362
1528.2068662439322
-305.7931337560587
-1479.3931337560398
-279.59313375606575
-2507.39313375611
479.6068662439345
1059.2068662439506
494.00686624394984
-106.99313375605503
-1136.3931337560612
-911.9931337560574
-644.393133756075
-1624.1931337560547
202.0068662439392
862.6068662439372
-1518.3931337560919
-2427.9931337560497
1065.0068662439264
291.80686624394133
-700.3931337560612
261.6068662439397
1525.0068662439762
1975.606866243945
425.40686624394215
-667.3931337560552
1363.6068662438897
3090.6068662439484
-819.3931337560836
-118.79313375605881
1019.2068662439574
-296.1931337560541
-741.3931337560573
-663.9931337560678
-1050.5931337560967
-15.393133756061566
937.8068662439568
-1101.3931337560673
-1616.3931337561041
864.2068662439401
-146.5931337560601
204.40686624394
-776.7931337560362
611.40686624394
1471.4068662439208
228.606866243934
-1503.993133756061
-417.99313375607096
9.406866243936058
-1005.793133756061
559.0068662439425
294.2068662439428
2036.6068662439336
-1233.9931337561002
-873.3931337560674
2201.6068662439434
-80.99313375606502
518.406866243941
-1872.993133756095
151.80686624394644
-1352.9931337560809
-500.9931337560574
403.80686624394036
1230.0068662439398
879.4068662439489
813.6068662439618
34.606866243936004
-1058.5931337560687
-1241.3931337560682
-874.793133756069
-860.7931337560186
557.0068662439278
782.0068662439426
-619.5931337560967
-469.3931337560554
-1877.7931337560035
81.80686624394343
1274.4068662439536
-2035.5931337560562
-1467.1931337560757
-1701.593133756035
-1951.1931337560698
695.4068662439589
-274.19313375606436
-1227.5931337560864
618.2068662439472
816.406866243948
546.4068662439333
253.20686624394096
866.0068662439527
-546.7931337560592
754.8068662439329
1060.6068662438897
-7.593133756050335
-187.79313375605224
-776.5931337560486
-1313.993133756046
-1173.9931337560593
-1323.9931337560636
-38.39313375605559
-551.3931337560681
-1220.193133756026
-1907.7931337560917
-506.99313375605664
332.20686624394466
-1591.193133756039
-1006.3931337560674
-614.7931337560606
899.2068662439435
20.206866243944035
26.606866243938818
-419.39313375605
-2171.59313375608
-439.7931337560679
874.6068662439461
-182.79313375605642
-330.593133756069
669.8068662439166
-381.19313375605935
-48.99313375605551
599.6068662439574
-1443.1931337560477
126.0068662439418
-717.7931337560611
615.4068662439346
1057.806866243953
-270.5931337560682
2021.4068662439342
-193.7931337560721
-908.1931337560512
-1857.3931337560555
-545.5931337560721
-2282.593133756081
-1292.5931337560662
-657.5931337560615
1120.4068662439156
1042.4068662439688
-2091.3931337560825
-1180.5931337560746
-1209.7931337560638
-1552.7931337560176
-2275.5931337560155
985.4068662439452
416.4068662439643
82.20686624393099
117.80686624394463
601.4068662439679
-170.19313375606743
-307.793133756069
-125.19313375605896
-1626.9931337560179
-1083.7931337560656
963.8068662439254
-1291.1931337560684
-386.1931337560651
-2756.593133756102
-3021.1931337560777
-65.99313375606059
-154.19313375606697
611.2068662439423
1183.406866243953
-584.3931337560545
31.40686624396178
-799.9931337560257
-1318.9931337560758
-50.39313375606918
744.006866243944
494.00686624394166
820.6068662439794
327.6068662439384
-177.9931337560547
-471.7931337560644
-610.9931337560986
129.80686624393843
-467.39313375605406
-1430.9931337560492
2023.206866243978
1457.8068662439105
-1206.7931337560428
-178.7931337560627
-832.1931337560605
464.2068662439443
-1007.7931337560236
940.6068662439686
-404.39313375605354
-1154.3931337560412
-476.5931337560741
-1362.1931337560861
-1270.7931337560665
-755.9931337560611
1145.4068662439533
623.0068662439356
345.2068662439492
-1707.3931337560625
-354.1931337560645
-207.39313375606088
739.8068662439752
-461.7931337560669
2137.2068662439087
1591.0068662439112
-1459.393133756046
-1659.1931337560793
-1873.9931337560706
-1109.9931337560365
132.80686624394917
143.20686624395927
601.2068662439472
-1063.9931337560683
569.4068662439404
176.60686624393267
-3094.393133756044
-729.1931337560537
-558.1931337560584
-877.5931337560604
276.6068662439437
822.6068662439394
588.0068662439445
93.206866243933
-721.1931337560413
1470.0068662439505
2886.206866243901
118.20686624394051
-627.1931337560729
1095.2068662439292
-3.1931337560523545
1072.0068662439419
1203.4068662439515
-1911.5931337560412
-29.79313375605032
370.8068662439446
585.2068662439381
2076.6068662439297
-229.7931337560619
-738.9931337560406
-601.3931337560608
-1341.393133756061
-502.19313375606816
804.4068662439468
1737.4068662439472
155.6068662439414
-1312.393133756057
-957.5931337560575
487.8068662439308
-281.7931337560612
364.006866243952
-124.59313375605697
1369.206866243909
-357.9931337560689
-566.1931337560542
1746.2068662439272
396.6068662439449
93.60686624394648
662.4068662439441
-644.9931337560633
-1262.3931337560343
-887.1931337560626
324.6068662439456
-278.3931337560691
564.8068662439349
-1269.9931337560422
1811.206866243917
1124.6068662439372
920.806866243954
500.80686624391933
-1452.9931337560201
-958.7931337560468
-2151.5931337560573
-905.5931337560622
-1065.5931337560455
-885.7931337560615
-2393.5931337560096
-1520.9931337560934
-539.7931337560498
400.6068662439427
818.6068662439167
1655.6068662439698
969.0068662439456
-228.99313375605385
101.80686624394426
648.8068662439422
948.2068662439505
1017.4068662439033
86.40686624393956
283.206866243933
-1334.7931337560708
-1047.593133756036
-1663.9931337560306
460.8068662439353
912.806866243937
-486.9931337560615
256.60686624393423
-1472.3931337560823
-484.59313375606615
-662.593133756064
246.00686624394456
1267.2068662439683
1288.0068662439348
109.6068662439535
-2018.3931337560605
3362.4068662438485
-426.59313375605467
-340.99313375606124
-258.1931337560607
-1228.793133756103
398.8068662439505
1039.4068662439058
-59.79313375604651
813.8068662439335
-74.99313375606872
-1197.1931337560454
173.60686624394222
-760.193133756055
-1151.3931337560741
-1334.793133756051
-347.79313375606375
855.6068662439413
-885.9931337560373
1530.406866243907
-1212.1931337560611
483.0068662439418
102.20686624393106
804.206866243936
-23.793133756056868
-637.1931337560522
-744.7931337560619
367.20686624393784
2715.2068662439124
700.2068662439456
851.206866243927
1069.2068662439394
-1723.7931337560526
1038.6068662439498
-1681.5931337560462
-940.1931337560568
126.00686624393971
-470.193133756069
-1777.7931337560476
367.206866243946
1952.2068662439574
1550.6068662439213
-1290.193133756062
-2179.593133756023
-2.7931337560538765
-535.9931337560636
387.20686624394403
425.00686624394064
-854.7931337560595
-928.7931337560461
-1181.99313375606
-479.39313375604974
-807.1931337560636
-399.3931337560522
1176.4068662439413
753.2068662439453
-859.79313375605
750.4068662439449
-637.1931337560501
-423.3931337560591
1256.80686624393
-167.5931337560658
-760.5931337560621
327.4068662439492
-290.3931337560711
-440.1931337560589
-571.9931337560466
-243.59313375606538
-1505.7931337560615
-327.59313375606683
37.00686624394393
671.4068662439532
721.8068662439472
776.4068662439571
935.606866243911
1410.0068662439585
-838.3931337560476
-803.3931337560496
242.0068662439465
20.606866243944076
285.40686624393186
-743.3931337560488
-632.9931337560433
-723.9931337560649
-372.39313375604866
173.6068662439227
1616.8068662439678
996.4068662439342
263.80686624394235
-227.3931337560644
-768.1931337560392
-750.3931337560534
463.006866243925
415.20686624395375
-416.7931337560605
-69.5931337560522
-1174.1931337560527
-657.7931337560551
-361.39313375605894
464.20686624395586
-120.19313375606069
-223.39313375605516
715.0068662439263
295.00686624393825
-328.5931337560604
1054.0068662439464
1804.2068662439137
1074.60686624394
-1897.9931337560877
1120.8068662439446
-511.1931337560307
733.6068662439469
-473.3931337560496
-1063.3931337560575
900.4068662439337
-332.3931337560575
1269.4068662439063
1977.8068662439437
2042.4068662439504
3266.4068662439117
2489.2068662438846
1820.4068662439165
1843.0068662439826
898.4068662439354
-730.7931337560382
-1216.7931337560517
-1757.793133756072
908.0068662439365
697.4068662439402
-0.5931337560529215
654.8068662439385
1784.2068662439053
1013.8068662439711
-524.993133756058
-580.7931337560588
-2901.593133756084
-1374.5931337560708
504.00686624394314
-243.7931337560606
-1965.7931337560735
-80.99313375605468
476.0068662439342
-1088.1931337560704
1033.6068662439507
-287.9931337560576
-1519.9931337561081
-41.39313375605303
140.00686624395217
2168.606866243954
1108.2068662439692
329.40686624395283
2701.00686624397
1057.6068662439827
-419.1931337560562
-1041.5931337560658
1612.2068662439715
709.8068662439497
605.0068662439487
-746.993133756062
871.8068662439329
2673.0068662439626
725.006866243949
-387.19313375604725
-235.79313375605832
1441.0068662440042
544.6068662439229
983.806866243946
408.00686624394507
156.20686624394241
674.0068662439455
-533.3931337560361
-448.193133756051
1837.2068662439642
-1262.9931337560463
158.60686624393628
-1703.9931337560472
-1209.7931337560667
-2066.793133756101
943.6068662439521
556.0068662439081
1071.406866243927
2024.4068662439345
-321.19313375605304
21.006866243952196
-19.19313375605069
-906.5931337560611
-1057.7931337560547
1985.8068662439332
-449.7931337560723
3167.806866243945
959.806866243971
-436.5931337560623
-167.19313375606035
-1314.7931337560697
-145.39313375606818
-416.19313375605157
-178.79313375606228
-771.9931337560575
201.20686624396177
-1513.3931337561048
-1412.593133756074
-754.9931337560706
-197.5931337560633
1251.0068662439135
1665.8068662439675
-3.7931337560613088
1421.8068662439482
-197.5931337560575
236.0068662439451
-914.9931337560632
2381.0068662439276
1490.806866243928
-1989.9931337560836
1569.4068662439583
1275.606866243926
-1300.593133756053
615.0068662438982
986.0068662439451
-1264.7931337560556
464.40686624393777
-2718.3931337560934
773.8068662439263
-1077.793133756063
-1818.7931337560806
-585.5931337560562
684.4068662439483
1086.2068662439424
419.2068662439431
1141.006866243955
2796.6068662438684
2099.206866243912
825.8068662439456
140.20686624392556
389.00686624393603
1389.4068662439297
348.20686624393727
841.4068662439465
-67.59313375605802
1671.4068662439429
-566.9931337560489
1433.4068662439227
56.60686624394254
111.20686624394386
647.8068662439348
-2272.3931337560716
-452.99313375606033
1868.2068662439026
1520.6068662439259
796.6068662439257
1380.2068662439142
105.8068662439449
254.80686624393715
-878.7931337560436
-1407.7931337560362
525.2068662439068
-134.79313375606407
-8.993133756052849
199.00686624394064
120.80686624394735
-1544.9931337560356
-1262.5931337560405
-1091.1931337560738
-90.99313375605905
1294.606866243954
-504.193133756063
-366.593133756083
-1961.79313375603
-1704.7931337560988
-661.9931337560741
1220.0068662439262
3536.2068662439797
-461.7931337560817
-46.19313375606113
-554.9931337560577
-1318.7931337560465
-900.1931337560526
-1865.5931337560726
398.6068662439594
676.6068662439571
-37.593133756058926
-206.79313375605776
57.80686624394095
851.4068662439447
621.2068662439491
469.4068662439415
164.00686624394845
861.4068662439356
-870.1931337560536
635.606866243954
-630.3931337560479
227.80686624392303
-46.79313375605936
1370.8068662439807
203.4068662439489
-466.19313375604116
-1267.3931337560502
-660.5931337560597
-582.7931337560829
-1735.9931337560745
19.0068662439381
-426.1931337560651
-966.3931337560407
1190.0068662439564
-510.7931337560582
-595.9931337560558
805.2068662439425
-281.5931337560553
-642.5931337560705
-3051.793133756121
67.6068662439468
8.406866243951974
-2079.593133756041
550.206866243931
-39.59313375605581
1033.206866243929
259.2068662439461
-791.3931337560483
-1062.593133756037
-116.59313375605049
871.8068662439689
2143.806866243964
1706.6068662439893
-1861.5931337560367
-1290.7931337560458
352.40686624396506
-1469.3931337560612
-1242.5931337560364
-709.9931337560549
1330.4068662439472
1476.4068662439088
-543.7931337560561
-1000.5931337560294
-2620.593133756004
-1095.3931337560439
356.2068662439435
-111.79313375605575
-427.3931337560665
-229.19313375606532
-50.39313375605739
-986.5931337560537
1446.806866243949
-757.9931337560713
1426.2068662438633
1278.4068662439574
256.0068662439386
-879.7931337560644
701.4068662439457
1927.206866243934
848.4068662439513
-138.5931337560536
-1414.5931337560685
644.0068662439579
966.006866243952
1040.6068662439466
423.00686624395144
-2246.7931337560462
212.20686624395725
-15.193133756056383
-1669.5931337560598
-345.7931337560514
-588.7931337560584
-1489.7931337560467
369.60686624396055
938.0068662439534
-2217.7931337560185
1960.6068662439354
1888.0068662439487
418.4068662439397
519.6068662439283
-531.5931337560457
132.6068662439448
-1151.3931337560498
3335.406866243926
-413.993133756063
-527.7931337560576
-509.7931337560366
-1003.9931337560585
1040.0068662439776
986.2068662439431
1099.4068662439188
-217.7931337560546
-148.9931337560708
542.6068662439386
2107.2068662439424
1045.4068662439493
-132.39313375605974
-774.7931337560548
-1050.3931337560598
-1561.993133756047
-1181.1931337560598
-2896.9931337560693
-1605.793133756044
-321.1931337560579
-1447.3931337561112
-1437.9931337560572
-822.1931337560532
311.6068662439417
1273.806866243928
1995.40686624396
-1197.5931337560608
152.60686624394373
-2146.7931337560726
882.0068662439221
205.00686624395206
241.4068662439419
-1291.39313375604
-1553.393133756113
-1199.1931337560943
1339.00686624397
1063.606866243952
-1794.7931337560894
755.0068662439412
690.0068662439401
1896.6068662439511
699.0068662439528
1390.80686624398
1475.006866243957
576.6068662439399
1429.2068662439242
-1562.5931337560503
-760.5931337560439
-883.5931337560571
-1968.193133756074
27.806866243945258
117.60686624393975
-1528.7931337560756
-677.5931337560917
-125.99313375604987
-403.3931337560692
-1856.7931337560735
2485.6068662438893
1102.4068662440034
1806.8068662439161
452.8068662439375
-882.1931337560508
-533.7931337560688
267.40686624393027
659.0068662439428
657.2068662439397
-1899.7931337560528
1456.0068662439296
1427.6068662439593
-586.1931337560711
-102.79313375606944
-1564.9931337560718
135.80686624393948
-1475.7931337560885
-1276.5931337560694
610.4068662439432
-662.7931337560831
-90.79313375606498
-1421.993133756039
-924.3931337560638
-66.79313375605891
-1861.7931337560553
-205.3931337560614
-12.593133756063423
-1276.5931337560717
-708.9931337560669
1422.6068662439195
2241.2068662439615
583.8068662439397
1155.0068662439492
206.20686624394136
238.20686624394637
1081.4068662439354
123.20686624394389
-237.19313375607328
-726.9931337560827
-128.7931337560658
891.0068662439422
-1493.3931337560705
-2137.793133756072
-724.7931337560541
-634.3931337561081
-207.9931337560626
-1439.3931337560537
152.20686624394887
-369.7931337560505
143.20686624395032
11.006866243944472
-1939.5931337560855
-1846.1931337560313
-2578.993133756117
-2934.793133756045
-3104.193133756051
-2696.593133756054
-984.1931337560579
-743.3931337560589
794.8068662439282
382.80686624394383
-103.193133756057
-664.3931337560597
1129.4068662439556
858.006866243933
486.80686624394
-1108.9931337560402
469.80686624395213
1089.206866243934
558.6068662439391
-293.1931337560411
-289.5931337560588
-1302.19313375607
-778.3931337560697
-992.3931337560674
697.0068662439305
-1304.7931337560938
-659.3931337560622
-944.7931337560495
-1954.1931337560384
-2759.1931337560336
-119.19313375605333
1224.0068662439498
112.00686624393904
-651.5931337560554
39.606866243931336
-1731.5931337560783
-1776.7931337561195
-102.19313375605628
-125.79313375605648
-1460.5931337560633
286.806866243933
2741.806866243896
-557.7931337560733
-1025.9931337560847
207.80686624394846
1212.6068662439322
535.0068662439533
1543.406866243926
795.8068662439133
1129.4068662439297
765.0068662439398
882.2068662439582
689.2068662439403
-1395.9931337560722
-1496.7931337560622
-1382.1931337560422
1077.0068662439603
-2294.993133755986
-1793.5931337560216
-326.3931337560241
-2224.993133756106
-1729.5931337560646
-355.59313375606104
-985.793133756049
1251.806866243941
1929.6068662439288
1142.8068662439468
-180.19313375606333
1239.0068662439369
-971.7931337560788
-22.393133756057612
503.0068662439401
-677.5931337560622
256.40686624394687
-490.1931337560601
-178.19313375605782
-750.79313375606
524.0068662439569
-332.1931337560609
-1091.3931337560539
-1053.3931337560405
-256.99313375609387
-1246.1931337560645
-887.7931337560647
-1667.1931337560063
-1387.393133756085
789.406866243912
-1281.5931337560735
28.006866243942554
-652.5931337560701
-1462.193133756088
124.60686624393841
-864.7931337560697
-242.79313375605625
771.0068662439402
197.60686624395828
683.6068662439466
-365.3931337560473
-441.59313375605086
999.4068662439333
-1207.993133756029
-184.7931337560626
254.2068662439318
-29.593133756061444
655.8068662439523
-921.1931337560452
-653.393133756046
-3382.3931337560252
131.0068662439593
-537.1931337560652
-1263.1931337560409
79.00686624394305
-998.3931337560764
171.00686624393478
716.8068662439458
35.00686624394759
245.8068662439314
-1844.193133756091
-759.3931337560647
-34.39313375605483
-1561.7931337560685
1620.8068662439316
172.00686624393705
-540.7931337560744
227.606866243947
-1628.9931337560636
-660.7931337560678
-122.9931337560493
-170.39313375604195
33.40686624393563
-646.9931337560536
1859.4068662439363
-1644.393133756042
1262.60686624392
227.00686624392577
-626.193133756056
674.2068662439411
-351.3931337560594
-603.5931337560584
-557.5931337560461
929.4068662439366
-688.7931337560698
-1659.3931337561116
1059.0068662439164
-986.993133756066
-19.59313375606219
-222.193133756058
-290.9931337560494
-401.3931337560689
-769.9931337560636
-45.59313375605335
-504.9931337560652
-876.1931337560615
-1612.593133756077
-696.3931337560401
-1583.3931337560564
-2172.9931337560647
-834.1931337560565
-204.19313375605748
1235.4068662439374
604.8068662439473
672.206866243963
-159.59313375604955
940.2068662439303
-1436.3931337560566
-910.7931337560532
353.6068662439452
-934.7931337560785
-324.3931337560524
-831.9931337560655
208.2068662439445
949.8068662439388
738.2068662439426
-416.393133756045
-1856.3931337560666
144.40686624394624
276.8068662439449
-777.1931337560804
242.40686624395232
-1197.7931337560476
-2703.793133755999
561.8068662439481
1337.6068662439488
-1275.793133756027
-308.3931337560667
-1423.5931337560721
-265.39313375604644
27.606866243945518
-1759.5931337560787
-169.59313375606087
-99.19313375605617
1721.2068662439422
497.2068662439483
665.0068662439388
541.6068662439117
-596.3931337560581
987.2068662439427
1919.0068662439855
240.8068662439445
-1392.993133756052
1266.0068662439542
-1344.5931337560348
-980.3931337560738
473.6068662439416
-786.7931337560606
81.60686624394135
1286.4068662439602
446.60686624394685
859.6068662439496
-788.193133756064
-1393.1931337560457
-945.5931337560585
-430.1931337560593
437.0068662439374
1291.8068662439805
-120.99313375606376
-376.19313375605424
991.806866243923
-518.7931337560597
182.2068662439484
-199.39313375605212
962.6068662439324
-737.79313375605
109.60686624396689
148.60686624395248
-1130.1931337560625
2282.206866243982
-245.393133756053
-581.5931337560635
1312.8068662439362
-58.79313375605933
-141.39313375605946
2090.8068662439427
574.2068662439372
-632.9931337560588
1392.6068662439222
-1315.793133756047
-683.3931337560648
1511.4068662439151
-389.19313375605816
-191.99313375605652
214.6068662439472
-1281.5931337560592
617.8068662439604
-707.9931337560814
-165.19313375605438
1412.6068662439507
238.40686624393885
-1263.7931337560474
1516.4068662439622
-39.19313375605692
1807.6068662439461
17.606866243933474
234.4068662439434
261.0068662439316
250.6068662439475
129.60686624394296
-56.793133756061735
-274.99313375605976
919.2068662439424
1249.8068662439616
-901.5931337560664
-790.793133756062
1333.206866243933
310.4068662439428
355.6068662439319
908.0068662439267
584.20686624394
-231.39313375605178
-1918.793133756116
-659.393133756047
1653.8068662439237
2234.606866243936
-965.9931337560437
20.206866243939146
1716.406866243968
49.606866243939244
-941.9931337560823
-153.59313375605828
-642.3931337560961
152.6068662439391
2242.806866244038
1268.4068662439975
225.2068662439368
477.80686624396066
-949.993133756064
397.406866243927
395.8068662439298
914.8068662439663
1044.8068662439223
907.206866243912
352.6068662439536
980.4068662439464
506.4068662439339
-157.59313375605302
-50.393133756061445
-874.1931337560599
1040.4068662439429
-1334.5931337561053
-1729.1931337560356
-450.9931337560552
-3145.3931337560757
-307.7931337560672
-968.5931337560451
697.2068662439474
-614.7931337560777
4.8068662439454215
449.0068662439373
729.8068662439229
1618.0068662439157
2128.2068662439483
1038.6068662439288
-1556.9931337560533
-175.99313375608057
1216.0068662439348
331.0068662439286
1098.606866243971
620.206866243944
80.80686624393962
1273.6068662439295
-1510.9931337560636
-590.3931337560542
1612.4068662439047
-174.99313375605564
1327.6068662439586
14.606866243941631
-766.3931337560635
1363.2068662439292
-107.39313375605809
-2396.19313375603
606.2068662439345
610.2068662439439
-1965.5931337560633
-2476.1931337560345
-398.79313375605017
478.20686624395205
1149.8068662439264
537.8068662439334
-955.3931337560722
-814.9931337560545
-1181.1931337560604
-552.3931337560527
610.2068662439459
788.0068662439463
286.60686624394924
1202.4068662439413
1388.606866243949
-1015.793133756081
-261.99313375606437
1636.606866243939
264.8068662439364
1486.6068662439511
-68.19313375606676
754.0068662439859
98.00686624394244
70.80686624393192
896.6068662439595
-1441.1931337560718
131.40686624395215
2085.406866243951
336.60686624394555
-1157.1931337560673
-100.99313375606148
-1573.3931337560336
-1010.593133756066
-317.19313375606254
-1224.7931337560508
1106.8068662439673
-194.3931337560544
-8.993133756063902
-950.1931337560607
-837.3931337560587
1304.2068662439385
93.80686624394
949.8068662439454
412.606866243947
937.8068662439551
-490.79313375606097
1163.0068662439585
-130.79313375606145
-15.193133756050006
1545.2068662439985
-1001.3931337560405
609.2068662439522
-123.19313375605755
-183.9931337560668
-1035.7931337560399
790.206866243934
-301.193133756057
-1988.593133756118
-1383.7931337560626
477.4068662439474
271.60686624394486
-461.79313375607364
-335.3931337560555
-2680.793133756108
-1988.7931337560553
872.8068662439296
-245.19313375605688
1056.206866243963
-1416.7931337560528
-1611.3931337560346
-811.1931337560727
-992.5931337560637
-81.99313375606287
1137.2068662439312
126.20686624394331
1113.4068662439458
340.0068662439473
474.80686624394315
1356.2068662439112
927.6068662439577
-1469.7931337560703
844.006866243947
1254.2068662439206
942.6068662438965
404.80686624395366
-34.39313375604995
115.60686624394319
-657.193133756067
-1703.7931337560467
301.20686624393613
1421.8068662439284
-307.59313375606285
895.6068662439437
-216.5931337560649
435.2068662439414
-2151.7931337560453
-624.7931337560875
-1452.9931337561095
-1424.7931337560594
194.00686624395087
-1114.7931337560392
-46.19313375606339
-680.9931337560606
143.00686624393552
-104.39313375605583
448.2068662439537
-1286.3931337560514
-989.7931337560684
468.00686624394376
2221.006866243878
-817.593133756058
923.6068662439485
-477.3931337560565
-2529.193133756009
-1020.5931337560487
-145.19313375605554
1048.806866243944
1798.2068662439121
12.406866243937117
-239.99313375606224
-1096.9931337560736
1186.6068662439388
2339.8068662439023
-1404.993133756089
445.406866243958
-446.7931337560562
-741.1931337560642
-652.5931337560513
-1163.3931337560794
-1189.9931337560304
-1504.593133756018
-847.9931337560392
53.80686624394631
1971.8068662438886
38.606866243947415
-744.5931337560518
1265.2068662439528
575.8068662439764
1512.406866243925
276.2068662439462
-1214.3931337560546
199.80686624395753
-1135.993133756048
-1599.193133756078
758.8068662439415
-422.1931337560489
363.60686624397323
823.6068662439274
456.6068662439587
1207.6068662439504
845.2068662439211
1610.206866243913
1008.8068662439334
-315.9931337560591
14.206866243956824
792.6068662439367
415.60686624394515
-484.39313375606537
-328.19313375606043
267.2068662439368
-2557.3931337560803
-1433.393133756046
361.40686624393663
37.606866243942
-510.1931337560565
312.8068662439468
35.40686624394058
-85.79313375605246
263.8068662439377
765.406866243929
-752.7931337560293
-549.9931337560645
-628.5931337560456
1806.8068662439314
357.2068662439497
-271.3931337560643
-976.1931337560778
-2021.5931337560564
7.8068662439518945
-1314.5931337560676
-662.1931337560577
492.4068662439366
1112.8068662439491
-38.19313375605962
894.2068662439453
-510.7931337560652
-614.7931337560641
-1063.1931337560484
408.8068662439421
-178.99313375606098
-595.3931337560664
-1189.9931337560524
-1183.193133756021
826.2068662439449
708.606866243937
24.00686624394121
-667.9931337560595
-1232.1931337560577
-65.39313375605371
-225.79313375605423
2223.006866243971
1470.2068662439501
-849.1931337560436
-63.793133756048654
-1101.993133756033
-374.5931337560348
-1110.5931337560553
-718.3931337560622
-495.19313375604526
462.8068662439454
585.4068662439425
-1089.1931337560604
2343.4068662439054
511.806866243933
2278.606866243944
2085.406866243939
958.4068662439227
1254.0068662439326
466.6068662439376
-1210.9931337560633
-410.593133756059
-340.3931337560438
-503.3931337560645
-699.9931337560531
-1848.5931337560335
-833.393133756051
-457.79313375605443
380.0068662439433
-243.19313375605344
-1378.3931337560873
1468.4068662439288
-1170.3931337560355
344.60686624393946
-1084.993133756062
-47.99313375605699
-364.393133756059
-1033.39313375607
-1348.5931337560373
215.0068662439537
1470.0068662439296
-1818.9931337560395
-120.19313375605992
789.0068662439289
-1003.9931337560508
639.6068662439344
-402.7931337560661
1047.4068662439247
919.0068662439458
548.0068662439495
-626.593133756054
260.806866243938
159.20686624394486
-463.5931337560569
-1383.193133756035
-1339.1931337560625
-763.1931337560083
-789.3931337560547
994.8068662439291
1238.8068662439548
492.00686624395286
-369.19313375606964
-634.7931337560493
-95.59313375605481
-362.3931337560566
-737.7931337560676
-816.9931337560307
-710.3931337560477
-1274.1931337560218
620.2068662439415
-1756.393133756043
-393.1931337560578
436.40686624394516
-1399.393133756063
-1507.3931337560748
-712.9931337560658
488.6068662439163
105.40686624394418
20.406866243946084
-111.59313375605575
-1417.9931337560479
-359.3931337560581
40.20686624394221
507.80686624396026
-1230.593133756069
-2210.39313375605
-319.5931337560538
1030.2068662439665
-1858.3931337559934
-1149.9931337560736
-635.993133756059
532.4068662439416
1483.0068662438766
422.8068662439436
808.006866243929
391.40686624396074
358.0068662439388
280.0068662439484
-520.5931337560766
-1855.1931337560284
-1721.9931337560463
-759.1931337560633
-1530.7931337560644
-398.59313375606644
1080.20686624393
1556.406866243911
-61.39313375605896
-1104.7931337560585
-927.9931337560708
-1404.1931337560861
-1760.5931337560119
-1511.793133756053
-1038.1931337560686
112.00686624394928
1000.6068662439571
905.8068662439543
162.00686624393845
-113.79313375606148
1185.2068662439463
915.6068662439361
-2793.9931337561284
-102.19313375606544
-1267.3931337560512
1352.606866243944
12.406866243944414
-760.5931337560385
530.2068662439468
-1878.193133755985
-1284.793133756056
244.00686624395505
-611.3931337560558
-774.3931337560592
-1040.3931337560332
299.8068662439371
767.6068662439694
325.4068662439492
-854.7931337560825
-796.1931337560578
-1150.5931337560621
344.6068662439624
88.20686624395316
-885.9931337560536
-717.7931337560252
166.606866243946
-404.19313375605753
-472.1931337560478
-539.5931337560567
-2595.1931337560623
-312.5931337560564
1211.806866243933
39.40686624395219
-2443.993133756146
-813.7931337560664
-199.19313375604654
-683.5931337560681
2646.806866243918
1450.0068662439405
-46.39313375605079
-474.59313375605797
-2371.393133756052
-1698.3931337560325
-2044.993133756026
-3108.1931337560027
-1130.9931337560706
-895.9931337560544
-1242.5931337560444
-1568.7931337561115
-200.39313375605238
-1624.7931337560435
-686.7931337560555
-656.1931337560494
683.4068662439457
2045.8068662439384
-261.1931337560573
-1466.793133756032
-665.793133756063
-12.393133756053103
-899.9931337560658
926.0068662439207
674.6068662439443
760.4068662439386
1185.6068662439468
-932.1931337560665
-1822.593133756063
212.6068662439366
-2031.1931337561782
-126.39313375604837
-721.9931337560657
810.006866243955
20.00686624394583
620.2068662439586
-614.5931337560488
-1164.5931337560562
-890.9931337560636
-3188.9931337560242
-1594.1931337560995
554.8068662439427
44.006866243933324
301.60686624394157
2269.606866243934
-914.3931337560579
2116.806866243912
563.6068662439732
-325.9931337560615
367.00686624394785
-1323.1931337560377
-791.1931337560502
-802.7931337560974
-1237.9931337560492
-2780.5931337560673
-228.99313375605874
-1220.593133756067
-1122.9931337560554
-28.793133756057905
-861.1931337560562
-440.9931337560624
326.40686624394135
-1335.9931337560977
500.0068662439349
-1008.9931337560826
860.4068662439508
-297.19313375605856
1695.8068662439662
1293.8068662439523
-2034.1931337560554
16.806866243941244
-1053.593133756049
-2585.393133756056
903.6068662439261
1369.406866243936
-427.99313375606516
2109.006866243974
-1607.5931337560557
1594.806866243933
178.40686624395096
-1221.7931337560656
-232.193133756078
281.60686624395424
1243.206866243935
205.00686624394424
312.206866243934
1022.2068662439333
724.2068662439436
103.20686624394489
-296.59313375605944
697.2068662439444
1481.0068662439367
733.8068662439451
1775.0068662439448
-2503.1931337560623
-365.7931337560554
-2000.9931337560351
1973.6068662439839
159.8068662439455
-571.3931337560575
1108.4068662439404
-1510.3931337560764
-1246.193133756071
-230.5931337560597
1070.406866243933
1121.4068662439279
964.0068662439515
-335.7931337560357
1464.006866243948
6.0068662439369405
-258.3931337560612
1993.606866244023
466.8068662439467
-878.1931337560557
-560.1931337560643
1377.606866243963
-213.19313375605864
-794.393133756089
-909.7931337560622
-539.79313375605
279.20686624393323
-561.3931337560546
1119.0068662439644
-372.5931337560368
-408.5931337560552
31.006866243944344
-1917.1931337560532
1716.006866243947
-1459.9931337560536
323.8068662439484
41.60686624393904
-920.1931337560857
-309.39313375605565
-861.9931337560594
194.00686624393543
-547.5931337560571
-127.79313375605805
-432.1931337560559
-1109.9931337560522
-194.99313375604032
772.2068662439565
639.0068662439322
772.6068662439596
1248.8068662439605
-1694.1931337560907
-766.5931337560287
-1658.5931337560442
557.4068662439402
509.206866243945
1654.806866243932
716.806866243943
-170.39313375604914
-1349.3931337560934
-63.99313375605455
541.6068662439451
-632.5931337560547
640.6068662439365
-713.3931337560746
-3322.9931337560743
330.4068662439462
-1152.5931337560753
-1352.9931337560683
140.60686624394276
-187.59313375607155
-59.39313375606011
-1739.593133756075
477.806866243951
-254.39313375606574
-1434.9931337560236
1565.2068662439342
356.00686624395104
304.20686624394807
-586.3931337560526
-1710.5931337560332
-693.7931337560575
153.20686624394193
331.0068662439459
1020.8068662439387
802.6068662439376
-2143.1931337560736
-1142.9931337560636
178.00686624395453
-771.9931337560545
-843.193133756032
-963.9931337560804
1280.0068662439407
894.206866243962
-1234.9931337560465
-1423.3931337559936
-3168.793133756021
-4654.393133755961
-1869.7931337560935
-1231.793133756023
-783.7931337560377
687.2068662439378
1261.806866243933
-104.59313375605163
1704.8068662439264
-1362.3931337560582
1184.0068662439453
571.0068662439395
-8.193133756054088
-1509.3931337560955
-580.5931337560464
-114.99313375607494
-1128.593133756017
-2534.993133756077
-4170.793133756101
-1016.5931337560729
-262.7931337560592
-671.5931337560593
241.8068662439432
-1433.7931337560865
714.606866243919
-466.9931337560443
-2616.9931337560092
-1089.9931337560758
-396.9931337560643
-1469.993133756048
-27.193133756061403
-358.99313375606766
-4687.193133756062
-1220.393133756036
-777.9931337560131
-1431.3931337560891
-558.5931337560538
-418.99313375608875
1187.6068662439484
-259.59313375606206
3222.206866243982
-6.193133756069443
1175.8068662439455
-349.9931337560415
-1005.1931337560321
333.00686624393785
-507.7931337560567
-817.1931337560424
-2265.19313375607
-2108.1931337560363
-1661.993133756017
914.6068662439427
167.8068662439563
-904.593133756055
-793.9931337560535
723.8068662439337
263.2068662439353
404.80686624394525
-1300.5931337560735
-1322.1931337560654
-153.5931337560554
-1547.3931337560246
-1622.59313375605
-1735.993133756107
-1712.3931337560884
-415.9931337560768
416.0068662439403
-2413.193133756033
-1179.393133756068
-2226.393133756085
1374.0068662439253
440.20686624394216
166.60686624393955
-1350.7931337560326
-188.39313375605036
-670.1931337560547
961.4068662439511
970.2068662439875
-2089.7931337560703
488.80686624394326
311.0068662439434
1952.0068662439332
625.6068662439569
492.2068662439368
20.40686624393625
5.806866243940561
2154.4068662439536
657.0068662439356
872.2068662439505
688.6068662439299
-53.99313375605145
288.2068662439342
325.006866243936
-874.3931337560748
-277.5931337560404
-375.3931337560672
-832.1931337560707
-2620.593133756068
1502.406866243915
-39.39313375604972
1399.8068662439382
621.2068662439515
-1489.1931337560532
-1437.5931337560705
-332.393133756035
71.40686624393646
1171.0068662439467
-2336.9931337560247
790.8068662439347
1661.4068662439122
-234.19313375606504
1217.0068662439323
-283.1931337560644
1254.0068662439498
-843.7931337560558
-2018.1931337560443
-332.79313375605835
-163.59313375605805
1252.0068662439362
881.4068662439275
427.80686624397157
595.2068662439258
-735.7931337560597
-403.5931337560726
-74.39313375606162
-263.99313375606556
-692.7931337560638
1335.6068662439266
2741.406866243872
-128.1931337560586
-70.99313375604962
-1255.5931337560771
44.80686624394768
1388.6068662439461
-303.79313375607256
-970.7931337560395
-1374.1931337560795
146.4068662439451
2088.0068662439467
-1692.9931337560254
-2266.993133756028
-524.5931337560655
180.20686624393915
2507.806866243996
1014.2068662439394
1302.0068662439448
-418.99313375605453
155.60686624393944
135.0068662439482
-870.7931337560522
316.40686624393805
47.00686624394004
-934.1931337560901
-973.1931337560543
-1002.7931337560553
-501.5931337560591
-240.79313375604863
1310.2068662439378
-389.193133756066
-172.9931337560639
-238.79313375605923
-121.19313375605671
-702.1931337560586
-1039.5931337560673
-1389.59313375607
197.40686624393834
1914.406866243916
2192.8068662439177
960.2068662439217
1038.8068662439596
965.6068662439437
221.2068662439404
-1434.5931337561244
-10.793133756044334
-429.5931337560535
1442.6068662439568
891.8068662439365
71.20686624395069
-1818.5931337560328
456.20686624394096
933.0068662439356
-156.793133756052
-299.7931337560607
1667.2068662439196
227.60686624394936
303.8068662439484
1286.806866243948
299.40686624394954
-1734.9931337560517
514.2068662439435
2434.2068662439656
-934.3931337560649
-771.1931337560553
-499.39313375605667
-367.7931337560504
-1252.1931337560777
434.00686624393154
-204.79313375605437
895.006866243911
2079.806866243957
1831.6068662439955
1283.4068662439427
-143.5931337560499
-1406.793133756058
-3390.793133756079
-1686.593133756064
-2576.7931337560444
-1009.5931337560562
152.00686624394257
-937.1931337560756
-113.19313375605475
94.40686624394253
-1969.593133756121
248.60686624395433
25.20686624393303
516.6068662439586
-107.19313375606038
454.4068662439413
-1050.9931337560652
-896.7931337560393
-982.7931337560722
-711.7931337560603
518.4068662439472
-1023.7931337560566
255.2068662439785
-608.393133756056
-763.7931337560648
-1688.9931337560347
-1282.3931337560448
-1968.3931337560946
-1389.1931337560213
-1078.3931337560405
-834.993133756057
-1321.5931337560755
-508.79313375603834
147.60686624393546
-2199.7931337560326
-1874.3931337560873
-753.5931337560571
-672.3931337560435
578.0068662439394
-134.19313375605745
595.6068662439442
1213.60686624395
-92.19313375607712
1299.806866243945
-736.3931337560448
-2051.5931337560346
-424.99313375606636
-2702.1931337560072
-455.79313375606233
-11.993133756062
-894.9931337560564
166.60686624393483
-700.5931337560565
935.8068662439629
-1094.7931337560651
2307.4068662439804
407.00686624394314
-662.593133756054
1988.6068662439125
-402.3931337560623
-381.99313375605686
1136.40686624396
243.00686624394115
665.0068662439342
-752.5931337560463
-117.19313375606171
550.2068662439402
-1286.5931337560532
1088.0068662439216
344.80686624395014
451.4068662439469
1237.4068662439277
-1304.593133756058
-1165.993133756072
-1124.1931337560986
461.8068662439429
-180.79313375607285
-2247.393133756065
539.406866243936
-2141.993133756034
1677.0068662439487
1065.0068662439062
235.40686624391878
1123.40686624395
1027.0068662439353
2104.4068662439086
2231.4068662439336
3545.0068662439953
110.00686624394623
-913.1931337560385
3079.6068662440084
-565.793133756063
-169.59313375605984
1046.6068662439075
434.6068662439544
-1852.3931337560855
-1801.9931337560702
-59.39313375605417
-203.59313375605723
-754.5931337560738
-2506.3931337561094
-260.7931337560521
1016.6068662439359
-242.99313375606016
-415.99313375606533
-1511.3931337560666
-638.5931337560398
-605.5931337560683
140.2068662439499
-1137.9931337560502
20.40686624394084
-1283.3931337560568
-783.7931337560774
744.6068662439701
531.8068662439379
782.2068662439162
394.40686624394215
1502.0068662439012
1715.0068662440253
2706.6068662439616
383.8068662439375
-1349.393133756049
1672.0068662439376
-167.19313375605603
-1010.5931337560614
1845.2068662439694
1207.8068662439546
-2980.993133755952
-2187.5931337560532
21.606866243940885
-1114.193133756099
-413.79313375603846
-1810.1931337560766
-89.59313375605583
1495.6068662439177
-914.3931337560438
-947.3931337560592
-1673.793133756107
-108.19313375606995
-816.9931337560763
237.80686624392254
-42.39313375605154
-581.1931337560654
924.0068662439396
1275.4068662439443
-633.5931337560603
-1004.593133756061
1951.6068662439404
-823.9931337560732
-947.3931337560479
49.20686624396442
708.8068662439503
1427.006866243965
2030.2068662439099
448.806866243944
-359.9931337560497
-661.1931337560732
840.6068662439509
2239.0068662439026
611.2068662439333
-1097.3931337560507
-603.5931337560638
-14.793133756062623
732.806866243933
712.6068662439535
-959.793133756051
609.8068662439497
193.40686624393385
-251.99313375605055
-1897.3931337561548
-743.9931337560603
-288.19313375606527
-1450.9931337560265
1132.206866243956
-408.1931337560599
-1205.1931337561175
104.60686624394415
-202.79313375607077
-111.79313375605439
1718.8068662439496
493.60686624393094
-400.9931337560555
1449.00686624394
-917.3931337560462
81.20686624393912
2099.8068662440023
-797.1931337560619
-1205.993133756077
163.8068662439492
-803.9931337560504
1795.6068662439689
-280.79313375604875
-540.5931337560306
-455.99313375604413
-1019.993133756017
-1380.393133756067
-74.59313375605451
-979.9931337560183
1638.206866243962
23.806866243942324
-187.1931337560589
474.00686624396286
820.0068662439471
145.8068662439368
-107.79313375605557
-638.9931337560566
225.20686624394176
-343.9931337560697
-1750.1931337560354
-857.7931337560209
123.40686624394158
-1860.5931337560503
62.40686624393305
1166.0068662439433
778.2068662439243
303.60686624393855
-1119.5931337560519
-334.99313375606044
494.40686624394993
402.40686624394755
-1056.9931337560056
551.4068662439316
1732.006866243969
-838.3931337560809
-2696.793133756065
-2919.9931337560715
-1795.9931337561256
-277.9931337560538
370.0068662439643
338.206866243928
-231.99313375604785
1141.0068662439267
-1453.9931337560238
-731.9931337560496
-176.79313375606375
-379.79313375606506
-428.1931337560518
-287.1931337560587
-496.5931337560534
7.406866243937124
287.4068662439408
-783.7931337560688
-1758.9931337561118
-2281.993133756075
621.6068662439327
-1547.9931337560788
-1018.3931337560737
2186.4068662439327
-864.9931337560424
318.80686624394957
-2581.39313375605
-1266.1931337560993
-1182.5931337560487
373.6068662439424
-249.39313375605352
-350.9931337560574
7.206866243943491
315.2068662439509
864.406866243941
-1436.7931337560765
-1308.59313375607
533.2068662439342
130.00686624393597
1432.4068662439377
83.20686624393593
-1591.193133756062
94.8068662439382
-1870.7931337559974
-1423.9931337560504
263.40686624394044
-786.1931337560599
1834.4068662439354
1065.0068662439483
-1819.5931337560444
-653.5931337560899
-59.79313375605904
-1579.9931337560522
2012.806866243947
2654.6068662439575
741.8068662439085
525.206866243934
912.6068662439533
-589.9931337560614
102.80686624392996
-0.5931337560640628
-175.59313375606206
-395.1931337560413
-1195.7931337560515
-199.99313375606457
-195.99313375606553
629.2068662439455
-722.7931337560557
-508.1931337560481
702.6068662439519
-1211.393133756073
-513.1931337560577
126.40686624394817
-1131.1931337560616
1885.8068662439653
1967.8068662439389
1746.006866243963
172.20686624393284
128.8068662439498
1777.8068662439198
-811.1931337560901
-1575.7931337560542
510.0068662439494
1335.0068662439555
126.60686624394884
2097.6068662439534
1822.8068662438754
-134.39313375606434
836.8068662439548
-8.393133756056052
1231.6068662439434
-1111.793133756063
-0.39313375606281653
385.2068662439381
-1406.7931337560833
685.2068662439478
341.00686624393364
72.40686624394422
-106.7931337560614
-154.5931337560646
-2424.7931337561095
103.20686624394357
-756.9931337560884
-1297.7931337560717
441.4068662439316
-1262.7931337560601
96.2068662439365
-546.1931337560688
-586.5931337560359
-961.9931337560663
1119.8068662439505
736.0068662439297
-2140.7931337560663
-3393.9931337560643
-962.3931337560781
1053.406866243923
820.6068662439449
1507.8068662439425
815.0068662439049
445.2068662439722
3360.0068662439753
2459.0068662440044
1933.006866243989
-562.3931337560648
9.606866243938192
829.2068662439525
-1367.9931337560668
-1122.9931337560456
640.2068662439302
283.20686624393494
519.0068662439488
-38.79313375605065
-137.39313375606207
656.406866243926
-52.99313375606614
-2324.393133756039
2019.0068662439762
1888.4068662439224
-451.99313375605936
-1653.193133756039
-1240.9931337560731
-602.393133756063
282.00686624393916
506.0068662439454
324.4068662439406
372.4068662439415
-1138.5931337560728
1441.2068662439544
499.4068662439442
1564.4068662439076
995.2068662438993
2743.2068662440333
1524.4068662439622
771.406866243957
1897.4068662439495
-0.19313375605517535
951.6068662439357
831.6068662439295
-122.59313375607161
-1007.7931337560632
329.60686624393486
-671.7931337560559
-436.193133756051
1048.6068662439013
1404.2068662439362
-1383.393133756042
-566.5931337560557
-574.593133756065
-802.1931337560544
-380.793133756053
-988.393133756071
199.2068662439442
1128.2068662439542
-1507.393133756072
-71.9931337560687
894.206866243934
1473.8068662439437
1300.4068662439652
-2556.393133756075
765.0068662439572
-675.7931337560676
-699.3931337560682
1775.6068662439557
478.00686624393865
33.00686624394441
-1190.1931337560607
-213.9931337560636
299.0068662439408
1216.2068662439522
173.60686624394273
-1915.193133756083
-1036.5931337560244
-496.9931337560548
1016.0068662439727
1377.8068662439603
-273.1931337560583
-756.3931337560589
-1835.3931337560794
-2170.7931337560663
425.6068662439409
-136.19313375605014
367.4068662439445
1008.8068662439312
1013.6068662439457
1662.6068662439761
-1194.7931337560647
-559.5931337560568
1409.6068662439259
288.4068662439451
418.8068662439307
-741.1931337560615
-370.5931337560592
-2060.593133756052
-1099.1931337560557
1106.2068662439265
-1290.3931337560637
-1256.3931337560539
-9.99313375605692
451.8068662439438
46.8068662439393
181.60686624394688
597.0068662439458
-386.59313375606786
-1015.793133756066
31.206866243946777
-1225.9931337560558
283.6068662439471
226.00686624394476
2143.006866243913
1061.4068662439377
2145.0068662439608
645.0068662439534
-955.9931337560561
1089.4068662439565
251.40686624394647
-669.593133756064
688.0068662439422
-444.9931337560724
-3099.593133756052
48.00686624394985
97.60686624394171
387.2068662439407
-1391.7931337560742
-127.39313375604536
-732.59313375601
-492.99313375606937
-542.9931337560604
1265.6068662439063
1721.4068662439443
123.40686624394255
-490.59313375607064
-510.79313375605665
-378.5931337560541
1696.0068662439628
598.2068662439417
2856.806866243981
1259.2068662439144
-775.9931337560555
2005.006866243998
852.8068662439357
1160.8068662439648
770.8068662439333
1371.4068662439504
-71.99313375606243
419.60686624394066
1269.206866243927
-835.7931337560694
500.006866243963
11.206866243943509
1025.80686624395
405.40686624393646
523.8068662439339
1338.2068662439567
1017.4068662439618
-678.7931337560615
63.60686624393618
353.2068662439349
540.206866243943
1387.4068662439283
1720.6068662439532
421.4068662439433
-1546.1931337560964
-1087.993133756053
-911.9931337560615
-1064.993133756054
2137.00686624395
-1346.1931337560668
263.80686624394167
-588.5931337560667
533.4068662439531
2405.6068662439156
1837.4068662439456
885.2068662439467
1591.0068662439335
1469.4068662439372
-1852.1931337560247
89.20686624393554
929.6068662439285
-1641.5931337560542
-716.993133756057
-999.3931337560607
840.2068662439334
1080.6068662439711
673.2068662439397
-1280.793133756042
-129.39313375606204
805.6068662439437
762.4068662439353
-216.5931337560662
684.8068662439384
1593.0068662439387
3195.4068662440086
1960.4068662439033
178.20686624394963
-615.5931337560569
-676.193133756046
-50.9931337560587
571.806866243955
-551.9931337560577
-1294.393133756036
-109.99313375606278
552.6068662439482
1262.4068662439524
3187.60686624393
580.4068662439496
591.406866243946
485.40686624395795
155.6068662439376
382.006866243932
431.60686624396595
1668.0068662439462
734.8068662439525
218.20686624393727
209.00686624394314
35.60686624392613
174.8068662439468
-720.1931337560549
-700.7931337560514
-1847.1931337561111
-1579.1931337560525
616.8068662439132
2238.606866243935
-161.59313375606314
1871.0068662439157
-548.593133756041
-1010.393133756051
-511.39313375605786
-668.1931337560575
1375.8068662439464
1602.80686624389
775.4068662439271
-70.59313375605672
-355.3931337560697
-1735.3931337560475
-877.1931337560573
858.6068662439529
-498.19313375605446
-96.59313375606516
1708.8068662439414
2725.2068662439165
194.806866243949
-694.7931337560542
755.6068662439495
256.60686624393895
132.00686624394243
-698.993133756068
4.6068662439381
1023.0068662439529
1406.406866243981
103.80686624394988
-963.9931337560544
-315.39313375604036
1329.6068662439568
1303.0068662439505
-1623.993133756047
1214.4068662439574
-1952.1931337561286
-745.9931337560545
-2080.193133756039
-1550.793133756064
1771.0068662439132
-239.5931337560614
-962.3931337560814
1202.6068662439457
-135.99313375605573
-1229.9931337560663
-1109.1931337560675
450.0068662439549
336.2068662439407
744.2068662439235
684.8068662439576
508.60686624394975
-1985.1931337560627
-963.1931337560576
-585.593133756058
-1277.9931337560176
-551.7931337560505
334.6068662439442
-26.193133756036907
-382.39313375604837
-33.993133756059514
-2073.3931337561107
49.40686624393399
1581.2068662439694
397.0068662439535
-1806.193133755983
636.2068662439449
398.8068662439461
-1542.3931337560603
1175.006866243924
1357.2068662438812
628.8068662439274
745.6068662439463
-752.3931337560649
-1212.7931337560772
-72.39313375606834
-766.1931337560916
394.2068662439442
328.60686624394145
-813.9931337560472
-1692.1931337560768
-243.59313375605848
-645.7931337560459
344.6068662439445
-1691.3931337560718
-429.9931337560577
866.6068662439515
-454.5931337560529
-797.5931337560723
-427.1931337560545
653.4068662439358
-1111.1931337560595
961.0068662439427
1771.2068662439628
2092.206866243946
2129.0068662439558
-81.7931337560599
-1178.7931337560462
1053.6068662439181
-992.5931337560683
-536.3931337560739
-1250.593133756074
1525.6068662439272
1142.806866243869
800.2068662439347
-585.1931337560471
-977.5931337560571
919.2068662439439
-665.3931337560598
64.20686624394713
1838.2068662439267
699.0068662439339
286.20686624394307
1458.4068662439765
-1426.3931337560268
2395.8068662439073
1081.6068662439477
-311.59313375606257
-95.59313375605456
-940.793133756044
320.8068662439488
56.20686624394259
-147.99313375605718
-1744.1931337560818
789.2068662439406
326.80686624395025
107.20686624394585
885.0068662439162
-118.19313375605847
-1390.9931337560454
-423.1931337560514
-86.59313375607348
1267.806866243935
-904.3931337560585
298.40686624393726
-775.193133756055
848.206866243947
652.2068662439481
-2282.1931337560577
1338.2068662439483
740.0068662439498
-1582.193133756088
667.406866243959
735.0068662439451
-1094.9931337560686
339.00686624394245
-2739.5931337560646
1896.2068662439729
1723.4068662439115
-161.59313375606285
612.2068662439383
657.6068662439435
1332.8068662439607
374.20686624393187
-131.99313375605243
480.4068662439381
268.40686624394993
1336.806866243963
584.2068662439533
650.806866243936
837.0068662439558
-1172.793133756083
528.0068662439322
-319.5931337560557
1725.206866243932
-352.9931337560558
1853.8068662439184
-1289.7931337560697
-2118.3931337560525
1329.806866243946
-719.5931337560593
-379.5931337560554
625.4068662439436
572.2068662439326
-333.9931337560544
-286.3931337560622
-743.5931337560853
292.6068662439295
-628.7931337560487
-246.79313375605437
2809.2068662439524
1226.6068662439357
-428.99313375606374
-1005.5931337560595
-278.393133756053
-1141.3931337560573
-1806.3931337560578
-2308.9931337560956
-1158.99313375607
1166.006866243922
339.00686624396485
1221.2068662439378
-673.3931337560546
-1292.393133756066
24.80686624394407
780.206866243941
3107.806866243902
-290.59313375605643
1443.0068662439019
-553.9931337560574
-1979.193133756098
1178.6068662439798
2093.8068662439464
2059.806866243937
318.4068662439415
122.20686624393409
-928.1931337560558
-2232.9931337560456
-1320.3931337560252
-377.9931337560719
647.6068662439468
206.40686624394897
458.006866243945
-1904.9931337560515
-1172.1931337560527
-1779.3931337560564
142.60686624394063
158.406866243939
1076.0068662439537
1176.8068662439453
133.20686624394364
-1061.3931337560662
415.80686624397225
1149.0068662439028
303.2068662439483
1442.606866243959
1219.6068662439363
-921.5931337560231
1596.4068662439588
-241.7931337560481
-664.7931337560516
-271.1931337560495
687.2068662439308
2702.606866243917
2087.6068662439143
3794.006866244061
2376.0068662439658
846.2068662439525
3156.00686624387
702.6068662439421
-64.79313375605692
-618.1931337560455
-1045.1931337560516
-1379.593133756053
-55.393133756068366
906.8068662439257
477.4068662439263
1112.6068662439377
-1379.5931337560876
-969.3931337560664
761.2068662439399
579.206866243949
288.8068662439405
-459.39313375605997
2011.8068662439537
2196.6068662439607
781.4068662439431
613.0068662439377
148.60686624393952
