-108.880622336665
405.11937766333693
-975.0806223366542
-920.4806223366609
-663.6806223366708
-996.8806223366604
-1296.280622336666
-1137.2806223366663
-1618.0806223366594
-853.080622336672
-1339.8806223366562
-372.2806223366553
-420.2806223366692
-624.2806223366616
-153.8806223366604
60.11937766334237
-161.4806223366645
-469.2806223366617
-503.2806223366674
-83.6806223366608
-639.8806223366649
-1485.0806223366521
-438.6806223366698
-657.6806223366607
-1995.680622336677
-950.8806223366649
-1072.0806223366808
-975.880622336658
-623.8806223366724
-375.4806223366586
-1436.8806223366682
-329.28062233666856
-625.8806223366629
-736.8806223366588
-698.2806223366666
-931.6806223366592
-126.08062233666786
-655.0806223366575
398.519377663339
113.7193776633383
-1200.4806223366688
-199.28062233666108
524.7193776633375
-310.4806223366679
-839.2806223366624
-757.4806223366573
-710.8806223366615
-1084.080622336658
-929.4806223366636
-195.48062233666613
702.119377663338
1150.7193776633237
1106.7193776633435
-18.080622336664298
1121.119377663338
994.5193776633394
510.5193776633341
721.3193776633393
226.71937766334477
-227.48062233665826
343.1193776633359
922.3193776633343
-362.08062233665584
309.3193776633356
-887.6806223366593
-836.280622336663
-1079.6806223366661
-736.8806223366727
-698.2806223366625
-1113.0806223366512
7.319377663336972
247.5193776633412
-1802.080622336664
-199.8806223366584
1357.9193776633326
912.3193776633383
162.51937766333265
416.5193776633293
1491.7193776633353
254.11937766333415
729.3193776633366
694.3193776633307
1543.9193776633356
1660.1193776633486
1562.1193776633354
863.7193776633427
847.1193776633344
353.71937766333593
-123.08062233666627
227.71937766333699
448.31937766333806
-529.6806223366661
-748.4806223366627
143.31937766333604
-954.0806223366701
-1758.8806223366814
-1766.280622336654
999.5193776633428
98.31937766333523
-652.0806223366687
-645.8806223366595
-1206.480622336661
-1178.2806223366654
-800.8806223366616
-1207.8806223366562
-474.6806223366642
-155.6806223366698
180.51937766333376
827.5193776633411
1212.1193776633243
943.1193776633315
-172.08062233666354
135.11937766334057
-356.6806223366587
393.3193776633397
-725.6806223366635
96.11937766333838
896.9193776633357
162.71937766333667
679.719377663327
796.5193776633258
731.5193776633345
753.9193776633356
408.7193776633378
-562.280622336656
-474.6806223366712
-927.6806223366609
-1715.0806223366794
-1419.480622336677
906.919377663341
275.11937766333756
-540.6806223366641
-353.08062233666567
-33.68062233666757
-696.2806223366675
-415.68062233666205
607.3193776633384
-321.0806223366594
7.519377663340812
-240.08062233666544
1986.5193776633366
2003.7193776633237
875.3193776633494
487.3193776633304
1421.3193776633232
542.5193776633466
875.9193776633261
150.9193776633358
503.11937766333693
748.9193776633382
-365.28062233667185
-73.88062233666486
-585.4806223366726
-506.88062233666244
20.319377663335203
15.319377663335906
-333.0806223366561
390.71937766333537
-97.28062233666597
-858.8806223366593
-424.8806223366712
1067.9193776633429
337.7193776633362
-72.68062233666542
-140.28062233666358
-225.88062233666273
-117.68062233666421
-593.0806223366624
174.91937766333768
115.51937766333458
150.11937766333966
-99.6806223366645
871.5193776633461
-900.4806223366654
-380.0806223366656
-347.68062233666114
538.7193776633267
1007.1193776633297
81.11937766333682
-487.48062233666394
129.5193776633372
-355.8806223366647
-1391.8806223366396
-192.0806223366609
-1160.2806223366686
-923.6806223366639
-1217.6806223366461
-2137.0806223366403
-887.8806223366564
-497.8806223366563
-1196.880622336668
-1062.6806223366636
-1077.8806223366685
-496.8806223366654
130.31937766333684
599.919377663338
-890.4806223366601
-845.0806223366704
712.3193776633404
-284.68062233666063
-1092.6806223366689
328.3193776633369
589.7193776633462
-182.6806223366653
569.719377663336
-336.08062233666175
15.919377663335638
-445.8806223366652
832.7193776633405
358.31937766333414
-258.0806223366629
140.91937766334055
904.9193776633364
997.719377663337
-188.48062233666454
466.11937766333625
199.31937766333684
297.3193776633356
561.11937766333
-1134.2806223366606
-284.2806223366637
-362.2806223366654
-1293.8806223366632
76.91937766333741
10.319377663334105
-464.2806223366656
229.3193776633362
-582.0806223366676
-992.6806223366566
-640.8806223366681
-241.6806223366624
121.31937766333462
-1375.0806223366585
-125.0806223366631
-1144.680622336664
-1452.680622336666
-1062.4806223366609
-1003.8806223366628
-992.6806223366648
-1130.6806223366737
132.71937766333696
-35.480622336665405
408.9193776633397
-831.0806223366648
19.919377663335982
264.7193776633372
457.31937766334306
912.5193776633286
615.5193776633439
-464.48062233666775
-644.2806223366675
-927.2806223366682
-462.88062233666375
249.11937766333648
-867.080622336663
-78.08062233666492
56.71937766333126
-1145.0806223366687
-478.28062233665855
-348.2806223366664
93.1193776633356
-762.0806223366689
-587.2806223366679
133.31937766334335
-806.8806223366665
-853.8806223366665
-1608.8806223366664
-850.080622336663
-436.8806223366649
756.3193776633404
1945.3193776633254
707.3193776633306
281.1193776633325
777.1193776633288
71.31937766333596
-628.8806223366618
798.7193776633377
360.71937766333804
952.9193776633435
365.3193776633289
106.91937766333709
290.1193776633358
-370.6806223366674
543.119377663331
163.71937766333915
-563.8806223366558
-934.2806223366604
381.11937766333557
-965.8806223366623
91.51937766333617
-130.88062233666318
-921.28062233667
-894.8806223366629
-1881.2806223366576
-179.48062233666127
102.71937766333332
152.31937766333687
-335.8806223366637
-1625.2806223366579
-596.8806223366611
1374.5193776633255
1670.5193776633369
2448.119377663348
2346.7193776633444
727.9193776633249
1393.1193776633365
-496.68062233666046
-851.0806223366604
670.9193776633399
-143.88062233666224
492.1193776633463
751.3193776633327
-128.28062233666392
907.9193776633288
326.1193776633351
329.9193776633348
-127.8806223366696
-193.4806223366634
69.71937766333116
1104.1193776633334
-739.2806223366674
1901.9193776633351
534.9193776633404
-726.2806223366673
-432.88062233666426
-1106.2806223366663
1176.1193776633388
983.7193776633368
693.3193776633384
786.3193776633311
-1142.4806223366675
-233.6806223366609
20.11937766333396
-268.68062233666546
648.7193776633383
794.3193776633467
133.91937766333544
207.11937766333898
-57.4806223366624
-346.0806223366635
397.3193776633378
-997.4806223366535
66.9193776633344
1058.7193776633508
-256.0806223366641
768.1193776633409
504.7193776633382
-357.8806223366652
-499.08062233666675
441.5193776633366
-272.68062233666694
246.5193776633341
-546.4806223366636
1136.31937766334
345.1193776633322
438.11937766333887
70.11937766333455
-264.4806223366626
523.9193776633377
1452.9193776633526
-448.680622336669
-162.08062233666155
213.3193776633378
678.3193776633368
-762.280622336664
-892.4806223366625
-991.480622336667
-783.8806223366696
444.7193776633366
33.31937766333694
3.9193776633356805
-452.08062233667306
-383.68062233666245
-1134.280622336662
-741.4806223366688
-471.2806223366623
-784.0806223366674
201.71937766333772
199.719377663338
-515.4806223366617
-207.8806223366647
-1222.4806223366832
-1073.8806223366648
-400.2806223366622
372.5193776633361
328.7193776633379
-397.4806223366636
106.71937766333262
63.11937766333279
-55.080622336666345
-192.8806223366592
682.1193776633357
-965.4806223366587
129.5193776633352
-510.2806223366583
-594.0806223366603
-566.0806223366621
-829.2806223366681
-1604.6806223366546
-1479.8806223366714
-646.0806223366653
-200.48062233666775
-585.88062233666
111.91937766333852
255.51937766333896
-482.08062233667044
203.51937766333918
273.5193776633391
-247.2806223366671
267.5193776633377
984.1193776633456
103.3193776633334
462.9193776633351
279.9193776633382
1400.7193776633399
85.51937766333458
-802.2806223366596
-684.0806223366642
-68.28062233666078
-752.4806223366678
-30.680622336667582
-443.08062233666294
542.119377663342
395.11937766333944
-556.2806223366606
266.11937766334137
-1411.8806223366637
-275.08062233665885
-279.8806223366667
-516.2806223366578
-391.48062233666076
-183.28062233666586
-149.28062233666523
611.1193776633354
185.91937766333348
-432.68062233666603
614.5193776633358
232.319377663336
250.9193776633399
-208.48062233666042
-325.0806223366592
912.5193776633326
478.71937766333826
212.71937766333707
-248.08062233666502
1169.5193776633348
1370.1193776633356
408.31937766333687
-588.2806223366623
-1436.680622336666
-0.0806223366628096
-440.6806223366608
-487.6806223366658
-523.0806223366698
193.51937766333538
-602.8806223366706
-699.4806223366616
-367.08062233666055
-1091.4806223366636
-863.4806223366668
-85.28062233666421
101.31937766332909
337.91937766333825
118.71937766334004
207.71937766333986
265.7193776633348
859.7193776633392
337.1193776633348
772.919377663343
-510.2806223366637
-317.48062233666326
-479.4806223366589
-145.28062233664784
1100.519377663343
-203.4806223366607
413.9193776633362
307.7193776633389
371.71937766333457
637.9193776633354
650.9193776633366
-492.28062233665935
-1459.4806223366747
486.31937766332675
1037.7193776633342
1249.119377663341
-864.0806223366733
-1521.28062233665
-778.6806223366634
-44.88062233666342
252.919377663337
93.11937766333807
-786.2806223366734
220.71937766333693
1310.319377663333
-555.6806223366642
-384.4806223366628
193.1193776633381
-741.6806223366642
710.7193776633331
151.719377663336
-456.48062233666
-1549.0806223366592
-441.8806223366682
-688.280622336665
449.9193776633379
1931.3193776633325
759.7193776633377
441.5193776633359
274.3193776633352
-104.48062233666627
279.31937766333425
421.51937766333924
-1637.4806223366534
-2495.6806223366407
1099.9193776633279
1082.9193776633351
1076.3193776633382
-196.4806223366623
-1975.880622336659
-164.4806223366646
-414.08062233667187
312.71937766333906
176.11937766333529
-88.48062233666465
834.7193776633261
1500.1193776633397
-631.2806223366666
319.31937766333317
757.9193776633365
-342.0806223366645
584.7193776633343
678.7193776633295
1499.5193776633325
-27.680622336663056
-231.4806223366667
-750.8806223366622
-17.880622336661418
578.3193776633465
565.3193776633309
1120.9193776633495
258.7193776633409
-459.0806223366644
694.9193776633274
1066.1193776633222
-1019.2806223366557
-386.68062233665574
1737.7193776633228
446.11937766332716
-537.4806223366701
408.5193776633343
-461.0806223366601
450.71937766333565
-933.4806223366631
1340.9193776633329
852.7193776633347
-174.48062233666482
982.9193776633336
1030.5193776633332
694.5193776633575
967.9193776633468
1197.7193776633242
313.31937766334335
1128.1193776633384
1433.3193776633443
3367.119377663357
524.3193776633334
481.51937766332753
-854.6806223366682
-210.48062233666187
2.51937766332248
583.7193776633278
328.9193776633301
587.319377663332
-734.080622336663
898.5193776633203
1050.5193776633548
-8.880622336662784
1376.919377663327
2462.5193776633337
1041.719377663323
939.7193776633382
934.7193776633417
-440.8806223366687
293.51937766333486
-394.08062233666345
193.9193776633387
164.31937766333837
-652.0806223366592
223.51937766334396
1407.7193776633499
1323.9193776633454
617.1193776633309
1250.71937766334
-409.8806223366617
568.9193776633375
402.5193776633335
761.919377663333
-487.48062233666343
1022.9193776633277
921.5193776633295
284.11937766333847
624.1193776633341
1590.1193776633386
-1043.2806223366604
366.71937766333815
-685.6806223366643
419.91937766334013
2122.519377663322
1410.7193776633324
1209.1193776633322
853.519377663335
1010.7193776633384
-454.48062233666195
103.11937766333814
-18.080622336658195
228.91937766334377
994.7193776633242
1446.319377663311
1110.7193776633358
763.9193776633397
-989.0806223366641
-118.08062233666462
199.3193776633394
695.9193776633399
640.11937766334
-52.08062233666311
1065.5193776633332
91.11937766333963
554.7193776633356
-1084.280622336658
-108.6806223366597
52.91937766333499
-1304.2806223366763
-1617.680622336664
321.9193776633429
-628.4806223366643
-423.08062233667033
-265.48062233666434
1190.9193776633251
2237.5193776633214
754.119377663336
916.1193776633339
-208.080622336666
1781.3193776633348
642.7193776633354
1187.7193776633371
100.71937766333751
582.7193776633368
169.11937766333517
1193.7193776633342
756.9193776633311
678.719377663331
-1223.8806223366769
153.11937766334017
687.719377663335
603.7193776633394
674.9193776633326
-580.0806223366603
-148.28062233666554
231.91937766334078
12.319377663330117
-238.4806223366686
574.7193776633419
-327.4806223366628
-791.0806223366587
-884.2806223366591
190.5193776633345
-414.2806223366644
-858.8806223366591
-45.88062233665959
1159.1193776633415
2441.7193776633276
679.1193776633365
519.919377663335
-598.0806223366625
1684.5193776633525
1367.5193776633403
637.5193776633338
-1493.0806223366646
-144.08062233666715
-1052.2806223366472
-113.68062233666124
631.7193776633435
-2261.6806223366516
-1891.680622336649
-363.8806223366686
1115.5193776633353
1674.919377663349
503.91937766333507
-931.2806223366633
175.71937766334014
-444.2806223366645
-1639.680622336686
-908.2806223366623
-32.48062233666349
-424.280622336664
-1318.0806223366785
-216.08062233666524
517.9193776633297
-86.28062233666628
-2273.4806223366977
-1640.8806223366691
-473.8806223366648
1796.319377663359
1257.3193776633386
916.3193776633306
280.3193776633398
-9.480622336665132
346.7193776633318
-193.4806223366624
-1390.4806223366736
549.7193776633383
-1250.4806223366684
-1041.48062233667
1499.3193776633466
-461.6806223366607
-481.68062233666814
-1029.4806223366636
-1665.0806223366526
583.1193776633329
613.7193776633368
-1015.2806223366546
-1091.0806223366671
-973.4806223366688
-416.08062233666027
-925.8806223366645
-380.680622336664
440.5193776633398
-545.8806223366596
-291.08062233666027
-317.28062233665963
-1219.6806223366768
-1964.680622336643
-598.8806223366697
-1133.0806223366787
1838.9193776633533
1463.1193776633386
1254.9193776633595
1274.919377663349
665.9193776633416
-268.6806223366659
-408.88062233666665
-550.0806223366659
531.3193776633404
-112.88062233666356
-805.8806223366661
1574.319377663339
1318.1193776633456
-329.8806223366652
-805.6806223366681
-1107.6806223366673
-101.68062233665981
300.5193776633345
610.5193776633379
1297.1193776633443
1231.91937766334
114.11937766332977
-154.280622336662
-244.08062233667138
-682.6806223366669
-326.48062233666184
-172.6806223366617
-1267.0806223366787
-1983.680622336672
-148.4806223366658
86.71937766333528
-681.4806223366679
1697.7193776633435
2340.1193776633445
1755.3193776633427
2074.5193776633337
1677.5193776633355
617.7193776633366
-552.8806223366619
-489.68062233666546
-285.0806223366692
234.51937766334
-707.4806223366684
-680.2806223366582
344.1193776633336
235.51937766333563
-294.0806223366692
-731.480622336661
-964.2806223366562
-443.08062233665896
139.51937766333972
542.9193776633393
367.31937766333715
-252.68062233666046
366.7193776633346
675.7193776633358
-719.4806223366646
801.1193776633365
4.1193776633391455
-1477.2806223366726
-699.0806223366588
588.5193776633415
-17.880622336663723
189.91937766332956
1492.9193776633342
1918.3193776633414
1494.9193776633456
1438.3193776633445
1134.1193776633465
591.9193776633285
-458.0806223366631
-1041.0806223366592
-1476.6806223366682
-900.4806223366569
-906.6806223366683
-995.6806223366615
-197.08062233665706
-361.68062233665654
-514.4806223366701
-1246.6806223366702
-608.4806223366662
578.5193776633395
493.9193776633287
692.3193776633389
322.11937766333745
551.5193776633372
722.519377663335
1233.9193776633365
134.5193776633397
191.91937766333825
35.11937766334202
-6.880622336663959
-154.4806223366655
-38.080622336662934
508.9193776633334
1246.9193776633426
1157.5193776633298
348.7193776633404
1687.719377663317
1240.7193776633683
1078.1193776633436
929.9193776633376
479.5193776633374
-286.48062233666394
-741.2806223366557
-579.4806223366625
-313.0806223366662
-803.880622336661
-397.08062233665646
-1369.2806223366554
-1261.880622336655
-940.080622336676
-654.2806223366666
299.1193776633337
198.71937766333636
672.9193776633393
-104.08062233666271
-415.68062233666654
763.5193776633346
143.11937766333833
-884.4806223366672
-281.88062233665414
605.7193776633378
981.7193776633404
-185.8806223366644
-591.0806223366698
386.31937766333664
2330.919377663319
1585.5193776633273
971.3193776633251
2191.719377663348
676.5193776633431
-28.08062233666419
-604.2806223366649
-351.88062233666386
753.5193776633361
-167.28062233666097
-963.0806223366728
-625.6806223366625
-145.68062233666217
765.3193776633418
-892.8806223366712
-979.8806223366712
-1147.080622336672
-216.68062233666393
29.91937766333896
-98.48062233666298
865.1193776633329
588.7193776633356
204.7193776633386
741.3193776633378
-156.0806223366599
-263.08062233667135
-335.0806223366641
-201.2806223366625
135.9193776633345
545.1193776633389
665.919377663334
360.91937766333905
2671.9193776633497
2171.519377663342
1853.7193776633364
3064.51937766337
815.9193776633331
-1070.4806223366672
-805.8806223366682
-291.88062233666847
540.7193776633397
-463.6806223366683
-92.2806223366581
-691.0806223366601
-952.880622336652
7.11937766333503
-1468.480622336662
-1397.4806223366718
-1818.4806223366586
-841.680622336671
-729.0806223366632
-947.4806223366644
88.51937766333577
945.5193776633424
-525.080622336653
-305.6806223366677
-642.880622336655
1121.9193776633324
876.9193776633374
-1196.8806223366557
-1162.6806223366764
249.31937766333635
420.3193776633399
-595.6806223366652
1511.719377663333
1722.7193776633292
2574.3193776633257
2387.519377663311
979.3193776633332
-688.6806223366644
-311.08062233666567
-410.880622336664
-913.6806223366588
-427.280622336662
-143.2806223366561
-603.2806223366721
-866.8806223366686
514.1193776633369
1019.7193776633317
355.71937766333645
-375.6806223366674
-380.88062233667097
108.71937766333812
-113.48062233666312
243.5193776633368
958.9193776633406
-1235.680622336641
-194.4806223366636
-473.48062233666366
1231.3193776633345
1053.1193776633436
-585.2806223366584
-552.2806223366633
62.119377663337914
483.11937766333835
-532.4806223366605
-124.4806223366611
657.9193776633336
1602.9193776633338
1832.11937766333
675.7193776633294
-187.68062233666595
-376.680622336665
447.7193776633345
514.919377663342
50.51937766333746
-1014.480622336658
-2038.2806223366604
-1663.4806223366631
-367.4806223366625
-256.88062233666045
-886.6806223366584
-1527.480622336669
-809.4806223366594
-284.4806223366593
-304.2806223366624
-356.2806223366603
234.51937766333188
-629.4806223366534
-1098.0806223366724
-603.2806223366641
-348.0806223366649
-1437.4806223366593
-823.8806223366604
-365.28062233666554
-634.480622336663
161.519377663336
474.719377663329
439.1193776633397
29.91937766333581
636.119377663348
1619.1193776633188
-305.4806223366566
-611.8806223366594
-384.0806223366536
613.5193776633288
651.9193776633348
483.71937766333104
-157.8806223366617
-980.6806223366588
-786.6806223366669
-119.08062233666332
608.1193776633362
575.3193776633243
613.3193776633261
1704.7193776633526
1646.1193776633238
828.7193776633245
368.5193776633441
962.1193776633345
1254.3193776633361
764.7193776633268
1205.519377663329
1141.5193776633357
128.9193776633373
703.1193776633396
918.3193776633238
770.9193776633256
1148.319377663339
1184.3193776633427
949.1193776633443
883.3193776633459
880.1193776633479
1302.3193776633282
9.119377663336195
236.51937766334294
542.9193776633463
-263.08062233666357
-654.2806223366645
-95.48062233666398
-262.68062233666103
785.5193776633449
311.5193776633416
819.1193776633366
411.1193776633366
-2.680622336664463
892.1193776633409
1046.919377663335
807.519377663331
461.71937766333787
438.3193776633324
806.5193776633299
575.9193776633381
-390.2806223366606
705.3193776633354
510.5193776633316
-1080.2806223366672
-427.48062233666366
-870.6806223366689
-615.4806223366598
144.5193776633389
722.919377663334
-195.0806223366655
939.119377663332
589.3193776633391
-48.88062233666444
310.51937766334134
482.91937766333496
1302.5193776633334
184.9193776633374
874.3193776633211
1020.5193776633306
-116.68062233666515
386.1193776633328
1038.319377663337
114.51937766333535
-840.0806223366538
-635.4806223366642
202.71937766333428
-416.8806223366659
-569.6806223366658
-97.0806223366645
682.319377663337
849.3193776633392
943.7193776633382
-374.48062233666496
906.5193776633342
985.5193776633306
363.519377663339
651.3193776633362
203.71937766333596
-51.280622336665
1056.7193776633394
1835.3193776633386
889.3193776633245
1633.1193776633265
338.919377663337
-565.080622336667
-294.08062233666305
823.5193776633411
1090.5193776633303
285.919377663338
887.3193776633377
1311.919377663333
-763.0806223366661
-64.08062233666413
1061.3193776633336
281.9193776633379
-773.2806223366673
-91.88062233666147
1806.9193776633335
-22.680622336666232
97.91937766333689
-176.08062233666573
581.9193776633394
571.3193776633382
269.91937766333774
-535.4806223366553
210.11937766333307
124.31937766333607
-512.8806223366653
-320.8806223366652
145.31937766333664
-148.68062233666274
20.119377663336753
1026.9193776633256
129.71937766333866
-456.8806223366616
-591.4806223366691
1036.3193776633457
178.11937766334162
234.31937766333698
559.3193776633426
-265.8806223366669
-189.48062233666454
482.319377663334
178.71937766333545
-107.0806223366561
-496.6806223366789
-679.6806223366607
-470.8806223366648
165.7193776633356
739.7193776633375
-609.2806223366632
-830.0806223366709
-1458.2806223366683
-706.6806223366624
-1973.480622336658
-1158.4806223366859
-164.88062233666614
191.31937766333414
1162.9193776633506
1061.3193776633261
730.7193776633359
771.3193776633335
1092.91937766333
182.11937766333585
531.31937766334
121.91937766333194
-473.68062233666143
-188.88062233666255
677.9193776633402
-435.6806223366632
-721.2806223366665
73.51937766333849
257.11937766333523
-42.280622336660855
562.319377663327
1702.5193776633437
372.9193776633383
14.119377663337293
-723.6806223366688
1125.7193776633342
1281.7193776633399
652.9193776633359
302.11937766333784
659.9193776633372
10.919377663338281
478.9193776633372
-331.2806223366682
-51.48062233667238
380.719377663336
218.91937766333365
779.7193776633421
132.91937766333598
511.91937766333666
829.1193776633344
1184.5193776633437
582.11937766334
1127.1193776633431
900.9193776633391
237.71937766333517
767.5193776633381
1207.519377663332
69.71937766333745
-230.68062233666487
265.119377663336
75.11937766333392
49.519377663341004
-230.28062233666003
836.719377663332
658.3193776633393
618.7193776633387
-252.4806223366662
646.5193776633364
-750.4806223366634
-385.28062233666367
-396.0806223366661
19.91937766333566
746.1193776633364
-71.68062233666264
-637.2806223366587
-78.48062233666198
-924.8806223366661
-1328.8806223366528
604.9193776633385
-223.88062233666665
360.1193776633386
104.71937766333798
-354.08062233666266
647.3193776633362
765.7193776633385
253.71937766333636
329.3193776633397
102.51937766333481
306.919377663334
484.3193776633392
665.1193776633299
-79.28062233666421
-267.2806223366639
582.5193776633313
-806.8806223366627
-949.8806223366587
394.11937766333864
758.9193776633288
-144.68062233666674
791.5193776633361
-194.88062233666867
-105.6806223366616
-568.68062233666
272.3193776633361
-11.680622336663497
-724.4806223366654
-535.6806223366614
579.7193776633388
160.91937766333604
-528.4806223366672
1146.3193776633402
915.5193776633363
1128.1193776633431
1685.5193776633184
622.1193776633402
1507.1193776633384
1419.9193776633408
194.11937766334043
961.5193776633379
902.5193776633337
482.7193776633363
615.9193776633371
-61.08062233666309
473.5193776633467
332.51937766333816
-284.280622336667
-583.2806223366604
-963.480622336661
594.1193776633369
-217.48062233666408
-269.68062233666546
190.31937766333567
-824.8806223366738
-1315.2806223366542
-1082.4806223366625
-233.48062233666556
-301.28062233666657
-276.0806223366646
-1839.2806223366558
-591.4806223366667
-1107.4806223366554
-378.48062233666514
1359.919377663334
1233.3193776633289
615.119377663341
621.9193776633361
-81.48062233666141
730.119377663335
1762.119377663319
61.31937766333698
372.3193776633383
904.3193776633418
-657.2806223366599
-54.88062233666368
559.3193776633387
1624.1193776633365
-218.48062233666306
-797.6806223366651
-346.68062233666416
-224.8806223366624
68.91937766333766
340.31937766334244
324.11937766333665
-204.48062233666562
-949.8806223366622
-146.88062233666523
-577.0806223366653
-991.0806223366625
30.91937766333797
-912.4806223366713
-1765.0806223366642
175.31937766333573
-315.68062233666643
231.71937766333824
491.11937766333216
230.91937766333626
677.7193776633355
148.91937766333388
871.3193776633387
1021.7193776633314
384.51937766333367
-740.0806223366618
343.5193776633349
-12.280622336664191
80.71937766333625
-100.48062233666322
-107.28062233666597
-38.68062233666276
-2093.480622336672
-1670.080622336668
-1090.0806223366637
-102.28062233666417
-359.68062233665927
-479.6806223366719
-269.68062233665916
786.7193776633395
-576.280622336667
-252.0806223366627
409.71937766333826
-1048.080622336673
308.5193776633378
-1258.4806223366622
-1560.8806223366803
263.7193776633339
-70.88062233666685
38.91937766333354
149.31937766333257
-674.6806223366627
434.3193776633389
68.11937766333574
637.5193776633366
948.5193776633402
577.1193776633341
38.919377663337485
885.3193776633362
-202.08062233666664
1538.319377663347
505.71937766332434
-131.4806223366593
188.51937766333654
-1091.8806223366594
-67.28062233666343
-254.4806223366646
349.7193776633361
816.1193776633312
-224.4806223366633
94.71937766333585
138.719377663339
-526.4806223366714
-221.4806223366692
392.11937766333455
-244.28062233666466
105.31937766333755
46.919377663340825
278.51937766333583
1397.9193776633274
-200.88062233666437
180.11937766333102
942.7193776633368
187.91937766333177
1020.3193776633406
601.9193776633361
75.31937766333658
805.3193776633391
1191.1193776633322
25.51937766333722
869.919377663325
411.3193776633382
261.5193776633351
-123.08062233666291
238.11937766334205
604.5193776633338
231.91937766334036
41.519377663335185
463.11937766333614
-467.48062233666053
558.7193776633385
630.119377663336
760.5193776633422
205.51937766333486
446.9193776633367
133.51937766333657
373.1193776633301
869.5193776633341
-168.88062233666162
-97.88062233666167
359.1193776633388
617.7193776633221
-310.48062233666354
-130.080622336666
79.9193776633409
344.7193776633392
1165.5193776633441
827.1193776633392
-282.480622336659
679.3193776633317
-969.0806223366667
-1359.4806223366593
-284.48062233666263
646.9193776633392
-555.2806223366538
-764.8806223366597
-549.680622336664
140.91937766333777
209.51937766334123
-426.880622336663
214.31937766334076
-723.4806223366481
919.9193776633402
492.51937766333754
282.91937766333547
777.5193776633394
674.1193776633351
-86.2806223366631
465.3193776633307
625.5193776633332
80.7193776633346
-829.8806223366613
810.7193776633328
986.9193776633407
-44.08062233666494
337.91937766333706
675.7193776633326
679.5193776633388
683.7193776633333
989.9193776633325
-84.88062233666327
744.7193776633353
152.31937766333732
622.9193776633322
-177.88062233666366
-1141.4806223366716
-1108.6806223366614
-63.280622336660414
-1468.4806223366593
-446.0806223366585
-120.68062233666774
700.7193776633409
541.5193776633367
-248.08062233666914
1132.719377663333
-52.68062233666504
608.3193776633381
625.5193776633381
285.1193776633356
260.31937766333743
407.5193776633375
-149.48062233666613
285.1193776633329
-755.0806223366689
-387.2806223366636
1437.3193776633343
716.9193776633392
-277.6806223366611
-772.2806223366696
-218.48062233666482
218.9193776633363
-624.6806223366623
-345.88062233666363
-770.0806223366635
492.31937766333465
-166.08062233666672
-587.8806223366649
-1108.2806223366601
-2244.6806223366734
-277.0806223366571
-1186.68062233668
-623.0806223366596
31.9193776633388
777.5193776633442
74.7193776633357
-224.48062233666587
258.5193776633402
-550.880622336663
-653.080622336664
265.9193776633366
42.31937766333823
300.91937766333683
-125.88062233666543
-437.0806223366625
-80.08062233666422
206.31937766333584
219.5193776633351
1730.919377663317
716.7193776633275
81.11937766333628
-821.4806223366645
-461.6806223366663
-294.08062233666067
-1681.2806223366665
-56.68062233666279
-558.0806223366659
-970.0806223366636
-1122.880622336661
-658.6806223366593
-1172.0806223366812
-2819.6806223366943
-360.88062233666574
227.71937766334176
1025.9193776633322
-562.4806223366609
-428.88062233666466
420.1193776633375
806.1193776633304
535.5193776633369
386.71937766333883
100.71937766333795
868.1193776633386
1267.7193776633426
-670.2806223366623
-702.6806223366639
-388.680622336665
-505.2806223366666
410.1193776633352
-724.6806223366735
-782.8806223366624
-449.88062233666693
851.5193776633263
-337.88062233666096
288.11937766333807
838.1193776633445
-766.4806223366703
47.11937766333722
42.11937766333596
-1313.4806223366586
-1502.8806223366746
-480.08062233667437
-2081.2806223366633
-3597.880622336678
379.3193776633391
496.5193776633303
201.11937766333583
-244.68062233665717
-943.8806223366686
1040.719377663338
408.31937766333846
-288.68062233666546
-606.0806223366635
327.9193776633356
1232.5193776633353
1287.5193776633428
-848.2806223366754
425.3193776633401
260.51937766333583
-798.8806223366529
-543.8806223366603
-1285.0806223366594
-421.48062233666394
-87.28062233666694
776.3193776633386
-656.0806223366665
-766.4806223366629
-931.880622336668
-1055.2806223366517
389.9193776633418
108.31937766333631
-1320.4806223366606
-1339.6806223366648
-83.0806223366665
-1299.2806223366488
-2453.880622336667
-236.2806223366631
-715.6806223366618
-1702.0806223366633
-294.48062233666485
-159.68062233666294
1178.319377663325
-820.4806223366562
-367.68062233666444
-983.0806223366775
-1030.880622336676
-135.88062233666238
-915.2806223366629
-453.08062233666254
432.11937766334034
657.7193776633416
-149.8806223366636
205.31937766333215
-10.080622336661406
1464.5193776633319
-651.4806223366625
346.1193776633326
-1465.880622336666
-1404.480622336665
-1313.4806223366732
-755.8806223366652
-40.880622336662626
942.1193776633371
-966.4806223366643
-765.6806223366633
355.1193776633364
-443.48062233665866
-909.0806223366632
222.71937766333815
-689.8806223366546
-367.68062233666694
70.31937766333951
-701.8806223366537
-216.8806223366602
-1487.880622336663
-1448.8806223366641
-1464.2806223366695
-1412.0806223366583
-834.4806223366604
-741.0806223366621
210.51937766333793
-500.08062233666186
398.1193776633353
-483.280622336662
214.9193776633379
-456.2806223366717
-262.08062233666686
-1500.6806223366627
69.51937766334015
-188.48062233666425
-847.4806223366813
-314.2806223366622
402.9193776633347
-1100.080622336669
589.1193776633329
-783.480622336659
-621.0806223366645
1322.1193776633338
-79.48062233667157
-132.2806223366659
-927.0806223366792
-815.0806223366721
-2003.4806223366602
-1072.6806223366593
-628.6806223366693
-494.4806223366668
-505.48062233666064
-95.88062233666278
-18.08062233666338
462.71937766333866
-1025.0806223366721
-349.6806223366604
-71.28062233665905
-581.0806223366678
-679.0806223366619
-156.4806223366653
408.11937766333887
-672.6806223366483
643.9193776633399
-829.2806223366606
-581.280622336664
-211.28062233666196
-1192.4806223366527
-1784.0806223366546
53.519377663335625
-248.88062233666244
-977.2806223366555
-323.6806223366662
-61.6806223366618
261.7193776633386
-1653.880622336664
761.1193776633352
-977.0806223366704
596.119377663337
-745.8806223366765
45.3193776633341
-570.2806223366678
-285.28062233666947
-1113.680622336681
-835.4806223366678
-752.4806223366661
413.11937766333136
-1132.8806223366757
424.3193776633393
580.1193776633377
-161.48062233665502
-481.2806223366645
-324.2806223366624
-630.0806223366691
-406.2806223366548
988.7193776633362
326.1193776633357
697.1193776633357
-561.4806223366587
-878.8806223366583
-971.0806223366596
304.5193776633406
2.9193776633366824
-1214.0806223366544
-131.88062233666778
-93.08062233666641
184.51937766333756
-1737.680622336652
635.7193776633347
-1127.4806223366688
564.1193776633388
284.11937766333904
59.91937766334205
-1497.8806223366598
-249.28062233666785
-1364.4806223366631
-1640.8806223366676
-856.4806223366634
-2319.8806223366546
-1629.8806223366635
-65.48062233665775
738.9193776633391
450.51937766333725
-806.6806223366593
-1205.6806223366693
-684.0806223366621
-1113.8806223366714
-839.2806223366756
-624.2806223366549
-219.68062233666254
-986.6806223366609
-1574.0806223366685
-362.2806223366629
963.5193776633387
798.1193776633329
-1759.6806223366768
-1016.4806223366597
-1014.2806223366622
10.719377663334782
-1073.0806223366662
335.71937766333093
-788.2806223366606
-1264.8806223366687
-60.88062233666767
243.31937766333894
-638.0806223366529
1008.1193776633312
-987.0806223366665
-1701.280622336658
585.319377663333
-418.28062233666105
-133.8806223366626
-322.0806223366692
-1168.2806223366547
-125.28062233666569
-536.4806223366595
-1343.2806223366615
-1512.0806223366326
-1430.4806223366693
273.1193776633308
-175.08062233667033
-458.0806223366727
365.51937766334106
-462.6806223366728
-478.68062233665916
195.91937766333697
-418.68062233666376
-1245.2806223366729
-46.880622336662164
-1231.8806223366691
100.5193776633366
-1412.2806223366658
-190.4806223366629
-321.68062233666103
-890.2806223366695
-546.880622336652
9.719377663333873
-284.68062233666467
265.3193776633354
-511.2806223366655
-1343.8806223366673
915.1193776633423
869.519377663331
-384.4806223366643
-504.2806223366625
-721.0806223366648
-301.28062233666617
-396.88062233666705
223.51937766333154
1184.1193776633334
998.919377663337
52.319377663343936
60.11937766333432
-401.4806223366649
-587.0806223366665
-382.68062233666353
-131.6806223366618
-331.88062233666363
-1599.280622336661
-118.68062233666389
-225.88062233666523
-1120.0806223366576
5.9193776633364905
-628.6806223366506
-118.48062233666514
517.1193776633429
33.119377663339975
447.91937766333643
-66.08062233666516
-267.4806223366687
-820.4806223366653
16.51937766334307
-460.280622336661
-549.88062233666
234.51937766333455
196.11937766333577
46.51937766334006
-240.2806223366617
-486.88062233666324
-225.28062233667308
-291.0806223366526
563.7193776633333
786.1193776633389
-21.080622336658465
453.31937766333965
505.9193776633335
-885.8806223366655
-36.880622336665006
-1136.0806223366835
-1911.680622336672
-1184.6806223366725
408.1193776633345
36.11937766333096
-324.680622336665
-175.88062233666184
-751.2806223366678
-494.6806223366639
21.919377663339052
19.51937766333466
639.1193776633387
382.7193776633381
-310.28062233667026
-1865.0806223366817
-1110.0806223366556
-536.8806223366704
-847.2806223366618
-304.48062233666457
-126.48062233666518
403.51937766332924
-48.88062233666206
391.3193776633374
167.9193776633364
-617.4806223366663
139.51937766333154
245.51937766332554
249.91937766333032
-84.2806223366565
408.3193776633334
-530.48062233667
-1063.6806223366677
-1504.6806223366746
-877.6806223366655
-821.2806223366609
-36.68062233666472
222.51937766333782
135.51937766333467
-330.28062233666213
-1299.680622336663
-189.0806223366627
96.31937766333252
335.7193776633387
1083.5193776633412
1069.9193776633274
274.3193776633374
-959.8806223366571
-751.4806223366737
39.91937766333038
-804.8806223366616
-497.8806223366683
-927.6806223366485
-207.48062233665564
38.91937766333709
-93.2806223366639
-79.48062233666121
-865.0806223366769
-239.28062233666427
-631.680622336668
-1274.28062233668
-576.8806223366552
-919.0806223366692
-1224.2806223366615
-284.8806223366594
378.1193776633301
801.3193776633385
-652.6806223366644
-919.8806223366593
-525.8806223366655
608.9193776633358
-22.680622336661607
-457.88062233666284
407.31937766334687
-409.0806223366616
-573.0806223366634
-638.4806223366595
-375.4806223366641
805.7193776633385
-344.4806223366607
-1216.8806223366578
-534.0806223366636
-142.68062233666132
973.5193776633353
-235.48062233665937
-129.68062233666367
-409.8806223366652
154.7193776633383
337.3193776633335
-451.08062233665936
185.91937766333427
116.51937766333461
-1011.4806223366656
-675.4806223366486
-977.4806223366882
-732.280622336655
-872.0806223366623
-760.480622336663
-384.6806223366699
-169.08062233666743
63.919377663334025
-540.0806223366558
1439.519377663337
705.3193776633417
286.31937766334266
1067.5193776633496
-530.2806223366622
-1469.8806223366748
-802.6806223366611
-304.8806223366641
681.3193776633358
-277.6806223366641
272.91937766333706
-109.48062233666191
-588.0806223366657
-43.28062233666504
-1445.6806223366766
-1040.4806223366666
-1189.2806223366565
-621.6806223366664
-569.2806223366522
-891.6806223366585
-92.48062233666545
849.5193776633403
-1512.4806223366606
-1191.2806223366745
-1213.4806223366643
249.3193776633382
-116.48062233666502
-1897.6806223366518
-1845.2806223366613
-725.280622336666
-495.2806223366646
-1597.0806223366606
748.9193776633404
473.9193776633378
1002.1193776633434
458.5193776633392
-479.2806223366658
-1315.8806223366562
-592.6806223366618
-393.68062233666257
-436.68062233666217
118.91937766333689
634.5193776633355
224.1193776633358
-262.8806223366605
578.1193776633379
769.1193776633389
651.9193776633368
525.119377663334
-26.68062233666133
374.51937766333083
146.91937766333703
-159.8806223366649
761.1193776633346
-1164.2806223366574
-95.88062233666294
-453.28062233666276
852.9193776633413
633.3193776633386
-769.6806223366615
-755.2806223366509
-382.0806223366659
-277.4806223366642
-1394.4806223366743
-865.280622336662
-378.28062233666503
249.7193776633364
477.5193776633384
-68.08062233666416
-685.0806223366616
-667.4806223366622
228.11937766333108
537.9193776633356
344.51937766332935
-825.0806223366652
-1542.4806223366859
-1038.880622336669
36.71937766333617
-119.48062233665327
-695.480622336647
-1104.2806223366642
-972.6806223366623
-403.4806223366562
-373.8806223366651
-965.4806223366639
22.519377663333614
-259.6806223366663
-867.6806223366676
-506.08062233666766
-260.6806223366628
-1415.8806223366535
-840.6806223366755
-228.68062233666365
-826.4806223366561
-537.8806223366702
-137.28062233666682
-7.480622336662439
-476.6806223366648
-135.08062233666666
629.9193776633559
-734.6806223366659
-819.4806223366621
-666.0806223366644
275.11937766333324
278.3193776633369
160.11937766333116
-490.08062233666664
-732.4806223366639
-280.48062233666127
239.51937766333944
1004.9193776633377
739.1193776633248
362.1193776633407
1186.1193776633386
1210.1193776633343
390.71937766333787
77.91937766333521
859.9193776633429
1161.1193776633374
549.1193776633376
861.1193776633286
745.5193776633402
-388.6806223366656
476.5193776633395
573.9193776633344
70.11937766334151
-50.680622336663156
190.11937766333583
525.5193776633422
529.1193776633345
340.3193776633394
3329.519377663345
1480.7193776633205
1215.9193776632815
1229.51937766333
510.1193776633377
321.51937766334606
634.7193776633331
144.31937766333556
1165.3193776633273
675.9193776633142
1282.7193776633385
1240.5193776633437
643.7193776633393
1292.3193776633384
1760.9193776633267
1149.5193776633364
820.1193776633462
500.91937766333166
725.1193776633617
659.7193776633425
79.11937766334506
1285.5193776633669
1548.1193776633265
339.31937766332805
293.71937766332394
-476.8806223366585
-108.48062233666775
768.3193776633198
1326.5193776633257
457.71937766332775
2272.9193776633424
2656.519377663356
1074.9193776633333
906.1193776633287
370.11937766333506
1160.5193776633287
281.11937766332636
715.9193776633273
511.9193776633267
-890.4806223366619
-461.0806223366667
397.51937766333907
-506.0806223366691
-905.6806223366722
-1018.88062233667
-744.4806223366744
-950.080622336667
-928.68062233666
-648.8806223366637
-360.8806223366643
-207.88062233666022
-257.88062233666517
-1726.0806223366542
-121.0806223366643
754.7193776633308
618.7193776633391
446.7193776633459
-392.88062233666295
-246.28062233666242
1194.7193776633392
2116.5193776633428
1202.9193776633226
2645.719377663347
2254.1193776633368
52.51937766333852
-165.08062233666263
606.3193776633346
1238.3193776633402
573.3193776633334
601.3193776633248
618.5193776633322
-1616.8806223366732
-1052.280622336659
149.91937766333615
-248.88062233666295
-1129.0806223366587
-796.8806223366705
715.9193776633357
-413.88062233666534
-83.6806223366697
-714.8806223366622
-111.68062233666097
90.71937766333976
-861.8806223366702
-2130.6806223366534
-1291.880622336666
-383.68062233666103
-538.0806223366639
-556.0806223366646
-343.48062233666224
-332.08062233665896
-414.4806223366617
602.1193776633286
73.31937766334043
190.31937766332936
1092.71937766333
756.9193776633325
80.51937766334602
366.1193776633395
1149.1193776633359
278.91937766333456
-20.480622336662613
415.3193776633388
-207.0806223366638
-463.0806223366677
-941.680622336648
-660.8806223366619
-497.28062233666685
-219.08062233666456
135.51937766333577
-536.4806223366652
-564.480622336665
-1345.0806223366499
-746.4806223366652
-1902.6806223366746
-1448.8806223366817
-769.4806223366548
-447.8806223366636
1131.3193776633286
1514.9193776633356
1338.9193776633397
1064.5193776633378
1068.7193776633217
-360.28062233666486
3.919377663339702
17.719377663337802
-249.28062233666333
684.5193776633363
-286.68062233666404
-836.6806223366643
-790.0806223366659
-120.08062233665491
313.1193776633268
83.11937766333912
645.1193776633294
1348.319377663326
332.31937766333334
-313.68062233666
-1114.0806223366658
535.3193776633386
527.3193776633404
-216.4806223366706
257.91937766333984
967.7193776633327
405.1193776633355
699.7193776633311
-572.2806223366734
226.5193776633347
414.11937766333153
251.91937766333317
817.5193776633316
207.11937766333466
767.3193776633337
877.7193776633364
786.3193776633284
-0.6806223366587361
571.9193776633268
403.31937766333647
-207.68062233666404
698.1193776633352
-391.08062233666885
-1033.080622336657
-858.2806223366626
-687.280622336663
-368.4806223366648
-17.08062233665732
-27.48062233665877
790.5193776633404
797.1193776633424
761.5193776633463
-346.6806223366615
269.11937766333386
-1153.0806223366626
-648.0806223366569
-166.88062233666136
397.9193776633348
954.9193776633377
305.11937766333756
-496.0806223366694
468.31937766333385
-404.0806223366633
-864.8806223366645
572.919377663336
-599.2806223366617
77.9193776633384
-410.28062233666486
-1294.0806223366583
-366.0806223366626
-185.88062233666383
-148.6806223366583
-122.28062233666556
-292.48062233666474
-1287.0806223366728
-438.6806223366646
143.31937766333726
-1231.2806223366645
-1167.8806223366569
68.91937766333609
-778.480622336663
-988.2806223366607
386.1193776633406
899.5193776633344
-331.28062233666947
696.719377663334
25.319377663334954
7.3193776633378675
-407.2806223366768
326.31937766333994
-39.28062233666249
-884.0806223366632
-884.4806223366661
646.7193776633362
277.3193776633351
-129.88062233667034
947.1193776633337
205.31937766333576
201.51937766334217
858.9193776633381
-655.8806223366684
-57.28062233666069
-95.68062233666505
-379.68062233666467
941.3193776633427
667.9193776633357
-941.2806223366638
-112.88062233666426
-75.68062233666492
121.91937766333795
237.11937766333662
-28.6806223366612
-164.88062233666014
-808.2806223366595
924.1193776633484
336.519377663331
142.31937766333482
652.5193776633378
43.119377663334625
-391.28062233667555
-116.28062233666208
832.9193776633305
404.5193776633365
-71.68062233666119
-1849.2806223366447
-674.6806223366636
-1135.6806223366657
-648.6806223366634
502.7193776633403
293.5193776633362
-420.8806223366695
-96.68062233666475
-888.4806223366596
-480.0806223366663
715.3193776633461
-486.28062233666344
344.319377663324
518.1193776633377
-1554.6806223366573
-281.68062233666615
808.9193776633372
1653.5193776633532
480.7193776633374
293.31937766333766
418.11937766333864
430.5193776633438
1251.7193776633294
1392.719377663334
1087.3193776633375
-90.88062233666417
-481.08062233666686
994.1193776633446
811.7193776633356
539.7193776633344
1421.1193776633208
250.71937766333178
-875.0806223366603
448.7193776633365
-232.6806223366655
199.91937766333814
-169.88062233666417
-476.4806223366697
-186.0806223366638
-506.8806223366639
283.5193776633402
208.11937766333804
118.3193776633405
-799.6806223366643
416.9193776633357
-291.48062233666457
-500.08062233666544
-427.4806223366579
-188.6806223366616
38.91937766333441
-1456.8806223366691
-757.8806223366653
-834.680622336667
-178.28062233666373
264.51937766334026
287.51937766333515
102.11937766333409
133.5193776633363
-1166.4806223366693
-359.28062233666714
1083.9193776633344
36.919377663334316
1365.119377663326
-639.8806223366629
-1573.88062233666
415.11937766333335
325.7193776633385
248.91937766333754
-454.08062233666146
-1681.8806223366726
-946.4806223366661
-839.6806223366718
-157.0806223366646
-251.2806223366648
-313.68062233666984
-350.48062233666553
1117.3193776633336
-157.48062233666528
1138.3193776633373
90.31937766333763
-717.480622336673
-285.4806223366709
-665.6806223366635
625.9193776633302
-169.88062233666344
4.719377663340403
900.7193776633328
-39.68062233666131
-119.48062233666528
-389.4806223366638
-829.6806223366644
-888.2806223366765
424.5193776633382
-284.6806223366619
343.11937766333205
-130.68062233666276
-790.0806223366671
1113.1193776633206
325.91937766333757
501.7193776633393
444.3193776633353
-836.6806223366638
-245.88062233666386
-208.88062233666128
-443.4806223366573
-175.68062233665933
28.719377663338634
-699.2806223366687
1181.719377663328
735.7193776633312
84.11937766332845
-4.480622336663558
137.71937766333767
413.7193776633421
553.919377663339
91.31937766333094
293.9193776633361
-820.4806223366616
174.51937766333498
148.3193776633379
40.71937766333748
-590.680622336669
-74.0806223366657
-663.8806223366579
147.51937766333396
408.319377663337
-220.88062233666335
-454.6806223366675
-1445.0806223366553
-637.0806223366643
-950.6806223366638
-546.4806223366669
-277.6806223366599
-411.6806223366626
-337.6806223366634
-343.88062233666653
-960.0806223366671
-90.88062233666352
-1590.8806223366544
-1623.280622336654
178.31937766333394
1192.7193776633308
-733.4806223366716
-615.0806223366671
-113.28062233666887
160.5193776633361
612.1193776633379
-546.2806223366617
-341.88062233666636
-1468.2806223366802
194.9193776633382
-339.28062233666554
-683.0806223366674
-334.6806223366653
-19.280622336664532
-692.0806223366736
504.31937766333004
565.5193776633346
64.31937766334083
-1124.2806223366642
-707.480622336661
-325.4806223366653
-872.2806223366676
-229.080622336666
599.3193776633377
330.3193776633324
-853.0806223366747
-187.68062233666515
-1175.8806223366646
-157.28062233666427
-118.08062233666115
734.9193776633404
426.3193776633381
-449.680622336675
-1177.6806223366511
98.91937766333612
-773.0806223366696
-171.68062233666095
426.5193776633346
514.9193776633343
-414.2806223366643
-1136.4806223366634
387.5193776633357
-911.8806223366706
-494.0806223366619
-787.0806223366653
-440.2806223366723
-65.88062233666618
702.1193776633376
372.7193776633374
562.7193776633343
-878.2806223366617
-1351.880622336666
220.91937766333604
-301.4806223366652
-401.28062233666327
-369.68062233666865
-48.88062233666159
-263.28062233666327
-726.0806223366642
-692.6806223366643
-846.0806223366585
1011.3193776633423
437.5193776633342
330.1193776633393
-517.8806223366737
-1709.2806223366936
435.51937766333
-208.48062233666906
357.91937766333587
1307.3193776633295
1446.5193776633282
-326.6806223366639
-571.8806223366631
-27.480622336660574
-730.2806223366666
-1365.6806223366686
-1331.8806223366664
-900.680622336667
113.319377663337
288.3193776633359
533.1193776633353
549.7193776633351
345.51937766333634
-455.6806223366674
698.5193776633445
-255.2806223366627
-90.08062233666286
-372.2806223366662
-246.2806223366702
-322.4806223366687
-1290.0806223366699
77.11937766333764
-195.8806223366653
151.71937766333963
-203.2806223366667
437.1193776633392
-820.2806223366948
-2057.4806223366572
193.51937766333066
627.9193776633346
1816.1193776633606
1078.5193776633282
926.1193776633476
200.1193776633371
143.31937766333763
-244.8806223366656
386.71937766333684
-204.88062233666335
-285.68062233666484
319.71937766333843
-633.880622336678
-406.68062233665887
295.1193776633398
494.31937766333493
1073.9193776633422
-855.8806223366685
-1248.680622336664
-720.2806223366671
1359.11937766333
621.9193776633409
895.5193776633405
1153.3193776633204
-568.2806223366658
-90.48062233666589
193.71937766334054
-376.68062233666416
-86.68062233666114
981.1193776633273
-1716.0806223366596
-2958.880622336705
770.3193776633317
490.31937766333215
775.7193776633288
742.1193776633376
442.1193776633372
1367.1193776633354
367.31937766333704
-755.6806223366481
-684.2806223366736
156.3193776633387
827.319377663332
588.7193776633404
-919.6806223366863
310.71937766333616
402.71937766333707
-240.08062233666885
15.71937766333799
-1298.8806223366644
-870.4806223366704
200.91937766333618
1798.5193776633184
713.1193776633257
361.9193776633377
-467.8806223366687
-1036.6806223366534
10.919377663338881
-26.680622336662108
-1121.4806223366677
-652.8806223366593
639.7193776633281
-1247.2806223366551
-1995.2806223366435
213.31937766333948
-282.080622336665
-1024.8806223366678
228.71937766333537
1102.9193776633292
2209.9193776633333
-166.28062233666662
-346.4806223366652
-836.6806223366577
-1194.6806223366602
-394.0806223366623
-1528.2806223366583
-919.8806223366732
438.9193776633359
668.5193776633365
-99.4806223366636
150.9193776633358
-277.0806223366626
1429.3193776633261
287.91937766332944
1536.51937766332
70.51937766333494
-244.88062233666184
-927.0806223366627
-924.8806223366669
-146.68062233666274
1152.919377663347
-588.4806223366627
-751.6806223366534
-88.28062233666317
-1256.6806223366227
-1403.4806223366995
-206.280622336667
-324.6806223366645
232.7193776633362
514.1193776633337
272.1193776633318
588.5193776633419
-1010.8806223366605
-1377.2806223366595
-1119.880622336667
-798.8806223366621
-939.0806223366601
-962.2806223366616
8.519377663339068
-63.48062233666501
1026.1193776633322
159.11937766333608
302.7193776633354
-544.0806223366618
293.51937766333623
-395.88062233666193
1330.5193776633305
1313.7193776633374
-100.08062233666323
-239.8806223366624
255.31937766333954
-774.0806223366504
1157.3193776633416
-243.88062233666494
-571.2806223366625
431.5193776633363
-1740.4806223366988
-1248.6806223366566
-1674.4806223366545
-751.0806223366504
-1632.480622336675
-598.2806223366639
74.91937766333683
245.5193776633325
521.7193776633263
736.1193776633395
688.1193776633289
1397.9193776633233
-766.4806223366627
-423.48062233666633
116.51937766333468
414.1193776633381
687.119377663335
794.5193776633431
1111.9193776633374
-28.680622336656192
1436.119377663334
-196.480622336666
414.119377663351
890.9193776633422
-918.080622336678
-1632.8806223366612
-117.28062233666499
68.7193776633328
-10.080622336666423
193.1193776633395
109.51937766333162
-675.6806223366567
-3851.880622336637
-1021.0806223366717
-1671.8806223366694
662.7193776633337
-846.4806223366643
-52.68062233666363
-462.28062233666344
238.7193776633331
-10.480622336663348
219.31937766334022
-74.08062233666944
1113.1193776633309
-520.4806223366592
457.7193776633372
1284.1193776633318
1154.919377663335
1206.7193776633383
860.719377663334
611.5193776633283
961.3193776633352
2040.9193776633435
638.9193776633349
1496.919377663354
663.5193776633317
-593.280622336665
-550.4806223366633
532.9193776633319
433.51937766333566
-435.88062233666426
639.1193776633392
603.5193776633374
-177.6806223366632
-3738.680622336679
-1366.280622336647
-1775.4806223366634
494.519377663338
204.3193776633411
-125.6806223366647
-1501.4806223366727
199.31937766333814
-358.68062233666393
-445.6806223366629
126.71937766333305
-917.6806223366569
-589.4806223366728
717.7193776633377
1793.919377663345
1832.7193776633312
819.9193776633342
667.9193776633281
1063.1193776633322
486.51937766333924
502.91937766333615
-74.88062233665964
640.519377663338
501.91937766333666
-632.0806223366613
222.71937766333915
1359.3193776633507
1440.7193776633267
-1294.8806223366664
-286.68062233667
360.7193776633339
777.7193776633342
-1808.0806223366717
-859.6806223366642
-768.2806223366673
-1073.8806223366594
-31.080622336661197
35.519377663335476
-480.88062233665977
1340.5193776633375
-33.68062233666431
-631.6806223366632
841.7193776633419
-11.280622336663715
457.11937766333824
827.9193776633423
103.11937766333834
823.1193776633354
494.1193776633367
-120.6806223366659
-786.4806223366585
-795.6806223366683
1196.5193776633428
410.7193776633369
273.11937766333045
2038.3193776633423
767.1193776633319
71.11937766333777
863.1193776633407
267.9193776633316
-1176.2806223366679
1.7193776633335527
-316.68062233666524
925.3193776633306
-1882.8806223366569
-1700.8806223366612
-913.2806223366618
-1202.4806223366515
-785.8806223366705
-244.0806223366678
-201.08062233666527
573.5193776633379
410.1193776633362
-272.2806223366649
953.3193776633341
792.9193776633376
-207.28062233666364
247.5193776633294
259.51937766333833
606.5193776633471
462.3193776633349
529.5193776633324
520.5193776633441
424.11937766333176
409.3193776633367
34.91937766333157
91.71937766333657
428.9193776633338
360.5193776633386
569.7193776633352
494.3193776633445
-813.0806223366661
228.7193776633347
-396.0806223366684
-1029.680622336664
51.31937766333535
-1888.2806223366715
-1682.4806223366677
-670.8806223366678
-856.0806223366703
-220.88062233666352
-174.6806223366648
211.9193776633341
-434.88062233666363
439.1193776633386
-113.28062233666202
-528.2806223366601
315.1193776633382
658.7193776633309
708.7193776633368
650.9193776633348
432.51937766334146
407.11937766333796
-517.4806223366609
-257.28062233666253
221.51937766334166
137.11937766333622
349.1193776633417
875.5193776633292
-424.08062233666453
526.9193776633361
-329.48062233666553
-1412.4806223366616
-462.8806223366651
983.1193776633288
-212.28062233666037
-634.0806223366613
-396.28062233665935
-2388.8806223366573
-1549.8806223366626
-1234.880622336661
-1489.6806223366652
-552.280622336664
100.71937766333923
129.51937766334075
-1339.8806223366623
-567.4806223366652
-219.2806223366651
-465.88062233666955
452.51937766333515
788.3193776633268
1150.119377663341
1023.9193776633343
1739.3193776633213
1047.7193776633321
-465.68062233666785
-232.08062233666303
-56.680622336665294
222.11937766333614
100.71937766333807
1239.3193776633293
379.1193776633341
-62.08062233666584
-684.8806223366653
-362.2806223366735
-137.88062233666108
407.31937766333937
153.9193776633337
-361.48062233666525
-955.4806223366627
-3223.680622336665
-567.2806223366645
-654.4806223366589
-844.6806223366686
-56.08062233666418
426.71937766333434
-19.28062233666356
-896.0806223366575
-71.28062233666442
744.7193776633378
30.319377663335743
498.5193776633349
-60.68062233666325
630.3193776633382
790.1193776633352
1084.5193776633378
716.3193776633417
-455.6806223366624
68.91937766333746
-229.88062233665985
-531.880622336668
79.7193776633367
64.11937766333517
-264.88062233666443
731.3193776633386
1414.1193776633404
1561.7193776633328
-241.68062233666458
-468.2806223366652
-337.08062233666277
250.91937766333643
-503.88062233665556
-2125.6806223366684
797.7193776633367
-47.480622336663714
-558.8806223366603
-871.6806223366605
-662.8806223366689
552.719377663339
-409.4806223366685
-976.8806223366629
99.11937766333217
925.3193776633403
1875.519377663336
952.3193776633382
1028.719377663335
393.1193776633372
846.5193776633205
682.3193776633317
128.3193776633347
744.9193776633368
1110.1193776633484
527.3193776633385
620.9193776633366
668.1193776633385
582.5193776633325
216.51937766333606
422.1193776633337
263.11937766333415
264.91937766333695
730.1193776633323
-295.68062233665927
1133.1193776633365
184.71937766333656
-773.2806223366606
1857.9193776633354
366.91937766333666
-697.8806223366612
-376.48062233666184
-156.68062233666657
980.3193776633302
307.11937766333585
640.1193776633369
449.71937766333394
176.3193776633371
545.7193776633295
-306.28062233666503
108.51937766334318
-350.2806223366648
211.9193776633294
9.719377663337202
-254.08062233666266
398.1193776633455
1663.1193776633359
-124.280622336666
-44.480622336664325
346.1193776633356
1525.9193776633365
985.5193776633208
-874.0806223366602
-1095.8806223366646
-445.4806223366662
123.51937766334021
-940.2806223366629
585.7193776633368
171.1193776633377
601.7193776633301
1477.5193776633382
387.1193776633343
-419.08062233666817
-138.28062233666336
-298.8806223366645
-313.2806223366639
426.3193776633376
921.9193776633405
847.319377663331
501.11937766333625
1078.3193776633361
1420.1193776633286
1143.9193776633344
1232.7193776633383
823.9193776633241
969.3193776633211
671.5193776633326
424.91937766334377
1299.319377663327
-416.2806223366604
931.119377663332
823.3193776633441
1845.3193776633366
1616.919377663333
348.51937766333947
-119.28062233666286
-187.48062233666457
210.71937766333642
-607.2806223366651
-553.2806223366637
-311.88062233666176
46.31937766333681
1582.9193776633313
716.3193776633404
182.51937766333705
-452.88062233666574
-93.08062233666703
95.51937766333643
35.719377663337056
-875.2806223366662
-1319.88062233668
-878.2806223366659
-244.08062233667005
-375.4806223366611
-781.080622336669
-553.0806223366634
-359.88062233666113
-156.4806223366611
23.519377663333348
-487.88062233666204
60.91937766333557
-105.4806223366644
-366.0806223366614
77.7193776633365
170.51937766333484
-960.6806223366616
-250.2806223366657
-109.48062233666332
-968.8806223366672
-445.48062233667065
50.11937766333512
-83.28062233666333
-408.08062233666425
-35.880622336664096
1572.5193776633187
19.319377663341747
-237.28062233666498
-644.2806223366639
-111.48062233666255
-258.2806223366633
-115.48062233666347
-405.8806223366626
-631.4806223366596
-304.880622336662
-128.08062233666448
672.7193776633385
640.5193776633354
364.31937766334164
831.5193776633297
475.9193776633453
81.51937766333893
41.11937766333328
649.7193776633311
1045.519377663343
544.3193776633346
857.7193776633342
601.9193776633351
-400.08062233666595
396.919377663336
222.11937766333926
-384.88062233666335
-110.68062233666424
174.31937766333692
377.3193776633382
824.9193776633256
886.5193776633237
