-202.6464342435188
86.55356575647865
-68.6464342435227
-227.8464342435212
280.95356575648054
275.1535657564778
-26.04643424351986
-63.24643424351955
-57.64643424352166
-641.2464342435198
-1201.2464342435173
-1085.2464342435244
-216.64643424352263
-27.646434243520172
14.953565756479925
-502.0464342435207
-734.0464342435198
-533.6464342435212
-61.84643424352121
20.75356575647755
-311.0464342435217
-384.4464342435234
-779.8464342435251
-474.24643424352087
-391.44643424352256
-307.04643424351997
-449.44643424352427
-234.24643424352064
86.35356575647876
17.15356575647869
-77.04643424352486
96.95356575647867
618.55356575648
760.1535657564768
590.9535657564772
286.5535657564815
1097.9535657564809
1334.3535657564785
467.55356575648
355.75356575647385
432.75356575648016
-44.04643424352226
-351.646434243518
-543.2464342435245
406.35356575647614
664.7535657564814
945.5535657564809
814.5535657564834
292.35356575647813
248.55356575647914
613.7535657564835
728.3535657564792
324.5535657564784
127.15356575647655
-267.44643424352194
113.15356575647779
81.35356575648046
24.553565756478932
27.353565756480677
-95.44643424352233
116.75356575647746
779.1535657564765
350.15356575647786
389.9535657564753
998.9535657564811
110.75356575648024
-18.446434243522052
-42.24643424352157
164.55356575647795
852.9535657564805
124.75356575648141
38.35356575648322
77.3535657564793
98.35356575647789
-355.04643424352173
-969.6464342435189
-126.04643424352255
-327.24643424352314
-231.44643424351938
160.95356575647517
-113.0464342435229
-78.44643424352097
-187.04643424351963
-249.84643424352112
-634.6464342435255
-532.2464342435255
-850.0464342435205
-5.046434243520373
73.35356575647934
-311.6464342435208
-467.84643424352095
36.953565756479875
639.7535657564811
201.75356575648243
-288.64643424352005
-154.64643424352175
905.1535657564763
-221.44643424352287
-20.246434243520326
-13.84643424352225
160.95356575648046
231.15356575647982
283.15356575648207
609.553565756477
519.1535657564821
333.5535657564775
-70.24643424351945
-148.24643424352266
85.55356575647782
-225.24643424352246
54.953565756477744
299.15356575647894
-95.04643424352068
-53.04643424352397
-46.04643424352246
-262.8464342435219
-766.6464342435245
-36.24643424352338
545.1535657564807
601.5535657564815
143.3535657564799
-108.84643424352262
-496.84643424352066
-159.84643424352163
169.5535657564805
-630.2464342435178
-979.2464342435256
-458.84643424351765
706.5535657564808
77.55356575648128
31.9535657564805
149.95356575647986
581.153565756482
946.1535657564746
344.1535657564824
-238.24643424352288
-48.24643424352059
94.55356575647835
-35.84643424352069
-21.24643424352262
407.3535657564783
343.1535657564791
606.5535657564775
648.9535657564803
-317.8464342435245
-636.4464342435185
-537.6464342435268
-411.4464342435198
75.35356575647806
572.1535657564789
481.35356575648046
895.3535657564748
509.5535657564753
433.7535657564783
231.75356575647925
125.55356575647971
353.75356575648186
-354.6464342435233
-468.44643424352046
-84.84643424351995
272.15356575648093
-32.446434243521296
-52.64643424352078
178.75356575647984
548.953565756477
885.7535657564773
254.55356575647795
-180.84643424352032
-49.64643424351949
-614.0464342435174
490.35356575647813
161.1535657564801
600.5535657564801
695.9535657564786
455.1535657564805
328.553565756478
-362.8464342435192
-496.0464342435291
-456.44643424352114
-680.0464342435242
-640.246434243521
371.15356575648406
-90.04643424351937
270.5535657564798
40.15356575647861
-373.84643424351975
54.55356575647974
273.9535657564803
88.15356575647999
14.553565756480033
-311.84643424352265
-59.24643424352055
140.9535657564787
-23.846434243519646
93.15356575647806
-152.2464342435201
179.3535657564787
683.5535657564805
583.35356575648
515.1535657564776
297.35356575648024
-385.2464342435189
562.5535657564766
52.353565756480826
456.5535657564802
802.35356575648
220.15356575647778
-374.04643424352025
-780.646434243528
280.95356575647816
271.75356575647817
-295.64643424351937
-391.44643424351966
305.1535657564743
-363.4464342435211
-719.6464342435215
-772.246434243526
-621.4464342435252
95.15356575648269
251.15356575648002
121.35356575647874
-212.8464342435218
-381.84643424352214
-165.84643424352018
43.15356575648059
479.9535657564788
142.15356575647704
46.15356575647858
-612.8464342435191
479.35356575647563
860.5535657564785
693.5535657564776
918.5535657564814
132.55356575648227
133.55356575648182
-606.44643424352
-280.04643424351787
516.1535657564831
-218.64643424352008
-215.84643424352217
-338.646434243519
-696.4464342435161
-591.0464342435206
164.95356575648026
529.7535657564764
544.5535657564786
-836.6464342435213
-1342.2464342435214
-1045.246434243523
-269.246434243523
329.5535657564827
440.3535657564814
327.1535657564789
-595.0464342435187
-382.0464342435225
-134.04643424352082
471.15356575647775
358.35356575647836
-134.44643424351995
-259.24643424352183
-991.0464342435148
90.95356575647882
445.5535657564805
322.75356575647794
813.7535657564772
683.9535657564751
374.3535657564797
-569.8464342435204
-554.0464342435245
70.95356575647841
-124.2464342435209
5.553565756480786
-84.44643424352128
-1151.246434243529
-956.0464342435216
-239.24643424351973
-158.04643424352415
243.35356575647927
-708.2464342435227
-696.0464342435235
-523.2464342435236
-13.846434243521465
-250.84643424352373
-132.44643424352222
367.7535657564781
-47.6464342435226
-170.6464342435221
13.153565756477079
1009.5535657564819
280.7535657564812
302.15356575648
258.75356575647885
92.75356575647717
182.15356575647854
165.95356575648017
17.153565756478898
-0.6464342435217674
-92.64643424352178
232.55356575647824
-370.04643424352207
-890.2464342435252
-641.2464342435237
-335.4464342435266
-610.0464342435158
-303.44643424352586
-262.24643424351837
-732.0464342435196
-1816.646434243503
-1626.646434243509
-353.8464342435238
-375.2464342435183
-218.8464342435219
-552.8464342435208
-527.8464342435211
329.7535657564788
998.7535657564739
1046.9535657564777
395.15356575647843
76.15356575647797
23.95356575647712
661.1535657564809
283.5535657564786
302.3535657564794
709.5535657564798
917.1535657564775
184.15356575647922
591.3535657564781
1180.553565756473
277.1535657564785
200.55356575647835
655.353565756476
-825.4464342435224
-667.2464342435212
-380.0464342435251
-791.8464342435219
-721.6464342435228
-410.0464342435244
-254.6464342435221
-446.2464342435167
-1410.8464342435211
-1624.646434243513
-1308.2464342435399
-671.4464342435166
600.1535657564799
305.5535657564796
-629.4464342435214
328.1535657564773
1379.7535657564786
945.7535657564791
353.3535657564796
-168.6464342435235
-161.84643424352322
142.75356575647896
-121.44643424352066
-508.64643424352204
-98.0464342435219
406.7535657564809
-597.4464342435219
-569.2464342435227
559.953565756479
153.15356575647925
161.9535657564775
-229.84643424352194
-1279.246434243524
-822.4464342435256
-950.846434243514
-1218.2464342435198
-803.0464342435253
-345.04643424352724
-1271.4464342435392
-1639.2464342435344
-787.0464342435196
-567.6464342435228
-1303.8464342435216
-481.4464342435333
941.3535657564777
678.553565756478
210.75356575647893
304.1535657564775
885.9535657564886
1102.7535657564806
371.9535657564787
-869.2464342435217
383.35356575647984
517.5535657564799
-13.646434243520567
-72.04643424352075
241.55356575648062
1127.7535657564808
518.3535657564793
-579.04643424352
-568.4464342435258
-560.6464342435254
-105.84643424352167
123.55356575648045
-641.8464342435179
-142.24643424352118
-809.8464342435234
-1901.8464342435238
-1036.0464342435225
-678.4464342435228
-1333.0464342435212
-1670.6464342435333
-792.2464342435189
-848.846434243524
259.7535657564797
260.15356575647786
517.3535657564793
695.153565756478
978.5535657564787
245.15356575647675
1085.3535657564794
1629.3535657564814
492.1535657564783
-245.4464342435212
952.353565756478
527.153565756481
-106.24643424352004
-280.84643424352186
355.3535657564808
826.3535657564786
764.1535657564851
273.9535657564783
-951.046434243516
-1023.8464342435208
-1112.6464342435193
-312.2464342435218
-1013.4464342435193
-1089.24643424352
-1414.6464342435343
-2082.846434243519
-2487.4464342435267
-1668.246434243516
-1164.6464342435215
-1376.0464342435184
-1539.6464342435188
-944.4464342435207
-357.0464342435209
-1088.44643424352
-418.6464342435215
-495.0464342435224
-125.84643424352112
236.75356575647896
931.9535657564771
1427.953565756481
804.753565756479
762.7535657564787
1222.55356575648
692.7535657564804
328.1535657564875
-282.8464342435212
790.1535657564756
820.1535657564823
746.9535657564732
954.7535657564765
81.95356575647786
-82.24643424351949
-921.2464342435218
-958.4464342435214
-440.8464342435236
-1644.0464342435118
-1678.8464342435282
-262.6464342435234
-1776.246434243521
-1976.4464342435258
-790.0464342435154
-290.246434243522
-330.64643424352084
-790.8464342435245
-506.44643424352074
-551.0464342435229
-253.04643424352082
-383.2464342435226
-500.6464342435221
864.1535657564806
1303.3535657564798
463.35356575647734
422.153565756478
700.7535657564724
-253.64643424352167
-712.6464342435199
-171.24643424352146
-850.6464342435207
345.153565756477
466.1535657564799
499.1535657564797
1058.7535657564817
545.9535657564834
199.35356575647836
-261.8464342435212
-1223.8464342435236
-805.246434243521
-1502.0464342435303
-1463.2464342435271
417.95356575647776
-186.8464342435208
-1646.8464342435097
-1639.2464342435183
-1214.2464342435203
13.353565756480583
104.15356575648111
468.55356575647806
117.55356575648233
-592.8464342435167
-491.0464342435173
-414.24643424351996
512.3535657564821
431.1535657564773
-299.24643424352223
259.75356575647754
1174.7535657564652
-434.4464342435207
-1340.6464342435224
-799.246434243524
-1075.2464342435235
-161.84643424352157
207.9535657564764
1041.5535657564926
1499.7535657564729
954.5535657564762
391.7535657564785
148.95356575647887
-412.2464342435217
-231.44643424352023
-317.0464342435214
-445.24643424352354
-224.44643424352103
-1017.0464342435175
-1506.046434243521
-1368.6464342435193
-1684.8464342435375
-698.246434243519
-240.84643424352294
-442.4464342435212
-562.446434243519
-365.646434243522
-413.2464342435203
72.1535657564741
312.3535657564833
-401.24643424352024
344.75356575648135
1506.3535657564764
1812.3535657564723
544.953565756478
-385.2464342435211
-419.4464342435245
-181.24643424352027
223.95356575647824
539.9535657564819
1131.9535657564736
1491.9535657564834
1444.153565756476
791.5535657564781
54.553565756478555
-283.6464342435211
-889.0464342435214
-989.4464342435203
-872.0464342435162
-609.046434243526
-578.6464342435127
-800.4464342435244
-1300.64643424353
-1414.0464342435278
-1353.2464342435176
-1204.8464342435273
-767.8464342435184
424.9535657564773
549.1535657564785
-381.44643424351864
-250.24643424352018
-91.84643424352235
-320.2464342435235
908.3535657564797
788.7535657564825
1.7535657564772151
-344.0464342435235
-935.4464342435233
-74.64643424352178
760.1535657564831
433.75356575647885
-20.24643424352191
-469.64643424352323
-58.44643424352278
799.5535657564786
609.7535657564787
83.95356575647737
-48.04643424351819
-42.04643424352172
-991.4464342435226
-998.6464342435224
-309.8464342435231
-28.446434243528113
-601.2464342435218
-720.8464342435216
-403.24643424351797
-837.4464342435265
-775.646434243523
-431.2464342435194
736.7535657564769
279.1535657564793
-521.8464342435177
-295.64643424352084
23.35356575647708
-206.8464342435229
272.553565756478
-3.0464342435210896
-163.64643424352255
-179.84643424352268
-817.4464342435234
-88.04643424352274
868.9535657564729
650.9535657564795
97.75356575647767
-895.6464342435187
-186.84643424352177
64.35356575647673
-486.2464342435229
-1574.0464342435278
-1258.846434243521
170.15356575647957
-211.24643424352072
6.15356575647738
-269.2464342435215
-494.04643424351787
-534.04643424352
-697.8464342435233
-436.0464342435356
-881.646434243529
-458.0464342435279
-832.4464342435274
-358.2464342435172
-290.0464342435215
-134.84643424352197
70.5535657564804
384.1535657564784
564.7535657564792
469.35356575648194
109.75356575647783
408.75356575647885
843.1535657564789
-205.64643424352096
-87.04643424352297
721.1535657564772
756.5535657564782
264.55356575648074
-792.2464342435269
-652.8464342435203
-382.6464342435209
-52.84643424352328
-537.2464342435206
-806.6464342435204
-1523.0464342435266
-1053.246434243517
-387.6464342435205
-1459.8464342435261
-1799.2464342435205
-1450.0464342435318
-1130.6464342435147
-822.04643424352
-612.0464342435249
-115.4464342435272
-234.4464342435232
-391.44643424352313
-66.64643424352117
592.9535657564758
302.55356575648034
230.35356575647947
69.75356575647571
-384.2464342435213
-224.24643424352192
440.5535657564766
931.3535657564796
623.7535657564781
557.1535657564789
1654.153565756477
1303.1535657564793
538.953565756485
126.35356575647751
425.75356575647777
543.153565756478
73.15356575647826
-170.44643424352148
-389.04643424352383
-1571.0464342435187
-2014.8464342435261
-828.2464342435181
-1007.2464342435234
-776.0464342435246
-1172.8464342435216
-809.0464342435165
-845.846434243526
-1840.846434243507
-482.4464342435237
-345.44643424352466
-398.44643424351875
-103.04643424352649
-140.04643424352213
-911.6464342435195
-979.4464342435181
-202.24643424352016
67.35356575647891
436.15356575648065
360.55356575647767
514.3535657564781
375.1535657564815
-83.04643424352165
465.55356575648176
1332.753565756484
1045.153565756488
906.1535657564802
816.5535657564743
-630.2464342435172
-1083.246434243521
-773.2464342435186
-726.2464342435226
-926.8464342435204
-166.04643424352204
-133.0464342435204
-367.6464342435239
-237.44643424352358
-818.4464342435216
-1242.0464342435241
-1462.8464342435227
-1751.8464342435273
-609.6464342435222
-748.0464342435265
-1090.2464342435171
-419.24643424352064
22.153565756478105
-688.8464342435192
-1419.646434243507
-352.64643424351976
-307.04643424352116
273.95356575648003
376.5535657564793
-92.04643424352287
-194.24643424352087
447.1535657564781
198.75356575647686
1087.9535657564777
657.3535657564764
278.9535657564783
-28.44643424351897
-945.8464342435176
-555.4464342435223
-464.2464342435258
-889.4464342435206
-440.6464342435219
401.95356575647696
468.153565756478
-308.24643424352104
-401.44643424351796
-693.4464342435251
-777.6464342435243
-655.0464342435182
-198.04643424351775
227.35356575647972
-287.8464342435222
-796.4464342435258
-399.6464342435161
-288.84643424351805
-445.44643424352057
-721.4464342435235
113.9535657564795
-132.24643424352
-174.04643424352057
133.55356575648003
-4.446434243517661
-132.04643424352182
813.5535657564832
301.9535657564812
550.3535657564734
501.7535657564816
-79.84643424352261
130.35356575647742
-393.44643424352216
-114.44643424352091
214.75356575647945
-693.4464342435157
-827.246434243519
-237.44643424352353
-788.0464342435191
-1021.8464342435234
-793.0464342435256
-428.8464342435235
-507.04643424352076
-302.64643424352215
-545.8464342435207
-539.246434243522
-347.0464342435242
-622.2464342435179
-274.24643424352087
255.9535657564792
-680.0464342435316
-415.44643424352284
-390.446434243521
-568.8464342435217
19.953565756478252
258.55356575648096
439.5535657564777
-10.646434243520456
-255.04643424352113
-821.0464342435193
-79.64643424352113
630.1535657564787
-333.44643424351995
-341.24643424352445
41.75356575647828
217.9535657564806
389.753565756478
-963.2464342435173
-821.446434243518
-602.6464342435206
-870.8464342435111
-1063.846434243523
-575.8464342435266
-576.4464342435201
-36.24643424352105
-64.44643424352535
-908.646434243512
-492.84643424351884
-72.24643424352297
-134.8464342435198
-152.84643424352134
447.3535657564767
-397.44643424352046
353.5535657564799
190.95356575647605
-71.84643424351866
295.75356575647356
328.9535657564815
465.55356575647846
-187.44643424351935
300.55356575647727
312.5535657564801
771.1535657564743
576.7535657564806
-353.64643424352073
-686.6464342435229
-71.44643424352033
24.353565756477423
492.35356575647756
-444.846434243522
-338.44643424352125
-211.64643424352423
-713.0464342435192
-428.6464342435219
278.35356575647876
-665.4464342435193
-402.6464342435177
-244.44643424352523
-265.44643424352404
-380.84643424352106
-872.0464342435228
-820.4464342435202
-291.24643424352183
-566.046434243527
-846.0464342435195
29.153565756476716
810.9535657564768
-82.6464342435195
458.75356575647953
245.75356575647913
-523.6464342435227
-1006.446434243526
1173.3535657564807
861.1535657564767
767.953565756479
318.55356575647914
-399.0464342435216
-159.44643424352088
417.75356575647794
242.75356575647896
511.1535657564787
-411.8464342435266
-257.0464342435223
-258.84643424352265
-100.24643424352062
136.95356575647986
431.55356575647943
-606.8464342435233
-545.6464342435237
-117.04643424352142
-19.646434243523423
-275.0464342435196
-530.4464342435244
-187.0464342435207
-41.44643424351986
-312.2464342435202
-424.64643424351914
-484.84643424352237
67.35356575647917
-123.64643424352101
271.3535657564829
142.3535657564777
-181.84643424352026
-245.4464342435221
795.7535657564814
441.75356575647913
764.5535657564753
88.35356575648053
-91.64643424352204
460.1535657564765
354.5535657564799
-539.8464342435217
160.15356575647775
161.95356575647833
233.35356575648333
-467.84643424352106
15.353565756476886
453.55356575647755
233.9535657564788
-605.0464342435196
26.153565756481633
335.5535657564788
341.55356575647903
-92.04643424352064
-303.6464342435237
-91.84643424352325
-391.04643424352344
-626.246434243519
-877.0464342435196
-942.0464342435205
-608.646434243523
-143.0464342435214
-312.64643424352124
-618.6464342435241
-260.6464342435256
580.9535657564835
-65.84643424352154
40.75356575647737
689.7535657564767
623.3535657564789
706.95356575648
105.15356575647772
-116.04643424352122
-802.4464342435193
-15.846434243520314
775.5535657564794
169.75356575647848
-149.6464342435219
-40.246434243521406
280.75356575648
135.95356575647756
-48.64643424352274
572.5535657564794
119.5535657564799
378.95356575647986
27.95356575647644
-807.4464342435235
-199.44643424351992
-56.8464342435229
198.95356575647742
94.953565756476
8.953565756477822
184.1535657564804
-234.8464342435201
-563.4464342435245
-290.44643424352427
-133.6464342435202
646.5535657564816
-317.64643424352244
8.353565756478666
350.1535657564801
963.3535657564754
775.15356575648
-108.04643424352156
23.3535657564801
-240.44643424352304
-200.4464342435232
217.15356575647883
-147.8464342435226
3.1535657564785
44.95356575647938
-108.84643424351958
182.95356575647787
324.15356575647775
708.1535657564782
292.5535657564771
612.7535657564812
395.35356575647836
302.75356575647805
737.9535657564852
373.75356575647953
784.7535657564786
340.1535657564807
459.3535657564794
726.7535657564814
-94.64643424352249
-135.44643424352194
335.15356575647917
261.55356575648034
607.153565756481
-21.24643424351984
476.15356575647945
335.7535657564806
470.75356575647453
217.55356575648187
9.953565756480259
86.95356575648081
-73.24643424352159
-32.84643424352076
114.55356575647832
-162.64643424352118
-506.4464342435206
-856.0464342435226
-1035.4464342435217
-427.6464342435212
-310.44643424352273
-6.6464342435227834
49.15356575647701
-75.8464342435218
-540.846434243517
25.953565756475868
102.55356575647856
-518.4464342435186
-238.84643424352132
-528.0464342435234
-453.24643424351984
-385.64643424352084
47.9535657564782
777.5535657564767
117.15356575647809
-333.44643424352006
71.35356575648007
-281.4464342435251
-636.6464342435114
-756.2464342435267
-282.2464342435225
-201.24643424352186
-444.6464342435221
-344.24643424351683
-474.0464342435179
-1018.6464342435262
-1210.4464342435317
-1275.6464342435172
-677.0464342435187
-538.6464342435212
-617.8464342435203
-1321.2464342435155
-1466.646434243522
-1098.8464342435202
-416.04643424351946
-176.84643424352137
-600.8464342435194
-829.4464342435209
-1158.4464342435267
-879.6464342435179
-828.4464342435191
-542.6464342435224
-742.4464342435166
-774.8464342435204
-575.8464342435184
-492.84643424351714
-597.2464342435195
-538.4464342435164
-163.04643424351903
402.1535657564779
-147.24643424352323
-599.6464342435205
31.75356575647686
292.15356575647843
-293.4464342435223
-72.04643424352295
-77.84643424352282
-406.4464342435205
-202.8464342435265
-646.0464342435183
-28.646434243523203
304.7535657564804
507.75356575647595
125.1535657564784
-481.8464342435214
-457.4464342435222
237.35356575648103
604.1535657564784
100.3535657564791
-302.246434243521
-769.0464342435168
-323.8464342435202
-250.44643424352026
-56.64643424352091
-91.64643424352289
-352.64643424352204
-375.04643424351923
258.1535657564796
-214.64643424352164
-289.446434243521
155.9535657564785
-216.2464342435199
-743.0464342435278
-1014.0464342435248
-1063.0464342435162
-210.8464342435248
-646.046434243518
-278.8464342435226
-41.04643424352245
82.55356575648048
-6.046434243523549
-811.0464342435178
-364.04643424351957
-439.64643424351857
-234.44643424352188
-70.64643424352202
-279.2464342435207
-170.6464342435214
-64.64643424352117
2.553565756479273
-654.4464342435227
-747.64643424352
-1295.2464342435237
-245.2464342435211
-6.646434243522698
-215.04643424352048
-446.04643424352486
-0.046434243522206486
229.75356575648016
-267.0464342435201
-782.2464342435187
-923.8464342435216
-4.446434243520692
-365.2464342435244
-481.4464342435165
-740.6464342435227
-841.2464342435266
-620.6464342435214
-308.44643424352296
285.95356575647935
424.3535657564804
406.95356575648
167.15356575647806
-186.0464342435229
-466.4464342435212
-698.4464342435218
-111.44643424352091
95.353565756477
41.353565756478986
309.7535657564795
396.75356575648254
135.15356575647752
-763.8464342435243
-312.6464342435203
-46.646434243521554
250.15356575647718
62.75356575647799
18.75356575647838
-568.0464342435189
-253.04643424352147
-115.84643424352356
-793.2464342435261
-1269.8464342435275
-1099.2464342435208
-23.846434243520882
13.753565756475155
-348.2464342435232
-448.446434243521
-191.64643424352232
339.1535657564789
25.55356575647717
-453.2464342435208
-180.4464342435205
151.35356575647907
138.35356575647992
-145.24643424352342
-313.44643424352057
-457.846434243524
136.3535657564774
547.153565756481
30.953565756480522
10.353565756480194
144.95356575647966
98.55356575647824
227.95356575647708
329.9535657564782
1.1535657564805462
630.7535657564806
438.35356575647944
513.1535657564789
23.153565756476482
-254.24643424352305
-22.2464342435224
-398.64643424352573
-537.6464342435246
-389.4464342435207
-93.64643424352124
-29.446434243520564
-493.2464342435237
-417.24643424352
-147.64643424352226
367.5535657564783
-216.84643424352174
-413.2464342435153
-143.4464342435229
-671.2464342435201
402.35356575647904
-199.84643424352456
-88.6464342435221
-33.24643424352063
65.95356575647861
526.3535657564788
171.15356575647974
181.3535657564803
280.35356575647995
-38.446434243522454
-277.2464342435226
369.95356575648253
74.55356575647824
410.353565756479
398.9535657564794
-54.64643424352188
-38.046434243521695
-118.44643424352296
-209.84643424352396
16.15356575648005
-422.8464342435245
-249.64643424352352
-21.246434243520127
-65.4464342435221
-264.6464342435224
-593.8464342435207
-492.44643424352256
87.9535657564766
3.7535657564772364
266.1535657564775
245.35356575647754
-667.4464342435215
313.55356575647795
-484.04643424352355
-225.84643424352177
294.75356575647965
133.3535657564769
-207.64643424351956
-425.04643424352537
587.5535657564774
743.1535657564784
284.1535657564786
-10.846434243515866
474.95356575647355
29.153565756479843
-343.2464342435216
-289.6464342435245
-267.64643424352465
94.75356575647683
-154.24643424352146
-474.0464342435218
-479.64643424352175
-848.446434243523
-563.2464342435244
-223.44643424352097
235.95356575647662
-177.8464342435215
-388.64643424352016
-1259.8464342435163
-209.64643424352096
207.55356575647755
343.9535657564759
610.3535657564802
-327.4464342435217
-128.84643424352197
-796.246434243519
-452.64643424351965
145.1535657564782
-412.64643424352147
-211.84643424352274
-131.64643424352113
-277.4464342435218
-35.04643424352269
730.5535657564789
957.7535657564748
1036.3535657564762
-222.4464342435219
-907.04643424352
-808.8464342435225
35.95356575647823
334.7535657564738
60.35356575647817
-362.8464342435238
-1224.046434243521
-980.6464342435206
-706.0464342435215
-1.6464342435201544
-105.44643424352155
-726.6464342435145
-966.4464342435201
-1768.2464342435057
-605.0464342435203
-127.04643424352076
-9.84643424352155
531.7535657564785
349.1535657564815
206.75356575647857
-384.8464342435192
-146.04643424352122
156.5535657564817
81.3535657564824
378.15356575648343
306.95356575648
-324.24643424352325
6.753565756477784
596.7535657564814
617.7535657564791
1025.3535657564796
-113.64643424352218
-184.0464342435247
12.75356575647885
451.1535657564765
-265.04643424351997
-590.846434243524
-279.84643424352157
-805.2464342435189
-970.6464342435224
-623.8464342435248
527.5535657564781
-330.84643424352004
-501.84643424352305
-748.6464342435186
-1104.2464342435242
-851.6464342435218
-585.8464342435179
-404.04643424351906
-148.44643424352122
61.15356575647858
554.7535657564777
-32.846434243522445
-413.446434243521
-79.64643424351831
417.9535657564805
13.153565756478141
408.3535657564803
868.9535657564817
659.9535657564843
-585.4464342435184
-454.0464342435217
539.1535657564763
236.75356575647916
476.15356575647513
227.95356575647918
15.553565756478385
-15.446434243519533
72.95356575647867
91.95356575648005
-586.8464342435212
-1006.8464342435304
-520.4464342435215
443.953565756479
-214.24643424352365
-572.4464342435286
-417.4464342435156
-358.04643424352025
-953.2464342435319
-400.84643424351617
531.7535657564775
196.15356575648087
498.95356575648213
1238.3535657564803
-197.246434243523
-5.046434243518476
423.35356575648103
222.95356575648128
370.55356575647767
827.1535657564807
1213.7535657564747
1117.7535657564947
140.35356575648564
-161.24643424352217
-309.04643424352423
76.95356575648023
1253.95356575649
811.7535657564811
-411.846434243521
-280.0464342435185
-58.646434243521824
-604.4464342435224
-1033.0464342435166
-1489.0464342435241
-918.2464342435212
-59.2464342435233
-342.8464342435245
-1054.8464342435261
-1108.0464342435225
-905.0464342435163
-1782.6464342435277
-1602.4464342435244
-34.44643424352177
257.35356575648325
639.9535657564801
638.9535657564735
-221.44643424352128
119.95356575648339
87.35356575647893
116.15356575647681
619.7535657564752
1042.3535657564832
287.35356575647836
-55.24643424351918
570.1535657564782
842.3535657564742
-196.64643424352138
153.15356575647976
1184.9535657564743
440.1535657564807
-467.64643424352204
-1105.646434243523
-1286.8464342435257
-1079.046434243516
-1390.4464342435072
-2205.246434243531
-446.2464342435231
287.9535657564792
-26.646434243519735
-528.446434243522
-668.84643424352
-332.6464342435207
-957.4464342435173
-1681.8464342435198
-931.6464342435206
5.153565756477747
871.7535657564782
1273.1535657564727
620.1535657564784
1104.5535657564787
768.1535657564765
-62.44643424352358
948.353565756481
1021.7535657564772
350.35356575647864
89.15356575648052
706.953565756473
343.7535657564731
1000.1535657564814
765.3535657564804
402.3535657564788
-91.44643424352223
-267.84643424352066
-1465.8464342435261
-1134.4464342435194
-449.24643424352394
-1220.4464342435167
-1528.2464342435217
369.7535657564802
558.9535657564774
-76.84643424352328
-640.8464342435228
-255.04643424352167
-465.44643424352114
-527.4464342435232
-492.64643424352687
-1035.4464342435242
-505.0464342435224
-266.4464342435212
685.3535657564732
275.95356575647776
514.3535657564807
515.5535657564795
-62.44643424352239
-152.84643424352183
729.1535657564832
1284.5535657564767
936.553565756481
229.95356575648213
328.35356575647785
450.7535657564783
-342.04643424352116
114.35356575648265
-550.6464342435191
-918.0464342435204
-839.4464342435257
-767.446434243534
-236.446434243518
-527.6464342435213
-491.8464342435269
670.1535657564779
870.9535657564734
288.353565756481
-599.0464342435232
298.55356575648136
-307.64643424352084
-362.0464342435225
338.553565756484
18.353565756476378
190.7535657564791
-333.64643424352084
-66.64643424351982
877.5535657564799
120.1535657564789
346.15356575647445
1872.5535657564672
832.5535657564733
923.1535657564851
1922.1535657564825
1800.7535657564652
1620.9535657564768
1034.3535657564785
568.9535657564766
347.55356575647846
689.553565756476
87.75356575647876
-905.0464342435225
-188.0464342435213
-195.84643424352086
-1100.6464342435208
-996.6464342435238
-551.0464342435218
-1004.2464342435219
-599.8464342435248
-330.64643424352096
-1243.4464342435215
-73.24643424352097
-543.8464342435234
-716.6464342435218
-1.6464342435224921
78.15356575647748
593.5535657564812
444.5535657564798
-493.04643424352173
189.35356575647782
-248.24643424352155
242.9535657564783
2206.953565756472
2018.7535657564817
791.9535657564799
874.353565756478
344.55356575647994
1586.15356575648
1513.9535657564843
1310.553565756481
927.3535657564831
280.75356575647794
34.75356575647538
-684.046434243523
-58.646434243520986
-182.24643424351973
-1330.8464342435252
-729.6464342435227
272.3535657564816
-1097.8464342435223
-1088.0464342435228
-1186.4464342435228
-1719.6464342435208
-795.6464342435177
-853.0464342435237
-508.84643424352345
-27.846434243517415
-225.44643424352128
143.7535657564786
256.9535657564775
-30.046434243520896
583.7535657564832
734.3535657564797
572.1535657564757
981.9535657564792
415.5535657564791
140.55356575647912
532.5535657564783
-551.0464342435221
302.95356575648026
874.5535657564743
275.3535657564745
-165.24643424351848
172.75356575647552
-105.24643424351976
-59.446434243521665
216.7535657564763
-346.64643424352164
97.35356575647918
976.5535657564858
1147.5535657564826
4.953565756478348
-222.4464342435216
-1078.2464342435258
-797.24643424352
-356.0464342435218
-124.84643424352286
323.1535657564811
623.5535657564749
413.3535657564761
110.95356575647695
-363.64643424351823
-191.44643424351855
-170.24643424352
70.3535657564795
323.353565756482
699.9535657564815
732.5535657564782
930.3535657564811
693.7535657564791
218.1535657564802
146.1535657564804
212.75356575647947
115.75356575648091
846.3535657564798
916.953565756479
1.1535657564781658
7.153565756479747
285.75356575647663
-44.646434243521874
841.3535657564806
509.3535657564744
-238.44643424352205
-453.04643424352014
-622.6464342435229
-833.4464342435222
203.753565756478
-97.24643424352122
-352.84643424352123
-392.2464342435234
-77.84643424352213
392.35356575647904
224.95356575647966
203.35356575647842
378.95356575648026
411.15356575647746
-36.24643424352026
98.35356575647613
726.1535657564813
1440.3535657564807
993.5535657564831
858.7535657564785
1128.3535657564757
796.1535657564791
333.7535657564778
247.95356575647824
942.753565756477
281.3535657564799
-153.24643424352206
-74.84643424352299
81.35356575647693
-356.246434243522
82.95356575647857
-191.44643424351744
-370.24643424352297
-513.4464342435256
-915.6464342435257
-1144.2464342435176
-92.84643424352113
-101.24643424352148
-321.4464342435235
-747.8464342435292
120.75356575647638
256.15356575648
-108.24643424352064
-759.8464342435211
-75.6464342435208
1108.3535657564887
1046.7535657564779
1421.5535657564678
1133.7535657564795
1126.753565756473
901.1535657564772
742.9535657564793
1174.7535657564833
742.3535657564798
729.9535657564771
1.9535657564797404
9.153565756481463
-398.2464342435203
-225.84643424352242
-235.64643424352178
151.55356575647835
384.55356575647846
360.35356575648007
-172.04643424352176
-79.64643424352147
270.15356575647655
-637.8464342435306
-1285.8464342435263
-305.0464342435197
91.55356575647855
-32.44643424352077
-720.2464342435235
-328.8464342435199
-17.246434243524668
514.5535657564726
184.35356575647882
-63.046434243518924
-441.8464342435209
378.7535657564837
1174.1535657564737
-84.84643424351938
-699.0464342435174
-457.24643424351933
12.15356575647872
409.3535657564781
588.9535657564852
869.5535657564774
331.3535657564811
-164.04643424351926
-137.44643424352282
342.7535657564752
-57.24643424352304
308.3535657564797
129.55356575647764
-424.4464342435235
-631.4464342435228
-139.64643424352215
201.35356575647913
-276.0464342435223
-766.8464342435198
617.1535657564787
717.5535657564776
337.35356575647916
134.55356575647886
528.3535657564814
558.3535657564809
118.1535657564743
254.55356575647244
245.15356575648056
-757.2464342435177
-956.8464342435201
298.5535657564768
52.15356575647782
207.55356575648003
-96.04643424352187
617.3535657564775
836.5535657564766
-342.4464342435197
466.5535657564783
216.1535657564787
141.95356575648012
391.55356575647534
358.3535657564795
-369.64643424352346
-315.64643424352056
381.953565756481
533.7535657564794
589.7535657564771
401.7535657564802
-44.6464342435182
-580.0464342435225
-1484.2464342435208
-417.4464342435231
875.7535657564761
697.7535657564764
595.1535657564777
553.3535657564759
-893.6464342435219
-1303.6464342435206
-438.84643424352197
38.75356575648071
-207.24643424352215
633.5535657564781
509.75356575647606
312.15356575648116
655.5535657564797
503.9535657564776
355.1535657564783
14.953565756476886
-375.8464342435207
288.95356575648395
18.553565756479266
-106.04643424352341
592.5535657564787
1083.3535657564846
375.35356575647626
-284.8464342435212
607.9535657564786
497.3535657564802
966.7535657564824
601.353565756474
-551.2464342435192
-1078.2464342435228
-901.0464342435322
-728.0464342435238
466.9535657564797
160.7535657564765
-185.84643424351944
-237.446434243522
-988.0464342435193
-462.6464342435207
-258.2464342435215
-325.24643424352377
222.95356575647776
1181.9535657564784
1094.1535657564725
339.1535657564821
480.9535657564803
916.353565756482
849.1535657564849
466.35356575648154
701.3535657564779
853.7535657564788
154.15356575647934
-367.6464342435227
271.15356575647644
633.7535657564773
658.9535657564765
431.3535657564804
1046.3535657564842
584.9535657564812
531.553565756474
161.35356575647646
-492.64643424352124
-982.046434243522
-425.64643424352107
-587.2464342435231
-246.84643424352205
-229.64643424352005
-521.04643424352
103.1535657564763
-590.0464342435237
-237.44643424351847
97.75356575647922
-545.4464342435197
-585.0464342435241
-34.84643424351888
-248.04643424352435
-198.64643424352417
248.7535657564816
1063.9535657564822
944.3535657564797
711.3535657564781
121.95356575648005
-138.04643424352406
-166.44643424351804
-618.2464342435212
-74.64643424351833
706.9535657564828
-0.24643424352009724
326.7535657564809
425.35356575647825
-192.84643424351992
33.75356575647844
-169.2464342435201
-338.84643424352157
-1047.2464342435258
-1333.4464342435217
-1574.2464342435176
-711.8464342435233
227.7535657564781
-442.04643424352247
-310.4464342435221
-248.04643424352034
31.953565756479087
522.1535657564801
-689.2464342435142
-660.0464342435205
-482.84643424352055
-394.64643424351976
-216.0464342435198
489.5535657564803
598.5535657564885
945.9535657564761
669.3535657564822
-403.04643424352116
-125.04643424351781
95.7535657564779
-14.246434243521527
9.953565756481314
662.5535657564784
-72.44643424352083
819.353565756485
940.3535657564805
164.3535657564834
13.753565756474678
-356.04643424351985
-485.6464342435223
-1220.6464342435193
-795.4464342435213
-547.2464342435226
125.35356575647873
231.15356575647937
-297.84643424352157
-398.6464342435226
100.15356575648103
115.75356575647828
782.353565756479
92.35356575648106
164.3535657564765
205.75356575647854
-238.84643424352163
139.55356575647886
939.7535657564924
42.353565756478744
167.75356575647976
256.1535657564807
212.3535657564788
-25.84643424351857
-490.2464342435227
-341.24643424352195
144.95356575648123
62.95356575648079
-204.04643424352162
680.7535657564773
1459.1535657564855
253.1535657564798
446.1535657564766
-270.2464342435238
-1103.046434243523
-1662.846434243522
109.35356575647862
48.15356575648081
240.95356575647742
-37.44643424352081
-462.646434243519
54.55356575648243
695.5535657564842
507.7535657564822
875.3535657564845
48.153565756477406
260.7535657564778
219.15356575648497
365.7535657564755
454.7535657564812
892.5535657564857
-103.24643424351994
-206.84643424351796
429.15356575647957
604.5535657564795
275.9535657564783
-2.6464342435207975
155.55356575647664
362.1535657564772
347.7535657564786
398.5535657564785
239.55356575647917
641.3535657564797
362.95356575647594
494.9535657564805
-84.04643424352318
-525.8464342435183
-854.2464342435255
-211.24643424352223
-299.646434243522
313.55356575647795
-173.0464342435202
-276.84643424352225
363.95356575648026
396.7535657564826
-226.2464342435216
471.15356575648013
423.95356575648054
489.55356575647863
-341.0464342435223
132.15356575648138
505.7535657564819
317.553565756479
-546.4464342435202
-101.84643424352146
412.9535657564776
658.9535657564703
301.35356575648296
137.55356575647733
88.55356575648071
-68.44643424352037
15.353565756477924
-112.24643424352503
-300.4464342435231
-101.04643424352344
300.7535657564792
-44.846434243522204
-856.6464342435224
-771.6464342435195
-278.0464342435223
-1004.4464342435302
-522.846434243524
338.95356575648066
194.75356575647788
430.35356575647813
-76.8464342435218
-107.44643424352103
-478.0464342435221
181.15356575648133
884.753565756479
230.75356575647749
-160.04643424352025
-27.846434243520573
345.15356575647695
39.15356575647857
-265.84643424351646
273.1535657564813
-61.24643424351989
346.5535657564792
108.55356575647758
-648.6464342435232
-175.24643424352064
49.35356575647833
665.1535657564787
550.7535657564795
257.95356575647736
337.7535657564798
-128.84643424352276
-502.4464342435213
-616.2464342435202
-702.2464342435179
-221.2464342435201
-1165.8464342435207
-772.2464342435242
-149.44643424352097
540.5535657564775
431.3535657564786
-300.8464342435233
-113.44643424352117
-115.64643424352198
-90.04643424352281
433.95356575647753
2.553565756475564
156.35356575647853
114.35356575647914
51.553565756477994
265.15356575647843
354.1535657564813
777.7535657564812
322.1535657564794
575.1535657564777
194.55356575648
102.75356575648111
546.3535657564781
311.3535657564783
776.5535657564797
262.95356575647816
289.15356575647877
448.35356575648
-411.2464342435215
-408.0464342435187
-61.04643424352124
-301.0464342435196
-171.84643424352242
-795.646434243525
-309.44643424351926
-332.6464342435182
31.753565756478146
-77.64643424352275
-179.6464342435229
-305.84643424352174
-460.046434243522
-387.84643424351856
-56.24643424352141
-303.64643424352016
-463.4464342435228
-806.2464342435195
-933.6464342435263
-368.4464342435222
-363.6464342435227
103.95356575647722
185.7535657564781
139.75356575647916
-645.8464342435187
-231.44643424352253
51.75356575647833
-509.04643424352184
-291.646434243518
-736.8464342435215
-832.6464342435208
-688.8464342435215
-379.646434243515
312.5535657564772
-217.44643424352333
-757.046434243531
-538.2464342435222
734.3535657564715
343.1535657564839
157.5535657564804
543.3535657564784
732.7535657564806
637.1535657564827
640.1535657564782
455.7535657564821
-56.0464342435215
-180.44643424352287
-334.24643424352325
163.35356575648018
263.35356575647313
88.15356575647581
-702.6464342435219
-800.6464342435215
-431.6464342435182
463.3535657564843
601.7535657564785
209.1535657564824
207.3535657564791
-127.44643424352098
-84.04643424352157
-66.24643424351859
374.5535657564852
-117.84643424351843
-624.6464342435229
-387.2464342435211
-82.84643424351859
45.95356575648083
285.7535657564837
681.9535657564832
1178.1535657564827
428.55356575648443
-216.8464342435234
306.55356575647716
908.9535657564786
489.55356575648176
595.7535657564742
492.1535657564766
59.95356575648003
222.7535657564796
-193.64643424352093
385.95356575647656
696.7535657564785
820.3535657564704
314.15356575647274
-360.04643424352184
-345.2464342435239
434.95356575647605
745.7535657564729
473.7535657564777
315.95356575647907
-41.04643424351865
329.3535657564802
330.75356575648493
569.7535657564742
531.5535657564798
-100.84643424351982
-212.24643424352092
568.7535657564785
457.1535657564821
635.3535657564773
1103.1535657564739
388.55356575648113
-445.4464342435243
-858.0464342435196
-952.4464342435198
99.35356575648004
48.15356575647764
404.15356575647854
466.1535657564765
451.95356575648054
286.35356575647893
-680.0464342435181
-223.44643424351952
-174.84643424351987
-147.84643424352117
2.153565756480461
-179.0464342435193
-18.846434243518644
-21.846434243519795
23.15356575647126
-359.64643424352084
-149.8464342435212
-701.6464342435246
143.15356575647937
329.1535657564791
168.55356575648437
-66.04643424352255
312.95356575648094
397.15356575648053
-18.646434243518172
-193.64643424352107
106.35356575647859
1014.5535657564727
240.15356575648104
-84.64643424352143
-427.4464342435201
-627.0464342435216
-373.2464342435205
337.1535657564776
834.7535657564838
770.5535657564839
728.3535657564771
482.95356575647884
-190.44643424352287
-545.8464342435227
-668.4464342435192
-290.24643424352297
-37.04643424352025
58.75356575647736
540.9535657564778
609.3535657564782
349.9535657564777
-499.44643424351983
-3.246434243520234
115.75356575647865
177.75356575648215
-197.8464342435224
-192.84643424352032
-681.4464342435243
-270.2464342435217
-61.84643424352027
-534.8464342435226
-606.0464342435217
31.95356575647981
1137.7535657564779
715.153565756479
241.75356575648013
150.35356575648055
208.55356575647855
694.3535657564748
524.3535657564823
111.95356575648046
182.55356575647838
518.9535657564755
547.5535657564828
10.753565756480334
-261.04643424352236
-453.8464342435217
-14.646434243519863
296.7535657564826
-185.8464342435229
-40.2464342435191
401.55356575648045
526.953565756483
352.1535657564799
217.3535657564794
-200.64643424352323
292.353565756482
14.953565756480387
317.5535657564808
-174.64643424352153
-436.8464342435244
110.95356575648282
9.553565756479607
230.3535657564801
811.1535657564774
1217.9535657564804
658.9535657564732
198.15356575648204
501.55356575647636
557.7535657564796
564.1535657564788
-228.04643424351977
-330.2464342435211
240.95356575647915
-254.44643424352182
743.7535657564802
63.35356575648098
112.7535657564807
144.95356575648015
84.35356575648109
202.3535657564808
-141.04643424351804
20.15356575648015
330.95356575647605
133.5535657564805
-464.8464342435207
218.95356575648083
-28.846434243521728
-54.04643424352178
-186.8464342435209
-255.246434243523
-195.84643424351927
-230.6464342435208
210.35356575648137
569.1535657564784
272.1535657564789
693.3535657564854
979.3535657564719
505.95356575647486
204.553565756481
121.35356575647958
63.95356575648285
192.55356575648176
-217.44643424352074
-173.64643424352138
84.55356575648128
-523.0464342435213
650.5535657564787
-26.646434243520382
292.353565756479
905.9535657564752
472.55356575648466
-186.04643424352065
-426.2464342435195
633.5535657564851
737.3535657564804
304.153565756479
-62.0464342435239
598.9535657564754
265.9535657564771
-522.6464342435196
-626.446434243517
-232.44643424352205
56.953565756480444
-15.04643424351815
124.1535657564817
236.15356575647792
45.95356575648073
393.15356575648457
708.7535657564778
864.3535657564784
366.7535657564797
353.3535657564785
-695.0464342435179
167.1535657564811
443.753565756479
145.35356575647796
96.35356575648152
-629.0464342435196
112.5535657564794
-100.84643424352153
356.7535657564777
983.753565756485
-7.446434243521217
-60.64643424351586
-167.64643424351954
-486.0464342435199
-146.44643424351906
761.3535657564763
1029.5535657564872
1243.1535657564802
-22.24643424351969
-975.0464342435249
-1003.4464342435202
-150.0464342435201
65.7535657564786
160.1535657564809
111.35356575648416
-617.2464342435233
74.35356575648055
438.95356575648293
1247.3535657564755
742.7535657564803
158.35356575647745
91.35356575647788
-990.4464342435245
-80.44643424352138
427.9535657564794
130.35356575647543
22.753565756478025
-408.4464342435193
84.55356575648092
68.15356575647841
501.15356575648036
764.35356575648
453.55356575647824
531.9535657564808
126.5535657564736
-619.4464342435202
-196.84643424352026
663.5535657564819
723.1535657564791
1238.35356575648
138.1535657564792
-145.8464342435215
-141.84643424352026
389.1535657564801
-214.64643424351598
-448.84643424352134
72.3535657564774
-353.64643424352187
-106.24643424352242
589.7535657564827
1882.1535657564862
793.9535657564804
614.1535657564857
354.5535657564742
-418.0464342435208
-352.04643424352014
-86.2464342435228
-187.64643424352246
-621.2464342435178
-758.846434243522
72.75356575647942
153.35356575648024
-44.64643424352844
170.35356575647737
808.3535657564801
350.15356575647974
268.7535657564785
484.75356575648266
403.75356575648163
-514.2464342435206
-255.64643424352042
619.5535657564798
356.5535657564791
449.5535657564789
286.1535657564788
488.953565756473
762.5535657564789
622.15356575648
702.5535657564814
128.35356575647907
70.75356575647844
509.9535657564786
1619.353565756478
1158.3535657564773
724.7535657564774
574.3535657564801
243.55356575647335
-212.84643424352058
310.95356575648054
818.7535657564769
-156.44643424352475
-113.84643424352159
646.7535657564791
-221.24643424352013
-179.6464342435248
462.7535657564785
662.9535657564776
637.1535657564708
647.3535657564711
1004.5535657564845
1082.353565756473
356.15356575647934
226.35356575648018
-340.6464342435211
-68.04643424352068
951.55356575648
629.1535657564801
34.9535657564781
718.3535657564809
776.9535657564782
231.15356575647732
-118.44643424352054
-290.4464342435214
167.75356575647945
1229.7535657564763
1156.753565756481
175.75356575648001
-254.44643424352074
-467.64643424352266
-1262.4464342435183
-843.4464342435259
314.55356575647926
165.55356575647738
225.553565756483
5.753565756483496
-612.0464342435213
-498.8464342435175
-293.64643424351993
217.55356575648113
556.1535657564801
390.35356575647313
-228.6464342435157
-431.6464342435207
363.1535657564744
727.1535657564889
-644.4464342435208
-530.0464342435247
441.35356575647984
-96.0464342435204
-470.4464342435209
-618.8464342435203
-599.8464342435216
-92.64643424352278
-301.64643424352437
-1041.846434243519
865.7535657564835
2064.3535657564903
1690.153565756476
766.7535657564771
158.7535657564748
-157.4464342435203
-693.2464342435195
-860.8464342435182
-402.24643424351785
0.15356575647861348
668.3535657564803
744.5535657564755
-91.24643424352166
207.35356575648504
123.35356575647884
-441.8464342435193
412.9535657564789
56.95356575647814
-681.6464342435198
-893.4464342435233
-227.04643424351713
-307.24643424351865
358.55356575648284
-338.84643424352
-733.8464342435208
-840.6464342435224
-581.8464342435186
-1369.0464342435305
-623.2464342435234
477.7535657564781
-52.84643424352164
-491.2464342435209
1594.9535657564802
2465.353565756477
1887.553565756479
820.3535657564737
449.1535657564824
-665.2464342435193
-541.4464342435203
126.95356575648026
-649.6464342435245
-528.6464342435245
-326.2464342435221
270.3535657564778
-417.0464342435208
-340.6464342435227
-85.04643424351886
-624.8464342435215
-1022.2464342435206
-415.6464342435196
53.153565756481
-271.2464342435212
-1045.0464342435246
-690.6464342435252
-381.0464342435213
-1176.0464342435248
-667.6464342435181
-1096.646434243523
-1149.2464342435223
-890.6464342435248
-760.0464342435205
154.75356575647743
163.55356575647895
231.5535657564784
1481.5535657564808
2308.953565756495
1923.553565756472
603.353565756477
853.3535657564809
-544.646434243523
-800.2464342435201
251.9535657564785
-234.04643424352074
-493.8464342435226
-756.6464342435222
-606.0464342435191
197.95356575647918
-553.4464342435188
86.15356575647962
1473.153565756472
46.95356575648261
-203.8464342435186
659.15356575648
590.1535657564757
383.35356575648007
-180.04643424352628
-653.4464342435253
-497.8464342435219
191.75356575647848
-148.64643424352255
-1063.646434243516
-499.24643424352
-554.4464342435148
-1178.846434243521
-1063.2464342435273
-584.8464342435235
-882.4464342435208
253.55356575647727
1287.1535657564805
-31.846434243519155
574.3535657564753
-550.0464342435218
-1228.8464342435188
-777.84643424352
-997.4464342435239
-372.44643424352546
137.3535657564773
-784.8464342435298
-383.246434243524
-857.2464342435238
-294.6464342435233
1336.35356575647
785.3535657564826
-664.2464342435215
-203.64643424352
-521.0464342435199
606.9535657564783
507.3535657564782
179.1535657564774
211.3535657564799
-107.44643424352064
-129.64643424352292
-734.8464342435207
-473.04643424351826
-633.4464342435238
-1714.0464342435296
-1340.8464342435188
-272.0464342435225
-1180.04643424351
-349.44643424352546
455.75356575647396
-520.2464342435209
-565.046434243521
-1156.0464342435193
-927.8464342435224
-931.2464342435204
-1291.2464342435194
-578.4464342435227
217.35356575647802
102.1535657564788
334.3535657564805
219.35356575647938
-123.64643424351914
-25.246434243518813
-929.0464342435228
-1373.2464342435221
-635.6464342435204
-1578.0464342435228
-699.4464342435199
309.15356575647974
-451.4464342435198
-622.2464342435194
-252.24643424352035
-328.2464342435253
-192.84643424351898
-156.84643424352018
-637.4464342435251
-38.646434243521426
844.9535657564766
954.7535657564796
194.9535657564795
732.5535657564787
454.1535657564781
349.3535657564786
-63.046434243521304
-168.4464342435219
294.15356575647786
8.953565756478607
-370.84643424352504
-532.6464342435257
-652.0464342435159
-185.64643424352323
-376.04643424352435
-211.6464342435222
-187.44643424352336
-234.44643424352103
-678.6464342435171
-426.24643424352314
-414.846434243524
-836.4464342435193
-554.6464342435213
-99.84643424352197
-318.8464342435212
657.9535657564794
690.7535657564796
-292.24643424352485
-252.04643424352403
96.15356575647951
-110.24643424352038
1002.1535657564772
851.5535657564789
209.7535657564787
38.75356575647697
336.7535657564818
591.9535657564809
1395.9535657564797
429.35356575648035
201.15356575647795
235.35356575647685
-248.24643424352055
-131.84643424351816
-86.24643424352332
63.153565756480305
302.7535657564767
59.953565756478696
-290.2464342435218
-171.04643424352165
-123.84643424351478
-16.446434243525722
-76.4464342435183
-19.046434243520867
175.55356575647673
89.55356575647514
-106.0464342435208
-68.04643424352058
986.1535657564784
706.7535657564794
72.15356575647839
-117.24643424352143
82.55356575647771
-139.64643424352283
699.9535657564788
573.7535657564789
542.7535657564829
404.7535657564807
215.7535657564802
-69.04643424352166
677.7535657564692
294.9535657564787
71.15356575647935
-114.64643424352087
529.7535657564824
195.75356575648078
-229.64643424352118
-720.4464342435189
-19.046434243520018
926.3535657564793
750.3535657564786
1187.353565756477
595.1535657564814
95.35356575647825
-110.84643424352437
-230.84643424352504
195.75356575647598
-35.846434243520086
189.95356575647787
-312.0464342435219
243.55356575647758
88.55356575647949
134.15356575648286
128.15356575647843
450.5535657564795
862.3535657564789
1257.1535657564787
716.5535657564775
1058.1535657564798
1228.3535657564823
325.55356575647744
-509.4464342435194
185.5535657564796
232.75356575647922
-61.84643424352349
-593.4464342435223
14.153565756478375
68.35356575647475
216.95356575648032
-85.44643424352115
-331.84643424352214
-716.2464342435217
148.5535657564797
1005.5535657564857
-481.2464342435202
-1469.2464342435273
-1480.646434243521
-975.4464342435349
-380.64643424352033
-128.4464342435197
33.753565756477485
-68.84643424351965
9.353565756477579
126.55356575648071
609.7535657564736
268.3535657564812
781.9535657564796
789.5535657564782
247.95356575647935
-73.4464342435236
497.3535657564796
532.5535657564818
172.35356575647856
-300.64643424351834
938.7535657564799
817.553565756484
264.7535657564773
284.55356575647767
644.753565756475
299.7535657564843
-173.24643424352172
-129.8464342435232
-184.24643424352024
-1149.846434243518
-1218.0464342435191
94.35356575648049
-321.84643424352066
-481.84643424352254
-817.0464342435256
-190.84643424352487
-106.24643424352011
-1113.6464342435117
-488.4464342435215
-425.4464342435217
-1.8464342435219372
33.35356575647854
28.55356575647849
-292.246434243521
1.1535657564783754
846.5535657564778
797.153565756479
775.3535657564822
312.95356575647736
-152.84643424352285
-535.8464342435208
-1361.8464342435254
-236.44643424352114
980.953565756478
908.553565756486
1126.1535657564823
952.9535657564893
-769.446434243522
-1132.2464342435205
-352.6464342435225
28.15356575647919
-211.44643424352154
464.7535657564768
166.35356575647793
-34.24643424352298
347.5535657564784
73.5535657564793
-217.44643424352302
-626.6464342435202
-753.4464342435203
-144.84643424352015
-485.8464342435218
-350.0464342435233
177.15356575647718
696.5535657564739
391.1535657564861
28.55356575647977
1126.753565756476
903.1535657564837
1311.3535657564819
742.1535657564788
-725.2464342435208
-1213.6464342435245
-916.6464342435162
-502.44643424352427
673.5535657564797
569.3535657564788
505.7535657564764
669.9535657564822
-155.64643424351897
384.7535657564806
657.7535657564797
421.3535657564821
699.3535657564752
1267.9535657564745
1053.353565756479
248.3535657564776
256.55356575647886
704.1535657564755
617.9535657564735
188.3535657564778
674.5535657564745
857.3535657564806
225.95356575648185
-398.4464342435214
91.95356575648196
416.15356575648053
541.5535657564795
641.9535657564778
1418.3535657564785
967.953565756482
924.1535657564687
379.7535657564831
-766.8464342435202
-1407.6464342435233
-553.2464342435193
-391.24643424352024
168.5535657564804
299.35356575647995
189.75356575648055
1056.9535657564782
160.15356575647996
585.7535657564802
991.15356575648
230.7535657564817
-15.64643424352192
128.95356575647997
-55.446434243522475
-142.8464342435219
-55.64643424352056
741.1535657564801
791.9535657564691
421.55356575647767
-121.04643424352265
-408.04643424352
-201.2464342435215
-766.8464342435216
-262.24643424351973
687.7535657564814
95.75356575647933
422.5535657564862
456.1535657564806
-99.04643424352076
-101.44643424352336
-511.6464342435189
-866.0464342435191
-1711.6464342435117
-1713.0464342435214
-1610.8464342435252
-388.84643424351754
571.5535657564798
-83.24643424352271
133.35356575647788
-143.84643424352095
102.55356575647966
659.5535657564814
-363.84643424352186
-267.84643424352424
-193.24643424352058
-29.246434243522955
-152.046434243521
141.15356575647886
114.15356575647614
565.5535657564816
182.75356575647857
-941.8464342435221
-435.04643424352065
140.75356575647845
-128.84643424352052
-85.0464342435207
672.9535657564729
-38.84643424352231
686.3535657564721
714.9535657564847
-133.04643424352093
-415.24643424351734
-841.0464342435212
-930.4464342435247
-1593.2464342435203
-1379.2464342435183
-932.0464342435251
30.553565756479955
425.15356575647456
-20.046434243518434
-180.44643424352068
-130.84643424352132
-176.4464342435206
640.1535657564777
120.55356575647995
370.35356575648063
620.7535657564806
300.1535657564766
492.7535657564872
881.353565756477
-132.64643424351883
49.55356575647906
220.55356575647926
101.35356575647918
192.95356575648333
12.553565756478477
-279.6464342435203
150.35356575648103
98.15356575647898
-222.44643424352128
606.7535657564782
1317.7535657564779
86.35356575648143
131.55356575648293
-625.2464342435185
-1431.0464342435218
-1864.2464342435294
-513.2464342435204
-391.4464342435216
51.353565756479036
178.1535657564794
-43.84643424352062
329.5535657564835
615.1535657564772
309.9535657564813
692.7535657564795
14.153565756479637
527.3535657564767
633.7535657564748
881.7535657564721
811.1535657564779
923.9535657564863
-71.84643424352103
-286.84643424352294
315.3535657564824
671.5535657564747
748.3535657564811
539.7535657564781
301.95356575647855
422.75356575647794
263.5535657564758
287.15356575647684
185.35356575648024
712.1535657564788
372.5535657564807
385.15356575647894
-274.84643424352146
-809.8464342435241
-1276.8464342435173
-883.8464342435241
-778.8464342435199
74.15356575647846
-278.64643424351954
-199.8464342435223
296.1535657564795
129.15356575648116
-592.8464342435178
82.5535657564804
346.95356575648293
811.153565756483
124.75356575648316
573.3535657564825
754.15356575648
284.35356575647864
-508.4464342435224
-288.646434243522
202.95356575648168
722.9535657564807
550.5535657564822
432.7535657564777
146.35356575647708
-74.24643424352091
-33.24643424352211
-120.0464342435206
-387.6464342435229
67.75356575647874
361.5535657564803
-275.4464342435206
-869.2464342435139
-896.0464342435231
-699.6464342435199
-1652.2464342435273
-1177.446434243528
-260.84643424352095
-393.84643424352106
-54.04643424352243
-524.4464342435194
-597.2464342435222
-963.6464342435219
-336.2464342435205
604.7535657564779
396.5535657564792
157.75356575648098
372.753565756478
605.353565756469
123.1535657564781
-155.84643424352097
204.1535657564792
-180.0464342435206
223.75356575648058
-16.446434243519953
-752.8464342435226
-318.4464342435219
53.95356575647967
724.1535657564797
545.1535657564776
174.7535657564786
407.35356575647995
-111.6464342435215
-634.6464342435227
-639.0464342435263
-789.0464342435297
-485.44643424352245
-1664.4464342435217
-1438.2464342435187
-933.2464342435229
-159.6464342435228
34.75356575647917
-523.0464342435231
-398.04643424352156
-415.44643424351835
-429.64643424351965
246.55356575647937
290.5535657564811
551.5535657564806
430.3535657564817
320.9535657564805
473.75356575648146
588.353565756478
968.7535657564799
469.5535657564808
614.3535657564821
339.3535657564836
136.55356575647943
325.3535657564791
236.553565756481
919.953565756473
395.5535657564789
303.55356575647875
518.1535657564784
-351.2464342435185
-437.8464342435189
-93.44643424352287
-336.04643424352236
-211.646434243521
-1268.0464342435157
-915.6464342435202
-991.6464342435216
-447.24643424352007
-229.44643424352023
-58.04643424351916
-276.24643424352143
-525.0464342435206
-465.8464342435194
-16.846434243517983
23.553565756478896
-129.64643424351902
-647.046434243525
-742.446434243525
-91.64643424352204
127.7535657564797
656.5535657564817
677.3535657564802
530.7535657564832
-106.64643424352195
269.7535657564795
253.95356575647776
-269.44643424352273
149.1535657564791
-339.6464342435223
-731.4464342435206
-649.0464342435223
-463.4464342435215
114.75356575647885
-312.44643424352074
-842.2464342435187
-850.246434243517
