-69.01261207660866
-2138.4126120765754
1938.3873879233672
1592.3873879233554
94.5873879233942
1121.1873879233929
1095.9873879233644
1734.5873879233945
-1240.412612076616
-1200.4126120766039
409.7873879233717
532.7873879233958
880.1873879233937
1569.5873879233868
1000.3873879233973
698.1873879233993
161.78738792339735
1308.5873879233648
-832.812612076593
-437.4126120766094
727.387387923396
193.7873879233973
537.3873879233902
303.38738792338984
464.5873879233875
1037.587387923412
-74.21261207661166
-552.2126120766145
183.58738792339355
822.9873879233722
-162.61261207661067
-1060.8126120766133
557.5873879234019
1687.3873879233747
913.9873879234167
1888.787387923414
460.3873879233813
-13.812612076628511
-1555.2126120766752
-1715.8126120765803
-1633.8126120766249
-534.6126120765995
-864.4126120766125
212.98738792339213
-19.812612076610016
-1167.612612076598
-1502.4126120766134
-953.8126120766236
-623.6126120766108
-198.4126120766021
-874.4126120766358
-691.4126120766196
284.1873879233954
-3324.6126120765985
-3076.6126120766207
-269.61261207661136
-833.4126120766101
-263.0126120766095
-770.6126120766077
-1500.4126120766177
12.987387923395481
-466.2126120765988
274.38738792338734
354.1873879233919
1580.3873879233774
1280.987387923402
-382.01261207661406
3071.787387923434
1265.587387923371
1354.187387923393
133.58738792339685
-923.8126120766299
-559.6126120766253
-2397.4126120766473
-2185.4126120766077
-196.61261207661403
564.9873879233866
-585.212612076589
-589.2126120766114
-680.0126120765887
6.187387923383753
294.9873879233987
-1823.012612076624
-1791.0126120766815
-745.212612076627
-1499.2126120766206
-747.8126120766015
257.18738792339235
-1050.2126120766234
1171.987387923382
224.98738792339537
-1511.2126120766236
656.1873879233946
1335.5873879233773
841.587387923388
2495.5873879234287
2419.587387923352
-26.41261207660952
-421.61261207660544
2006.3873879234006
-927.6126120766154
1003.3873879233943
441.187387923396
-325.0126120766088
480.58738792338215
-549.0126120766109
-600.4126120766031
-598.2126120766087
-701.2126120766169
-124.4126120766072
306.78738792338925
706.5873879233955
146.18738792339155
1316.387387923376
-18.212612076605758
-227.0126120766164
-2123.0126120766263
-840.4126120766092
67.98738792339095
-752.4126120765944
-1179.2126120765813
1213.7873879233875
-231.61261207660678
-1523.6126120766082
83.18738792339104
1294.5873879233882
-587.0126120766023
1938.3873879234188
958.1873879233683
320.98738792338696
1925.5873879234096
1991.5873879233736
1760.7873879233712
225.18738792340048
1356.9873879234085
8.387387923386171
-1448.4126120765943
1009.5873879233827
98.38738792339245
-208.212612076605
-336.41261207660426
-1118.8126120766137
-1190.6126120766085
512.9873879233846
965.1873879233918
421.18738792339224
349.1873879233977
-69.41261207661503
-2759.612612076583
-208.4126120766104
426.38738792339655
1470.7873879233834
-797.6126120765878
-573.0126120766085
-539.212612076606
1132.5873879233848
917.3873879233997
247.1873879233953
424.1873879234039
1332.5873879233873
-527.4126120765955
67.58738792339418
486.3873879233962
478.78738792341176
407.9873879233815
-274.0126120766113
722.5873879233933
809.7873879233988
-478.21261207660615
636.3873879234019
-1384.2126120766284
-2218.2126120765934
-881.8126120766393
-573.8126120766101
72.3873879233901
1743.3873879234054
480.58738792338704
-21.012612076605414
1552.7873879234266
-1970.8126120765844
-2395.6126120766266
41.98738792339404
-2450.2126120766384
282.58738792338823
1343.5873879234134
1192.587387923394
1210.5873879233975
1306.3873879233724
-243.81261207660646
-201.41261207663212
-843.0126120766143
1299.7873879234116
280.98738792339606
-1681.6126120766044
-1944.8126120766176
-966.8126120766175
-13.212612076606149
-75.01261207661247
342.98738792338514
1446.587387923396
-499.4126120766118
1220.387387923406
-108.81261207660904
173.58738792339
-1376.612612076595
-889.6126120766196
-516.4126120766126
617.5873879233907
-606.012612076609
-1842.2126120765615
1141.3873879233806
-950.2126120766063
-916.8126120766232
-1715.2126120765965
-1577.8126120766017
-1414.01261207659
644.7873879233833
1623.587387923356
1231.1873879233938
986.9873879233867
-1056.8126120766083
-18.81261207660988
-598.0126120766162
279.98738792339157
1096.9873879233864
754.9873879233926
-1137.6126120766205
-1482.8126120765864
-795.0126120765732
-673.2126120766214
-480.212612076613
976.7873879233971
520.5873879234008
600.5873879233864
199.9873879233945
723.3873879233739
-418.81261207664176
-954.0126120766417
-2904.0126120765963
-244.61261207661988
1134.1873879233883
1053.987387923375
224.78738792338612
-673.6126120766074
-1391.212612076617
-1455.212612076603
970.7873879234144
-1674.8126120766378
-737.4126120766059
902.7873879233972
353.38738792339325
-115.012612076601
183.5873879233879
384.9873879233873
-1334.2126120766045
-198.61261207659538
341.38738792338404
-1090.6126120766105
-374.21261207661405
-284.0126120766078
-1506.0126120766306
-976.2126120766089
69.58738792339264
-1431.212612076605
748.9873879233845
1740.3873879234025
82.18738792339022
1620.7873879234055
737.5873879234052
-780.0126120765755
-2758.212612076532
557.3873879233831
-517.6126120766252
209.38738792339754
120.38738792339038
-559.212612076612
-1144.6126120766066
-992.8126120766111
-1165.8126120766167
-2953.8126120766397
-273.0126120766083
478.7873879234063
523.3873879234002
295.1873879233858
1622.5873879233932
-99.61261207661454
-391.6126120766088
-817.8126120766136
-450.61261207660965
-2501.0126120766
-1953.2126120766395
-388.6126120766116
1524.5873879233877
577.5873879233852
966.7873879233903
1085.1873879233844
317.7873879233883
-686.0126120766063
-22.812612076612062
841.5873879234116
727.5873879233723
30.787387923386163
-3038.212612076593
-932.6126120766074
-1796.0126120766363
-2002.0126120765935
78.98738792339117
1836.787387923367
-200.41261207661424
305.5873879233882
-1093.6126120766191
-1572.61261207662
-494.21261207660746
-521.4126120766095
-148.01261207661088
-1771.012612076598
905.9873879233862
-490.61261207660743
343.58738792339653
-417.8126120766217
-1070.2126120765797
434.1873879233934
186.7873879233917
1903.187387923387
113.78738792339678
409.9873879233882
288.78738792339385
392.1873879233873
-68.4126120766096
-1410.2126120765645
229.78738792339104
489.18738792338195
-433.61261207661363
1282.5873879234075
-428.4126120765975
-949.2126120766213
-1091.8126120766217
-1102.8126120766012
116.1873879233991
61.98738792338365
-104.01261207660954
221.98738792338622
-999.0126120766259
-370.01261207660696
-836.4126120766197
-2033.0126120766686
-775.8126120766136
-906.2126120766142
-1664.212612076582
-79.41261207660195
590.3873879233964
624.9873879233734
-927.0126120766193
799.1873879233881
1225.5873879234002
-190.61261207660317
-507.81261207660714
-367.61261207661704
454.18738792339724
155.78738792338635
-416.6126120766106
-1409.6126120766032
-312.8126120766013
2182.387387923407
-714.6126120765995
-974.8126120766007
390.18738792339076
963.5873879233883
-1813.4126120765447
-1447.0126120765951
-884.6126120766303
-2757.412612076584
-725.4126120766153
-35.01261207660319
110.98738792338793
835.5873879233912
-114.61261207661286
147.38738792339183
-907.2126120766362
69.58738792338937
-444.4126120766133
-613.4126120765928
330.58738792338727
-536.0126120766179
-1397.2126120766122
1136.5873879233839
-221.412612076607
-3033.4126120766414
-844.0126120766206
865.7873879233921
10.787387923388046
449.18738792338996
1219.7873879233864
-115.81261207660671
1445.3873879233406
1519.587387923417
-562.0126120765925
-146.01261207662196
-36.81261207661361
631.1873879233947
-919.6126120766097
627.1873879233818
722.7873879233929
440.9873879233939
-1024.0126120766326
-432.61261207661454
-1004.812612076602
-1100.6126120766094
74.18738792339053
-812.012612076621
-987.6126120766338
-627.2126120766028
211.9873879233843
675.3873879233762
-106.41261207660705
-757.612612076599
-441.612612076607
-490.4126120766281
-965.8126120766201
-1110.41261207659
-1427.8126120765894
-272.01261207660946
-1565.8126120766156
310.7873879233881
92.18738792338749
71.58738792338985
184.3873879233906
696.387387923393
250.58738792339255
-25.612612076618934
-703.4126120766052
1322.3873879234127
91.78738792338203
-546.2126120766101
-1473.21261207663
733.7873879234
-570.2126120766044
-363.8126120766214
-130.6126120766127
-454.8126120766176
19.78738792339672
-815.0126120766155
-1250.412612076593
-1965.0126120765992
112.38738792338793
-974.6126120765939
-1577.6126120766342
-956.2126120766171
996.3873879233922
-399.41261207662114
-1018.2126120766111
-1261.0126120766074
-1031.6126120766125
-1808.412612076595
-1029.4126120766105
959.1873879233751
418.7873879233926
-741.6126120765949
-2309.6126120766585
-1581.412612076593
-185.81261207661052
562.9873879234099
1083.5873879233686
1453.9873879233608
254.38738792339694
-179.0126120765922
486.38738792338256
1476.7873879233973
27.98738792339409
-997.0126120766071
192.58738792338423
595.1873879233959
-296.0126120766113
236.78738792339942
-1074.2126120765984
-980.0126120766456
-295.41261207660887
-105.412612076621
672.787387923396
-188.8126120766086
325.1873879233931
-4.212612076606348
-1101.612612076643
-1311.612612076621
768.3873879233901
502.9873879233866
-664.6126120766165
-843.6126120766137
-1980.2126120766052
-2165.6126120766025
-42.21261207659902
-488.21261207661195
-908.2126120765948
-985.2126120766437
969.5873879233947
473.9873879233796
-37.81261207660542
478.98738792340095
3551.7873879233657
877.1873879233804
495.9873879233794
633.3873879233972
-170.612612076607
1326.987387923429
-21.812612076610947
491.58738792339454
-1298.2126120766286
-556.2126120766153
-868.8126120766025
1278.787387923405
1246.7873879234153
1086.787387923383
1190.7873879233994
20.187387923387476
-58.81261207661115
-1031.0126120766079
-219.01261207661543
181.38738792338975
-551.6126120766007
-87.81261207662752
230.18738792338476
-747.0126120766247
-585.8126120766158
-520.8126120766173
-1135.012612076592
-218.61261207660436
948.7873879233972
1778.387387923382
621.3873879233782
-25.012612076612285
1111.9873879233912
1941.1873879233606
897.5873879233852
-968.6126120766052
-1620.6126120766476
170.38738792338796
-702.2126120766209
-137.81261207660884
178.78738792338984
-1338.0126120766452
-1521.6126120766269
-1267.212612076623
-706.2126120766221
-186.81261207661993
-591.6126120765855
-1247.2126120765931
-1151.4126120765525
-891.8126120765988
-299.0126120765982
691.7873879233877
8.587387923394147
247.1873879233922
-1242.0126120766245
-67.01261207661301
123.18738792339737
307.1873879233964
-267.21261207660206
1046.1873879233465
98.38738792338572
1873.1873879233735
-764.6126120766058
468.1873879234073
1708.987387923368
401.98738792339805
-289.4126120766093
515.7873879233878
-419.41261207661404
-219.4126120766152
-397.81261207661424
132.58738792340358
-1393.012612076614
-2009.6126120766346
-1150.0126120766063
-1363.8126120766087
72.78738792338498
-398.8126120766034
-434.6126120765785
-1214.2126120765915
-375.8126120766203
-6.412612076605463
-1067.0126120766329
-202.2126120766163
628.7873879233879
-706.2126120766184
265.38738792339234
-635.4126120766148
160.7873879233916
201.98738792338148
288.1873879234047
1353.587387923385
52.98738792339737
1311.187387923402
-927.2126120766043
348.1873879233687
1808.9873879234178
422.98738792339697
399.7873879233913
2057.987387923481
1022.5873879234202
829.9873879233704
-197.21261207660766
1192.5873879233973
-632.8126120766179
-1562.81261207664
-898.2126120766076
-718.2126120766259
710.3873879234004
2008.1873879233926
454.7873879233869
549.3873879233935
80.18738792338608
-611.612612076616
33.587387923391326
-2094.412612076625
-1848.4126120765654
-918.8126120766149
-958.81261207661
-840.6126120765907
-1910.0126120765967
-63.21261207660862
185.1873879233955
-42.21261207660936
194.18738792337857
347.18738792337297
-238.2126120766112
272.5873879233827
791.3873879233959
1796.5873879233598
218.18738792337908
447.3873879233753
730.987387923381
-909.2126120766088
166.38738792339205
708.587387923394
79.9873879233918
-687.612612076613
-1308.0126120765933
-1223.2126120765984
1321.1873879233642
-412.21261207662116
-736.6126120766552
-498.4126120766101
183.3873879233879
653.3873879233821
-96.01261207661014
21.58738792339434
442.1873879233942
750.3873879233909
126.98738792339034
-386.21261207661223
-438.2126120766177
439.7873879233865
520.5873879234132
1612.9873879233971
231.78738792338277
1069.3873879233947
1225.3873879233843
618.5873879233866
997.3873879233726
1626.7873879233875
-1072.812612076609
-502.01261207660957
-98.01261207660806
-1255.6126120766164
-1006.0126120766059
298.98738792337826
219.78738792339118
94.1873879233901
-480.21261207658176
-214.01261207661847
356.7873879233901
-1559.4126120765939
-644.0126120766367
-543.6126120766181
1854.1873879233922
-789.4126120766119
-1361.012612076639
-642.4126120766108
-224.81261207660393
-49.21261207661486
-1099.0126120766101
692.7873879233889
1427.9873879233708
-688.8126120766282
609.987387923394
1736.3873879234006
-46.81261207661291
49.38738792339964
2582.787387923397
1511.987387923413
297.18738792339536
739.3873879233745
-1489.2126120765956
-544.212612076621
-946.0126120766066
96.78738792339212
-1099.2126120765772
-1363.4126120766214
890.787387923375
1715.5873879233582
-1746.812612076598
-478.21261207661064
-1065.6126120765937
-142.4126120766082
-1271.2126120766527
29.387387923390968
3538.9873879232778
-8.212612076605744
-536.2126120765994
375.9873879233984
1563.1873879233897
1181.98738792339
618.1873879233934
551.9873879233821
1827.1873879233315
112.98738792339601
-591.8126120765706
-826.8126120766035
-179.01261207660448
252.38738792340237
437.7873879233741
-434.4126120766111
11.787387923377743
-903.0126120766022
-2283.41261207664
-609.6126120766178
-880.4126120765924
117.7873879234009
763.9873879233871
1111.1873879233674
-910.2126120766007
1699.3873879233872
190.9873879233921
408.1873879233952
-219.61261207661173
-837.212612076628
-51.21261207661515
2425.787387923369
903.3873879233888
-819.6126120765972
330.18738792338746
-867.2126120766077
-757.4126120766128
-1050.0126120765954
-672.0126120766253
-419.6126120766091
143.38738792338444
23.987387923392955
494.9873879233961
-2320.2126120766225
-551.6126120766035
455.58738792338124
-174.6126120766109
183.5873879233903
-226.0126120766079
-1965.8126120766028
392.7873879233952
846.1873879233783
11.987387923383949
-1617.812612076629
-461.61261207660925
2517.387387923431
1256.5873879234023
1659.7873879234048
680.3873879233888
1693.187387923395
291.1873879233917
-2312.212612076685
1705.587387923392
930.3873879233876
-108.41261207661026
748.5873879233924
-314.0126120766098
-157.4126120766062
97.58738792338713
-1083.612612076625
613.7873879233885
1252.9873879233933
-836.0126120766104
-1510.6126120766296
292.1873879233858
-932.2126120766101
1989.187387923403
1442.3873879233824
453.7873879234023
376.18738792340577
-304.01261207660565
-383.21261207661075
966.3873879233957
-1040.4126120766296
939.1873879233818
251.3873879233778
-1306.6126120766246
-329.0126120766047
61.387387923393675
770.9873879233787
-676.612612076612
406.78738792339504
-844.2126120765961
-1625.4126120765939
-546.0126120766047
-1471.412612076599
-99.61261207660814
805.9873879233877
-1501.2126120766054
184.98738792338906
404.5873879233901
69.38738792339541
1616.587387923401
1572.7873879233903
-933.2126120766007
-945.2126120766152
-347.21261207661246
85.38738792338802
1410.987387923371
1486.3873879234186
145.78738792339237
-636.6126120766048
133.98738792338796
403.98738792337974
-207.41261207661537
489.1873879233984
-570.2126120766134
263.98738792338116
-1209.2126120766068
610.5873879233492
1166.9873879233999
1799.3873879233965
-541.812612076602
-640.0126120766208
-727.0126120766223
549.9873879233854
-269.8126120766033
1448.1873879233935
738.1873879234015
-829.6126120766146
-698.4126120766084
2340.9873879233674
-69.81261207661198
-1066.812612076593
-782.6126120766004
-874.2126120766558
1417.9873879233794
611.7873879233936
-1249.6126120766023
-94.6126120766116
718.5873879233936
-41.812612076614855
-134.21261207661468
466.9873879233886
517.9873879233941
706.5873879234075
-565.2126120766167
186.18738792338405
-1186.0126120766186
-1071.81261207661
-380.61261207662375
1601.587387923408
597.7873879234103
-524.6126120766049
671.9873879234029
469.387387923399
-195.01261207661273
0.9873879233888019
145.78738792339573
1532.1873879233608
78.18738792337791
-467.21261207658534
-749.4126120766014
1566.387387923407
625.9873879233854
-67.41261207661704
-271.61261207661124
-399.0126120766235
833.7873879233997
-477.2126120765961
-845.0126120765905
-975.4126120766039
-724.0126120766
-1743.6126120765887
-1298.4126120765955
-828.0126120765973
-799.0126120766199
540.587387923394
217.78738792338677
-888.2126120765956
-516.2126120766276
-630.8126120766309
-1392.6126120766178
959.3873879233797
431.78738792339675
-709.8126120766224
-431.61261207659805
897.7873879233894
429.1873879233876
219.18738792340213
60.787387923395556
-1040.012612076606
-2158.2126120766484
1038.3873879233986
-982.6126120766056
-1115.6126120766173
-884.6126120766096
-165.8126120766165
145.98738792339012
1496.787387923441
1014.9873879234134
-387.21261207661746
640.1873879233804
341.78738792336327
2364.987387923416
1132.9873879233826
-771.8126120766132
90.98738792338366
1485.1873879233715
-1321.0126120766222
-679.4126120765953
1130.1873879233683
-430.4126120766076
1137.7873879233885
-0.4126120766028265
-14.012612076602945
779.3873879233805
769.7873879234307
126.18738792339556
-248.8126120766123
-987.81261207663
-708.0126120766171
-619.6126120766128
148.18738792339343
-1586.2126120766075
1190.787387923383
2332.9873879233864
1569.7873879234157
650.7873879233985
291.9873879233903
457.9873879234013
1854.9873879234187
628.5873879233864
-279.2126120765898
-621.6126120766176
-1594.4126120766077
9.587387923388384
788.5873879233934
-1029.6126120766155
942.7873879233958
1259.5873879234073
-527.212612076617
-743.2126120766122
-551.012612076604
702.5873879233591
2843.587387923398
2121.9873879233833
1679.5873879234086
399.98738792339515
1306.7873879233832
768.5873879233945
20.787387923388756
-629.4126120766003
-348.412612076615
809.9873879234012
1797.5873879233977
-1985.8126120765903
-1544.4126120766284
396.3873879233996
865.9873879233911
1001.9873879233854
2168.5873879233764
165.58738792338744
-423.4126120766079
69.58738792339449
-1831.6126120766103
-1044.0126120766006
1448.9873879233987
312.3873879233935
712.5873879234003
-659.6126120765592
-1023.4126120766147
-1088.6126120766435
-550.6126120766116
527.5873879233887
-1260.6126120766073
1065.9873879233724
222.3873879233971
-406.6126120766048
-138.81261207661197
-1886.4126120766305
-1322.8126120766058
620.3873879233795
836.5873879233742
68.78738792338817
279.38738792339217
1529.987387923362
1481.1873879233574
427.78738792339254
1225.9873879233849
831.587387923389
-713.2126120766078
130.98738792339012
-830.6126120766214
-2652.412612076609
-780.4126120766069
-195.61261207662204
-944.6126120766415
-203.61261207661082
-195.61261207660814
-288.01261207661594
836.3873879234038
-277.4126120766185
-489.012612076597
-631.6126120766194
-1646.0126120766201
-1938.0126120766201
-676.4126120766003
-1173.412612076608
-712.0126120766062
-547.4126120766197
-1556.2126120765947
526.1873879233857
351.78738792338197
1998.7873879233625
-900.012612076622
-82.21261207659897
454.3873879233804
-298.4126120766166
-3816.412612076508
1231.987387923383
-246.61261207662392
-1966.4126120765927
-328.8126120766127
83.58738792339301
1695.1873879233672
27.787387923393048
-25.812612076601354
1120.7873879234126
-51.61261207660415
-401.41261207660835
-306.61261207660834
-203.8126120766094
-84.812612076608
-261.2126120766063
1991.1873879233383
142.3873879233974
-252.01261207660704
1120.9873879234099
904.3873879234014
1074.7873879234066
1219.387387923367
-22.212612076613983
-426.4126120766016
-837.412612076616
-434.41261207660494
406.5873879233839
278.7873879233938
-152.21261207660385
-1728.0126120766338
-1626.8126120766235
356.58738792338994
577.3873879233904
-73.61261207661468
-963.2126120765989
-688.812612076616
-1854.2126120765947
-824.6126120766154
155.78738792339024
893.9873879234021
278.1873879233912
533.5873879233981
29.787387923391897
-818.4126120766266
-402.4126120766208
-355.0126120766132
-531.812612076611
1158.1873879233988
644.9873879233895
-310.6126120766061
1545.1873879234088
-1155.2126120766015
-1070.2126120766202
1950.7873879234012
-27.212612076616512
-702.8126120766035
-151.41261207660702
-112.21261207661291
1127.5873879233902
-252.21261207660814
425.9873879233886
-226.41261207661455
-266.4126120766276
235.58738792339744
-1408.8126120766146
-180.2126120766116
-707.0126120766265
-695.0126120766013
-1946.61261207658
-1218.8126120765885
208.58738792339182
-1646.4126120766375
-1086.2126120766334
779.9873879234075
942.9873879234046
129.3873879233893
513.3873879234063
-126.61261207661582
-314.21261207661206
1473.7873879233607
-492.61261207660687
-563.612612076612
1530.7873879233705
627.9873879233999
72.787387923394
1141.187387923374
-940.612612076613
486.5873879233891
920.9873879234025
-649.4126120766202
678.3873879234092
2.9873879233948344
-565.4126120765876
770.787387923396
-179.21261207660808
-1037.2126120766065
-1464.0126120766267
-1332.0126120766188
-3248.0126120766267
-1030.6126120766094
-2506.0126120766363
-1775.6126120766198
438.787387923382
-1030.612612076607
-55.0126120766038
251.38738792338467
-796.6126120766037
-536.612612076606
142.38738792339973
309.18738792339843
-1026.612612076621
481.7873879233793
-222.01261207661287
1425.9873879234055
509.5873879233892
448.78738792338214
-15.21261207661054
-396.2126120766076
-804.8126120766087
1140.7873879233841
373.98738792339094
-1845.6126120766398
-1107.212612076622
-980.8126120765971
-2608.212612076674
459.38738792338654
-1488.212612076619
-88.81261207660785
1386.9873879233915
83.58738792339233
390.58738792339057
-455.4126120766073
-328.412612076601
-836.6126120766232
-398.8126120766077
886.3873879233902
240.7873879233902
887.3873879233818
-99.21261207661064
-914.2126120766152
-1281.2126120766125
-561.4126120766078
39.9873879233903
-375.81261207661623
-637.0126120766085
580.5873879233914
-768.8126120766253
614.1873879234189
-106.81261207662062
1307.3873879233995
-202.01261207661022
-304.81261207660816
-705.6126120766265
147.98738792339591
-282.412612076614
-1165.0126120765979
-817.8126120765942
1012.5873879233834
-1537.8126120765887
826.7873879233691
1251.5873879233898
-185.81261207660924
-837.4126120766005
-1472.8126120766049
-677.0126120765923
-1217.612612076636
-425.21261207663184
799.1873879233959
-1330.4126120766186
-795.0126120766072
511.9873879233819
908.387387923402
1071.5873879233932
1951.3873879233076
882.3873879233935
615.387387923398
1193.3873879234015
-1774.4126120766132
-866.012612076613
1172.7873879233669
-1480.4126120765993
304.7873879233995
583.3873879233884
-128.01261207661128
545.1873879233998
-84.2126120766025
-1936.8126120765799
-1083.812612076555
-1132.6126120766135
1457.7873879234405
-195.01261207660224
-501.01261207660866
-364.8126120765939
-587.212612076616
-559.41261207663
-389.21261207661536
-668.0126120766266
-463.8126120766312
-842.4126120766065
1216.7873879234062
-767.2126120766223
752.18738792339
425.18738792339536
1165.587387923377
757.3873879234
1182.3873879233363
-652.2126120766288
-787.6126120766219
1834.3873879234104
-102.01261207660792
968.9873879234142
-259.4126120766024
-110.61261207660857
-148.21261207660896
-125.61261207660847
-574.8126120766117
-239.4126120766066
-584.4126120766068
-3389.4126120766887
-1417.6126120766362
-535.4126120766168
262.7873879234009
156.78738792340914
1167.987387923353
-520.8126120766054
-1776.8126120766226
-236.4126120766217
891.3873879233896
196.58738792338926
942.5873879233827
350.3873879233904
-325.8126120766156
-532.2126120766186
493.587387923389
56.38738792339271
814.9873879233701
-528.0126120766109
840.387387923398
1261.5873879234136
1955.5873879233557
1889.3873879234245
871.5873879234068
1105.5873879234114
-146.61261207660297
2410.1873879233767
111.18738792338706
-543.8126120766007
-508.4126120766125
-2070.0126120766463
-2625.61261207664
-2197.212612076606
-1156.4126120766227
-1585.0126120765715
-355.0126120766238
-450.21261207660694
848.9873879233915
1658.5873879233934
247.18738792339457
-1060.8126120765933
529.3873879233806
1329.5873879233834
-355.41261207660773
245.18738792338183
-84.212612076607
-943.8126120766113
620.3873879233759
99.78738792338586
532.5873879233859
-189.21261207662369
1954.9873879234224
423.5873879233899
762.7873879233791
286.78738792337356
104.98738792340626
444.78738792338316
-22.812612076610193
622.5873879233917
-1285.2126120766006
849.7873879233852
275.1873879233898
-616.2126120766105
-1508.0126120766165
-507.01261207660696
-1604.2126120765897
-508.01261207661514
-1169.6126120766512
-845.8126120766038
-532.412612076613
728.787387923382
778.7873879233855
758.3873879234064
-154.41261207660708
483.78738792336526
133.9873879233803
-666.8126120766186
-1312.6126120766119
-1190.4126120766273
-893.012612076618
-88.21261207661881
827.9873879233854
-441.6126120766049
2181.787387923407
1641.3873879234345
-30.012612076616417
596.1873879233956
2405.787387923478
889.9873879234104
864.387387923367
607.3873879233831
-473.0126120766139
152.1873879233562
-623.6126120766048
830.5873879233898
-1508.4126120766164
148.3873879233912
-821.8126120765957
953.9873879233724
-47.81261207661342
-629.812612076601
-394.61261207661204
529.5873879233865
1808.587387923375
-624.61261207661
-783.4126120766051
-1189.2126120766086
-1171.6126120766082
-442.4126120766102
-334.012612076604
-497.41261207661773
-776.6126120766132
-1689.6126120765962
1724.5873879233627
1305.987387923428
1771.3873879233972
2763.5873879234223
1524.3873879233984
1553.3873879233806
1314.1873879233206
1258.5873879233961
586.5873879233751
-299.01261207661014
-136.01261207661355
-1168.0126120766115
-2195.212612076585
464.98738792338634
48.387387923386854
-951.8126120766271
1160.3873879233934
2487.787387923428
2303.187387923454
-84.8126120766099
-1388.4126120766161
206.18738792337965
-878.4126120766111
-95.61261207659902
-277.81261207660907
-138.61261207660542
-703.61261207661
-306.2126120766091
-379.01261207660383
-886.4126120766169
1018.5873879233465
-1206.4126120765843
406.78738792338777
2360.387387923374
2334.187387923324
248.78738792338117
913.1873879233942
807.9873879233962
-983.6126120766226
945.9873879234009
315.1873879233989
517.5873879233599
607.7873879234065
-651.2126120766052
-81.2126120766039
108.5873879233983
1238.7873879234355
-201.61261207660328
-310.2126120766065
1107.5873879233711
928.9873879234034
-221.81261207660657
-637.0126120766045
-142.012612076606
-2844.0126120766254
23.587387923403554
1504.1873879233672
-80.01261207660926
-395.2126120766139
1104.3873879233909
-18.01261207660504
517.9873879233929
1010.5873879234074
-608.2126120766237
1258.1873879233895
930.3873879233893
561.7873879233938
-1097.2126120765947
1777.7873879234169
1926.1873879234631
782.787387923401
198.78738792338515
866.5873879233685
733.7873879233871
-91.81261207660941
668.3873879233856
207.38738792338586
1355.5873879234027
1665.5873879234034
949.3873879233353
477.1873879234013
128.5873879233949
60.78738792338791
-151.81261207661095
-1540.012612076619
-558.0126120766104
471.38738792338904
606.7873879233953
1278.987387923345
-475.6126120766139
288.98738792339174
508.18738792339155
407.98738792338656
-182.41261207660528
544.9873879233903
907.9873879233916
1498.387387923371
250.18738792338334
-449.8126120766076
-2025.0126120765951
-778.8126120766105
-1390.4126120766168
247.9873879233864
-40.21261207661114
1369.3873879233931
1763.5873879233923
649.5873879233947
561.5873879233827
871.5873879234002
2027.7873879233684
798.3873879233768
1317.5873879233498
-680.6126120766149
-968.2126120766184
-335.41261207661285
-201.81261207660435
-492.41261207660745
-26.412612076613403
965.9873879233943
1439.1873879233374
-35.212612076605076
900.3873879233748
2440.787387923412
1509.5873879233818
31.58738792338871
-1028.8126120766192
-544.0126120766136
653.5873879233865
1239.787387923403
1107.5873879234093
-1513.4126120766293
-1397.2126120766247
-1028.6126120765864
-1085.6126120766364
-623.8126120765908
-1042.4126120766093
-677.0126120766307
392.7873879233885
-143.41261207661742
-1462.2126120766175
989.3873879234127
1605.3873879233702
1208.3873879233693
408.987387923382
-274.8126120766059
126.98738792339412
-88.81261207661227
-1100.6126120765732
635.9873879233776
189.38738792339848
404.38738792339325
2199.5873879233804
1475.987387923364
1752.9873879233694
719.3873879233934
-1339.8126120765999
-1201.2126120766036
1368.187387923388
1282.387387923424
-51.21261207661097
-637.0126120766192
-101.21261207660456
-2350.412612076591
-710.8126120766389
-695.2126120766093
495.5873879233917
-2580.812612076579
-265.61261207659334
1113.7873879234
280.58738792339136
1528.5873879233848
-959.6126120766191
83.7873879233922
-562.012612076619
1147.78738792339
468.9873879233842
1726.587387923351
1487.7873879233628
1364.9873879234185
-847.0126120766124
-314.6126120766114
965.3873879233885
979.3873879234026
1670.7873879233973
611.9873879233944
164.58738792339898
840.5873879233945
583.9873879233922
-242.2126120766141
278.78738792339004
726.9873879233859
-447.8126120766251
76.38738792338896
-696.4126120766126
-812.612612076615
111.38738792342366
-1536.2126120766145
-2054.812612076601
-1242.212612076632
-184.4126120766205
-449.81261207658673
-741.0126120766229
1381.7873879233746
135.38738792339348
-251.21261207661405
659.7873879233821
428.58738792339204
873.1873879234104
664.7873879233979
434.5873879233888
-122.61261207660553
-2510.212612076617
-2216.6126120766166
-270.41261207660284
868.1873879233975
2164.987387923365
1034.7873879233964
-584.8126120766143
1007.1873879233823
-468.61261207660675
369.58738792338744
566.9873879233835
712.5873879234217
16.987387923388184
602.3873879233839
-1455.0126120766065
-935.4126120766074
-1813.8126120766312
-1235.4126120766316
-1368.212612076553
-1539.2126120766
-1292.2126120766193
512.9873879233905
893.5873879233922
1033.9873879233949
826.5873879233948
392.9873879233926
228.5873879233646
792.187387923375
1617.7873879233919
469.787387923389
1108.7873879234357
-11.012612076604015
-1254.412612076554
-1134.812612076616
616.1873879233817
1868.1873879233583
1012.7873879233636
377.7873879234006
941.3873879233953
933.3873879233827
1686.3873879234268
200.3873879233921
659.1873879233666
136.78738792338675
291.78738792338373
852.5873879233865
-938.0126120765981
-877.0126120766283
-2107.6126120766417
-629.4126120766106
21.387387923386548
-1736.81261207666
-1665.2126120766345
-125.21261207660727
1443.7873879233528
1487.38738792339
451.98738792338867
1307.787387923378
615.3873879234052
897.9873879234227
1804.1873879234427
257.3873879234065
1111.3873879234204
2354.587387923357
-573.2126120766172
530.7873879233878
1168.5873879234098
417.78738792338817
943.1873879233713
-779.2126120766153
-394.21261207661405
1023.9873879234291
905.987387923376
178.5873879233936
-997.4126120766097
-508.0126120766123
-923.4126120766283
-619.4126120766333
-568.0126120765935
-1431.4126120765961
-1172.4126120765807
-176.8126120766029
-702.612612076577
-1223.612612076599
-2165.2126120765747
-1643.0126120766106
498.3873879234
-387.61261207661056
851.7873879234191
487.78738792339675
263.18738792339184
401.5873879234177
734.7873879233954
-461.8126120766225
2553.3873879234293
381.98738792339645
-2163.4126120766095
-507.0126120766136
1044.3873879233886
507.7873879233929
618.1873879233892
1313.18738792336
1509.3873879234095
1796.5873879234266
754.3873879233854
84.58738792339146
-49.212612076611734
37.98738792338234
-944.0126120766143
-63.812612076605284
-1775.812612076565
-2258.812612076644
-2180.012612076575
-2302.2126120765643
-1697.8126120766535
-412.2126120766044
-1293.4126120766277
-32.41261207661246
1098.3873879233865
-286.8126120766089
352.38738792338864
462.5873879233651
-121.21261207661178
973.3873879233906
1841.5873879233982
1018.5873879233834
2331.7873879233866
384.7873879234015
-727.4126120766241
-1910.8126120766372
1522.7873879234073
-467.21261207661365
-358.41261207661125
-205.41261207661273
-246.21261207660675
-149.41261207660213
-756.0126120766207
801.9873879233934
1135.9873879233821
-912.2126120766263
-416.812612076605
204.58738792339975
-1781.2126120765652
-2276.412612076668
-1071.612612076581
-1640.2126120765708
-2046.2126120765836
-6.612612076614376
69.78738792339645
326.38738792338694
-475.61261207659777
-226.41261207661438
-475.0126120766163
-603.0126120766041
1032.7873879234162
2116.3873879234443
90.78738792339891
-167.81261207661245
478.78738792337464
1589.3873879234056
-1390.8126120766017
-1893.8126120766235
2318.187387923404
-196.01261207661045
233.18738792339195
1159.3873879233672
1164.5873879233957
393.9873879233959
572.7873879233902
438.38738792338876
1163.5873879233834
109.38738792339652
-169.6126120766002
-368.4126120766089
-162.61261207660385
97.38738792338013
-1477.8126120765833
-1754.812612076632
-237.61261207659612
-72.21261207662252
-255.61261207661676
-62.6126120766116
-755.2126120766302
-499.6126120766106
-19.812612076612535
222.3873879233931
-1765.6126120765814
1110.1873879233751
549.1873879233924
235.38738792339583
1125.9873879234015
-12.812612076610243
-1407.8126120766115
-685.2126120766161
-986.2126120765969
-1096.2126120766166
1532.5873879233764
765.9873879233971
-192.21261207661303
-685.2126120766015
365.1873879233944
53.787387923387044
-193.61261207659646
625.3873879233802
1693.3873879233774
-1490.812612076596
-636.4126120765962
-473.4126120766196
-1634.012612076565
-1047.6126120766282
-375.8126120766112
-963.6126120766046
828.7873879233831
-2.612612076617907
226.78738792339288
-534.8126120766143
-572.2126120766084
1296.1873879233933
-558.2126120766138
793.5873879233743
425.787387923392
1404.1873879233813
379.7873879233979
-2686.0126120766545
-92.01261207659974
-1919.6126120766355
-1591.6126120765819
723.7873879233955
242.38738792338827
365.78738792337055
915.7873879233869
429.58738792338676
1999.9873879234256
1703.1873879234176
-403.81261207662135
-467.01261207660315
1501.9873879233742
-1207.8126120766192
89.18738792339003
-834.4126120766234
-1036.2126120766231
-1025.2126120766181
-1031.612612076621
24.387387923400198
567.5873879233843
-2775.4126120765877
588.9873879233883
1403.187387923362
-782.6126120766104
427.58738792338926
-216.4126120766114
398.7873879233861
657.9873879233814
694.3873879233898
-1279.0126120766313
-2276.812612076591
-2300.0126120766213
-2390.212612076645
-199.61261207660925
1328.1873879234263
-1632.4126120766027
192.78738792339476
635.3873879233777
1009.1873879233651
2003.3873879233577
1541.3873879233602
-143.6126120766125
1223.587387923415
1975.5873879234266
227.7873879233907
191.58738792340634
419.787387923398
215.18738792339215
-940.8126120765874
-194.41261207661415
565.1873879233849
-66.01261207660765
-616.812612076611
-481.8126120766041
1683.587387923424
-1069.6126120766016
276.1873879233931
341.3873879233968
1780.187387923378
675.9873879233857
-853.6126120766169
-1649.2126120766338
252.98738792338264
-1569.812612076616
1412.5873879233807
1575.987387923388
-355.6126120766132
-803.8126120766165
2383.7873879234025
155.38738792338893
-568.4126120766077
-1155.2126120766206
-1287.6126120766137
1187.1873879233906
1185.5873879233918
1011.5873879233861
1972.1873879233763
1026.1873879234015
58.78738792339243
1056.7873879233875
647.9873879233807
39.787387923396274
437.78738792338396
543.3873879233803
1584.7873879233891
14.187387923388535
978.587387923399
470.9873879233857
1602.5873879234052
-401.61261207661676
-724.812612076614
433.9873879233871
-487.8126120766084
-1390.212612076617
-929.4126120766078
-1744.612612076612
1203.5873879233723
1045.9873879233799
-397.61261207661056
-904.612612076615
1632.987387923384
924.1873879233889
425.58738792339443
-188.01261207660804
20.987387923390255
475.3873879233804
-1084.212612076605
326.38738792339467
1011.1873879233783
-125.6126120766177
-1616.812612076609
504.58738792339545
-501.21261207660694
-1283.4126120766148
778.7873879234007
1531.5873879233807
1234.7873879233932
451.587387923389
238.9873879233922
-556.4126120765949
1309.7873879233875
-102.01261207661115
-1222.6126120765978
-1104.0126120766315
-181.21261207660484
-391.0126120766125
5.9873879233926885
-1496.4126120765882
-2328.612612076662
-1784.8126120767058
1099.5873879233918
-940.8126120766012
-1086.6126120766066
-801.8126120766057
-474.41261207660864
-495.21261207660825
1633.9873879234249
810.5873879233835
-605.0126120766087
1500.3873879233602
1614.987387923448
2262.3873879234416
1279.5873879233516
1058.9873879233878
1.7873879233982777
930.9873879233925
-1111.2126120766018
259.18738792339815
1740.9873879233724
-1157.2126120766302
5.387387923391934
-572.0126120766118
-1242.6126120766003
-287.01261207660383
-216.21261207660925
-605.2126120766034
-1066.612612076614
-911.6126120766213
137.98738792340498
-456.41261207660955
-535.0126120766027
-867.4126120766094
1273.987387923378
1836.5873879233798
306.98738792337855
-519.0126120765998
-1077.2126120766175
-784.8126120766034
1352.787387923351
1139.187387923394
283.98738792339117
796.5873879234057
-497.41261207659755
-307.01261207660366
1149.1873879233926
898.9873879233716
1710.9873879234206
1644.3873879233515
-92.01261207660501
-627.012612076607
-1148.612612076607
-376.0126120766051
1490.587387923401
687.3873879234036
273.98738792339344
-226.01261207661162
554.3873879233939
368.78738792340005
-152.01261207660417
-46.012612076609386
998.3873879233879
1512.1873879233756
1913.3873879233972
-1288.2126120766113
-1523.8126120765937
-551.8126120766086
-1212.0126120766001
-838.8126120766121
1628.9873879233905
1086.9873879233965
992.1873879233904
1580.1873879233606
-293.61261207660874
209.18738792338922
1666.587387923407
-131.2126120766025
1298.9873879233949
1107.1873879234056
866.7873879233946
630.787387923387
1393.9873879234265
1755.1873879233758
-446.0126120766058
1460.5873879234132
764.3873879233967
-653.0126120766024
27.787387923393446
-728.0126120766189
-1142.6126120766062
467.7873879233875
1037.1873879233815
314.187387923397
610.5873879233854
1256.587387923355
1243.1873879233617
185.38738792337128
557.7873879233852
-120.41261207660554
-2277.8126120766487
-1084.6126120766119
116.58738792338889
-351.2126120766127
1179.3873879234136
1077.1873879233951
506.1873879233959
1001.3873879233996
419.1873879233775
490.98738792339117
2306.58738792335
1599.5873879233607
1694.7873879233853
1360.587387923392
782.7873879234055
1092.787387923402
1524.7873879233684
439.7873879233838
750.1873879233887
460.98738792338236
-174.0126120766131
2436.587387923406
1806.587387923398
2319.587387923429
-789.0126120766101
317.78738792339584
1223.587387923385
-218.41261207660395
-3736.412612076625
820.3873879233902
233.3873879234008
-981.8126120766259
383.187387923389
315.5873879233866
899.1873879233899
-1328.6126120766075
33.18738792339328
1193.9873879233896
394.78738792338646
-169.2126120766102
-1264.4126120766357
-1269.2126120766002
-1205.0126120766247
-1211.2126120766325
946.7873879234036
-91.81261207660705
-761.0126120766214
247.5873879233862
-88.81261207661328
1515.987387923381
721.1873879234072
-1935.6126120766296
-822.2126120766058
-827.2126120766239
-788.2126120766173
-772.2126120766061
-420.2126120766252
-594.8126120766178
-2889.6126120765925
-4006.2126120766857
-565.2126120766133
-157.2126120766338
274.7873879233884
989.1873879233965
1329.5873879233957
-307.212612076614
236.18738792338456
863.3873879234263
1728.787387923409
503.9873879233869
528.5873879233932
316.1873879233914
-794.2126120766147
-891.0126120766129
-564.0126120765711
-410.4126120766134
706.7873879233715
-17.01261207660707
-407.4126120766111
849.9873879233746
-2252.812612076647
-1346.2126120766122
899.5873879233873
-1907.812612076584
-865.6126120766014
831.9873879233788
378.58738792340307
1296.1873879233885
-130.61261207659797
103.1873879233805
-1154.4126120766016
-1880.0126120765995
-1257.4126120766239
-2363.4126120765623
-360.6126120766057
443.78738792339226
1792.5873879233723
482.78738792339084
569.3873879233865
1595.987387923374
-891.0126120766131
-1062.4126120766318
-144.6126120766134
1106.187387923368
236.9873879233916
149.3873879233932
-325.01261207661497
-583.6126120766031
233.98738792338756
-1107.8126120766133
-669.0126120766176
569.7873879233952
-335.2126120766121
0.5873879233999588
573.9873879233927
-1308.812612076592
744.1873879233809
1382.1873879234129
-218.81261207661174
1341.587387923419
313.18738792339644
-1326.4126120766414
-531.4126120766064
-1140.8126120766292
-1735.6126120765764
-1870.0126120766106
-383.01261207661065
-1673.6126120765775
1484.587387923414
632.3873879234065
329.38738792338637
1758.1873879234645
-296.0126120766074
756.9873879234103
44.58738792339183
-422.21261207660666
169.98738792339495
36.58738792339816
208.5873879233916
-772.012612076604
-372.2126120766103
-220.81261207660657
2272.9873879234465
794.7873879234054
341.1873879233817
359.3873879234028
-1385.6126120766112
-1510.012612076578
1379.987387923398
888.9873879234062
-510.21261207660916
223.387387923385
-217.61261207661101
-3024.0126120766763
405.3873879233864
-1418.6126120766412
-1002.4126120766181
-424.0126120766043
-116.41261207661489
1494.7873879234191
1406.587387923398
2108.9873879233623
1376.3873879233947
1255.3873879234204
1308.3873879233804
962.1873879233743
1280.7873879234153
-612.6126120766143
-910.412612076628
-1443.4126120765754
-1224.6126120765857
-1032.6126120766141
-1411.4126120765943
-1414.6126120766423
1038.5873879233775
349.7873879233915
1388.9873879234144
1044.787387923386
774.9873879234214
-862.212612076619
-421.6126120766063
-407.812612076609
1624.1873879234106
2122.1873879234267
421.1873879233957
-369.0126120766105
1011.7873879233846
-1386.0126120766104
-2.6126120766133454
-1298.0126120766017
-1741.812612076589
-1396.6126120766185
-1217.2126120766059
-43.01261207660471
-335.612612076609
-710.4126120766222
-491.01261207661287
-1525.4126120765868
-78.61261207661107
596.5873879233749
421.1873879233827
320.58738792339284
1087.7873879233846
-378.2126120766014
-1680.2126120766097
-466.0126120766067
-1721.0126120766022
-18.012612076602082
1535.187387923398
-711.6126120766098
47.58738792339038
-147.41261207661242
-596.2126120766017
632.1873879233664
1939.3873879234259
1280.387387923376
446.38738792339615
-1317.8126120766096
1038.7873879233582
-353.812612076607
-17.01261207660533
-742.6126120766227
-884.4126120766122
-734.4126120765977
380.9873879233926
885.3873879233997
323.7873879233881
-1891.212612076622
529.387387923385
-1054.0126120765956
791.7873879233898
1142.1873879233876
583.9873879233985
71.38738792339326
520.587387923393
-889.4126120766213
-2975.6126120766453
-541.6126120766148
-242.01261207660752
977.3873879233972
-1090.212612076584
-259.21261207661036
399.3873879234183
325.38738792339825
-234.41261207661148
-298.4126120766099
1752.58738792342
318.18738792337206
540.3873879233898
184.38738792339353
883.1873879233807
659.3873879233837
2464.787387923444
378.38738792339245
-1455.012612076602
-305.01261207660525
2595.9873879234024
1256.787387923424
370.98738792337963
-987.6126120766135
-234.61261207660584
-289.61261207660897
422.9873879233847
-254.41261207660745
-451.81261207661066
-1530.412612076604
-402.6126120766064
667.7873879233805
-195.21261207658895
-1487.8126120766215
-386.2126120766166
-130.41261207661898
-2149.0126120766026
2096.187387923371
257.98738792338884
-629.6126120766145
-377.41261207661535
-1628.2126120765913
-37.01261207659895
1559.7873879233916
2198.18738792341
562.7873879233935
399.787387923401
61.98738792339522
1310.387387923398
1628.5873879234348
-296.4126120766116
-691.6126120766136
1465.787387923406
1298.3873879234163
-892.2126120766046
-352.4126120766118
-13.612612076594196
-388.01261207661213
785.1873879233893
577.3873879233753
781.3873879234073
-1520.8126120765896
658.7873879233723
307.7873879233946
-945.412612076621
-2173.6126120765975
-2376.61261207662
-1752.0126120766074
-2939.0126120766113
-213.01261207660494
-655.212612076619
1053.3873879233959
-138.0126120766094
-685.0126120766033
-166.41261207660347
1535.187387923394
243.18738792337183
-200.6126120766154
-2123.2126120765984
-933.212612076579
-426.0126120766067
-450.0126120766102
-753.4126120766117
-42.01261207660793
-1303.8126120766024
-636.6126120766179
1002.7873879233903
864.7873879233948
315.1873879233869
277.1873879233919
-512.4126120766066
1418.9873879234103
1941.3873879233843
-1720.6126120766328
85.9873879233883
382.3873879233927
-1264.6126120766191
-898.2126120766391
146.1873879233932
-728.4126120766228
-1067.6126120766044
619.3873879234121
1183.5873879233375
868.1873879233909
96.18738792337908
1443.787387923425
-440.8126120766142
-15.01261207661431
-1489.412612076613
-505.61261207660334
-1790.2126120765936
-1183.612612076608
560.3873879234005
-652.2126120766102
129.38738792338944
-1860.0126120766186
-1679.6126120766219
-2410.812612076621
-280.0126120766074
1476.7873879233666
1662.5873879234005
1523.787387923396
-295.0126120766023
-286.41261207660614
2011.5873879233623
-152.21261207660942
-99.61261207662398
1273.5873879233966
-412.212612076604
-745.6126120766074
-18.412612076612362
70.58738792339237
-1312.8126120766044
-579.6126120766093
437.78738792337424
-314.4126120766093
-970.4126120766073
490.78738792337606
235.1873879233853
-947.012612076601
285.1873879233923
999.3873879233859
1143.5873879233684
-367.6126120766053
580.1873879233827
140.187387923387
-1378.0126120765997
-641.4126120766135
-510.4126120766018
-703.012612076605
-432.8126120766148
849.9873879233943
788.3873879233688
586.1873879233483
1904.587387923362
-466.4126120766083
-1339.0126120765958
-62.812612076606385
598.5873879233918
-1352.4126120765834
-747.0126120766289
-1389.0126120765626
-1571.612612076622
411.1873879233917
-191.61261207660772
1375.3873879234072
-75.21261207661004
-1638.012612076585
200.78738792338675
-980.8126120766366
-264.41261207661023
-819.2126120766003
-4.21261207661464
1881.5873879233654
1342.3873879233438
244.58738792340495
1816.187387923395
869.987387923372
-2038.4126120765823
504.9873879234034
280.78738792338555
-1075.8126120766267
-172.2126120766221
840.5873879233941
-448.81261207661004
723.7873879233757
1085.7873879233696
-1453.4126120765845
-2003.8126120766296
-2058.4126120765723
-349.4126120766038
-1370.4126120765834
1839.5873879233968
412.18738792339644
-590.0126120766073
-673.0126120766191
280.98738792339157
1071.1873879233733
-1806.4126120766625
-1394.2126120766175
167.38738792339086
-676.4126120765939
-989.0126120766153
-959.6126120766017
-181.21261207661152
582.5873879233925
898.7873879234065
272.18738792339514
127.38738792339359
565.3873879233935
393.38738792339063
425.38738792338233
-460.2126120766195
-3009.012612076585
-917.412612076587
-21.212612076612317
169.98738792338736
-486.6126120766147
-458.8126120766234
-1045.812612076607
-1592.2126120766322
-2191.8126120766165
222.58738792338636
27.387387923393064
103.98738792339162
-2198.0126120766217
-48.612612076611214
-317.6126120766052
759.3873879233867
1037.1873879233988
-458.2126120766019
365.9873879234026
1675.7873879233928
585.1873879233929
-1207.612612076603
34.787387923392515
-781.0126120765956
-456.81261207661294
695.3873879233981
1690.787387923417
605.7873879233729
218.58738792338636
317.58738792338823
657.1873879233812
-1182.4126120765984
-1187.8126120765362
892.5873879233816
1418.7873879233791
798.5873879233839
-549.2126120766109
216.58738792338522
-96.21261207661126
-558.81261207661
-950.6126120766182
-757.2126120766004
704.5873879234011
-195.81261207661169
-1766.2126120766118
-322.61261207661175
-23.412612076609733
-1147.612612076594
-200.01261207660306
141.58738792339736
-1551.412612076622
922.9873879233872
880.7873879233932
-563.0126120766125
-269.8126120766101
-604.6126120766052
158.78738792339493
1399.5873879233932
2197.587387923359
1230.3873879233931
-146.61261207661255
-916.0126120766104
538.3873879234063
-597.2126120766017
-76.01261207661165
-385.2126120766052
-1364.8126120766137
-1534.6126120766141
168.78738792339163
1393.187387923367
-351.2126120766218
-926.212612076573
-1386.4126120765761
-2514.8126120766087
526.7873879233915
412.98738792338816
1085.3873879233906
-1709.212612076556
1183.5873879233802
1539.5873879233895
435.98738792339424
1349.3873879234143
-1607.8126120765571
-581.8126120765965
-1473.812612076611
-184.81261207660734
87.98738792339273
255.98738792338622
-338.01261207660764
2240.1873879233517
2108.1873879233513
1582.1873879233947
1100.1873879233915
-1092.2126120765781
-1077.6126120766144
-733.4126120766028
-892.8126120766397
194.7873879233955
789.9873879233827
-68.81261207660685
-997.4126120766125
-252.21261207661902
-1116.6126120766091
93.18738792339295
-360.01261207658064
-276.2126120766294
1387.1873879234076
484.58738792339517
-167.61261207660584
301.58738792338943
1713.5873879233695
1639.787387923398
386.9873879233921
1169.9873879233896
485.3873879233836
258.58738792338755
167.98738792337684
-254.01261207660616
649.9873879233975
-960.0126120766021
-1966.8126120765826
-179.41261207660955
-8.812612076617306
851.9873879233797
349.587387923388
-563.2126120766168
-227.21261207660953
-438.61261207662693
-1619.8126120766244
172.98738792339142
-738.0126120766066
923.9873879234029
273.58738792338255
504.58738792339085
-473.8126120766068
641.3873879233879
-551.612612076602
615.7873879234072
-129.21261207660157
549.387387923391
40.58738792337685
-1049.212612076613
-111.21261207662299
1209.7873879234069
462.18738792339957
-1232.2126120766086
-291.2126120766155
300.9873879233921
-238.41261207660745
-271.81261207660685
1153.9873879233917
-1247.8126120765914
-1047.4126120766202
-422.0126120766184
73.78738792338726
1268.387387923398
1194.387387923399
1285.1873879233679
276.18738792338763
116.78738792339229
541.7873879233794
-47.412612076619034
759.1873879233947
-375.6126120766114
363.38738792339274
-499.21261207660774
222.58738792339636
1283.7873879233814
422.38738792339285
1018.1873879234004
-992.8126120766203
761.1873879233822
1175.3873879234002
-953.8126120766192
111.78738792337595
446.9873879234125
-285.0126120766124
-1283.212612076614
-1496.4126120765961
308.3873879233971
-201.6126120766108
-58.01261207661001
1359.5873879233698
-1463.2126120766193
-445.8126120766074
1574.98738792332
8.587387923392434
1596.7873879234044
964.9873879234092
-336.0126120766146
518.7873879233906
-937.8126120766098
-730.8126120766212
63.78738792339345
-702.2126120766089
-1232.812612076617
-588.6126120766072
104.78738792338201
-1189.8126120765912
-919.4126120766331
983.9873879233843
1075.7873879234064
-149.21261207660507
1284.187387923376
742.3873879233852
149.38738792339254
522.9873879233879
75.58738792337797
-1032.2126120765818
-2570.012612076587
229.7873879233893
-65.41261207661532
-1024.8126120766124
-705.4126120766233
603.5873879233754
-1363.2126120766143
1503.5873879233848
-240.6126120766071
-778.812612076602
1152.3873879233754
829.3873879233946
-278.61261207660397
232.7873879233832
643.7873879234029
-127.01261207662296
-394.21261207660933
-1910.212612076581
-2031.812612076651
-249.0126120766181
1510.1873879234017
-470.8126120766069
-96.8126120766079
127.38738792339213
159.38738792339444
-731.6126120765999
-490.81261207660384
-1092.6126120766062
107.18738792338787
137.78738792339217
899.1873879233858
81.98738792339788
-1683.812612076663
132.38738792338512
316.18738792338206
-1354.212612076604
-1149.6126120766385
1051.9873879234003
-232.61261207661448
947.3873879233996
681.9873879233903
1174.3873879233809
124.78738792339567
1616.3873879233788
-1589.8126120766292
-817.0126120766133
-731.6126120765989
-2168.2126120765947
-2044.6126120766157
-2019.2126120766745
-616.2126120766144
813.9873879234002
173.387387923397
-100.01261207660208
1147.9873879234017
-14.612612076612118
-1123.0126120766283
148.58738792338778
249.78738792338928
-1296.8126120766085
641.3873879233848
442.98738792341095
823.9873879233899
599.7873879233844
328.7873879233883
-338.6126120765979
-160.81261207660447
1352.1873879233779
708.1873879233797
-919.0126120766039
-1244.612612076601
-1186.2126120766
1867.1873879233485
676.5873879234048
-542.6126120766024
2040.387387923467
-1239.812612076605
-569.8126120766235
825.5873879233874
749.9873879233837
-36.4126120765817
514.3873879233824
-808.2126120766291
1628.587387923376
1327.7873879233748
-451.2126120766127
1098.9873879233771
1912.1873879233854
908.7873879234004
-29.612612076621716
174.38738792339456
1391.7873879233553
1234.3873879233768
386.5873879233965
1048.7873879233732
1307.1873879233895
582.5873879233932
-541.0126120766082
-93.01261207660718
-1446.2126120766184
719.5873879233824
-356.612612076623
-488.4126120766232
58.1873879233917
209.98738792339347
1078.5873879233518
1701.587387923401
253.78738792339354
-447.61261207660095
983.9873879233911
-94.81261207660359
-251.81261207660347
-915.8126120765813
-657.8126120766009
-1453.6126120765603
678.1873879233842
2196.1873879233935
814.3873879233798
-1200.8126120766294
766.1873879233734
1027.3873879234
-634.2126120766046
1176.9873879233776
1537.9873879234026
-683.2126120766164
1161.3873879233868
1302.3873879233815
1397.3873879234245
-447.2126120766098
-1038.6126120765946
297.78738792338294
-1166.4126120766095
94.78738792338595
-1082.0126120766063
767.5873879233762
790.1873879233792
-90.41261207661071
3540.987387923383
-637.4126120766282
-808.2126120766054
1481.9873879233965
583.3873879233854
-466.2126120766153
-892.4126120766035
-1757.6126120765985
-89.61261207661744
-107.61261207661886
-936.0126120766381
-879.2126120766108
-405.41261207660796
-1812.0126120765972
19.38738792338915
-0.4126120766173784
-251.61261207660942
-171.61261207660272
359.58738792338653
-171.01261207660195
484.9873879234074
-1120.8126120766326
1754.1873879233617
1486.9873879233885
-656.8126120765918
-1083.6126120766187
-1579.4126120766325
-302.4126120765941
-834.6126120765732
759.5873879234094
970.5873879233794
919.7873879233825
1940.7873879233653
-2256.212612076598
-620.2126120766069
1526.7873879234007
43.58738792339466
658.7873879233902
-723.8126120766045
-811.6126120766247
698.3873879233931
-220.0126120765988
-1018.8126120765992
646.3873879233969
-62.41261207660963
-408.21261207660285
210.1873879233975
714.5873879233707
-177.8126120766093
-1965.612612076612
252.98738792338435
34.9873879233939
197.78738792339323
622.1873879233946
592.7873879233848
1869.7873879234362
88.78738792338828
-290.0126120765889
-1195.4126120766084
1184.7873879233832
-619.8126120765967
-1583.4126120766214
-258.01261207660605
1924.9873879233648
339.98738792339236
1651.9873879234033
584.3873879234017
-753.6126120766372
-3.2126120765812587
2327.987387923393
-207.61261207661423
-832.2126120766268
-1406.8126120766244
-1728.8126120765787
60.187387923387234
225.58738792338985
-1036.6126120766037
549.9873879233976
523.387387923403
45.787387923386355
108.78738792339665
-999.2126120766154
-793.0126120766198
-815.8126120766092
458.18738792338246
1273.1873879233924
-720.4126120765937
743.1873879233857
1499.3873879233802
1272.7873879233812
-1185.6126120765962
-43.41261207661068
1598.7873879233425
525.1873879233917
679.1873879233808
631.98738792339
-1182.4126120766061
1089.5873879234096
-95.4126120766131
-702.2126120766394
-670.212612076592
1092.1873879234365
116.58738792339278
-26.01261207659907
296.1873879233857
586.3873879233952
-179.41261207662427
-1226.2126120765538
-726.0126120766189
-443.81261207659674
-459.412612076596
-687.0126120766096
961.5873879233859
-1457.6126120765855
-2377.8126120765974
-321.01261207662003
970.5873879233864
4.587387923389429
-1304.012612076628
-806.2126120765809
-675.4126120766088
1382.3873879233654
-540.4126120766259
-541.212612076609
475.5873879233906
881.9873879233878
1294.3873879233438
1429.1873879234022
-1060.4126120765973
-2319.212612076608
-2706.01261207661
770.7873879233867
-264.81261207660975
-927.0126120766153
-830.0126120765981
-915.6126120765898
-377.21261207662656
745.3873879233896
-219.01261207661113
-728.4126120766106
741.3873879233918
154.5873879234016
1369.3873879233988
1306.5873879233827
643.987387923419
-1702.4126120766248
-1022.6126120765771
-2270.612612076606
355.7873879233941
1967.987387923406
-1922.0126120766092
-975.8126120766213
-939.6126120765935
-290.81261207660816
210.98738792338764
-218.01261207661182
-120.81261207660688
-1105.6126120766123
-1610.2126120765824
85.98738792339094
-656.6126120766302
-101.01261207660825
-1142.0126120766377
893.9873879233874
2542.787387923364
952.787387923389
-277.6126120766023
-1608.2126120766425
-2002.6126120765884
-335.01261207660605
-713.4126120766227
-341.41261207660506
751.5873879233826
-2126.8126120765696
-2319.8126120766246
-219.01261207660883
-1328.2126120766152
-1518.0126120765638
-171.81261207659986
-73.61261207660573
964.587387923392
744.5873879233958
-302.81261207662095
307.7873879233934
-116.21261207660325
-156.41261207659966
-1238.6126120766094
-779.2126120766158
-929.4126120765915
-1174.6126120765866
-1395.8126120765703
-417.81261207661555
45.58738792338935
573.5873879233845
-2105.6126120766226
-1379.212612076629
595.1873879233959
-139.41261207661307
-476.21261207660865
1102.1873879233972
-149.41261207660582
-1304.4126120766177
-160.61261207660797
-1224.2126120765913
8.3873879233889
451.3873879233867
-2864.8126120765696
-1671.412612076604
-1528.0126120765883
-2438.012612076639
-1272.2126120766068
1145.1873879234022
2231.3873879234325
189.18738792337996
560.9873879233877
-865.4126120766306
-1089.412612076622
-1104.812612076615
-2501.4126120766095
-3251.8126120767183
-1637.2126120765843
-495.0126120766066
-410.0126120766039
-494.0126120765841
-1179.6126120766307
-1019.6126120766147
-363.41261207660756
1821.5873879233627
659.3873879233952
-839.212612076598
510.38738792338745
578.7873879233838
-1166.2126120766359
-559.4126120766139
772.9873879233869
234.98738792339418
361.38738792339177
237.78738792338677
-1430.8126120766099
-1370.8126120766376
-1759.4126120766236
-1244.0126120766151
-1813.6126120766403
-1199.012612076605
-522.0126120766014
347.18738792338456
-689.0126120765992
-180.0126120766214
-114.21261207662351
-1039.8126120766212
439.38738792339586
-517.8126120766135
680.3873879233904
-1487.2126120766102
-124.21261207661246
114.98738792339157
-3207.8126120766433
