-989.4788792174681
-808.2788792173731
-574.278879217369
-1054.678879217377
284.3211207826277
-134.27887921737587
-418.0788792173769
-212.47887921738004
625.7211207826198
-657.2788792173876
-2984.078879217395
-2599.67887921735
154.72112078262649
45.32112078262605
331.7211207826214
-292.6788792173714
-1639.2788792173892
-716.4788792173729
150.52112078263252
263.92112078262596
-1231.8788792173762
-877.4788792174007
-901.878879217408
-749.8788792173865
46.521120782622475
-318.2788792173818
-183.87887921737928
879.9211207826198
1882.1211207826386
502.3211207826292
-321.8788792173765
1043.3211207826075
1968.9211207825244
1417.1211207826486
1438.1211207826166
111.32112078262517
2263.521120782632
2600.5211207826846
-51.07887921736183
158.32112078261736
890.721120782621
156.12112078262504
-881.6788792173809
-491.67887921738304
2228.321120782624
1547.921120782612
1871.321120782656
2966.521120782631
1733.7211207826247
1942.7211207826108
1608.3211207826125
1958.3211207826107
950.5211207826295
1223.5211207826294
-194.67887921738466
244.32112078263006
-50.278879217374
-679.2788792173758
-1015.2788792173927
-1986.4788792173554
-323.87887921737837
1584.7211207826401
9.321120782624256
721.521120782616
1842.7211207826338
-946.6788792173937
707.121120782615
429.32112078261736
966.1211207826138
2932.121120782638
-43.2788792173786
-839.6788792173876
-1595.4788792174054
-4.478879217378513
-1135.878879217376
-1687.87887921737
420.72112078263325
-679.278879217364
-1482.078879217402
91.32112078262136
-527.2788792173837
-597.4788792174076
-1374.6788792174223
-307.2788792173697
-904.4788792173954
-998.0788792173774
-2508.278879217389
-9.87887921737834
541.3211207826166
-907.0788792173888
-2011.078879217413
-902.4788792173803
1216.72112078259
-74.07887921737452
-1372.2788792173844
-1096.4788792173772
1625.9211207826631
-2352.6788792173948
1200.921120782626
678.5211207826302
949.5211207826214
529.5211207826208
517.3211207826345
1742.3211207826319
614.3211207826301
-104.07887921737671
-1545.2788792173944
-136.2788792173735
1050.921120782622
236.12112078262015
266.52112078261916
502.32112078262037
-5.078879217378699
-290.6788792174005
893.1211207826307
9.921120782621863
-1880.0788792173732
-287.47887921738885
1853.7211207826233
1457.1211207826082
48.92112078262885
-1203.2788792174106
-2452.0788792174194
-815.6788792173686
-64.87887921737322
-1946.8788792173568
-1422.2788792173174
-256.8788792173815
2240.5211207826515
-1611.2788792173885
-236.0788792173773
663.9211207826147
428.921120782664
2279.1211207827205
314.72112078262745
-1003.2788792173825
-142.2788792173844
-320.47887921737674
-1472.278879217391
-475.6788792173623
1573.7211207826294
1313.3211207826123
1289.3211207826164
891.9211207826394
-1874.4788792173226
-3052.0788792174058
-1538.0788792173216
-1715.2788792173544
432.52112078263093
1327.5211207826187
1062.1211207826157
2141.721120782618
1239.3211207826018
926.9211207826388
813.521120782632
1028.1211207826352
954.9211207826409
-1612.8788792173816
-396.2788792173893
535.9211207826165
503.5211207826251
-1042.2788792173935
-1388.27887921738
-790.678879217381
325.9211207826141
1786.7211207826988
78.5211207826298
-879.4788792173593
-382.4788792173727
-2209.478879217389
997.7211207826281
-533.2788792173892
1442.1211207826213
1999.5211207826153
745.1211207826187
-418.2788792173757
-1928.47887921737
-1583.0788792173712
-1401.4788792174306
-1528.278879217444
-1943.2788792174072
536.1211207826246
-840.0788792173774
725.7211207826164
-492.47887921737595
-2233.678879217426
701.1211207826416
2341.321120782609
673.321120782625
503.72112078262876
-312.2788792173885
377.3211207826341
382.72112078262364
-490.27887921738557
630.5211207826261
-1975.2788792173733
516.9211207826264
1250.721120782639
856.3211207826346
926.7211207826273
-333.6788792173761
-2186.078879217385
731.7211207826149
-118.67887921737788
1812.5211207825978
2405.321120782669
380.9211207826268
-686.0788792173751
-1977.4788792172765
1721.5211207826146
971.7211207826202
-842.8788792173893
-891.8788792173772
162.72112078261756
-615.0788792173804
-1238.678879217386
-2627.4788792173613
-2112.8788792173827
379.3211207826106
437.52112078261615
492.72112078261927
-645.0788792173774
-618.8788792173897
14.121120782615641
-1097.4788792173692
879.1211207826271
474.52112078261905
840.9211207826202
-872.478879217365
790.321120782615
1254.121120782628
393.321120782614
648.3211207826364
-840.2788792173734
-483.4788792173742
-1579.878879217415
-23.87887921736189
1318.7211207826415
-301.27887921738215
663.121120782615
-275.478879217371
-1139.2788792173606
-1072.4788792173867
554.3211207826344
1405.1211207826207
470.5211207826202
-1794.4788792173695
-1427.278879217378
-1482.2788792173574
-384.27887921737727
1014.7211207826232
929.7211207826118
1449.9211207826213
-1783.0788792173682
-621.4788792173825
-67.27887921736728
417.92112078262954
24.921120782622186
-1391.0788792173898
-689.4788792173892
-1729.2788792173571
237.7211207826264
-535.478879217364
-795.4788792173858
1107.3211207826419
1598.5211207826655
596.5211207826209
-1226.8788792173718
-349.67887921737804
1368.521120782649
976.3211207826195
652.1211207826328
925.721120782621
-1906.2788792174056
-1893.0788792173746
71.92112078262706
-408.87887921739355
-454.6788792173784
-2285.078879217441
-428.8788792173786
-508.07887921737154
-5.878879217374898
-1399.8788792173757
-1080.0788792173848
440.32112078263134
-60.67887921738041
796.3211207826216
-293.67887921737935
1626.521120782619
-772.678879217367
-340.8788792173773
-160.0788792173762
600.1211207826179
804.5211207826469
-845.6788792173662
-1218.6788792173695
-1012.278879217412
-313.67887921738213
1423.3211207826014
37.321120782615054
-1019.8788792174076
-1917.27887921739
-195.0788792173932
-1736.6788792173618
-389.4788792173899
-98.07887921737068
-746.0788792173759
-3066.678879217275
-2752.2788792173615
-886.6788792173639
-719.0788792173674
-608.6788792173893
-2501.6788792173998
-1926.4788792173572
804.7211207826309
796.3211207826172
945.7211207826017
-331.27887921737386
553.9211207826365
-258.27887921737715
786.1211207826269
-759.4788792173848
-25.478879217369524
1474.121120782664
2271.9211207826215
418.92112078261533
1274.72112078266
2216.1211207826514
-554.2788792173682
381.521120782605
2075.121120782642
-1315.4788792173474
1492.321120782612
-84.87887921738292
-2031.2788792173171
-2549.0788792174126
-1101.878879217391
-969.8788792173788
-188.07887921737597
-1736.8788792173864
-248.27887921737246
-1301.4788792174731
-1607.0788792173273
684.7211207826138
-426.87887921736916
-2623.078879217321
824.1211207826319
3272.1211207825545
1056.7211207826238
599.1211207826329
449.9211207826209
-832.0788792173903
-239.67887921738006
-1165.4788792173802
-678.8788792173849
345.1211207826234
1847.1211207826134
-323.6788792173808
-1418.4788792173779
874.1211207826203
134.52112078263292
612.3211207826168
-1043.0788792173782
-1922.6788792173154
393.5211207826171
-576.0788792173636
-987.6788792174029
-475.27887921738363
832.721120782619
-1946.4788792174277
-2771.6788792174234
-975.4788792173787
273.3211207826256
-2717.4788792173104
-1166.478879217389
2300.121120782658
1171.3211207826319
743.7211207826253
554.3211207826228
2077.321120782605
2209.921120782655
1627.5211207826314
-1031.0788792173246
1108.721120782613
-850.678879217369
-1075.4788792173886
1207.3211207826469
244.12112078260662
3675.521120782629
3784.121120782629
-426.6788792173899
-1241.0788792173728
-1145.6788792173663
236.92112078262204
265.9211207826473
-1027.2788792173722
1263.9211207826277
702.9211207826114
-3154.678879217394
-371.4788792173775
-334.8788792173901
-984.0788792173555
-1356.2788792174015
0.7211207826205239
-1060.6788792173872
1724.3211207826223
1409.3211207826303
1244.9211207825906
1795.721120782657
3772.1211207826327
-63.27887921737806
2677.921120782609
3001.32112078261
114.92112078262046
-929.4788792173789
188.5211207826312
-2658.278879217395
-2739.6788792173534
-563.4788792173671
351.1211207826063
1257.5211207825969
2137.7211207826294
154.1211207826222
-3376.2788792174583
-2249.678879217427
-2487.4788792174436
423.72112078261097
-2150.4788792173636
-1693.878879217376
-2180.478879217378
-3764.8788792174105
-4743.6788792173065
-2075.6788792174025
-1365.0788792173894
-2665.4788792174313
-2867.678879217413
-854.4788792173608
-605.6788792173858
-2047.2788792173712
-744.4788792173755
-630.0788792173767
1167.121120782646
479.9211207826238
2355.9211207825515
3321.721120782686
728.7211207826231
1006.5211207825931
1308.321120782625
-622.8788792173801
-1483.2788792173708
-1414.478879217374
1030.3211207826373
1643.3211207826357
638.121120782595
-36.47887921736613
-256.2788792173777
566.3211207826228
-1831.2788792173924
-997.2788792173599
809.921120782628
-1692.8788792173614
-3904.278879217344
218.52112078262115
-3882.8788792173477
-3154.4788792172735
-615.2788792173674
-396.0788792173693
-143.87887921737456
-2522.4788792173476
-978.4788792173908
-559.878879217376
162.92112078263722
-368.8788792173709
-1441.678879217417
2230.521120782622
3079.3211207826403
818.3211207826181
936.9211207826247
2055.721120782659
-1302.27887921737
-3125.278879217443
-1090.2788792173844
-1884.6788792173604
-153.8788792173828
605.5211207826137
303.32112078263935
1649.521120782618
1146.1211207826275
142.12112078260697
-492.8788792173726
-2457.078879217369
-949.0788792174137
-1451.07887921741
-3601.478879217422
1081.5211207826396
79.72112078262634
-1600.8788792173652
-1888.0788792173437
-2135.07887921742
1062.1211207826268
-707.6788792173692
1161.7211207826479
884.7211207826228
-1273.8788792173984
-1445.278879217345
-1115.0788792173614
1097.1211207825909
903.5211207825914
-329.67887921738685
566.7211207826145
2530.721120782518
-1622.8788792173955
-2784.0788792174794
-1218.8788792173955
-1633.6788792173759
-222.47887921738194
-604.678879217393
1635.121120782654
2881.7211207826813
1395.121120782521
651.5211207826329
746.321120782627
70.12112078262572
382.9211207826364
941.1211207826119
434.72112078261114
2012.5211207825862
-1004.4788792173505
-1718.4788792173588
-515.2788792173703
-2612.6788792173056
209.12112078261623
59.12112078260961
-852.278879217358
-857.6788792173921
-1532.6788792173593
-1426.8788792174023
1195.7211207826324
-187.27887921737272
-2728.278879217392
326.1211207826437
3045.9211207826315
3717.3211207824643
1270.7211207825696
-100.07887921738067
-403.67887921739134
-742.8788792173808
37.32112078264362
476.9211207826233
744.3211207826413
1947.1211207827118
3620.121120782657
1202.32112078262
700.7211207826247
311.7211207826235
-2162.2788792174047
-1868.8788792174012
56.921120782647236
955.7211207826192
993.5211207826133
-699.4788792173528
-2755.0788792173717
-2734.478879217387
-1972.4788792173297
-2167.2788792173837
-2168.07887921744
1174.7211207826272
1361.3211207826148
-743.8788792173444
217.52112078262968
-630.2788792173875
-1906.0788792173794
1937.1211207825947
436.72112078264445
-1258.2788792173842
-1590.2788792173606
-3124.6788792173184
615.7211207826284
1401.5211207825866
-231.67887921737722
-777.878879217366
-3574.2788792174974
-2674.0788792173857
1689.3211207826253
1054.521120782622
1634.7211207826188
767.9211207826133
920.3211207826295
-2150.4788792173767
-1791.478879217408
-184.87887921739568
306.32112078260946
-2207.678879217368
-1169.2788792173717
-320.878879217392
-1232.6788792173934
-2.678879217389051
-371.6788792174114
1969.5211207826235
1507.1211207826273
-822.2788792173759
-1267.6788792173923
116.72112078262485
-95.67887921738037
304.92112078262267
-1742.8788792174082
171.1211207826289
-297.67887921737116
-2199.4788792173445
611.1211207826312
2168.3211207826484
447.52112078262496
768.7211207826242
-1151.6788792173459
-17.278879217378275
1165.7211207826147
-51.27887921736499
-3104.4788792172876
-3662.278879217457
1346.321120782595
-1352.87887921739
-799.0788792173855
-335.07887921736886
-249.478879217373
-408.4788792173699
-747.078879217391
-601.0788792174042
-2108.478879217408
465.72112078261364
-268.6788792173686
237.32112078263063
511.32112078262463
670.9211207826295
1368.7211207826183
603.321120782625
1653.921120782599
1308.9211207826268
160.52112078261734
765.7211207826438
1818.9211207826468
-1027.2788792173528
503.72112078262904
658.3211207826339
512.721120782616
1290.321120782624
-1475.8788792173495
-2471.478879217401
-1354.0788792173778
690.1211207826042
21.32112078262464
-497.27887921738045
-2478.678879217312
-2070.4788792173667
-790.8788792173744
-2643.478879217368
-1555.4788792173763
-1734.078879217427
-1729.6788792173477
-1686.0788792173964
-1217.6788792173907
405.72112078261586
537.9211207826246
-860.4788792173765
228.9211207826242
2011.3211207826223
2921.1211207826145
1656.3211207826175
-830.2788792173726
-1462.678879217374
-413.4788792173686
701.3211207826342
1072.9211207826286
1277.3211207826737
2230.921120782638
3332.5211207826437
1065.521120782605
-699.6788792173694
-1364.0788792173882
-441.67887921738236
1796.1211207826243
1547.721120782638
714.7211207826178
661.9211207826346
-991.678879217339
-3707.278879217369
-1093.2788792174003
-1609.0788792174083
583.3211207826184
-1739.8788792173941
-310.2788792173629
-967.0788792173814
-4012.678879217404
884.1211207826416
-360.67887921739606
-633.0788792173539
192.52112078261774
-998.2788792173498
-1600.278879217402
-1861.2788792172996
-625.078879217367
296.92112078262574
1171.7211207826037
35.72112078262013
-294.2788792173802
649.1211207826177
-45.07887921738098
104.72112078264226
1070.321120782663
722.5211207826815
1267.521120782664
2037.1211207826043
231.12112078262277
-606.0788792173771
847.32112078262
-859.4788792173814
-119.27887921738957
226.32112078262077
-551.678879217377
-512.0788792173848
43.52112078262195
-1914.8788792174144
-3275.67887921723
-2047.0788792173203
-3780.4788792173845
-1283.4788792173817
-144.87887921740915
-2395.4788792173026
-1896.4788792173981
-597.8788792173922
-782.2788792173483
-3680.2788792172846
-863.478879217378
-1500.4788792173856
-516.4788792173748
-392.27887921738346
-1301.6788792173593
-280.6788792173773
2571.7211207825912
-181.87887921739346
911.7211207825908
226.52112078261376
5.721120782627409
-374.27887921737823
-1329.0788792173685
232.3211207826192
-463.47887921739056
-1854.8788792174205
370.9211207826284
906.5211207826255
1088.9211207826372
-145.2788792173651
33.12112078262666
-1981.47887921738
-2744.8788792173827
-1220.278879217398
447.7211207826326
553.3211207826324
1233.721120782615
670.9211207826228
523.5211207826378
-644.6788792173692
-231.0788792173811
-1288.6788792173813
1128.7211207826217
-279.87887921738286
-1657.678879217371
-1101.6788792173757
596.9211207826185
1311.3211207826419
2645.7211207825935
943.5211207826147
1287.1211207826923
168.52112078262024
-1240.4788792173856
-170.47887921738274
-497.4788792173862
931.9211207826131
1127.7211207825806
-489.07887921738444
-1076.0788792173526
1374.5211207826458
-784.8788792173278
-1465.6788792173954
-1341.478879217396
-1429.0788792173826
-2069.2788792174047
-962.4788792173674
-494.278879217418
-1227.6788792174177
704.3211207826248
448.32112078262776
814.721120782627
1980.1211207825907
-1909.4788792174186
-1217.278879217447
-2018.278879217374
-1336.478879217403
1514.5211207825987
1252.1211207825997
2515.321120782609
2254.1211207825622
-546.2788792173768
-2160.4788792174436
-609.2788792173819
543.5211207826284
-1872.478879217366
-1436.6788792173666
757.1211207826072
324.3211207826242
1204.5211207826708
-979.4788792173354
-156.87887921738155
1251.3211207826319
154.52112078262513
-634.4788792173872
-1144.0788792173662
-1960.4788792174336
202.12112078261532
489.32112078261025
-1019.4788792173583
74.92112078262682
651.3211207826216
458.52112078262957
-579.0788792173755
2047.1211207826293
-641.0788792173665
1295.1211207826336
-294.0788792173797
-145.87887921737183
1541.7211207826365
1649.721120782568
2945.1211207826636
1726.5211207826294
558.121120782627
836.3211207826307
1255.7211207826458
-5.278879217389168
-770.078879217393
-1545.6788792173597
233.12112078262385
-378.8788792173784
1549.7211207826288
-636.0788792173767
27.921120782610515
452.92112078262085
-1590.0788792173735
-840.8788792173877
1254.321120782625
-1029.0788792173814
-284.4788792173526
-749.6788792173774
-304.27887921738284
24.52112078261923
-1999.078879217393
-1437.6788792173286
114.32112078262432
-1985.6788792174
-1298.4788792173504
-286.47887921739505
1797.3211207825848
-1160.2788792173858
177.52112078262218
566.9211207826169
-321.2788792173824
-1703.2788792173496
2539.121120782571
1029.9211207826304
1022.1211207826262
-127.2788792173741
-1941.4788792173622
-1519.4788792173827
233.92112078259888
257.12112078262754
563.5211207826187
-1592.678879217384
-527.078879217365
188.7211207826213
567.3211207826159
-726.4788792173853
1081.7211207826654
-785.4788792173844
-717.4788792173904
131.9211207826161
-695.0788792173793
-1187.878879217383
-1010.6788792173875
618.7211207826208
293.1211207826192
-955.2788792173966
570.121120782619
-1761.8788792173982
-636.4788792173701
-1312.2788792173542
-205.8788792173706
172.92112078261732
587.1211207826387
1261.7211207826492
2307.9211207825915
-472.678879217382
871.5211207826034
-953.8788792173798
-1917.2788792173892
702.3211207826113
512.3211207826105
-1842.4788792173417
-29.47887921737841
-249.27887921737764
815.7211207826248
-1188.0788792173844
432.521120782624
607.5211207826138
438.52112078261433
-1552.878879217397
1075.5211207826308
2366.5211207825937
1741.3211207826068
-1026.4788792173674
-65.07887921737432
996.7211207826133
-822.4788792174052
-1070.6788792173625
-1479.278879217403
-2169.0788792173853
-2060.8788792173805
-1030.6788792173986
-694.0788792173678
-2328.2788792173437
-1146.278879217384
2828.3211207825957
92.32112078262372
40.321120782622735
744.1211207826175
282.5211207826269
2037.3211207826075
-70.67887921737815
-433.078879217393
-2425.678879217451
-166.4788792173802
1894.5211207826314
506.9211207826265
379.72112078261927
605.1211207826325
1.3211207826198361
150.52112078262536
-331.4788792173693
1448.5211207826642
-288.07887921738154
1681.521120782615
-203.87887921737797
-2418.678879217371
477.12112078263056
-585.4788792173769
697.3211207826246
980.1211207826184
1122.5211207826228
614.921120782625
-1008.4788792173575
-1169.6788792173763
-368.4788792173715
-857.2788792173918
1794.9211207826231
-858.6788792173816
271.5211207826235
-289.87887921738826
1207.9211207825963
1130.121120782624
-791.4788792173888
1329.7211207826253
-361.0788792173825
-1521.2788792173505
-402.0788792173835
-1809.078879217342
-409.47887921738203
109.52112078262029
-1506.678879217423
-539.4788792173798
300.5211207826296
1099.1211207826034
-1159.6788792174057
399.9211207826217
672.1211207826068
102.12112078262118
1966.1211207825966
-637.2788792173855
1382.721120782626
-108.27887921737323
1308.3211207826284
1987.321120782591
-1034.4788792174022
-952.4788792173595
561.5211207826226
543.3211207826431
1634.9211207826202
-413.6788792173754
1324.5211207826114
992.3211207825927
428.521120782624
-1128.6788792173725
-887.6788792173663
987.3211207826165
275.52112078263565
-202.47887921738146
695.1211207826258
153.32112078261946
-430.2788792173729
-758.2788792173794
-2325.2788792173546
-875.078879217366
-897.6788792173872
-897.2788792173809
-1044.478879217404
-611.6788792173753
-2219.8788792174196
-206.0788792173821
350.7211207826274
-2343.878879217411
-205.27887921737724
-1114.0788792173764
-305.67887921737463
-692.678879217388
342.3211207826378
3143.5211207825996
-235.47887921737694
-1439.478879217394
544.5211207826251
-372.47887921738527
-738.6788792173518
-1088.4788792173727
282.5211207826097
413.7211207826273
120.32112078262494
259.121120782625
58.92112078262917
-1245.4788792173763
-2060.6788792174075
-2078.278879217375
-322.47887921737095
-662.8788792173799
-931.6788792173495
-2073.0788792174153
-2978.27887921741
-1259.6788792173754
233.52112078262442
334.92112078262517
-1371.6788792173745
-1122.0788792173864
-1368.0788792173569
-1529.0788792173512
-435.8788792173818
381.72112078261773
150.52112078262252
346.12112078262555
635.3211207826223
-118.27887921737786
-994.8788792173905
-616.6788792173634
-271.8788792173772
1630.1211207825759
437.7211207826264
-880.8788792173845
333.52112078261723
479.92112078262653
-1211.2788792173867
-396.8788792173812
-503.2788792173758
-551.2788792173803
653.5211207826216
-26.878879217377936
1103.3211207826682
722.1211207826351
969.1211207826299
1224.3211207826323
-291.8788792173939
208.12112078261913
1312.7211207826306
2309.321120782645
838.1211207826328
818.1211207826232
-1152.4788792173883
-708.2788792173814
-393.6788792173771
332.52112078261916
23.32112078261771
-1150.8788792174
-427.0788792173826
1413.1211207826257
-511.2788792173664
-781.0788792173856
-479.478879217376
-586.878879217389
-410.2788792173815
-1115.278879217375
-1582.4788792173047
331.9211207826198
-1577.2788792173853
-1012.8788792174013
-1410.2788792173874
1025.921120782632
1752.721120782613
62.72112078262717
34.121120782626
-706.6788792173636
-908.8788792173735
-170.07887921737284
-480.27887921737175
-581.2788792173825
-295.87887921737433
797.5211207826279
-743.8788792173882
-1136.8788792173557
-3642.678879217379
-440.0788792173808
690.9211207825917
489.1211207826206
-345.67887921738327
666.7211207826093
1352.9211207826106
10.72112078262873
-1578.6788792173884
-2903.6788792173734
-1075.4788792174072
-698.4788792173824
1186.121120782627
-356.2788792173897
-1194.078879217427
-1562.278879217351
-785.6788792173834
1498.3211207826077
633.3211207826165
1005.7211207826168
809.9211207826157
915.921120782625
-122.47887921737185
-816.2788792173659
253.3211207826182
336.32112078262566
1252.921120782611
1363.5211207826044
2741.1211207826464
1226.3211207826007
-1980.478879217454
-819.4788792173722
-128.678879217374
164.52112078262758
-167.27887921737934
148.72112078262722
-1500.0788792173732
335.92112078263546
492.5211207826235
-746.0788792173863
-1194.8788792174323
-1903.4788792173717
35.321120782621676
475.9211207826192
223.12112078262135
125.12112078261973
-972.0788792173674
1330.1211207826163
-106.07887921738089
-1135.2788792173994
-186.4788792173844
679.3211207826259
451.3211207826193
-65.87887921739102
-128.27887921737323
-1181.8788792174064
-206.67887921738543
1232.7211207826062
494.3211207826281
-128.47887921737265
686.1211207826142
-674.4788792173752
794.5211207826306
714.3211207826156
-1065.4788792173842
480.3211207826036
517.1211207826329
1516.7211207826444
361.92112078262363
-28.07887921738017
73.72112078262384
-981.678879217378
-0.8788792173867677
-449.07887921738984
-725.2788792173723
1013.9211207826147
-1356.278879217364
-1204.4788792173724
-178.87887921738002
1837.7211207826094
-590.478879217389
-727.4788792173377
522.1211207826019
-1089.4788792173983
1847.7211207826372
-845.4788792173929
-288.4788792173795
-573.2788792173667
-836.478879217386
739.7211207826203
1163.7211207826188
1456.7211207826276
872.9211207826326
193.92112078262315
-453.87887921738053
692.721120782616
-411.67887921738617
1046.3211207826466
1053.3211207826494
-410.6788792173842
542.9211207826295
588.7211207826218
-744.6788792173685
617.9211207826187
-251.078879217391
-44.27887921738598
-165.47887921737603
1305.7211207826201
1111.9211207826263
-1326.2788792173576
122.12112078261947
770.5211207826289
404.72112078262916
2138.7211207826153
1709.5211207825853
-1444.4788792173824
917.9211207826309
-1809.278879217336
-791.8788792173834
110.32112078263286
-304.27887921737744
-387.2788792173698
-396.8788792173968
2726.5211207826615
1746.7211207826208
83.12112078262118
-164.67887921737065
473.32112078260303
826.9211207826438
168.32112078263165
-99.67887921738297
387.5211207826249
1101.9211207826404
-615.8788792173822
-1218.4788792173626
-315.6788792173768
-799.4788792173916
-207.87887921738613
-1501.0788792174317
2113.7211207825994
1620.121120782626
1633.9211207825986
-2125.478879217383
-840.4788792173897
690.1211207826328
1160.5211207826112
1815.1211207826193
-749.0788792173826
-1232.0788792173464
-3059.4788792175054
-1925.0788792174244
-1550.8788792173395
-2648.478879217381
-763.6788792173769
-336.47887921737544
-353.8788792173827
-518.6788792173809
431.9211207826234
1163.321120782585
1369.9211207826177
-339.27887921738386
-822.2788792173627
-927.2788792173881
1323.321120782629
1802.3211207826273
412.3211207826172
397.721120782621
-1747.078879217376
-551.6788792173726
-434.67887921737463
-338.0788792173678
887.9211207826236
-827.4788792174143
-785.8788792173806
-2973.078879217406
-754.6788792173835
-789.2788792173856
-570.4788792173671
1402.521120782639
1234.1211207826036
-276.4788792173778
-1270.6788792173793
-495.67887921737764
-519.4788792173736
-645.2788792173731
361.7211207826364
1411.5211207826117
-354.2788792173807
-241.27887921738457
987.7211207826413
695.7211207826285
1226.92112078261
-1449.278879217367
103.92112078262474
667.3211207826207
1849.121120782591
-750.2788792173828
-1857.8788792174191
126.72112078261766
-123.87887921735843
-52.878879217378106
-763.8788792173707
1118.7211207826108
-157.67887921736278
-460.4788792173881
-999.4788792173894
-1330.6788792173825
-1158.4788792173688
-2110.478879217381
-1723.478879217393
-879.0788792173737
255.92112078261667
1677.7211207826685
-45.87887921738531
-1524.6788792173702
-2240.4788792174095
282.92112078262426
-1457.67887921733
619.7211207826297
1588.921120782595
1642.321120782597
-1427.4788792173588
-1353.8788792173993
488.72112078262404
309.1211207826293
948.9211207826206
-269.0788792173739
-299.8788792173787
-166.8788792173698
-1310.6788792173804
-96.27887921738463
-889.0788792173731
-1088.0788792174199
-293.8788792173704
879.9211207826227
228.12112078260856
-816.4788792173772
-163.67887921738233
79.12112078262618
-2213.278879217363
-1115.078879217371
974.5211207826212
-247.27887921738164
1331.9211207826072
3056.321120782582
-1005.4788792173721
932.7211207826205
-215.27887921737067
-1153.2788792174
-1145.2788792173715
877.5211207826536
1546.7211207826492
2817.521120782519
532.1211207826367
1053.3211207826312
-613.0788792173773
-110.87887921737055
2476.1211207826104
1585.321120782612
-1589.8788792173807
-246.8788792173823
-106.27887921737167
-1824.8788792173768
-722.8788792173501
-1722.8788792173805
-1820.6788792173313
-124.67887921738071
192.52112078261416
-1107.2788792174174
-1539.0788792174378
-922.0788792173587
-3175.478879217346
-3755.278879217361
-88.87887921738067
730.121120782621
1192.1211207826032
468.5211207826295
-176.67887921737935
658.9211207826188
-811.4788792173741
-261.4788792173788
800.5211207826021
1795.721120782675
154.92112078261584
110.9211207826364
199.9211207826317
1559.5211207826783
-1571.8788792173586
-96.07887921737401
3057.321120782604
1209.3211207826746
-297.0788792173646
-2705.6788792173816
-3815.478879217275
-3096.4788792174004
-1314.0788792173605
-3044.878879217421
82.72112078261893
-315.2788792173722
635.7211207826218
464.7211207826241
-1580.0788792173553
-13.878879217378326
-586.478879217345
-3528.4788792173968
-1633.4788792173824
612.1211207826173
1626.9211207825624
1711.5211207826287
678.1211207826218
2124.321120782619
1995.1211207826004
-1106.0788792173792
2065.3211207826225
792.121120782606
620.321120782639
773.3211207826405
1191.7211207825837
-489.2788792174029
1802.121120782661
1988.7211207826292
112.92112078262167
-811.0788792173746
563.9211207826119
-4549.878879217334
-2836.4788792173754
-1623.8788792173389
-3192.4788792173613
-2812.6788792173807
560.521120782623
-592.4788792173877
-628.278879217352
-803.0788792173931
274.1211207826226
-1227.4788792174113
-817.678879217379
-887.6788792173951
-2646.8788792174028
-883.678879217371
-1150.6788792173772
1467.321120782631
-489.67887921737173
533.3211207826199
535.7211207826341
-781.0788792173704
-585.0788792173776
2092.5211207826164
3244.7211207825726
1519.521120782637
-15.478879217363634
830.921120782626
420.9211207826259
-384.6788792173796
330.72112078261915
-793.8788792173663
-688.4788792173778
-1471.4788792173795
-708.0788792174111
225.72112078263163
-1338.878879217417
-690.0788792173768
2084.7211207826326
1985.321120782613
375.32112078262713
-1198.0788792173694
1772.7211207826138
-166.0788792173765
-1019.4788792173981
-53.07887921737371
335.521120782619
1157.3211207826043
-643.6788792173699
194.52112078261638
2465.1211207826104
1041.1211207826198
-929.2788792173794
3056.7211207825967
858.9211207826186
2365.3211207826193
4297.12112078278
2176.1211207826373
3151.12112078267
1391.12112078262
740.1211207826273
922.3211207825915
2566.7211207825585
1029.52112078259
-2254.0788792173785
-343.2788792173853
-409.8788792174026
-2384.678879217465
-1114.278879217377
764.5211207826267
-1567.8788792174212
-896.0788792173871
-299.6788792173774
-1920.6788792173488
973.1211207826277
-347.0788792173738
-843.0788792173663
341.521120782647
293.7211207826216
1447.7211207825792
1668.921120782563
-1837.8788792173948
-573.0788792173817
-942.2788792173747
-1963.0788792173535
2238.7211207825426
2694.921120782626
1775.5211207825657
1992.5211207826103
-1568.8788792174132
3009.3211207827003
1491.1211207826057
1993.3211207826191
2241.5211207826187
1082.9211207826534
-108.27887921737484
-2553.878879217345
-142.27887921737374
569.921120782619
-2258.6788792174257
-599.2788792174069
1950.1211207826148
-1956.2788792173703
-214.87887921736478
-1169.0788792173596
-2305.6788792173606
67.12112078263416
-1261.278879217387
-423.67887921737474
177.32112078263773
-1359.278879217357
72.12112078262763
714.1211207826242
-549.6788792173805
817.1211207826177
1226.1211207826284
-471.8788792173782
1272.3211207826068
-797.8788792173792
35.921120782623234
2770.3211207826043
-2169.6788792174207
717.1211207826367
1355.7211207825624
-498.4788792173737
-1237.0788792173712
-454.0788792173693
-1702.678879217364
-450.87887921738036
488.52112078261837
-430.47887921738993
667.9211207826271
2430.3211207825816
3228.921120782729
969.5211207826163
2021.72112078263
-1297.078879217411
-1315.2788792173972
620.1211207826219
1429.3211207826116
1591.3211207826282
1651.521120782635
1501.5211207826333
-621.4788792173747
-1249.2788792174108
-1254.2788792173733
-1698.8788792174075
-709.0788792173846
591.1211207826174
1599.9211207826347
1857.52112078259
2509.1211207825754
1904.9211207825658
197.52112078264102
819.5211207826309
571.3211207826104
-1321.878879217379
989.3211207825959
1689.1211207826168
-243.67887921738347
512.1211207826232
1665.7211207826333
355.9211207826198
2397.521120782583
287.9211207826165
-1072.478879217359
-775.4788792174062
-443.4788792173863
-898.6788792173942
548.5211207826253
-604.0788792173673
34.92112078261786
-537.0788792173918
-640.2788792173749
1152.3211207825964
-925.2788792173826
459.1211207826168
-0.07887921736884262
114.12112078262109
-967.6788792173725
-588.6788792173812
-245.67887921737847
2097.521120782591
862.1211207826329
1431.5211207826512
1077.721120782613
999.5211207826071
-43.27887921737304
-1784.278879217338
-408.87887921738053
-611.6788792173883
-757.8788792173818
-1138.6788792173868
597.1211207826168
-271.27887921736885
-308.67887921737344
-1762.4788792174136
231.52112078261393
-593.6788792174036
-1320.4788792173856
-2084.878879217307
-583.0788792173756
-1836.678879217377
-292.87887921736365
465.5211207825946
1745.7211207826292
1422.5211207826198
-90.6788792173704
-2315.078879217373
-1887.6788792173925
1681.9211207826575
603.1211207826178
1269.121120782518
1140.9211207826372
2575.1211207826886
2118.121120782627
1468.9211207825867
1818.3211207826344
138.9211207826193
993.3211207826386
-527.678879217371
-1151.6788792173782
-2398.678879217416
-1812.8788792173916
-1513.4788792173845
-1142.4788792173927
906.5211207826136
1020.921120782614
-774.2788792173988
-383.8788792173868
550.7211207826233
-1421.0788792173948
-2426.2788792173833
-1509.8788792173893
-458.8788792173775
1176.5211207826173
-515.0788792174186
-995.0788792173942
-738.278879217371
1368.9211207826006
504.9211207826148
-519.8788792173741
-1382.2788792173615
836.3211207826309
2795.52112078264
-104.67887921737845
-345.67887921738014
-933.2788792173401
-121.67887921738833
133.12112078263172
163.52112078264847
1345.1211207826618
241.52112078262823
-1797.4788792173931
-1922.478879217397
-850.8788792173737
-713.4788792173802
338.72112078262757
-1437.0788792173666
-1507.878879217417
-1473.8788792173425
-531.4788792173786
-116.4788792173768
79.52112078262104
-578.0788792173583
1563.7211207826144
847.3211207826234
-91.27887921738633
-107.07887921738316
745.9211207826158
1583.3211207826057
217.72112078262091
-18.678879217401573
294.52112078260075
-366.47887921737913
-1212.2788792173803
1558.921120782635
120.52112078260944
1560.521120782621
-692.278879217375
2457.921120782644
3010.921120782643
-735.4788792173755
2260.921120782597
76.52112078263231
749.7211207826132
1559.1211207826177
98.72112078262236
-845.2788792173654
-689.6788792173655
539.3211207826296
1639.1211207826375
1967.121120782616
1380.1211207826343
-365.4788792173837
-630.478879217394
-3026.2788792173446
-1299.2788792173258
1610.3211207826394
1081.9211207826163
1068.5211207826226
1335.1211207826511
-1622.2788792173953
-3202.678879217429
48.121120782633916
-153.27887921737087
296.321120782618
1460.3211207826678
-348.27887921737624
-471.6788792173705
717.5211207825987
549.9211207826027
479.3211207826351
933.5211207826522
-785.6788792173775
244.52112078263832
996.1211207826368
298.5211207826185
1012.1211207826368
2207.721120782671
1690.7211207826347
-1110.278879217375
999.3211207826198
-285.8788792173801
1375.7211207826333
1386.3211207826068
-1068.2788792174438
-1374.8788792173523
-420.6788792174317
-1803.4788792173722
635.321120782625
426.52112078262934
-594.2788792173754
-860.6788792173791
-1954.8788792174273
-929.6788792174254
-1712.078879217386
-1797.6788792173681
607.1211207826241
1726.3211207826007
978.9211207825982
-7.0788792173785
1000.3211207826218
1764.9211207826572
911.5211207826271
36.52112078263445
1665.1211207826084
944.1211207825787
71.12112078262277
-483.278879217385
263.7211207826131
-23.078879217380063
1394.7211207826174
877.721120782592
2505.1211207825813
354.521120782627
105.52112078261896
-566.4788792173725
204.52112078262763
31.321120782619644
482.12112078262453
-32.67887921738035
447.9211207826389
-402.6788792173728
-1572.4788792173813
414.9211207826237
-1329.8788792173855
-681.2788792173784
-1145.0788792173814
-1950.0788792174467
-2365.6788792173556
-122.27887921736655
-1061.4788792173779
-41.0788792173811
510.9211207826048
1922.5211207826649
1094.9211207826513
553.3211207825773
454.5211207826171
-1065.678879217364
-689.0788792173796
-1962.2788792173592
-1021.4788792173784
810.7211207826585
-1808.0788792174026
-523.2788792173591
-364.0788792173716
-1278.678879217348
349.92112078262005
-777.4788792173777
415.3211207826274
-538.678879217385
-1793.878879217373
-2535.2788792173833
-816.0788792173869
1331.9211207825974
-949.2788792173747
-427.07887921737324
-113.27887921737715
-1225.27887921737
395.72112078261813
-1843.278879217424
-1818.678879217375
-661.678879217358
-312.67887921738026
814.7211207826332
993.5211207826308
893.3211207826592
2348.521120782586
1648.321120782656
-290.8788792173761
772.3211207826268
454.72112078263496
35.721120782616765
-1009.4788792173835
1343.1211207825777
-690.6788792173701
1781.921120782603
1730.921120782665
-15.478879217354628
-219.87887921739622
-918.2788792173752
74.92112078262048
-1637.6788792173443
-1136.8788792173773
-114.87887921737669
1246.5211207826153
901.9211207826083
567.3211207826453
181.32112078262713
1083.1211207826238
-425.6788792173738
1767.7211207826113
-279.87887921737087
-207.67887921737625
206.52112078262314
-1816.678879217371
-260.0788792173796
2507.7211207826276
385.921120782646
308.7211207826235
-473.6788792173717
138.12112078261384
261.32112078259996
-1728.2788792173887
-685.0788792173967
820.3211207826349
-860.4788792173699
-143.27887921737837
889.7211207826256
3378.3211207825934
-405.8788792173784
380.32112078262816
-507.4788792173882
-1406.2788792173915
-3493.8788792172995
469.921120782624
77.72112078262379
1138.5211207826226
371.9211207826324
-932.2788792173895
341.72112078262734
1875.521120782591
1532.1211207826632
1948.321120782604
-795.2788792173752
235.12112078261964
895.1211207826118
731.3211207826046
-997.4788792173899
1735.721120782652
-276.2788792173805
-854.2788792173883
853.1211207826295
542.5211207826202
26.521120782612908
-28.078879217370506
603.5211207826203
567.7211207826206
410.9211207826257
2490.1211207826095
-102.27887921737792
918.3211207826201
260.5211207826239
1275.5211207826062
293.1211207826124
488.92112078262267
-94.67887921738
-7.878879217384494
-1790.0788792173705
948.9211207826258
-124.47887921737473
-1219.8788792173602
1447.7211207826297
1402.3211207826148
-142.47887921737453
1213.9211207826222
39.72112078262445
738.1211207826105
-1615.8788792173812
-102.67887921737511
-149.0788792173835
-207.47887921737424
-2548.478879217367
-657.4788792173797
1269.321120782621
1731.3211207826366
-324.4788792173775
700.9211207826181
509.5211207826325
-913.0788792173745
55.92112078262452
122.52112078261882
-493.2788792173858
-146.67887921737776
981.1211207826385
1172.9211207826243
-2045.8788792173857
-1582.8788792173607
751.5211207826366
-1809.278879217372
-657.6788792173895
1018.321120782613
511.5211207826194
2526.3211207826384
66.52112078263201
90.92112078262758
-812.4788792173796
657.7211207826173
1954.3211207825836
-32.07887921737412
-248.87887921737428
-121.47887921737582
-535.4788792173747
-658.4788792173844
-1529.8788792174166
48.521120782627534
-1333.0788792173673
1119.1211207826113
-68.27887921737619
-1980.878879217343
237.32112078263216
-927.6788792173712
1521.321120782617
1886.721120782637
1431.1211207826423
1349.5211207826164
-2.878879217379655
82.72112078261787
-42.27887921736327
-1322.6788792173838
-409.278879217392
-1693.2788792174279
-891.8788792173856
-525.0788792173917
1311.7211207826367
1504.3211207826196
-606.6788792173883
1287.5211207826314
336.52112078261865
-1035.4788792173774
123.92112078262056
-1549.8788792173684
8.721120782621156
-72.27887921738548
-1082.078879217387
72.52112078261983
686.321120782599
1707.521120782597
-1068.2788792173699
211.7211207825962
252.9211207826167
-378.47887921737185
1510.7211207826113
-968.8788792173606
1162.7211207826188
-579.2788792173726
83.32112078262284
932.7211207826209
-1697.878879217398
-1028.2788792173774
427.9211207826306
-327.878879217381
-620.2788792173807
-360.67887921738463
718.9211207826227
408.92112078262255
504.72112078262336
-773.0788792173691
-707.4788792173767
133.92112078262602
-522.4788792173688
-1025.2788792173558
-45.87887921738534
-359.67887921737093
-244.67887921738372
-718.4788792173633
-1517.6788792174045
129.52112078262164
-518.4788792173755
-91.47887921738017
-495.2788792173868
301.1211207826201
-2331.4788792173563
-908.2788792173629
597.3211207826221
-2082.8788792173914
-472.2788792173745
-2056.4788792174068
-2036.2788792173656
-1370.8788792173968
-371.6788792173501
2441.3211207826266
-275.87887921738076
-2113.878879217405
-861.6788792173885
1346.7211207826135
467.92112078262176
35.72112078262328
820.9211207826253
1489.5211207826155
2535.721120782593
2241.3211207826193
1422.7211207826265
439.52112078262235
-78.67887921737292
-500.4788792173642
654.7211207826095
133.32112078262563
-391.27887921737585
-1953.478879217368
-2461.2788792174133
-920.4788792173943
1481.1211207826468
1303.3211207826284
-73.47887921737393
1066.121120782627
646.3211207826433
-574.4788792173749
351.32112078262975
1770.921120782587
26.721120782630784
-1548.87887921738
-1058.6788792173804
-767.2788792173739
-1041.4788792173763
5.321120782625776
709.5211207826616
2360.9211207826907
393.12112078263993
-1460.8788792173912
-696.0788792173742
931.3211207826193
757.7211207826211
1256.7211207825962
-4.478879217369084
-629.6788792173755
293.5211207826254
-286.0788792173748
680.321120782654
321.121120782643
577.5211207826176
411.32112078260906
-1425.47887921735
-1034.2788792173747
461.7211207826001
1115.1211207826334
872.9211207826214
1842.121120782598
296.121120782642
352.1211207826181
337.7211207826351
1529.721120782664
904.5211207826056
-1769.078879217377
-1374.2788792173817
965.5211207826158
76.92112078261866
479.72112078261677
956.7211207826147
-533.678879217372
-1474.4788792173688
-2174.478879217383
-2864.878879217303
-83.07887921737228
333.12112078262845
863.5211207826237
-858.6788792173837
620.3211207826358
789.7211207825954
-1328.6788792173438
-987.4788792173694
-1159.2788792173772
-1486.6788792173872
-732.07887921738
-1237.8788792173425
-1266.678879217379
-1616.6788792174023
-657.4788792173663
-968.8788792173627
48.321120782617044
-1983.878879217394
347.72112078261796
1192.9211207826047
1576.9211207825606
544.5211207826225
1149.9211207826447
1074.3211207826082
-176.4788792173663
-1045.4788792173772
-1205.0788792173662
301.92112078263074
-526.2788792173739
994.3211207826166
-457.27887921737454
-1526.078879217332
-1736.2788792173906
945.7211207826144
2765.521120782612
884.7211207826517
1127.1211207825445
769.9211207825902
-240.47887921737777
-1749.6788792173745
-1697.6788792173732
-551.4788792173757
-191.87887921738638
901.9211207826315
1685.9211207825952
2479.3211207826416
880.3211207826453
-1570.0788792173612
295.32112078262594
357.92112078262426
-261.47887921737964
-1065.878879217357
-263.2788792173849
-1765.2788792173167
-19.478879217380353
-0.6788792173709197
-785.6788792173777
-203.478879217392
473.7211207826215
1791.9211207826158
1270.1211207826648
515.3211207826268
1025.121120782615
-410.87887921737337
1443.521120782629
913.5211207826309
359.9211207826379
504.5211207826204
1408.721120782608
1235.3211207826366
-66.67887921737346
-750.0788792173853
-1545.0788792173819
-170.8788792173807
1003.9211207826211
-172.67887921738284
-693.6788792173869
730.1211207826366
89.72112078262319
877.1211207826138
521.7211207826361
-1727.8788792173518
-929.8788792173666
-715.6788792173801
1464.1211207826182
-193.8788792173691
-1212.4788792173733
-277.2788792173795
-476.0788792173781
1473.5211207825787
2399.7211207825812
1856.3211207826184
1483.3211207825732
-1179.4788792173792
420.92112078261624
901.1211207826317
1162.3211207826162
-1906.4788792174074
-1585.6788792173588
847.5211207826242
-495.6788792173799
2187.1211207826113
-522.4788792173897
239.52112078262164
57.721120782625114
-587.6788792173807
-325.4788792173731
-57.678879217372774
455.5211207826068
348.3211207826002
303.3211207826177
-1685.4788792173679
-166.67887921736963
-874.4788792173712
-733.478879217377
-1024.8788792173932
-809.2788792173611
-473.8788792173606
-1097.0788792173844
-415.07887921736767
1427.1211207826227
443.1211207825962
1166.1211207826432
966.7211207826132
602.5211207825997
11.12112078262383
-949.6788792173727
89.72112078263493
-291.27887921737977
-1572.2788792173728
-806.6788792173744
460.12112078261663
-1377.4788792173695
1635.3211207826355
-584.2788792173824
1150.3211207826412
2557.9211207826675
1101.1211207826452
-428.878879217381
-505.27887921739125
2990.3211207825393
2088.1211207826677
374.1211207826234
-450.67887921736803
822.3211207826007
1574.52112078264
-493.47887921739226
-1073.8788792173605
600.721120782633
-84.47887921737436
-1521.8788792173675
-156.27887921738017
828.921120782616
181.52112078263633
390.5211207826252
-984.8788792173833
1381.321120782658
579.5211207826526
1939.321120782615
-1900.2788792174142
-760.6788792173618
893.5211207826438
-57.27887921737837
-72.67887921738526
-1792.8788792173862
66.52112078261895
-77.07887921737984
1674.9211207826095
2228.721120782632
-1012.4788792173904
-367.6788792173725
-439.2788792173705
-970.4788792173729
-743.2788792173786
220.32112078261284
1371.3211207826307
2418.721120782641
345.92112078262136
-1398.0788792173964
-1701.8788792174198
332.72112078264234
-580.6788792173681
-775.878879217384
548.7211207826324
-1603.0788792173487
957.5211207826226
660.9211207826303
1368.3211207825775
1624.9211207826227
-195.27887921737343
986.5211207826242
-1757.8788792173625
-158.0788792173788
904.1211207826093
524.7211207826219
397.72112078263
-989.2788792173814
-25.278879217367653
1229.921120782644
2904.9211207826006
2424.321120782605
1045.721120782595
929.3211207826505
585.7211207826107
-1861.478879217366
-1079.478879217404
941.7211207826291
1248.3211207826268
2342.5211207825787
-331.6788792173745
79.12112078262442
-313.27887921737806
988.3211207826279
-1613.078879217365
-2702.078879217396
-301.07887921737273
-701.8788792173839
573.1211207826299
210.3211207826307
3080.3211207825925
1670.721120782673
1110.9211207826797
924.5211207826037
-147.47887921738635
-233.67887921737668
-722.6788792173543
-209.6788792173727
-1582.4788792174022
-2082.8788792173577
486.7211207826322
1023.7211207826265
-1.2788792173899886
-761.0788792173784
2760.1211207826755
380.3211207826058
172.52112078260822
-429.47887921738146
362.521120782635
-1160.6788792173652
-280.278879217369
1327.3211207826043
1578.521120782627
1404.7211207826192
-182.67887921737258
885.3211207826172
1929.5211207825914
-395.87887921737934
579.9211207826061
-74.67887921737002
488.3211207826258
-126.87887921737641
2073.521120782665
2053.9211207826233
457.5211207826281
225.12112078261995
574.7211207826108
157.72112078262717
1122.7211207826167
2449.321120782586
-806.6788792173522
-774.8788792173843
778.5211207826303
-1256.0788792173269
-109.27887921736925
984.1211207826748
2164.5211207826687
936.5211207825946
689.3211207826267
388.92112078263557
2363.3211207825943
1727.921120782599
2825.1211207826036
-262.2788792173766
362.9211207826225
2090.3211207825834
892.921120782625
-654.0788792173616
2594.5211207825946
2239.521120782599
-125.87887921737565
683.1211207826133
-134.67887921738355
-1329.4788792173774
1484.1211207826443
2094.3211207826444
-573.478879217372
-2119.0788792173616
-1525.6788792173802
-1923.2788792173958
-885.6788792173926
2098.5211207826114
1128.721120782648
-310.478879217376
-1940.2788792174092
-1482.0788792173935
-1523.6788792173606
-1701.478879217403
1137.3211207826034
1502.7211207825862
-50.87887921738775
-1512.6788792173825
-760.0788792173738
196.12112078261617
1566.721120782622
-2448.8788792173336
-1478.6788792173638
1014.3211207826259
-219.8788792173865
-202.0788792173789
-989.0788792173466
-1536.278879217387
-276.8788792173822
1123.9211207826215
-1660.878879217451
1737.5211207826364
3459.1211207826964
3596.721120782465
1607.3211207826246
-1688.8788792173748
-1310.278879217401
-248.67887921736946
-86.07887921737067
1067.9211207826165
952.7211207826166
1369.5211207825873
391.52112078259177
-1075.0788792173862
-269.67887921737326
227.72112078261384
-1429.6788792173836
1728.32112078259
-1492.2788792173976
-1860.0788792173835
-1280.8788792173823
-1034.278879217377
-1344.0788792173885
1334.5211207826078
-778.4788792173769
-3250.878879217409
-2390.4788792173213
750.7211207826315
-3415.278879217378
-830.8788792174122
1621.1211207826398
211.12112078262734
-1090.278879217377
2849.121120782641
4326.121120782752
3621.721120782606
1253.721120782622
326.9211207826346
-3509.4788792173526
-943.2788792173742
2096.521120782655
-611.0788792173682
-151.47887921738135
178.32112078263205
1503.5211207826264
-1523.8788792173793
-756.6788792173735
464.52112078262184
-933.4788792173727
-1766.478879217376
-375.67887921738316
209.12112078262504
-879.2788792173724
-2954.878879217382
-711.4788792173822
-269.27887921736914
-2090.678879217441
-1644.278879217348
-1236.878879217381
370.72112078262455
-50.478879217384446
-32.47887921736794
1864.721120782645
851.1211207826142
434.9211207826319
3567.721120782621
5856.3211207827
3628.9211207827316
410.92112078263636
2190.3211207826057
-1807.6788792173804
-2095.6788792173998
792.5211207826283
364.7211207826227
-205.07887921737674
-572.4788792173819
-341.27887921737954
1484.5211207826178
482.3211207826298
880.7211207826311
4125.7211207826285
-60.67887921737397
-103.67887921737668
1200.5211207825816
-21.27887921737613
742.5211207826229
-1015.4788792173676
-1108.8788792173743
-508.678879217405
2149.5211207826524
1970.7211207826163
-1104.6788792173554
396.3211207826265
-1032.4788792173774
-2442.2788792175384
-1511.8788792173298
-578.4788792173954
-2512.078879217368
928.7211207826336
2942.5211207826114
-142.07887921737645
2463.121120782687
9.721120782624915
-1776.2788792173808
-1515.6788792173706
-2704.878879217368
-953.2788792174387
1843.1211207826611
-2110.478879217332
-1582.2788792173553
-1960.4788792173738
-1864.2788792173985
1869.1211207826423
363.32112078264095
-1970.27887921738
253.7211207826265
-1795.078879217438
2198.921120782603
124.52112078262063
591.321120782614
1412.92112078264
1425.7211207826144
1058.9211207826183
-1189.8788792173718
-140.67887921737307
-647.4788792173829
-4236.878879217529
-3621.4788792174727
-1014.2788792173758
-3569.478879217509
954.9211207826354
1853.321120782662
-840.4788792173983
-196.07887921738578
-2121.678879217421
-1201.07887921733
-2243.6788792174134
-4245.478879217392
-1350.478879217321
1923.7211207826208
1503.3211207826212
1827.9211207826245
1507.321120782656
-887.6788792173426
459.9211207826315
-3122.278879217441
-3594.4788792173476
639.7211207826209
-3093.8788792173195
-353.67887921738486
1651.121120782625
-877.8788792173857
-1248.678879217388
-654.878879217365
-1230.6788792173786
-132.67887921737798
-232.47887921737814
-1455.8788792173762
-1183.078879217367
498.72112078260835
1410.721120782633
-107.47887921737112
3429.921120782587
1869.121120782601
413.52112078264133
256.9211207826154
963.721120782631
1876.321120782652
11.321120782617967
-578.6788792173829
-1801.0788792173632
-1121.0788792173812
351.321120782623
-745.8788792173654
417.1211207826097
767.121120782612
201.9211207826151
-1169.2788792173465
-59.67887921740458
371.92112078262494
-1214.6788792173857
630.9211207826171
1491.9211207826347
-694.8788792173666
1947.3211207826544
1924.121120782655
-409.67887921739583
-405.8788792173851
478.72112078262586
-980.6788792173891
980.5211207826474
-394.4788792173757
-1002.2788792173744
-1261.2788792173667
856.3211207825835
2158.1211207826054
2901.9211207826143
-78.87887921737443
1386.7211207826394
1694.921120782615
-989.0788792173712
-202.67887921737088
-1157.678879217392
867.9211207826204
979.5211207826077
-86.47887921738048
-558.6788792173679
-222.8788792173739
-1541.2788792173474
-1254.6788792173395
-768.8788792173633
616.5211207826181
52.92112078262152
736.1211207826268
227.32112078261528
-934.8788792173681
953.7211207826128
1769.3211207825823
875.1211207826196
-1301.0788792173796
-64.87887921737932
-506.27887921737226
270.1211207826105
-804.4788792173516
1592.1211207825997
284.3211207826291
924.9211207826116
-327.6788792173837
200.52112078260043
-1419.078879217371
243.92112078262718
1944.9211207826427
3160.9211207826256
1594.321120782589
199.72112078262074
-1623.4788792173572
-583.2788792173711
2358.921120782664
621.7211207825892
615.9211207826148
-76.67887921737073
58.72112078262647
-217.67887921737966
-380.678879217399
113.12112078261751
-891.2788792173893
722.1211207826324
-436.87887921738826
238.92112078261573
119.72112078262487
732.3211207826348
315.1211207826267
-395.47887921737464
1817.5211207826674
2811.5211207826287
510.321120782616
2173.321120782638
2144.521120782631
620.7211207826075
-1140.8788792173902
-1132.878879217373
-423.478879217377
416.921120782616
-885.4788792173704
69.12112078262678
87.32112078262179
1013.9211207826451
280.3211207826262
-187.67887921737554
-882.2788792173629
872.7211207826283
2182.7211207826062
-1197.4788792173454
-2337.2788792173815
-3288.8788792173914
-2049.27887921732
-1138.278879217392
-870.8788792173752
-194.87887921738442
-170.07887921737776
-382.67887921738003
255.92112078264165
1893.3211207826405
1311.7211207825862
2292.321120782654
435.12112078261947
-608.678879217376
-1055.078879217382
947.3211207826391
19.921120782624953
834.9211207826302
31.92112078262332
1902.3211207826193
784.3211207826517
-903.07887921738
-226.87887921737246
1272.7211207826056
1070.1211207826143
-526.8788792173684
-1246.4788792173922
-588.2788792173798
-1188.2788792174179
-2062.6788792174266
789.3211207826192
-693.8788792173679
251.32112078262952
-1517.4788792173867
684.3211207826157
393.3211207826102
-2775.4788792174336
-693.8788792173756
-2324.2788792173997
539.3211207826191
719.3211207826422
-643.6788792173895
-392.6788792173702
304.7211207826185
1570.1211207826273
1576.7211207826053
1557.5211207826471
-91.87887921737999
-1621.0788792174128
-792.6788792173825
-3511.0788792173794
-1281.678879217456
1337.7211207826447
1012.7211207826747
2258.521120782593
2377.7211207825967
-1933.6788792173427
-3218.0788792174208
-298.0788792173668
-192.87887921737422
303.12112078262726
382.92112078261897
-1905.078879217418
-1626.4788792174006
166.72112078263754
-184.47887921737708
-1585.4788792173765
-1320.6788792173813
-2197.878879217398
-1359.8788792173827
-1301.6788792173916
-424.2788792173768
-377.4788792173817
513.1211207826092
1463.3211207825884
-311.87887921737195
2484.521120782681
1122.7211207826183
2410.321120782612
1581.7211207826103
-2033.0788792173591
-1833.0788792173105
-1120.8788792173855
-1613.2788792174313
725.1211207826171
781.3211207826196
656.5211207825993
1304.7211207826888
-26.678879217374977
1175.5211207825923
1469.5211207826414
1144.5211207826358
1906.5211207826517
1127.3211207826414
504.92112078260465
-598.4788792173686
279.5211207826161
1455.321120782596
287.5211207826169
-314.4788792173795
2118.7211207826495
1591.3211207826155
746.7211207826185
-257.47887921737305
381.12112078262004
-481.2788792173878
996.3211207825544
1335.9211207826181
3339.521120782678
1534.5211207826262
1877.7211207825853
905.3211207826306
-294.07887921737904
-1200.6788792174266
-408.67887921736855
304.1211207826337
1540.721120782574
252.72112078262595
-495.47887921737095
2601.9211207825683
502.32112078260195
1467.5211207826392
2194.721120782624
1557.1211207825984
-368.8788792173722
-323.4788792173691
-900.4788792173822
-383.07887921738194
-612.078879217378
1288.9211207826206
1236.3211207826196
353.12112078261237
121.52112078260994
-1755.2788792174197
-526.4788792173762
-2045.2788792173628
-703.678879217378
1217.7211207826015
-1439.8788792173816
-474.27887921738164
-1097.4788792173817
-1164.0788792173942
389.5211207826159
-1326.6788792173638
-620.278879217354
-2324.27887921733
-3679.2788792173324
-2989.878879217376
-15.47887921737765
1242.7211207825942
-1111.6788792173934
239.5211207826167
-614.478879217376
-1722.8788792173737
784.3211207826032
-130.87887921737658
-60.87887921738297
-248.07887921738615
305.32112078263486
235.32112078262304
-643.6788792173721
-758.6788792173705
1454.121120782625
383.7211207826219
-2375.678879217421
-1105.078879217386
33.721120782624354
-229.6788792173823
-379.6788792173611
1804.121120782651
-747.6788792173811
904.3211207826193
272.7211207826514
-873.8788792173779
-965.8788792173724
-2012.478879217408
-542.6788792173479
-2126.8788792174114
-3278.8788792173614
-1465.278879217393
558.5211207826175
788.7211207826091
815.3211207826168
572.9211207826236
-83.2788792173809
-1908.078879217399
955.9211207826022
-320.27887921737613
183.72112078262828
676.1211207826423
-752.0788792173818
93.52112078263565
1635.9211207826397
-769.0788792173786
35.72112078261446
-51.87887921738242
-14.078879217376802
832.5211207825874
-352.0788792173787
-588.8788792173775
1463.3211207826284
-177.07887921737267
-319.87887921737484
-50.07887921737316
2306.3211207826494
-890.8788792173727
-520.4788792173811
-1681.6788792173852
-2136.4788792173113
-3822.478879217231
-1338.4788792173797
-905.8788792173614
633.5211207826222
1081.5211207826371
403.1211207826309
1276.1211207826007
1426.1211207826302
506.3211207826252
972.5211207826128
-1197.4788792173777
460.1211207825891
1472.7211207826238
1791.921120782617
-147.67887921736494
1705.5211207826235
-332.8788792173759
-1297.4788792173536
532.9211207826231
1122.7211207826213
1494.121120782605
1375.5211207825848
849.7211207826209
500.72112078260614
-432.07887921738086
1331.7211207826122
-909.6788792173757
522.5211207826122
412.1211207826202
1228.72112078261
-195.07887921737685
-74.67887921738503
-1428.8788792173236
-1296.0788792174217
-1662.678879217393
1513.9211207826397
177.72112078262688
-533.8788792173813
1601.9211207825995
944.7211207825965
-1076.2788792173808
-114.87887921737533
-75.87887921737425
1619.3211207826528
-461.6788792173772
1045.5211207826346
816.1211207825932
262.12112078260844
-1888.078879217395
-1171.6788792173445
622.7211207826239
2262.3211207825752
511.7211207826339
1190.5211207826308
327.72112078263075
-1513.6788792173882
-1217.878879217385
-1229.478879217363
-1856.8788792173716
-163.27887921737806
1211.7211207826176
571.121120782617
-1934.4788792173679
-1370.478879217366
-463.878879217369
-2411.478879217425
-576.4788792173803
970.7211207826173
-415.27887921737613
1503.5211207826128
-1144.67887921739
-1128.2788792173803
-1794.8788792173923
-633.0788792173947
1299.5211207826294
901.5211207825942
1168.121120782633
1260.9211207826067
500.5211207826014
194.5211207826325
-745.0788792173797
159.12112078262192
-1479.6788792173706
1338.3211207826278
-238.27887921737212
-2599.078879217397
-58.07887921737546
-653.8788792173739
1301.7211207825858
1062.121120782602
693.7211207826243
1495.3211207826303
220.12112078262425
63.921120782624044
339.72112078261597
-899.2788792174343
-870.0788792173937
-2073.6788792173775
-1542.078879217356
-1830.8788792173775
-510.8788792173629
594.1211207826417
-857.8788792173793
740.1211207826115
21.921120782627902
-1377.6788792173768
-75.47887921738382
-25.678879217364578
1705.1211207826332
580.1211207826218
-319.47887921737583
728.7211207826291
1620.121120782576
2740.12112078261
-125.27887921738468
987.1211207826387
1169.9211207825972
-134.8788792173696
998.3211207826043
-947.4788792173612
1424.7211207826401
-343.8788792173782
184.52112078262306
971.1211207826242
-1456.8788792174091
-591.078879217368
927.7211207826051
-36.67887921737868
-348.078879217382
-1259.678879217364
-563.8788792173749
-1334.0788792173528
-805.0788792173663
-581.6788792173778
185.5211207826249
677.121120782627
-354.8788792173847
-1251.278879217394
-105.67887921737189
688.9211207826304
528.7211207826183
-1318.6788792173759
-1600.2788792173312
598.1211207826294
934.7211207826322
1759.9211207826293
1538.9211207826334
2194.3211207826203
-24.678879217379453
1245.121120782631
1344.3211207826362
-1363.6788792174068
769.5211207826337
-639.4788792173736
-1425.6788792173784
-1362.8788792174073
-817.8788792173966
2188.7211207826076
34.12112078262824
-1973.8788792173739
-1701.2788792173835
