-124.62738242992633
-337.62738242993174
1791.7726175700723
1894.9726175700848
-155.02738242991998
-276.02738242992945
1842.9726175700578
304.9726175700589
765.9726175700648
554.5726175700737
-845.2273824299238
-293.427382429922
1012.3726175700658
-703.8273824299396
289.97261757006993
-648.6273824299402
1804.7726175701341
38.1726175700769
-925.0273824299356
-1859.2273824299866
619.9726175700696
-516.6273824299268
-783.0273824299276
95.37261757007576
-1509.427382429923
-65.02738242992538
-488.22738242992165
-2691.627382429928
95.17261757007547
1350.9726175700766
1172.3726175700758
1061.7726175700816
-657.2273824299219
-349.42738242991663
920.372617570037
1877.172617570099
1256.3726175701067
-407.82738242991843
520.9726175700614
-428.0273824299232
-407.22738242992017
-637.0273824299245
111.37261757008042
332.57261757007285
865.3726175700498
-1598.8273824299283
911.3726175700771
454.3726175700765
-1385.227382429942
-1090.8273824299238
806.3726175700808
-200.22738242995632
-357.227382429928
-1108.427382429943
-569.2273824299276
-361.22738242992097
-920.227382429931
415.57261757007956
-2028.4273824299376
-1676.2273824299064
696.372617570065
1290.1726175700735
1288.5726175700404
2525.9726175700666
236.17261757006978
-486.627382429921
-929.6273824299338
-1379.6273824299353
-371.42738242992095
-150.22738242992
230.57261757006415
1705.1726175700453
1042.1726175700917
349.3726175700778
2182.1726175700664
1362.5726175700736
1509.372617570032
1302.1726175700614
233.77261757007108
-492.827382429913
-765.6273824299434
-821.2273824299177
276.9726175700767
590.572617570084
171.37261757007388
-532.2273824299364
-441.4273824299178
-1171.2273824299314
-1690.027382429942
-389.02738242992206
-1278.827382429923
897.3726175700499
-443.22738242995234
-1464.627382429917
31.172617570068667
1615.3726175700294
307.3726175700701
2664.372617570089
-693.6273824299232
-3118.2273824299295
-1967.027382429823
-2203.827382429875
-2196.6273824299706
81.37261757007921
202.9726175700709
1326.572617570059
1888.3726175700845
291.1726175700649
451.37261757007144
704.972617570083
-268.0273824299338
-344.42738242992436
70.97261757006524
-20.027382429927147
-1011.227382429948
519.5726175700511
495.9726175700722
1395.3726175700763
1024.7726175700955
-460.22738242992847
-910.0273824299218
-2292.827382429971
-468.02738242993314
359.9726175700665
75.77261757007415
170.9726175700768
509.97261757005936
686.5726175700884
-466.0273824299376
657.3726175700892
-184.42738242991715
-854.627382429932
-878.0273824299217
-274.42738242991396
651.9726175700619
1628.972617570112
-160.2273824299274
-120.62738242993021
663.7726175700844
259.17261757006395
678.7726175700793
223.5726175700552
487.17261757007117
-1303.227382429914
-727.8273824299279
-45.62738242993865
-1241.8273824299442
-610.6273824299269
-1817.0273824299013
557.9726175700953
250.17261757007654
-648.2273824299305
-194.02738242992191
528.3726175700584
-285.2273824299219
-1647.2273824299348
352.5726175700767
-394.8273824299311
-354.0273824299262
545.9726175700754
1931.372617570097
-1888.4273824299562
3.972617570088964
645.7726175700669
-53.627382429927266
548.3726175700843
-182.8273824299294
1369.1726175700483
838.9726175700716
140.97261757007817
-1098.8273824299235
-391.42738242992704
495.57261757009
437.1726175700899
647.5726175700707
-2252.027382429978
-1130.2273824299054
5.972617570068252
30.77261757007782
936.1726175700545
1584.9726175700823
240.17261757007867
-367.82738242995566
-44.62738242992624
-472.02738242992694
-740.8273824299196
-1216.2273824298977
615.7726175700712
2340.3726175700685
431.7726175700747
-532.4273824299215
-750.0273824299325
1919.172617570099
-687.8273824299357
-1718.8273824299351
-1335.027382429926
162.17261757006992
-150.82738242992747
263.37261757007093
-821.4273824299297
-1813.8273824299094
-492.62738242992305
-1772.0273824298902
-1119.82738242992
-1551.2273824299086
-1206.2273824299202
4484.772617570065
3327.972617570107
-1099.427382429887
1080.172617570056
1253.372617570102
2142.3726175699962
292.77261757003225
511.1726175700493
1054.1726175700742
951.5726175700676
-292.8273824299253
-2194.827382429928
-828.0273824299219
1124.7726175700566
1648.972617570114
476.5726175700751
261.37261757007525
221.37261757006286
1196.972617570048
-1870.027382429924
65.97261757007107
-776.6273824299194
41.57261757006471
-2132.227382429869
295.97261757007857
132.37261757007832
-1633.2273824299182
1044.3726175700722
-293.22738242992835
-3939.4273824299376
-666.8273824299444
-7.627382429924076
2053.772617570138
3046.9726175700584
-331.42738242992397
1363.3726175701295
-1249.827382429927
-167.62738242992532
-2426.227382429964
872.1726175700621
798.3726175700788
17.772617570075795
1263.5726175700709
232.97261757007715
1513.372617570074
1760.5726175700413
282.77261757008165
-50.627382429929895
-1339.82738242994
-196.02738242992666
392.97261757008073
1769.3726175700424
1950.1726175700846
-1013.4273824299023
-459.4273824299395
-2456.6273824299196
-1257.0273824299225
72.172617570076
337.1726175700773
-548.4273824299071
634.7726175700766
-1273.8273824299424
-226.2273824299207
615.3726175700823
636.5726175700703
882.1726175700697
3077.572617569984
2619.572617570138
-1263.427382429916
-533.4273824299319
450.3726175700821
418.57261757007393
-43.02738242993504
182.17261757006565
-439.82738242993696
103.37261757008011
1060.1726175700826
-211.2273824299335
-931.6273824299266
-737.2273824299216
-893.2273824299255
-581.0273824299288
-990.4273824299083
-178.22738242992358
-1057.8273824299265
-1102.6273824298949
-231.82738242993582
-30.227382429929087
-1185.62738242995
-451.82738242993247
1318.7726175700318
-1111.4273824299087
-1686.8273824299552
-1233.027382429927
-1914.6273824299335
-344.0273824299187
116.77261757008543
1255.9726175701217
1635.9726175700525
49.77261757007369
-1850.6273824299244
-491.0273824299299
661.9726175700673
-751.0273824299425
-3381.8273824299786
-413.4273824299162
-309.02738242992194
-641.0273824299226
209.37261757008596
-2175.227382430002
-1238.6273824298821
-1041.627382429926
-1373.0273824299084
-135.62738242992984
-678.0273824299277
-1245.427382429928
-1491.2273824299693
-435.4273824299231
-757.4273824299356
-67.42738242993656
-1204.8273824299424
-1403.6273824299708
-381.6273824299237
868.3726175700681
-1237.8273824299222
-1019.2273824298818
-1020.0273824299157
-765.6273824299349
-953.4273824299424
2184.572617570161
-536.6273824299252
538.7726175700411
2769.972617570075
1429.9726175700787
-337.0273824299196
462.372617570076
-816.2273824299632
826.5726175700531
1323.9726175700696
-511.0273824299354
-234.2273824299279
-1399.6273824299196
-653.2273824299272
-646.4273824299332
28.37261757007822
1245.1726175700385
-444.8273824299255
819.9726175700811
913.1726175700913
642.7726175700707
-1623.2273824299223
-316.42738242992834
-464.42738242992453
-752.0273824299169
-1494.6273824299394
-108.42738242992945
-958.0273824298978
-645.6273824299177
-1730.2273824299505
986.9726175700429
-1011.8273824299087
986.9726175701283
770.3726175700572
3345.972617570011
2195.9726175701862
1834.972617570035
-365.42738242992283
-938.6273824299337
-850.0273824299179
-32.027382429924245
650.7726175700702
-1702.0273824299416
588.3726175700803
-131.82738242994415
970.9726175700606
844.7726175700848
-1902.2273824299139
-821.4273824298958
-1836.627382429932
-404.22738242993415
-5.627382429926012
-1262.2273824299239
-1740.027382429923
-554.4273824299181
-1525.627382429952
-165.02738242993428
-150.62738242994268
-777.8273824299774
-1966.6273824299565
-1715.6273824298955
-957.0273824299114
1552.972617570051
-605.0273824299287
-275.6273824299147
2054.1726175700596
3224.3726175702104
2249.972617570051
-204.0273824299117
-1017.4273824298999
-160.62738242992967
-1364.6273824299458
-1269.827382429929
283.3726175700765
1144.5726175700759
622.5726175700762
-2429.027382429901
-615.2273824299212
694.7726175700801
71.37261757008008
1612.9726175701223
-752.4273824299217
1074.1726175700871
154.97261757005816
206.17261757006733
-938.8273824299413
-1319.4273824298841
787.9726175700781
2368.772617570098
940.5726175700687
90.77261757004474
-1678.427382429843
-2485.4273824298934
-84.22738242992759
2040.3726175700135
1403.372617570057
644.1726175701092
2705.1726175700733
1510.5726175700659
3059.9726175701085
-746.6273824298987
-2006.6273824299005
-506.0273824299384
-1637.6273824299324
-2456.427382429946
-687.4273824299055
-357.62738242991725
-872.6273824299286
-2460.8273824299063
-896.4273824299396
249.57261757007208
-1054.2273824299198
996.9726175700526
1012.1726175700727
1689.172617570067
2194.772617570023
2474.372617570046
112.3726175700689
-372.8273824299108
141.77261757007687
-1121.2273824298923
-2344.0273824299725
-536.427382429938
1105.1726175700717
-1326.2273824298877
79.97261757007202
1299.3726175700608
1868.9726175700598
1237.5726175700486
3354.5726175701093
57.97261757007435
-169.2273824299385
-385.027382429928
443.97261757006606
1113.9726175700641
-71.22738242992742
-1694.4273824299316
-2506.227382429949
-1457.6273824299035
-2009.4273824299037
-89.42738242992338
240.97261757006328
17.972617570077045
-1393.2273824299336
-549.0273824299371
-192.22738242992986
568.5726175700786
2456.5726175700997
793.1726175700812
-894.4273824299196
-31.027382429918838
-1613.8273824298842
-816.0273824299271
-652.4273824299368
-2151.227382429945
-1659.627382429942
-1128.0273824299684
645.5726175700757
1531.7726175700598
-879.2273824299176
-702.4273824299084
12.372617570061394
1263.9726175700837
-868.0273824299388
-228.62738242993532
641.9726175700664
910.5726175700714
-1883.6273824299212
-1684.427382429921
-1835.6273824299035
-1749.0273824300198
-1314.4273824299992
308.97261757007726
-268.2273824299302
187.17261757007552
2538.57261757003
1254.7726175700723
633.3726175700718
-1215.2273824299023
1156.9726175700987
664.7726175700919
502.3726175700525
372.17261757007884
-440.0273824299373
-867.6273824299367
-1172.4273824299153
95.97261757006703
-742.2273824299534
-162.42738242992644
-449.62738242992475
486.572617570087
-19.427382429932795
-567.227382429933
-806.0273824299453
905.1726175700906
210.5726175700782
-298.42738242992255
-154.62738242992674
978.3726175700675
-929.4273824299069
517.7726175700836
-918.6273824300048
-1439.0273824299197
-1426.2273824298825
-644.8273824299292
-305.227382429933
-1161.6273824299317
-112.82738242992743
-472.2273824299313
28.57261757007739
-459.6273824299176
1770.572617570021
1092.7726175700707
1169.7726175700734
-258.8273824299282
-337.82738242993406
-1958.6273824299396
-1816.4273824299323
-936.8273824298981
-1343.0273824298747
-944.4273824299155
-1401.6273824299249
-892.8273824299229
-1186.8273824299747
-1757.027382429886
372.1726175700789
-296.2273824299299
-543.6273824299263
1291.3726175700647
445.5726175700638
-595.8273824299179
-476.4273824299427
501.77261757007227
73.17261757008697
-331.2273824299341
91.77261757007545
-2166.227382429956
-2262.6273824299556
-1122.0273824299204
-668.0273824299326
826.972617570071
1725.1726175700683
-1266.4273824299214
118.57261757007333
288.5726175700767
425.5726175700861
-1268.4273824299096
-1980.427382429888
-2045.6273824299408
-1011.427382429912
-81.82738242993524
-121.62738242994034
-3046.827382429848
-1982.827382429981
-196.2273824299358
-1442.8273824299556
170.77261757008432
-449.42738242993204
-407.0273824299338
820.1726175700669
980.1726175700759
853.7726175700597
-1338.0273824299106
-1494.4273824299553
947.7726175700753
19.3726175700656
484.172617570085
66.37261757007455
-1414.2273824299361
-1147.8273824299451
434.17261757008487
464.97261757007726
2102.57261757008
458.77261757007875
-1041.6273824299187
437.3726175700746
-475.0273824299353
1572.172617570096
-542.6273824299255
-328.22738242992557
-801.8273824299237
-752.6273824299249
398.7726175700788
517.572617570068
-1713.427382429978
-2000.627382429866
-880.0273824299229
849.7726175700677
1128.1726175700876
488.97261757007277
16.77261757007085
1816.7726175700732
-85.42738242993964
111.77261757007295
442.7726175700765
-1846.4273824298489
-673.2273824299315
-779.6273824299464
-301.2273824299265
1004.9726175700737
39.772617570076086
-1274.62738242993
-968.2273824299397
-344.0273824299313
923.1726175700687
34.3726175700707
796.1726175700303
-302.2273824299231
-373.2273824299315
1132.3726175700685
-230.42738242992817
1552.7726175700618
-1387.8273824299313
-1158.827382429944
-806.6273824299219
-107.2273824299257
292.5726175700729
-2348.2273824299946
-317.82738242992724
-596.0273824299453
-945.6273824299
863.5726175700516
-153.4273824299238
-979.6273824299242
-313.6273824299233
1161.972617570084
-1247.0273824299306
343.9726175700713
-684.0273824299384
269.17261757006827
-329.2273824299327
-1471.2273824299516
-3046.827382429903
-2198.0273824299225
-609.4273824299285
327.5726175700713
68.17261757007256
-2251.82738242987
-743.8273824299206
-1519.627382429937
-180.02738242992737
-320.22738242993057
-1469.2273824299202
210.97261757006567
-821.8273824299273
1501.3726175700601
-804.2273824299097
329.372617570074
94.77261757008463
-3365.0273824299143
1740.7726175700886
1084.5726175700702
-1713.0273824299122
868.9726175700634
2668.572617570073
-716.227382429917
48.77261757007697
478.1726175700823
-1872.8273824299497
-698.0273824299398
1398.1726175700867
968.9726175700332
927.1726175700586
130.5726175700716
-1102.6273824299396
-251.02738242992427
1024.5726175700618
2140.572617570108
2131.172617570078
-1531.6273824299
-1984.0273824299127
-1354.4273824299169
454.5726175700551
-1293.6273824299244
-152.0273824299211
-513.827382429934
-1040.6273824298892
263.3726175700646
-627.4273824299296
-414.02738242992655
-624.4273824299142
-1176.227382429896
356.9726175700864
1734.5726175701009
101.97261757006788
-1207.0273824299127
-157.02738242994477
-1415.6273824299146
-647.627382429931
-1304.6273824299112
1298.1726175700958
-435.02738242992217
-1738.627382429961
-772.4273824299258
-864.6273824299211
2747.3726175700285
1409.7726175700707
-628.0273824299366
990.3726175700785
219.37261757008133
2002.7726175700661
-2133.027382429945
-981.6273824299757
793.7726175700709
-1536.6273824299244
6.5726175700560034
862.7726175700868
-1186.227382429931
-581.2273824299285
-1334.0273824299159
-245.2273824299239
-304.4273824299154
-2356.627382429924
-391.6273824299249
237.77261757007494
-746.0273824299491
-94.4273824299264
1732.1726175700774
190.57261757007018
-459.8273824299276
-792.2273824299303
-1001.627382429915
371.97261757008084
377.77261757007017
-1381.0273824299004
481.7726175700791
-3065.4273824298816
-418.62738242993044
-981.0273824299251
-861.6273824299312
132.97261757007595
-1012.4273824299439
1184.3726175700551
-2233.0273824299043
-831.8273824299222
1500.7726175700543
-1990.6273824299642
648.9726175700598
931.7726175700984
-1575.227382429936
-484.0273824299156
-562.2273824299191
77.17261757006888
-291.4273824299027
-1796.8273824299367
2285.1726175700815
221.37261757007883
-1654.6273824299706
135.7726175700765
541.7726175700783
-988.2273824299191
341.3726175700678
-627.8273824299441
723.1726175700738
280.972617570076
106.37261757007575
316.77261757006096
-7.4273824299271745
-3119.2273824298686
-1180.2273824298857
-577.0273824299413
-738.2273824299244
954.5726175700564
693.9726175700779
1166.9726175700816
-1613.8273824299486
-1625.0273824300166
233.77261757007489
554.972617570062
-1546.4273824299246
35.572617570075934
564.972617570085
578.7726175700662
-1028.8273824299413
-668.22738242992
-360.82738242993196
-2534.0273824298974
-322.82738242992497
-1156.027382429937
606.5726175700765
324.972617570072
167.97261757007084
-701.4273824299268
-973.4273824299131
-2755.427382429848
2862.1726175700733
598.9726175700844
-947.6273824299111
-637.2273824299759
-215.4273824299244
-1186.0273824299336
-1673.0273824299852
-1244.2273824299589
-1503.0273824299
155.77261757007025
329.5726175700736
1639.9726175700998
1066.9726175700703
-814.0273824299171
610.5726175700646
-951.0273824299278
-1944.227382429979
707.572617570083
1745.5726175700713
244.9726175700773
317.7726175700711
452.97261757006623
846.1726175700478
657.5726175700803
389.9726175700908
-510.22738242993563
1389.1726175700687
-1181.2273824299366
779.7726175700889
1428.5726175700731
110.17261757007559
-1363.2273824299639
1634.5726175700556
-1747.0273824299702
810.1726175700599
824.5726175700686
-1647.427382429939
-690.4273824299306
-788.4273824299278
-2316.0273824298733
60.17261757005831
-855.8273824299051
-1109.827382429938
-300.4273824299213
-370.22738242992097
-551.027382429945
36.97261757007301
-1435.0273824299386
-861.2273824299249
-1139.2273824299266
-606.0273824299214
-424.02738242993695
388.97261757007163
-469.22738242992773
-71.82738242992218
400.17261757007
788.5726175701082
407.57261757006665
596.3726175700805
-1288.6273824299285
720.1726175700778
1731.572617570083
2092.372617570092
1655.9726175701362
-48.82738242992889
-86.6273824299252
2500.5726175700347
2246.172617570058
796.1726175700776
-763.0273824299356
-312.42738242992954
-651.4273824299556
-414.2273824299301
377.97261757006487
-531.0273824299393
-2864.2273824298836
-366.4273824299306
320.37261757008343
948.1726175700519
-799.8273824299231
729.1726175700583
-842.227382429909
104.57261757007117
-700.4273824299303
-137.2273824299245
1574.372617570063
1322.7726175700896
234.97261757007504
1079.9726175700869
2051.3726175700713
-114.4273824299188
21.972617570080118
1729.7726175700977
917.5726175700541
1967.7726175700413
1269.7726175700766
783.3726175700701
451.77261757006175
2071.772617570082
-121.4273824299257
-548.8273824299267
-509.02738242993564
-774.0273824299207
-1914.6273824300065
202.57261757007294
750.3726175700698
103.57261757007684
-2054.2273824299364
1529.972617570049
1089.172617570052
1770.1726175700444
-247.6273824299237
359.7726175700793
-32.627382429926385
-855.2273824299214
-1595.4273824299398
27.572617570067667
1074.7726175701077
99.57261757007345
2211.372617570062
1435.3726175700674
508.37261757007656
-23.827382429935238
593.9726175700638
335.3726175701056
2553.5726175700747
933.9726175701063
-754.2273824299125
1846.5726175700497
-613.8273824299256
-1440.827382429917
-1713.8273824299288
-792.0273824299339
-293.62738242993237
307.1726175700762
-634.2273824299144
-609.8273824299195
-621.2273824299284
-1440.4273824299405
1930.5726175700613
2288.972617570027
-151.22738242992287
847.3726175700797
-191.4273824299393
138.97261757006623
-364.6273824299237
-1208.0273824299004
-1652.0273824299431
-540.6273824299354
-510.8273824299284
772.7726175700575
2969.9726175700835
1153.1726175700578
1923.3726175700701
2353.1726175700396
361.17261757005133
310.9726175700868
3578.5726175702307
946.5726175700452
-491.6273824299242
1210.9726175701364
1379.972617570051
-1103.827382429935
1115.3726175700344
400.7726175700952
-1727.227382429896
-564.8273824299428
1690.172617570038
-1173.8273824299429
-958.0273824299204
-300.62738242992714
-752.6273824299217
-1342.227382429957
-350.02738242993576
138.77261757007398
-314.22738242992517
-390.2273824299253
-237.82738242991599
-1067.0273824299218
-1306.427382429941
908.7726175700444
342.9726175700862
81.77261757007115
726.5726175700661
-453.62738242994396
1253.7726175700557
1613.572617570078
209.97261757007755
-183.42738242994258
-219.0273824299302
297.9726175700823
-178.0273824299191
-383.6273824299251
-663.4273824299245
-329.02738242993047
2068.772617570153
1278.7726175700557
1471.7726175700886
-1354.027382429944
159.77261757007048
19.77261757007104
1198.972617570056
2960.372617570082
1717.1726175700012
253.57261757007126
-1234.0273824299416
1042.372617570055
1979.572617570042
-319.2273824299334
302.17261757007503
1764.1726175700924
170.9726175700695
850.1726175700971
627.5726175700713
349.1726175700671
1500.7726175700936
816.1726175700762
329.57261757006495
1803.1726175700844
500.7726175700893
3333.3726175699585
1558.1726175700358
1580.1726175700526
340.1726175700774
2202.972617570095
1088.5726175700959
1438.7726175701255
2113.972617570103
1289.9726175700425
1841.3726175700808
1746.9726175700873
-42.42738242992969
1166.572617570073
1792.5726175701166
743.7726175700951
1211.3726175700665
354.17261757007157
-1016.8273824299304
547.3726175700526
2282.772617570156
893.7726175700701
-1000.827382429923
-44.02738242991513
-1615.0273824299118
-1533.8273824299183
-1831.227382429912
-1326.627382429941
-679.2273824299209
-687.4273824299262
-1941.2273824299211
258.17261757008
524.772617570071
-64.82738242992387
-787.2273824299288
963.1726175700737
-1251.6273824299278
-2118.2273824299054
-1623.227382429894
-657.827382429927
-404.4273824299225
-33.427382429926396
505.1726175700822
-893.0273824299112
-300.6273824299254
1013.3726175700759
644.7726175700418
420.1726175700653
1650.1726175700853
921.7726175700814
187.17261757007418
-22.627382429916253
166.37261757007664
217.97261757009176
-82.82738242991178
114.37261757008059
664.5726175701087
-143.8273824299286
-930.2273824299267
-485.227382429922
-1503.227382429943
-1025.2273824299086
-158.62738242993086
-262.82738242992605
-339.8273824299223
424.1726175700669
115.97261757007468
896.1726175700894
-133.62738242993078
-1781.627382429917
-1251.6273824299292
-10.82738242992992
-164.82738242992363
-1091.227382429901
-667.8273824299416
-518.4273824299112
2112.572617570071
628.7726175700748
-1362.427382429926
-204.8273824299195
578.1726175700599
1141.3726175700904
3385.1726175700383
-101.82738242992635
-1484.0273824299345
15.572617570066384
-775.6273824299175
-973.227382429913
-1193.4273824299187
-1081.4273824299175
140.97261757008107
-1189.827382429937
-2584.427382429937
-1923.8273824299351
-865.027382429936
-800.6273824299227
-372.8273824299397
492.17261757010397
411.5726175700812
-572.827382429944
948.3726175700771
310.9726175700871
1230.1726175701083
1410.9726175700848
-119.42738242991996
-438.2273824299174
-1767.0273824299165
589.1726175700597
1123.5726175700663
635.5726175700783
748.3726175700714
868.5726175700585
-259.8273824299355
-527.6273824299283
1412.5726175700695
-40.82738242991813
-307.0273824299237
119.57261757006783
405.17261757009857
663.7726175700739
-121.62738242992583
-1436.8273824299133
-329.027382429923
-218.22738242992773
-248.82738242992573
133.77261757007244
-34.627382429922875
359.97261757007107
-1164.4273824299146
-609.2273824299272
-1143.6273824299599
-2206.627382429821
-1174.427382429961
-2053.027382429927
66.97261757007746
-473.2273824299207
-1174.8273824299188
601.9726175700761
2189.5726175700975
1004.9726175700807
-1683.8273824299197
-445.4273824299459
-359.22738242992943
-723.4273824299225
-999.227382429903
1085.5726175700838
-1116.027382429922
92.97261757007692
442.1726175700833
-484.82738242992355
109.57261757007308
-959.2273824299282
383.37261757007695
762.5726175700856
1816.572617570097
189.97261757007567
423.37261757007303
69.77261757007315
-369.02738242992376
-472.627382429939
-2866.227382429834
-425.627382429934
-825.4273824299462
-1792.6273824299099
-400.8273824299361
261.17261757007054
-936.4273824299221
-2306.0273824298647
-755.4273824299328
771.7726175700577
1556.37261757009
-583.0273824299115
-720.0273824299271
469.77261757008034
-467.22738242993273
-1252.827382429927
-2074.627382429942
967.972617570063
-375.02738242992064
-844.0273824299364
351.372617570073
968.3726175700699
198.97261757007934
1100.7726175700768
-295.62738242992873
-955.6273824299062
1070.1726175700737
-1038.4273824299314
309.77261757008296
-2156.4273824298266
-2948.6273824299324
2319.9726175700853
1357.1726175700592
-1458.4273824299235
282.5726175700609
-740.8273824299216
-104.82738242994012
-1227.8273824299413
-632.4273824299214
-1506.4273824299573
-645.8273824299375
284.17261757008157
-944.6273824299465
-893.8273824299387
137.17261757007745
723.17261757007
-314.22738242992034
-244.82738242992633
-1366.027382429925
-249.82738242992758
-1880.4273824299146
1013.3726175700199
1299.5726175700947
1703.7726175701162
-514.0273824299259
1986.1726175700876
763.9726175700571
-1552.0273824299234
1866.5726175700709
1212.1726175700653
-1012.4273824299144
418.77261757007784
-1683.027382429919
-710.2273824299385
1028.5726175700943
-1748.4273824299557
545.5726175700781
-1900.0273824299477
-991.0273824299281
-2294.627382429941
-269.2273824299325
-1364.8273824299372
-416.6273824299239
1646.5726175700747
-283.6273824299317
691.5726175700669
1053.7726175700343
400.5726175700795
489.17261757008237
-624.6273824299344
-1011.8273824299382
-249.82738242992872
1039.9726175700696
2091.172617570028
476.17261757005656
1077.7726175700748
-641.0273824299153
-422.6273824299294
-35.027382429931365
-250.82738242992394
-453.6273824299385
2011.9726175700735
1711.7726175700775
1701.1726175700635
315.7726175700721
-350.02738242993144
-1087.8273824299567
-60.62738242992974
1118.1726175700821
-1237.4273824298646
-567.6273824299301
34.772617570067816
-555.8273824299314
694.3726175700778
2049.972617570085
759.3726175700708
400.3726175700885
1171.972617570034
-585.027382429915
-250.62738242991878
1650.3726175700976
1049.1726175700787
209.17261757006625
69.97261757007125
-439.22738242992034
-805.827382429925
750.5726175700919
1617.972617570107
1025.7726175700604
-587.2273824299259
70.17261757007302
1164.9726175700916
-792.4273824299277
-248.22738242992435
1687.5726175700856
-27.42738242993144
190.37261757006146
897.1726175700766
-383.62738242992987
-1630.6273824299528
-1885.427382429903
-2853.827382429928
-1193.62738242993
-342.4273824299166
-846.4273824299344
-1083.027382429942
2108.7726175700545
627.9726175700943
257.5726175700741
2038.5726175700602
-162.6273824299269
797.3726175700655
2082.3726175700563
769.1726175700895
633.5726175700664
927.7726175701001
-1507.4273824299432
-1199.027382429899
1025.7726175700805
729.5726175701002
249.7726175700928
-279.8273824299216
-217.02738242992336
624.1726175700588
1722.5726175700433
351.17261757009373
1598.5726175700613
270.77261757006903
-535.4273824299231
459.3726175700705
1388.172617570078
-2683.4273824300053
-2477.2273824299314
-869.2273824299203
-765.4273824299365
-1301.4273824299478
217.57261757007012
-333.62738242992725
1753.772617570052
1337.972617570057
-98.4273824299249
1442.9726175700482
719.1726175700788
1496.7726175700457
790.1726175700546
542.1726175700774
485.97261757007817
272.37261757007093
553.3726175700698
616.5726175700843
1323.7726175700445
-267.8273824299274
361.37261757008207
857.5726175700606
-111.42738242993188
-1366.8273824299545
562.9726175700849
1635.7726175700127
2954.772617570152
-794.2273824299319
-512.6273824299174
-1580.2273824299464
-470.62738242992947
-2294.4273824298543
-897.8273824299006
-1257.227382429927
-170.02738242989363
-1162.4273824299833
-337.2273824299326
698.9726175701119
1316.3726175701042
631.3726175700841
-2329.827382429904
763.5726175700726
680.1726175700715
1721.3726175700826
1589.5726175700654
-1232.2273824299143
-513.2273824299325
-656.2273824299328
-551.4273824299204
14.772617570062877
91.77261757007687
94.972617570079
1007.9726175700622
-244.62738242993424
-862.0273824299271
-708.8273824299282
962.7726175700634
2063.1726175700755
3124.7726175700427
885.572617570063
-134.62738242993265
-1204.2273824299202
-2258.627382429913
-1969.2273824299318
-1313.0273824299518
-371.02738242993183
-990.8273824299317
-1355.6273824299255
1407.5726175700531
2395.97261757006
1483.772617570072
1785.572617570003
393.5726175700716
472.17261757008436
-1650.2273824299289
-23.227382429924347
1230.1726175700853
166.3726175701154
2171.1726175701037
510.17261757009487
274.7726175700724
-1056.4273824299253
361.772617570044
33.57261757006982
-163.82738242992934
774.7726175700602
1628.972617570112
1184.1726175700815
2040.9726175700582
1054.9726175700623
1678.7726175700757
1401.9726175700876
420.37261757006974
344.5726175700747
-923.027382429954
-1218.827382429918
-2729.827382429984
-17.627382429906344
-1203.2273824299427
-1428.8273824299442
807.9726175700752
1839.5726175700988
-65.42738242990195
1367.3726175701381
132.77261757007446
292.9726175700627
-256.02738242992865
596.1726175700604
254.7726175700784
-1472.0273824299413
843.7726175700716
1182.7726175700793
-136.22738242993256
-618.4273824299338
658.5726175700524
229.77261757007403
314.57261757005193
-101.62738242993257
-1040.827382429923
-729.6273824299421
1371.7726175700209
1933.972617570118
1382.172617570061
278.3726175700555
-1129.4273824299437
200.77261757007253
-918.0273824299659
418.5726175700829
-3287.4273824300158
-3000.2273824299436
-2208.027382429929
-46.82738242992677
1543.972617570064
2663.172617570072
1259.9726175700885
959.7726175701029
1422.1726175701006
842.7726175700765
2082.7726175699804
1168.9726175700785
-370.0273824299319
-1974.227382429885
-975.4273824298981
-243.02738242993462
-430.8273824299335
-70.42738242992132
-813.8273824299184
-669.6273824299201
1112.3726175701029
85.37261757007309
1021.1726175700552
1592.972617570101
256.372617570054
-93.42738242991909
1007.572617570053
759.9726175700877
-1597.0273824298913
-1991.6273824299003
-1714.2273824298984
-692.6273824299237
-548.627382429921
-1750.6273824299149
-1659.8273824299104
-1114.4273824299225
456.1726175700799
-376.6273824299274
1074.5726175700495
1772.1726175700283
2346.1726175700587
2519.1726175700715
2943.372617570077
843.7726175700705
495.5726175700659
1696.9726175700978
-199.02738242992547
-240.62738242992214
-1195.6273824299208
229.57261757007913
171.17261757007185
521.5726175700742
1764.3726175700606
1960.3726175700936
1458.772617570043
839.7726175700415
2411.372617570023
556.5726175700903
1783.9726175700855
823.9726175700929
-1163.6273824299305
-47.22738242992685
-312.8273824299229
-625.6273824299284
736.1726175700825
1478.5726175700734
389.97261757008454
-274.62738242993953
1251.7726175700752
-481.02738242992615
1775.5726175700395
922.9726175700978
1392.9726175700484
1586.3726175701338
2811.1726175700737
2344.172617570094
433.9726175700824
-157.02738242992277
-2006.8273824299465
-1479.6273824299149
-533.0273824299276
1309.9726175700748
862.1726175700718
118.17261757008697
1088.9726175700318
2572.172617570086
780.3726175700609
957.572617570056
1220.1726175700687
-575.6273824299238
1437.1726175700871
1108.572617570027
-613.8273824299027
430.57261757007166
364.1726175700693
1522.1726175700737
1731.3726175701108
989.7726175700697
1615.372617570072
1098.3726175700758
1090.3726175701247
-236.2273824299223
-377.2273824299342
22.772617570069237
889.7726175701098
1674.3726175700924
852.1726175700711
786.3726175700933
449.77261757007483
-1093.6273824299417
-996.8273824299268
-165.82738242992298
-1005.6273824299033
-476.6273824299447
-28.227382429932025
-399.0273824299267
245.77261757008608
1785.3726175700328
758.9726175700725
1332.372617570075
1146.3726175700674
285.1726175700785
585.3726175700841
1367.3726175700726
687.3726175700788
-1191.4273824299482
458.3726175701041
-35.227382429930756
473.37261757008173
-66.42738242992043
-756.6273824299528
765.3726175700776
-312.02738242993007
-1594.8273824298851
307.17261757008094
-277.827382429925
567.1726175700828
243.1726175700852
-270.4273824299338
1244.9726175700796
1740.372617570109
-449.02738242993235
-139.2273824299283
-1957.827382429951
-511.4273824299242
-190.42738242992027
-848.6273824299285
1333.972617570104
371.7726175700494
1795.5726175700815
831.5726175700675
-456.4273824299231
251.57261757008646
22.172617570072873
674.3726175700585
583.3726175700916
426.97261757009534
122.57261757007925
-67.4273824299219
-919.0273824299189
-1578.02738242992
682.5726175700777
-1496.2273824299475
-1244.6273824299167
1559.5726175700597
-611.2273824299243
733.1726175700724
-370.4273824299322
-102.42738242991967
1147.3726175701188
1321.3726175700451
1994.3726175701502
1388.1726175700862
555.5726175700894
-499.627382429943
-1532.8273824299122
1894.1726175701424
-1282.4273824298937
-188.62738242992384
1430.1726175700467
87.17261757008788
2670.1726175700996
163.1726175700654
-361.0273824299262
229.97261757008874
690.3726175700597
2274.3726175701045
20.572617570092618
1304.9726175700316
-1680.627382429909
-2305.827382429899
-150.42738242993283
-947.6273824299219
-815.827382429925
-309.42738242993596
609.9726175700766
-21.827382429923354
1737.5726175700356
444.5726175700872
469.7726175700695
-296.6273824299321
-523.8273824299298
-630.6273824299245
1124.572617570068
1984.1726175700571
1543.7726175700504
-375.02738242993024
-1944.4273824299316
828.1726175700794
-1436.6273824299108
1436.5726175700474
996.7726175700958
5.572617570080141
1519.7726175700996
-37.427382429926695
916.9726175700629
-266.82738242992775
1681.372617570099
2606.1726175700796
-542.6273824299318
2498.97261757005
311.3726175700728
-1237.2273824299562
227.77261757008594
1742.5726175700636
-446.4273824299335
872.5726175700744
618.7726175700639
-795.6273824299091
323.37261757006075
1656.1726175700426
677.9726175700874
1313.97261757009
678.5726175700919
549.172617570113
1415.572617570075
2336.572617570158
1549.3726175701318
972.7726175700362
-1441.627382429967
-246.42738242993659
-907.0273824299378
2027.1726175700458
19.57261757006973
852.7726175700869
1120.772617570065
64.77261757007622
-810.827382429941
-1023.227382429938
-378.6273824299314
299.57261757007825
910.7726175700534
737.7726175700752
785.372617570074
12.172617570077641
-1909.827382429998
-1667.627382429912
-1283.827382429948
403.3726175700666
-930.4273824299232
2180.3726175700626
1041.3726175700633
-450.627382429934
991.1726175700992
842.3726175701253
3168.7726175701705
2126.5726175701116
-326.4273824299335
886.3726175700691
-1157.0273824299254
569.3726175700566
-2246.627382429952
-868.6273824299034
834.5726175700619
-618.8273824299336
1084.172617570109
1687.172617570055
462.3726175700719
723.7726175700659
-242.22738242991988
1925.972617570093
1574.172617570065
-912.6273824299451
605.1726175700687
-457.8273824299278
-1887.6273824299285
-794.4273824299305
1145.172617570083
-1377.8273824298965
-360.02738242994343
383.97261757007533
-415.42738242993664
975.3726175700477
1624.9726175700905
16.572617570067152
3311.372617570121
147.372617570072
1638.1726175700726
797.372617570089
1039.1726175700753
1317.9726175700355
-1559.6273824298976
1029.77261757004
-1149.027382429873
-1639.8273824299567
1142.972617570049
-1946.6273824299321
1407.5726175700752
1067.7726175700789
-1717.2273824299073
18.17261757007308
1029.7726175700384
2691.3726175701004
2283.17261757009
669.3726175700625
3605.3726175701336
393.7726175700668
-1367.427382429905
251.3726175700773
265.9726175700757
-1740.4273824299091
1588.572617570044
1546.7726175700839
551.3726175700648
2.772617570081236
-31.22738242992805
493.372617570076
1883.9726175700675
363.57261757007115
1836.3726175700538
1372.5726175701059
1242.172617570029
2665.772617570131
541.572617570068
978.1726175700904
-708.2273824299158
-2496.027382429914
-613.6273824299195
197.57261757005801
-935.0273824299192
247.57261757005404
375.1726175700826
843.9726175700785
-174.62738242993274
332.57261757007734
1150.172617570055
-98.8273824299257
458.37261757007826
-729.4273824299503
532.7726175700684
-53.227382429922386
-300.4273824299333
-1539.8273824299702
861.1726175700728
-296.02738242992115
2478.1726175700574
734.1726175700533
-366.22738242992693
-177.22738242993776
1843.3726175700679
2095.3726175701586
1567.7726175700407
800.1726175700744
-353.22738242992256
237.57261757007862
-411.6273824299308
707.3726175700668
242.9726175700795
-1773.6273824299888
234.17261757006958
-495.6273824299207
-807.6273824299353
1479.1726175700014
1138.3726175700572
723.9726175700649
1061.7726175700784
207.3726175700783
188.37261757007906
1276.1726175701144
22.972617570072625
-692.0273824299395
210.77261757007426
-1650.0273824299222
-339.4273824299428
-655.6273824299025
-223.82738242993372
-1572.6273824299317
967.1726175700843
-2448.4273824299516
180.772617570073
444.37261757004984
-939.8273824299138
1512.1726175700358
1743.172617570098
-345.4273824299264
1481.3726175700763
-397.0273824299284
-1115.4273824299214
-447.2273824299275
-1026.6273824299496
-1117.8273824299597
-255.22738242992926
-121.02738242992933
986.3726175701104
468.5726175700734
-310.02738242992166
35.77261757006764
933.1726175700896
-1554.827382429934
-1547.0273824299259
-40.427382429921266
-181.62738242993245
-561.2273824299317
-1380.027382429913
-2762.6273824299374
-1644.427382429892
-1314.0273824298963
206.3726175700803
219.3726175700727
-1096.627382429921
-2230.8273824299263
773.9726175701052
995.5726175700984
1216.5726175700831
775.5726175700592
1138.7726175700577
922.9726175700567
972.7726175700454
543.5726175700637
-414.82738242991246
-2833.427382429933
-645.6273824299177
327.37261757007815
600.5726175700819
243.37261757006627
2203.972617570158
754.7726175700736
570.7726175700775
-88.22738242992529
599.3726175700904
1181.5726175700636
194.1726175700823
-423.0273824299397
-405.02738242994
319.1726175700662
-1644.0273824299263
-1329.82738243001
-861.8273824299433
-2914.0273824299484
-1049.6273824299235
-874.827382429903
66.7726175700794
-221.42738242992664
1997.3726175700817
301.9726175700879
676.5726175700806
557.1726175700721
520.5726175700742
-461.42738242993
1398.9726175700732
614.9726175700551
-120.62738242992542
-2591.227382429887
791.7726175700643
963.7726175700592
1670.572617570083
-472.4273824299223
495.3726175700798
467.77261757006676
-746.8273824299264
-1066.8273824299035
846.7726175700698
717.7726175700714
-1337.0273824299218
26.572617570070506
-967.0273824299538
-2077.0273824299024
-1933.0273824299056
-840.8273824299386
-2237.4273824299867
-1171.6273824299078
-1990.027382429881
-2797.2273824298873
699.572617570061
-1274.627382429952
-1017.0273824299077
-557.2273824299363
242.77261757006775
451.5726175700773
943.5726175700665
475.17261757004997
954.1726175700637
128.97261757007686
-941.0273824299163
1377.772617570035
1988.1726175700753
-114.22738242992486
755.3726175700674
-71.82738242992868
93.17261757008004
-703.8273824299465
-1014.2273824299343
-861.8273824299728
-687.0273824299255
-1698.0273824299418
-1114.6273824299421
-14.227382429922997
-2030.0273824299297
-885.6273824299061
396.97261757008897
-1301.227382429936
-2640.4273824299585
-784.0273824299277
-1783.8273824299235
-1425.627382429924
-141.42738242992834
567.1726175700755
-910.8273824299599
486.9726175700715
-321.22738242992585
-2112.4273824298716
-688.4273824299139
1461.9726175700598
-886.0273824299154
-1092.2273824299482
-546.4273824299079
-1169.8273824299397
-1370.6273824299203
171.37261757007425
969.3726175700771
865.3726175700743
512.3726175700789
508.17261757007725
515.972617570064
507.17261757007014
597.5726175700959
-1092.427382429941
-1428.8273824298853
-1989.427382429924
-4431.027382429885
-2559.427382429977
-1578.42738242995
-2807.227382429947
-3733.2273824298536
-4919.827382429877
-3313.6273824299187
-1946.6273824298667
-2282.227382429954
-1537.2273824299682
-481.42738242994477
564.3726175700829
-134.62738242992273
622.5726175700751
-1091.0273824299657
-685.6273824298955
-1214.4273824299248
-47.42738242992453
1606.5726175701197
832.9726175700939
480.17261757007566
-4354.827382429905
-2043.0273824299315
-790.6273824299373
-2425.627382429972
-2323.227382429996
-62.62738242992649
25.77261757007517
792.7726175700709
-202.22738242995402
-1058.4273824299346
330.57261757007234
-443.4273824299363
-2322.827382429976
-1239.0273824299782
-2464.0273824299948
976.9726175700982
-183.82738242992747
-575.8273824299267
-1443.6273824299108
-37.02738242993393
48.37261757007468
37.77261757007267
290.57261757007717
-1367.8273824299367
-235.22738242993753
-161.82738242993008
-1989.8273824299235
-1215.2273824299493
-614.8273824299232
-1561.0273824299054
-2371.627382429966
-3397.627382429848
-1976.6273824300117
-568.6273824299064
1176.5726175700793
402.3726175700702
-1956.0273824299038
-786.4273824299127
-867.627382429915
-514.627382429917
-966.627382429936
-269.2273824299419
709.3726175700599
406.37261757008
-2669.227382429928
-360.8273824299104
-230.4273824299167
186.57261757007097
-68.42738242992064
1550.1726175700937
-1401.8273824299272
-2218.6273824299246
-852.2273824299282
614.9726175700749
632.9726175700918
-1530.0273824299154
253.37261757007016
-463.82738242994293
-1.6273824299423154
145.9726175700666
-934.6273824299342
-1250.4273824299435
-1532.0273824299047
-2586.627382429934
-521.827382429943
-676.627382429943
-821.6273824299252
276.57261757006574
-330.427382429924
-524.2273824299388
639.9726175700694
1073.3726175700758
111.57261757007888
954.5726175700659
1637.7726175700786
2451.7726175701277
1508.9726175700655
1131.9726175700812
607.9726175700705
1043.9726175700782
675.3726175700784
976.7726175700824
476.1726175700688
-469.02738242994826
21.972617570080196
885.9726175700908
526.7726175700608
-1687.0273824299534
500.37261757007286
763.7726175700784
2451.7726175700723
645.3726175700724
-1281.4273824298862
-50.62738242992373
-234.62738242993356
-596.0273824298924
1739.7726175700975
-1356.0273824299409
-2254.827382429894
-159.62738242991435
-413.4273824299326
-901.6273824299075
-889.0273824299252
-917.2273824299145
-404.02738242993195
-1876.8273824299529
-1505.4273824299132
219.77261757007682
574.572617570055
19.3726175700671
629.7726175700623
1672.9726175700698
595.7726175700802
-846.6273824299227
615.3726175700856
742.3726175700464
2172.372617570102
1008.5726175700893
-663.0273824299222
-1063.227382429937
-407.22738242992966
1858.9726175700773
1166.9726175700832
1002.372617570077
1763.572617570068
2512.1726175700246
315.37261757007605
-779.4273824298909
156.1726175700856
-258.22738242992347
-302.62738242991037
-1206.6273824299114
-688.8273824299308
-99.82738242992703
-574.027382429927
-2298.6273824299433
-1474.4273824299185
-1855.0273824299388
-1048.8273824299392
853.5726175700771
1649.9726175700605
1397.9726175700569
-19.427382429921664
2492.772617570138
348.37261757008395
-1571.6273824299099
-1141.4273824299362
-2217.4273824298866
-570.6273824299142
-1192.6273824299362
-587.2273824299299
281.9726175700717
1668.972617570071
981.3726175700732
-1995.2273824299266
-693.4273824299282
96.17261757007367
1011.9726175700762
-253.42738242993724
1066.3726175700724
-1296.4273824298957
451.1726175700551
283.57261757007086
-1365.6273824299055
-485.8273824299262
-1749.627382429907
-1465.0273824298968
-1214.427382429941
-53.827382429926296
-603.6273824299298
139.17261757007807
563.3726175700788
1153.3726175700951
382.77261757007415
-3058.8273824300622
1154.772617570065
1309.9726175700985
-11.027382429926007
801.572617570082
737.5726175700446
-436.0273824299134
-644.6273824299435
856.3726175700585
995.7726175700643
1104.172617570076
-226.22738242993123
-639.0273824299454
-121.62738242993058
-692.2273824299286
88.77261757007656
-1204.2273824299227
1196.7726175700575
360.97261757006777
-565.8273824299351
-343.2273824299342
432.9726175700806
224.1726175700763
1089.1726175700553
-281.22738242992284
-1686.6273824299328
-86.0273824299237
-1042.0273824299272
1596.7726175700664
-895.8273824298841
-1996.0273824299095
1957.5726175700213
80.77261757006883
-1942.4273824299064
1810.9726175700453
1106.9726175700125
1189.3726175700833
-348.8273824299208
133.97261757007854
-81.42738242991595
284.7726175700738
568.9726175700663
-1057.4273824299435
-1098.2273824299118
-850.8273824299125
-399.8273824299264
-577.8273824299227
488.5726175700711
-651.0273824299237
787.3726175700889
-324.22738242991664
1472.3726175700608
555.9726175700821
840.9726175700724
-1897.427382429919
1665.572617570058
1221.77261757009
-1818.0273824299927
1444.9726175701114
1393.1726175701137
-123.0273824299246
1025.1726175700762
-607.4273824299261
-1219.027382429936
-593.0273824299132
-2988.827382429905
733.9726175700787
99.97261757004867
1045.372617570092
-923.6273824299234
-281.82738242992764
-2360.627382429899
-217.227382429923
2253.7726175700836
29.772617570067865
-63.82738242992853
-614.8273824299226
-1187.0273824299427
-39.62738242991868
467.77261757008074
-953.0273824299204
395.7726175700542
2068.1726175699914
2197.172617570031
41.97261757007356
-196.62738242992154
-1417.0273824299309
2.3726175700779706
-277.8273824299234
-936.2273824299174
-845.0273824299358
1329.7726175700818
567.3726175700818
949.7726175700714
526.3726175700784
-542.6273824299095
-2354.427382429896
-1554.0273824299184
874.9726175700933
1465.372617570071
2304.772617570016
2149.57261757009
734.3726175700715
-243.62738242990275
1215.1726175700883
144.772617570076
283.3726175700725
231.17261757008254
-1943.6273824299753
-2300.4273824298757
981.9726175700519
1981.3726175700815
340.37261757006803
478.17261757008055
66.37261757008622
-1558.6273824299253
-857.2273824299259
308.17261757007606
1704.9726175701155
237.97261757007237
643.972617570094
699.9726175701085
-1507.8273824299556
-1146.2273824299384
689.3726175700781
-1328.02738242992
-928.0273824299281
625.57261757007
-523.8273824299259
-2029.8273824299736
-943.0273824299279
492.77261757007227
1558.3726175700756
2094.5726175700747
1327.572617570079
-871.0273824298929
963.9726175700812
-1477.4273824299278
-787.4273824299219
768.1726175700783
-1550.227382429904
-1218.8273824299122
720.972617570074
52.57261757007191
-266.42738242993215
251.9726175700852
-1308.0273824299488
-2422.6273824299788
-1233.0273824299366
-820.6273824299177
20.972617570068856
-565.0273824299255
-186.62738242992788
-116.22738242992114
1040.172617570066
-544.427382429928
1078.7726175700534
-21.627382429923003
-498.42738242990686
1748.1726175700423
2756.972617570101
-1354.2273824299145
-766.8273824299281
394.77261757008057
-292.4273824299233
-284.02738242991785
860.3726175700989
-1107.4273824299366
680.9726175700714
-559.6273824299351
-434.22738242993546
659.7726175700682
-379.22738242993455
-617.4273824299211
-1287.4273824299319
-1168.8273824298976
-1213.8273824299604
-1044.4273824299191
300.7726175700809
-137.42738242992408
1167.7726175700636
71.97261757008381
31.172617570075268
1276.3726175700733
1115.3726175700826
-892.2273824299139
158.172617570061
-82.62738242992364
1521.3726175700365
-810.0273824299303
501.5726175700669
667.572617570069
132.57261757007137
-1984.8273824299213
267.572617570073
-1649.2273824299107
-158.82738242993918
5.17261757006974
-285.4273824299093
-890.0273824299402
-37.427382429928564
-695.2273824299223
-1699.4273824299084
2096.3726175700813
329.77261757007426
-507.4273824299344
-555.6273824299378
-2584.0273824299584
-1856.0273824299286
-1483.0273824299336
202.9726175700727
1003.1726175700653
514.9726175700761
1096.9726175700973
1052.9726175700744
1115.57261757007
1324.972617570045
-509.2273824299326
-875.2273824299257
-553.4273824299406
1616.5726175700663
589.7726175700722
-817.2273824299256
-173.22738242991443
-1037.427382429945
-2838.227382429914
-1495.027382429907
-22.027382429925495
262.7726175700687
1202.1726175700678
2305.1726175700333
244.572617570063
87.37261757006306
1932.5726175700559
806.5726175701129
1676.1726175700917
-1218.8273824299442
-1404.2273824299227
-110.2273824299337
134.3726175700747
2526.77261757
595.3726175700435
382.17261757007213
-1227.8273824299413
-400.62738242993095
368.1726175700746
-941.0273824299469
1006.5726175701168
1904.172617570119
112.5726175700751
-23.427382429931264
-742.4273824299372
-592.6273824299321
-1100.0273824299327
-2720.6273824300674
-521.8273824299326
0.7726175700826268
-2089.427382429965
-3337.6273824298155
1361.772617570053
1117.1726175700596
549.9726175700686
1674.1726175701303
326.5726175700653
-1390.0273824299484
1222.1726175700433
843.3726175700866
780.7726175700761
-6.627382429924875
382.1726175700792
77.9726175700624
-35.62738242993145
2333.97261757004
1868.1726175700837
96.77261757006639
-884.4273824299296
-396.22738242994023
-709.227382429931
-1048.4273824299348
-32.02738242992683
-531.4273824299315
-443.62738242993487
760.1726175700793
1195.3726175700529
-545.4273824299211
-2258.427382429979
-3021.8273824299517
-147.6273824299235
-833.2273824299473
-368.22738242991795
-2583.4273824299507
-1259.4273824298605
-159.42738242992203
47.372617570073345
681.9726175700733
2240.57261757005
518.1726175700902
-343.0273824299225
775.9726175700691
211.97261757008278
1075.7726175700686
297.77261757008455
-627.2273824299584
-876.827382429907
47.77261757007892
-117.42738242992488
225.77261757006565
-260.4273824299079
-2382.2273824299486
-1871.2273824300084
114.17261757007286
-499.2273824299345
1773.5726175701116
1617.1726175700735
136.77261757008318
-10.227382429920777
34.972617570087806
-275.82738242992974
-838.2273824299594
750.3726175700697
-389.8273824299186
-12.427382429933473
1244.972617570084
-93.22738242992263
-356.62738242992384
-2177.627382429926
-1240.8273824299122
-360.227382429908
1060.572617570064
78.17261757008265
642.3726175700622
-106.22738242992656
-561.6273824299217
-1749.0273824299245
-453.62738242994004
1097.9726175700687
-139.62738242995425
168.17261757006963
426.7726175700728
367.3726175700789
-1355.6273824299299
-827.4273824299526
-86.62738242992648
-462.4273824299253
505.17261757006327
-804.4273824299222
1861.97261757015
887.5726175700821
601.97261757007
-488.6273824299258
164.3726175700753
1807.372617570072
1172.772617570089
278.5726175700799
115.57261757008162
370.57261757008007
20.9726175700826
-1937.627382429862
-603.4273824299155
140.57261757006998
2690.3726175700817
154.17261757008012
90.37261757006875
-514.8273824299247
282.3726175700897
887.9726175700841
284.1726175700657
114.57261757006704
-883.2273824299236
207.97261757007536
926.7726175700711
798.3726175700806
-294.6273824299297
-660.6273824299217
-873.2273824299353
-175.2273824299172
-752.0273824299201
-284.4273824299256
793.3726175700474
-709.6273824299384
-87.82738242992764
-905.4273824299435
-1071.227382429911
1028.1726175700744
1426.372617570062
1411.7726175700961
-451.62738242993765
-1695.2273824299693
210.97261757007908
-844.4273824299175
215.97261757007402
1396.9726175700744
994.3726175700651
-104.62738242992968
-296.4273824299139
-94.22738242992055
440.97261757007743
1079.5726175700945
947.1726175700769
198.37261757007875
1007.7726175700665
2835.3726175701454
319.77261757007244
-378.62738242992737
-34.42738242994717
-236.627382429922
-1665.8273824299192
-689.2273824299201
-537.0273824299178
599.7726175700816
389.57261757007655
-953.2273824298999
-294.2273824299491
255.57261757007305
-77.02738242992828
-857.0273824299561
817.3726175700998
-351.2273824299234
-736.0273824298964
-2112.427382429918
-1218.8273824298344
496.7726175700772
323.1726175700773
-373.6273824299605
91.97261757007035
-182.22738242992813
809.9726175700765
-517.2273824299211
-1388.227382429949
692.5726175700709
29.372617570076045
-494.0273824299257
1353.7726175700611
346.97261757006424
400.97261757007215
664.7726175700759
-1307.2273824299177
766.7726175700798
-2225.2273824299436
-811.027382429933
-793.6273824299371
-1106.2273824299104
-1142.0273824299238
-1031.227382429903
704.1726175700774
1184.3726175700572
961.3726175700855
-250.02738242992535
928.9726175701222
145.77261757007443
-1490.827382429914
560.3726175700739
-1152.6273824299249
-1703.0273824299181
1891.772617570074
-68.02738242993388
949.7726175700674
170.77261757007528
1663.9726175700457
2657.1726175700214
1257.9726175700564
253.97261757008008
-2587.8273824299295
-1206.4273824299323
459.77261757007676
188.37261757007593
3080.7726175701087
-1152.6273824299294
-1734.4273824299191
309.77261757007375
-1403.6273824299196
377.17261757006077
-1737.8273824299238
-1356.6273824299526
-737.0273824299213
-579.0273824299204
1071.7726175701052
-1000.0273824299254
373.9726175700756
-2541.4273824298384
-1237.4273824299205
-199.62738242992242
-955.627382429895
-160.82738242992798
484.9726175700694
1239.1726175700646
152.17261757008012
1015.3726175700803
-77.42738242992372
551.972617570085
130.972617570067
-670.627382429905
-188.42738242993707
599.5726175700703
-1922.8273824298888
-1075.6273824299296
390.5726175700823
450.7726175700807
1817.572617570071
-1973.4273824299278
-617.827382429942
-190.42738242991626
-650.0273824299273
-117.62738242992796
-983.8273824299291
538.5726175700734
-824.6273824299211
735.9726175700584
1445.372617570046
-3201.4273824298857
1213.9726175701092
605.7726175700732
-671.22738242991
-1393.027382429876
1129.1726175700774
525.3726175700934
2064.972617570088
1827.9726175701007
-1113.427382429912
-1292.4273824299285
-455.02738242992706
-597.8273824299184
-475.4273824299393
-2331.0273824299707
-1775.8273824300159
775.9726175700747
-136.62738242993674
206.3726175700681
1263.3726175700822
784.1726175700608
880.3726175700675
-895.6273824299258
423.7726175700744
-404.2273824299284
1480.3726175700754
926.9726175700732
973.9726175700796
244.57261757007433
37.57261757006387
470.7726175700654
1326.372617570075
-174.82738242992116
-107.42738242991837
1240.9726175700641
850.772617570073
-2687.227382429962
-722.627382429919
354.97261757007243
1048.972617570069
-277.62738242992714
1544.1726175701006
358.3726175700833
-1192.8273824299074
516.5726175701036
-184.42738242992354
-244.0273824299256
-1124.6273824299085
-1558.6273824298542
77.97261757007026
-927.0273824299265
1196.7726175700566
362.572617570082
-2.6273824299286908
313.7726175700961
-2061.827382429933
126.97261757007038
1476.1726175700535
-413.8273824299406
1049.1726175700612
-171.42738242992564
1461.1726175700612
733.1726175700708
-439.82738242992946
592.972617570062
-1488.6273824299287
-2272.6273824299024
-1190.427382429923
444.77261757006926
-566.2273824299268
-721.6273824299286
-1131.62738242993
-826.02738242994
-267.8273824299254
987.3726175700907
-1154.8273824299463
1888.5726175700454
-1085.0273824299247
-1153.8273824299022
-2053.027382429917
-723.4273824299271
255.17261757007313
-1653.2273824299332
749.5726175701082
843.7726175700773
-757.2273824299295
1051.3726175700856
-2386.6273824299074
1019.3726175700325
459.7726175700719
-2558.827382429933
-259.4273824299253
-135.62738242992202
-292.6273824299231
-442.0273824299178
40.97261757006569
2169.372617570111
-1486.2273824299211
-990.4273824299153
104.77261757007719
300.57261757009485
385.97261757007675
999.5726175700806
-427.42738242992965
-318.2273824299204
-1252.427382429929
-565.8273824299514
-680.6273824299024
-327.2273824299504
-1817.0273824298758
-278.22738242991653
-1026.4273824299207
291.5726175700901
1937.372617570055
-163.02738242993775
434.372617570074
1505.172617570056
629.3726175700764
1893.572617570121
2091.772617570082
13.172617570078941
-334.4273824299217
-273.62738242992197
941.772617570061
-878.8273824299399
-1000.8273824299457
-611.8273824299129
-644.0273824299259
-384.4273824299305
-1686.6273824299562
1996.7726175700952
557.7726175700947
638.7726175700823
1093.1726175700887
936.5726175700732
-850.4273824299023
2561.972617570082
1426.572617570009
-20.827382429932392
-673.8273824298839
803.9726175700678
2113.372617570042
912.1726175700683
43.77261757007945
-497.42738242992294
143.77261757007597
-339.62738242992197
781.3726175700776
2433.372617570063
1365.7726175700657
2516.9726175700775
1010.9726175700841
-804.6273824299205
578.3726175700608
-338.22738242992034
-569.2273824299216
410.3726175700796
590.1726175700838
690.9726175700686
1607.3726175700965
686.1726175700585
-385.0273824299321
2019.7726175700877
860.5726175700743
1516.7726175700884
1394.172617570093
-277.8273824299217
-1750.6273824299324
2128.172617570068
-98.22738242992072
496.97261757008425
-773.6273824299235
-2344.22738242993
1556.5726175700881
2081.572617570083
-1034.4273824299348
-740.2273824299562
-1480.427382429969
-1072.0273824299231
427.57261757008337
1046.972617570083
-487.6273824299264
-292.027382429927
-453.6273824299284
-1177.0273824299275
-1253.2273824299314
-1633.827382429914
-395.227382429934
40.17261757007733
-1587.8273824299608
-877.6273824299315
378.9726175700742
330.57261757007257
27.172617570076508
133.1726175700779
565.7726175700741
1026.372617570074
716.1726175700632
836.3726175700555
-521.6273824299341
-525.0273824299284
-1330.827382429914
-129.8273824299283
-1590.0273824299168
-683.2273824299298
280.7726175700762
1060.572617570065
-458.4273824299198
-380.6273824299258
-108.42738242991996
-625.227382429931
-1692.6273824299822
1272.7726175700789
-574.6273824299027
-1132.8273824299533
-1304.6273824299353
1107.1726175700069
998.7726175700585
964.9726175701005
723.1726175700761
-439.0273824299312
-104.22738242992979
-631.0273824299549
-457.22738242994416
412.5726175700671
1004.7726175700736
-410.4273824299145
1634.172617570078
1091.3726175700647
-1200.0273824299213
784.7726175700831
-742.2273824299142
221.9726175700749
0.572617570085658
925.3726175700602
-1730.6273824299342
398.37261757007525
623.7726175700607
-76.42738242992043
-2266.6273824299096
-22.627382429934745
355.57261757008354
330.37261757007735
-2583.027382429934
918.9726175700682
-2146.827382429945
-1653.4273824299535
-2416.2273824299346
461.7726175700791
1603.372617570117
742.372617570075
1085.9726175700678
1668.9726175700607
899.3726175700893
-1203.027382429932
908.3726175700797
87.5726175700776
-377.4273824299268
859.7726175700922
2022.172617570062
193.9726175700769
1160.772617570062
737.3726175700664
-877.4273824299128
928.7726175700518
-1267.027382429917
-1357.0273824299154
-1557.8273824299501
423.97261757006305
839.5726175700928
1155.3726175700658
-391.62738242993044
389.7726175700691
-131.62738242992992
-1056.027382429917
577.5726175700657
1210.7726175701102
-2613.8273824299454
-1243.4273824299266
-1783.42738242992
-1025.4273824299053
0.5726175700779557
242.37261757008076
665.5726175700717
727.77261757006
-481.42738242992215
642.972617570085
1209.5726175700631
-577.6273824299315
1216.1726175700876
3253.5726175700447
1409.3726175700565
866.5726175700883
2500.972617570135
580.772617570076
1144.7726175700423
184.37261757006138
394.17261757008805
65.17261757007853
1081.9726175701185
-253.62738242992302
-1298.2273824299377
360.1726175700742
2325.9726175700425
908.3726175700929
223.77261757007815
-433.02738242993297
-1704.427382429951
-1841.2273824299266
-766.6273824299402
133.1726175700746
-1238.0273824298947
-1613.6273824299624
2.9726175700820825
1017.1726175700846
1435.7726175700845
1705.572617570057
939.1726175700929
1126.7726175700782
-533.827382429929
-2245.8273824299104
62.37261757007229
1792.5726175700613
1743.972617570063
523.3726175700727
-1261.4273824299523
128.7726175700812
1103.5726175700909
-643.4273824299194
-809.6273824298918
1316.772617570081
1521.1726175701133
474.9726175700724
1828.7726175700677
390.77261757007255
247.17261757006818
-150.82738242992522
304.77261757008034
262.57261757007484
-1949.8273824299108
-1769.4273824299585
