-231.4806223366594
518.9193776633313
-1422.280622336628
-1447.0806223366712
-403.2806223366768
-829.4806223366596
-1444.0806223366772
-1211.280622336678
-1962.480622336651
-650.6806223366806
-2057.8806223366396
-538.4806223366512
-708.2806223366558
-1079.080622336644
-418.4806223366615
-195.48062233665095
-472.2806223366658
-945.6806223366576
-971.0806223366702
-568.2806223366579
-1029.4806223366559
-2554.480622336637
-788.4806223366719
-1166.2806223366465
-3246.680622336627
-1253.680622336675
-1171.2806223366986
-1122.4806223366431
-867.0806223366902
-120.08062233665643
-2066.8806223366855
23.719377663332903
-564.6806223366574
-1532.0806223366528
-674.2806223366742
-1511.080622336655
184.5193776633294
-565.4806223366494
1603.519377663323
931.3193776633275
-1279.2806223366754
161.9193776633428
986.1193776633415
-487.6806223366708
-1191.2806223367006
-1132.6806223366586
-1554.4806223366575
-2001.2806223366708
-1595.080622336649
-621.280622336665
823.7193776633383
1047.9193776633028
1714.9193776633458
-46.28062233666579
1611.7193776633078
1253.3193776633364
1099.1193776633202
1547.5193776633082
671.3193776633473
-228.88062233665516
507.519377663337
1715.7193776633467
-293.4806223366467
1031.519377663337
-1148.2806223366492
-1123.6806223366607
-1255.4806223367002
-824.0806223366867
-1138.8806223366676
-1827.0806223366862
85.91937766333638
596.1193776633404
-2633.880622336646
29.519377663339384
2193.5193776633173
1659.3193776633739
337.71937766333104
390.91937766331665
2066.7193776633576
-12.48062233666466
1425.1193776633302
896.9193776633279
2029.3193776633582
2180.919377663351
2507.1193776633268
1359.3193776633232
1527.9193776633335
132.91937766333695
-366.4806223366621
-14.680622336661578
708.3193776633335
-987.2806223366872
-1548.480622336689
443.31937766334096
-982.4806223366784
-2414.4806223366763
-2139.4806223366336
1644.319377663327
570.9193776633414
-617.2806223366722
-575.2806223366554
-975.4806223366561
-1295.0806223366728
-1027.8806223366614
-1802.480622336653
-117.68062233665528
111.31937766332905
704.5193776633296
1208.519377663352
1645.319377663301
842.7193776633383
-1076.280622336667
96.71937766334074
-1147.4806223366584
412.71937766333446
-978.680622336671
332.31937766334005
1477.119377663314
-79.08062233666372
311.91937766331984
1163.1193776633224
853.1193776633295
504.91937766332774
111.11937766334165
-1343.4806223366695
-550.6806223366827
-780.4806223366627
-2315.6806223367125
-1653.2806223367209
1009.7193776633503
524.3193776633359
-813.0806223366642
-446.0806223366677
518.9193776633468
-877.68062233665
-1009.680622336659
724.3193776633397
-644.6806223366629
218.31937766334298
-17.480622336667786
3173.5193776632395
2956.519377663334
971.9193776633475
280.9193776633278
1784.3193776633038
17.71937766335529
1337.519377663332
590.1193776633336
612.919377663338
433.7193776633378
-1028.8806223366755
-613.4806223366688
-1512.8806223366646
-984.4806223366769
-272.2806223366662
-184.68062233666376
-790.0806223366509
895.7193776633306
613.3193776633326
-1033.2806223366772
-302.28062233667293
1830.7193776633403
653.7193776633278
44.119377663342114
-74.08062233666413
-147.68062233666473
-118.08062233666186
-1292.680622336661
-131.68062233665054
-393.6806223366684
11.319377663341118
-67.0806223366641
1248.919377663367
-1978.2806223366367
-372.0806223366695
-1047.2806223366701
9.519377663319645
845.9193776633161
66.11937766333449
-772.8806223366463
198.91937766333785
-790.6806223366775
-1715.280622336601
14.519377663341722
-2562.0806223366376
-1991.6806223366414
-1961.48062233658
-3019.6806223366016
-844.6806223366535
-266.4806223366555
-1102.6806223366789
-1334.4806223366606
-1599.8806223366707
-782.6806223366706
326.7193776633351
1367.5193776633178
-1087.2806223366697
-1058.480622336695
1531.3193776633125
-286.08062233665777
-1502.4806223366747
601.1193776633481
1362.7193776633153
233.1193776633342
959.3193776633392
-490.680622336662
1148.3193776633527
-278.28062233666805
1216.7193776633314
245.7193776633341
131.9193776633382
1031.5193776633394
2183.1193776633086
2375.5193776633505
372.31937766332936
575.319377663343
10.71937766333825
960.7193776633449
1559.9193776633501
-1697.0806223366394
212.71937766333772
-25.08062233666293
-1350.2806223366572
583.9193776633414
49.11937766333287
-851.6806223366566
444.11937766333403
-1146.2806223366683
-1657.2806223366642
-814.8806223366669
-410.68062233666086
1172.319377663333
-1021.680622336665
402.3193776633442
-1804.8806223366817
-2131.6806223366866
-1767.680622336652
-1810.0806223366883
-1043.280622336663
-1115.0806223366792
48.51937766333747
-460.8806223366577
1369.7193776633221
-731.0806223366593
157.11937766333276
443.31937766333886
994.319377663347
786.9193776633306
566.5193776633492
-611.2806223366669
-717.4806223366653
-1338.8806223366828
-994.4806223366667
432.3193776633431
-550.8806223366649
549.1193776633363
480.91937766332813
-2222.680622336674
-635.2806223366555
-800.480622336668
-64.2806223366646
-835.0806223366775
-47.48062233666911
1369.719377663345
-814.6806223366752
-756.6806223366633
-2343.4806223366363
-997.6806223366613
-881.2806223366638
1004.5193776633446
3377.3193776633816
734.9193776633289
60.319377663332055
504.3193776633157
253.91937766332447
-319.28062233666054
1406.919377663337
329.71937766334287
1438.71937766336
-194.48062233667017
-166.88062233666125
395.1193776633343
-441.88062233666443
1063.7193776633262
-162.08062233666
-1399.2806223366483
-728.0806223366588
1555.7193776633305
-1272.0806223366656
-238.08062233666652
-227.28062233666333
-1763.6806223366586
-1527.0806223366617
-2339.2806223366633
675.1193776633484
503.9193776633292
276.5193776633403
27.319377663335885
-1985.2806223366551
-900.0806223366458
1468.9193776632842
1823.119377663374
3086.519377663386
2942.7193776633453
809.7193776633201
1914.7193776633183
-932.880622336664
-1248.6806223366566
623.9193776633529
-658.8806223366753
775.9193776633554
1140.7193776633155
556.5193776633375
1797.3193776632886
659.1193776633321
876.9193776633365
-202.28062233666782
-651.480622336666
-8.080622336667677
2110.519377663326
-916.080622336654
2365.9193776633247
494.5193776633441
-1525.2806223366701
-698.4806223366638
-1244.8806223366594
1760.1193776633233
1315.919377663327
1266.1193776633356
1485.1193776633363
-1060.880622336686
154.3193776633408
-162.08062233666612
-713.2806223366682
595.1193776633423
1094.5193776633575
-41.68062233666612
-7.880622336658362
-75.68062233666117
-514.0806223366623
229.51937766334188
-1930.4806223366177
619.5193776633379
1918.7193776633314
22.519377663337107
893.3193776633503
449.1193776633459
-617.2806223366692
-797.4806223366602
929.9193776633258
-670.0806223366567
421.7193776633285
-1129.0806223366808
1395.3193776633173
396.71937766333144
880.7193776633303
32.919377663336384
-329.28062233666367
708.7193776633296
2381.5193776633605
-864.4806223366741
-757.6806223366633
602.7193776633386
1578.1193776633527
-1448.4806223366581
-1649.880622336664
-1071.4806223366688
-1232.0806223366867
672.7193776633414
-329.48062233666667
230.11937766333705
-713.4806223366747
-728.0806223366427
-1612.08062233664
-982.4806223366847
-817.8806223366508
-1577.680622336654
-128.6806223366634
-125.08062233666035
-828.4806223366651
-219.08062233666536
-1429.6806223367103
-1063.2806223366736
-547.6806223366624
194.71937766333352
602.5193776633417
-650.4806223366758
540.5193776633315
318.31937766333164
-449.2806223366727
-836.880622336672
877.7193776633358
-1674.4806223366686
90.7193776633306
-1153.6806223366505
-948.4806223366564
-1248.4806223366588
-1055.6806223366784
-2039.2806223366597
-2432.68062233665
-1085.6806223366452
-394.4806223366593
-431.88062233666085
460.71937766333593
572.7193776633361
-578.2806223366736
218.31937766333994
493.5193776633414
-629.88062233668
-104.6806223366529
968.7193776633558
-56.6806223366681
300.1193776633322
373.31937766334227
2685.51937766335
-116.28062233666596
-961.280622336663
-886.8806223366753
206.71937766334145
-590.6806223366739
739.119377663341
-613.8806223366576
716.5193776633437
743.1193776633355
-600.6806223366693
962.3193776633411
-1960.0806223366799
25.91937766333771
-231.28062233666333
-625.8806223366458
-583.2806223366574
69.11937766333577
375.11937766334177
1215.5193776633444
732.1193776633311
-848.2806223366599
513.719377663341
368.7193776633392
1118.1193776633418
516.5193776633415
-626.2806223366464
1161.119377663333
464.919377663341
672.1193776633406
-996.680622336665
1738.7193776633376
2110.319377663355
74.5193776633393
-144.48062233666062
-1870.6806223366532
-56.88062233665953
-710.2806223366672
-432.88062233665653
-718.4806223366927
446.1193776633397
-723.2806223366823
-684.2806223366587
-209.68062233665506
-1277.280622336648
-1014.8806223366665
209.31937766333826
-169.88062233667077
426.91937766333905
643.5193776633455
921.5193776633406
36.71937766332914
1356.5193776633291
502.3193776633372
878.5193776633455
-1083.0806223366624
-186.68062233666174
-594.2806223366557
-849.2806223366492
1214.1193776633424
-444.48062233664945
963.5193776633355
313.3193776633371
718.5193776633324
1357.919377663343
1202.519377663332
332.3193776633388
-1201.6806223366932
963.5193776633109
1418.5193776633353
2518.5193776633087
-773.0806223366942
-1883.0806223366371
-1064.2806223366795
-185.28062233666373
370.7193776633351
409.1193776633387
-1431.8806223366776
-492.48062233666406
1505.9193776633306
-729.6806223366541
-175.08062233666467
816.9193776633375
-1500.8806223366616
1157.119377663313
242.31937766333556
-756.4806223366569
-2486.880622336644
-892.6806223366513
-1117.28062233667
413.71937766333974
2363.7193776633217
705.119377663335
266.5193776633369
13.319377663336429
-364.48062233666616
842.519377663339
577.119377663339
-1963.2806223366313
-3087.6806223366
1834.3193776633093
922.9193776633442
1424.1193776633252
309.5193776633382
-2879.480622336688
-331.280622336663
-1389.6806223366677
72.11937766334187
-185.68062233666376
-260.8806223366704
690.5193776633115
1704.1193776633484
-1209.8806223366598
311.1193776633299
1342.1193776633393
-935.8806223366591
619.1193776633329
716.1193776633178
2164.119377663333
-149.6806223366657
-962.2806223366688
-1569.0806223366649
-242.0806223366536
844.7193776633621
845.5193776633336
1356.119377663364
-431.88062233665784
-736.0806223366585
1109.9193776633265
987.319377663309
-1407.8806223366548
-50.28062233665708
2641.7193776633276
-46.88062233667127
-1753.480622336662
285.31937766332896
-1161.4806223366465
524.9193776633366
-1934.4806223366556
2150.319377663318
1364.7193776633299
-63.480622336663124
1303.1193776633254
820.7193776633261
684.119377663383
631.1193776633678
1087.1193776633083
-265.8806223366554
1041.1193776633284
1836.31937766332
5107.91937766344
735.9193776633233
136.31937766331333
-1804.280622336665
-138.0806223366605
310.51937766331497
973.1193776633244
-198.28062233667026
346.519377663337
-1386.4806223366656
1121.9193776633101
172.11937766336362
-43.880622336662306
1517.5193776633128
3013.719377663388
929.11937766332
1269.3193776633516
1255.3193776633354
-1261.4806223366827
553.3193776633414
-751.2806223366736
377.3193776633433
542.5193776633439
-975.0806223366526
80.91937766335124
2049.319377663345
2514.519377663353
633.9193776633297
1094.9193776633506
-1636.4806223366577
314.9193776633435
397.1193776633349
1159.1193776633431
-554.080622336668
1526.7193776633444
1535.1193776633306
575.1193776633312
1356.3193776633166
2932.319377663356
-2199.2806223366574
448.51937766334055
-1951.8806223366496
-624.4806223366611
1515.919377663335
1671.7193776633244
428.11937766332494
246.51937766333916
1175.7193776633474
-1207.680622336635
-395.88062233666335
-140.48062233665206
543.1193776633386
1452.5193776633282
1736.5193776632952
975.5193776633319
889.519377663341
-2094.6806223366407
-980.6806223366679
-82.08062233665976
1059.119377663346
830.1193776633492
-893.2806223366665
1261.3193776633377
-135.68062233666186
443.31937766333607
-1618.4806223366531
-289.4806223366597
-290.8806223366662
-1745.080622336688
-1681.0806223366892
881.7193776633409
-654.2806223366731
304.9193776633313
-494.08062233666726
1167.5193776633098
2347.9193776633347
959.1193776633596
483.71937766333645
-926.6806223366788
2482.3193776633375
370.5193776633371
1736.1193776633525
175.1193776633406
1252.1193776633304
-235.88062233666616
1242.1193776633145
99.71937766333357
1045.3193776633314
-1818.68062233668
-413.28062233665787
454.7193776633363
828.9193776633447
1220.519377663343
-901.0806223366509
-752.6806223366709
-114.28062233665777
-408.4806223366605
206.11937766333205
1094.5193776633485
-570.2806223366628
-746.2806223366509
-611.6806223366578
151.31937766334067
-691.2806223366624
-273.68062233665563
-95.08062233665476
922.9193776633343
2798.719377663298
1034.1193776633324
240.51937766333648
-1873.6806223366825
2308.719377663357
877.1193776633395
565.1193776633359
-2504.080622336636
-258.68062233666905
-2008.080622336581
-286.0806223366592
1153.1193776633545
-2994.2806223366456
-2071.8806223366555
-345.68062233666905
1514.3193776633134
2684.1193776633463
628.519377663335
-1319.8806223366666
552.1193776633474
-483.080622336671
-2464.2806223366606
-1064.4806223366309
492.3193776633409
-721.0806223366604
-2022.6806223366941
151.71937766333414
688.9193776633177
215.71937766333247
-2945.4806223367527
-2291.480622336682
-1306.880622336673
1746.919377663365
1604.9193776633426
949.3193776633375
-206.48062233665794
-315.48062233666514
-366.28062233666964
-573.480622336663
-1974.88062233671
609.9193776633347
-2630.88062233665
-1868.4806223366684
2083.119377663357
-782.2806223366473
-67.28062233667072
-1018.0806223366699
-2614.0806223366626
1321.719377663331
869.1193776633345
-1292.8806223366262
-889.4806223366834
-1460.6806223366746
-169.48062233665277
-1007.8806223366812
152.71937766333687
805.5193776633356
-906.2806223366703
-110.88062233665724
-793.4806223366527
-1349.0806223367276
-2173.480622336657
-191.88062233666693
-1613.4806223366993
2227.3193776633625
1744.9193776633497
1633.1193776633916
1702.9193776633565
657.5193776633357
-710.4806223366745
-1109.080622336671
-761.0806223366774
533.3193776633462
-458.8806223366679
-1311.0806223366449
2220.319377663363
1623.3193776633739
-514.6806223366688
-396.0806223366724
-752.8806223366746
525.5193776633425
599.7193776633316
1112.1193776633306
2007.7193776633374
994.5193776633356
-252.88062233667696
-475.08062233665476
-435.0806223366682
-861.6806223366563
-852.6806223366698
-263.2806223366642
-2011.4806223366702
-2239.880622336642
288.5193776633366
-240.28062233666648
-1357.2806223366583
2279.719377663344
3665.319377663318
2322.519377663307
3206.919377663346
1598.3193776633375
175.9193776633366
-1978.0806223366715
-1056.4806223366636
-365.4806223366764
666.5193776633513
-978.680622336665
-926.8806223366461
268.1193776633363
252.9193776633357
89.9193776633279
-613.4806223366594
-1478.480622336641
-509.48062233666246
-62.280622336659626
74.51937766333698
-28.480622336659962
-544.8806223366469
285.91937766333297
1238.9193776633424
-954.0806223366516
1553.7193776633326
738.9193776633438
-1712.6806223366775
-591.8806223366549
560.919377663348
-1193.4806223366647
31.919377663330394
2162.1193776633304
3106.9193776633465
1440.7193776633621
1770.71937766337
796.5193776633405
354.519377663314
-1537.2806223366647
-1651.8806223366532
-1203.6806223366802
-723.4806223366537
-1314.48062233667
-903.0806223366565
-337.4806223366562
-365.8806223366549
-689.0806223366766
-2069.0806223366812
-1163.8806223366744
522.3193776633364
645.9193776633176
435.31937766333925
-20.280622336662685
992.5193776633364
1066.9193776633347
2427.919377663301
479.11937766334205
574.9193776633396
71.31937766334306
217.91937766333962
-124.08062233666655
-408.08062233666016
196.1193776633363
1395.7193776633599
1170.319377663315
81.3193776633414
1806.7193776632791
1404.119377663385
1255.3193776633398
1289.719377663344
341.7193776633434
-654.0806223366682
-237.2806223366537
119.71937766333372
-228.4806223366681
-566.4806223366548
-313.88062233665556
-2033.2806223366613
-1746.080622336645
-1122.4806223366613
-1316.0806223366678
-61.48062233666934
-64.4806223366653
511.3193776633446
-1158.28062233666
-753.8806223366809
1489.919377663346
627.1193776633361
-1561.080622336672
-674.4806223366378
522.1193776633387
1391.1193776633388
-459.4806223366625
-1346.4806223366834
-11.48062233666094
3074.3193776633398
1905.3193776633402
1082.3193776632977
2110.3193776633943
290.1193776633395
0.11937766333607946
-832.4806223366522
-1206.280622336666
991.3193776633325
-478.6806223366622
-1698.8806223366612
-795.4806223366544
264.51937766333884
1501.919377663355
-1254.8806223366437
-970.6806223366995
-894.4806223366705
114.31937766333965
79.91937766335053
-314.88062233666477
991.7193776633217
27.119377663338405
153.1193776633353
1728.1193776633145
246.91937766334098
-170.48062233667497
-465.88062233666056
-441.2806223366679
128.31937766333635
522.5193776633427
452.5193776633375
-555.6806223366586
3174.319377663404
2094.319377663367
1619.3193776633555
3544.9193776634033
804.319377663329
-1623.280622336696
-962.2806223366849
-1275.480622336672
689.3193776633362
-890.6806223366726
-26.88062233665385
-704.2806223366584
-1482.880622336615
167.3193776633369
-1600.8806223366446
-1214.6806223366746
-1928.080622336642
-535.0806223366764
-443.4806223366576
-1137.680622336656
-363.6806223366678
683.9193776633532
-730.8806223366437
15.319377663330688
-914.2806223366479
1479.9193776633156
1449.5193776633428
-1623.080622336666
-1370.480622336693
719.5193776633205
386.1193776633452
-1805.6806223366607
1221.7193776633294
1210.519377663317
2869.3193776633484
2858.3193776632775
805.3193776633366
-1218.6806223366777
-140.28062233666597
-1144.0806223366653
-2165.8806223366287
-1005.8806223366596
-249.88062233665613
-680.6806223366823
-1661.6806223366664
413.51937766333486
1741.3193776633468
744.9193776633348
-104.88062233666871
-375.08062233667624
212.91937766333905
-62.88062233666331
-76.28062233666365
618.3193776633437
-2205.0806223366194
-74.08062233665852
-933.0806223366689
1529.3193776632982
1563.1193776633472
-351.88062233664664
-459.88062233666216
375.1193776633374
890.9193776633346
-825.0806223366603
-1006.4806223366702
12.319377663332713
1836.3193776633418
2121.719377663349
638.1193776633155
49.119377663335065
-6.880622336666912
924.5193776633207
774.5193776633538
111.51937766334132
-1407.6806223366555
-2650.880622336668
-1873.2806223366558
-226.8806223366595
-516.0806223366534
-1062.4806223366336
-1924.6806223366668
-1462.880622336634
-737.8806223366502
-294.0806223366619
-346.68062233665177
273.5193776633322
-916.6806223366623
-1858.0806223366678
-1342.48062233666
-529.8806223366723
-2335.6806223366652
-894.8806223366688
-238.480622336664
-1084.4806223366759
-82.48062233666093
733.1193776633119
580.5193776633365
-934.080622336661
441.9193776633627
1552.1193776632924
-1473.4806223366515
-1022.6806223366527
-340.28062233665133
1076.5193776633334
666.919377663361
581.719377663325
-217.08062233666118
-1292.280622336641
-819.4806223366769
52.71937766333774
900.5193776633262
1038.119377663313
1061.319377663309
2426.319377663329
2157.719377663336
1044.9193776633126
232.11937766334844
972.3193776633348
1400.7193776633485
761.9193776633193
1462.9193776633306
1467.1193776633418
-321.4806223366622
935.9193776633531
1609.7193776633292
880.3193776633174
1024.9193776633292
1296.7193776633453
1198.3193776633475
693.1193776633392
512.9193776633621
1460.5193776633114
-430.4806223366636
-308.0806223366593
754.119377663361
-578.0806223366661
-1264.2806223366515
-357.68062233666376
-376.88062233666204
1685.519377663342
308.51937766333987
1024.7193776633403
311.11937766333864
-235.88062233666753
1330.5193776633143
1189.9193776633529
740.3193776633354
231.71937766334028
233.5193776633358
582.1193776633182
758.1193776633473
-1013.280622336661
782.3193776633126
432.9193776633339
-2165.280622336671
-966.2806223366694
-1596.6806223367075
-1077.0806223366556
-115.88062233666264
861.7193776633087
-1137.2806223366567
1149.519377663333
570.7193776633335
-845.2806223366656
356.11937766334876
58.71937766333537
1818.7193776633103
26.119377663340806
1640.5193776633357
1713.7193776633292
96.71937766333596
921.9193776633432
1552.7193776633253
10.119377663331065
-1233.6806223366623
-759.6806223366567
433.9193776633366
-666.6806223366723
-931.6806223366561
-294.8806223366648
882.5193776633457
467.9193776633431
1363.7193776633183
-677.4806223366688
1145.5193776633369
1212.5193776633103
667.7193776633351
1170.3193776633227
284.51937766334055
-210.28062233666833
1297.5193776633355
2475.1193776633427
789.119377663308
2261.1193776633136
-17.280622336663473
-1139.480622336655
-567.4806223366578
1029.3193776633268
1166.3193776633102
-54.68062233666059
1127.7193776633549
1845.519377663321
-1174.8806223366698
-0.680622336661628
1267.1193776633497
256.7193776633393
-1220.8806223366987
-141.48062233665786
3137.7193776633994
-52.68062233666686
796.5193776633358
-108.08062233666294
688.9193776633308
530.5193776633278
522.519377663341
-714.0806223366461
791.3193776633327
121.51937766333651
-935.8806223366661
-936.2806223366704
249.11937766333824
-145.68062233666618
-359.88062233666705
1495.9193776633101
235.9193776633416
-1106.880622336675
-1179.2806223366756
1363.919377663349
400.919377663351
460.7193776633367
934.3193776633535
131.11937766333298
44.51937766333576
701.7193776633338
247.71937766333468
40.919377663348264
-1067.2806223367104
-1011.4806223366545
-915.0806223366667
147.51937766333862
1043.3193776633261
-1265.4806223366363
-984.2806223366615
-2592.280622336688
-1293.0806223366558
-2924.280622336634
-1420.8806223367073
217.31937766332769
527.5193776633323
1417.5193776633641
1526.7193776633155
659.9193776633306
445.3193776633299
1364.7193776633053
-245.48062233666593
756.7193776633487
403.5193776633351
-947.2806223366692
-504.48062233666406
374.51937766334134
-821.2806223366832
-1322.4806223366857
2.3193776633451435
776.719377663333
67.51937766334464
512.9193776633242
2468.319377663374
210.51937766333987
-200.8806223366645
-1046.4806223366816
1828.5193776633182
1986.3193776633286
900.1193776633472
235.3193776633345
867.719377663337
-520.8806223366598
700.7193776633479
-280.8806223366736
-43.88062233667917
296.1193776633356
247.1193776633355
727.1193776633377
-679.4806223366621
390.1193776633382
733.5193776633355
1533.719377663354
302.51937766334277
1535.919377663331
1509.3193776633334
119.31937766333398
1089.1193776633374
2176.7193776633035
256.91937766334127
-196.08062233666377
565.7193776633271
158.51937766333782
77.91937766334479
-630.0806223366576
972.3193776633445
483.71937766334213
565.119377663342
-552.280622336684
818.1193776633348
-1743.680622336663
-485.0806223366593
-1069.880622336661
-469.48062233666667
778.5193776633266
-304.88062233666204
-1260.8806223366569
-72.68062233666447
-1614.8806223366569
-1813.2806223366422
942.1193776633386
-1516.0806223366649
-457.4806223366609
-488.68062233666615
-641.2806223366587
957.5193776633283
1073.919377663345
384.11937766334114
310.9193776633401
-12.880622336667182
995.9193776633289
1129.7193776633362
1604.9193776633301
395.7193776633399
-105.68062233666575
1402.1193776633518
-1044.0806223366537
-1498.8806223366532
376.919377663345
1225.5193776633237
-100.8806223366644
1168.9193776633433
-560.4806223366728
493.1193776633366
-632.4806223366575
530.3193776633362
-209.8806223366584
-931.280622336666
-412.28062233665537
1546.9193776633324
855.9193776633382
-483.4806223366546
1339.7193776633255
758.9193776633293
1682.5193776633444
2633.319377663341
738.31937766334
2661.919377663353
2316.719377663368
223.7193776633402
1254.7193776633424
1061.7193776633292
1127.519377663344
1116.119377663335
-289.8806223366625
923.9193776633558
834.1193776633379
-404.88062233667046
-17.280622336661487
-628.0806223366544
1213.5193776633375
-574.8806223366634
-174.4806223366668
758.9193776633375
-1348.880622336691
-1771.280622336626
-1021.0806223366656
-324.4806223366732
-876.6806223366735
-9.680622336663419
-2547.8806223366496
-889.4806223366709
-1973.080622336647
-591.2806223366696
1433.519377663331
1458.5193776633164
930.1193776633526
1003.7193776633219
-332.88062233666443
726.5193776633377
2690.5193776633314
315.31937766334016
494.31937766334397
1350.3193776633539
-1192.4806223366493
46.31937766333912
829.9193776633408
2670.7193776633258
-15.680622336662971
-461.6806223366667
341.31937766333397
-242.68062233666487
319.51937766334004
552.7193776633537
831.3193776633367
6.919377663334746
-1543.6806223366525
-106.88062233666429
-1445.2806223366567
-1838.8806223366744
-539.0806223366621
-1589.480622336665
-2243.2806223366583
443.9193776633356
-797.8806223366704
-38.48062233665977
-299.08062233666806
-264.2806223366614
684.5193776633312
-192.0806223366681
831.9193776633415
765.9193776633256
-146.48062233666693
-955.8806223366801
795.5193776633324
-58.08062233666362
-27.480622336664382
42.1193776633415
-20.28062233666425
114.91937766333885
-2778.880622336638
-1883.2806223366292
-1579.680622336636
-335.08062233666857
-453.08062233665936
-614.2806223366671
-735.0806223366561
1053.9193776633467
-1210.0806223366387
-1103.6806223366766
-287.880622336664
-2082.2806223366624
497.1193776633379
-1991.280622336652
-2385.280622336669
-166.08062233666516
-769.880622336662
-665.4806223366621
-764.8806223366616
-1037.680622336662
291.31937766334863
-650.0806223366659
510.3193776633379
886.7193776633503
53.319377663335025
-761.680622336666
1006.1193776633368
-422.68062233666376
2060.5193776633746
972.9193776633023
-41.48062233665656
507.11937766333824
-1289.4806223366475
-549.4806223366639
-1063.880622336662
507.31937766333147
1200.7193776633253
-99.28062233666539
26.719377663334278
113.11937766334313
-430.4806223366808
-414.4806223366718
578.9193776633373
-658.2806223366694
117.31937766333502
282.9193776633484
471.91937766333007
1666.5193776633162
-1151.2806223366745
-35.48062233667013
855.1193776633514
408.3193776633381
1069.5193776633337
197.11937766333125
-390.0806223366611
877.5193776633397
1795.9193776633635
-516.2806223366633
1267.719377663321
468.5193776633391
276.3193776633338
27.119377663337335
668.1193776633439
894.7193776633229
508.1193776633553
-311.2806223366679
455.51937766333293
-770.0806223366561
412.51937766333464
727.3193776633487
939.9193776633558
-49.880622336668594
863.5193776633377
947.3193776633319
677.3193776633226
1150.3193776633482
-864.6806223366697
-17.680622336654693
610.119377663346
855.7193776633081
-585.4806223366635
-379.6806223366646
-319.2806223366587
399.31937766334266
1728.5193776633578
971.3193776633198
-596.0806223366584
1208.5193776633153
-1088.0806223366658
-1622.080622336641
-96.68062233666353
964.1193776633554
-527.6806223366455
-839.2806223366711
-572.6806223366619
115.31937766334414
-294.08062233665385
-1437.0806223366671
96.31937766334207
-1135.280622336615
1414.519377663309
233.51937766333836
68.51937766334258
812.9193776633334
1319.119377663347
131.51937766333458
526.9193776633189
525.3193776633323
-381.28062233666486
-943.0806223366649
1801.519377663347
1842.9193776633524
-57.88062233666425
-43.08062233666227
532.5193776633258
701.7193776633346
623.9193776633296
1177.1193776633284
-67.48062233666204
1121.319377663345
297.7193776633414
1233.3193776633277
-324.8806223366656
-1295.6806223366953
-1149.6806223366598
732.7193776633393
-1911.0806223366776
-592.6806223366586
-675.8806223366639
572.1193776633402
1048.1193776633372
-347.680622336668
1961.5193776633491
25.719377663335685
1327.7193776633335
1213.919377663325
200.31937766334326
-272.68062233665717
196.1193776633389
-660.8806223366732
273.71937766333366
-887.2806223366641
-563.6806223366711
2131.919377663343
1156.519377663351
-349.4806223366621
-1244.0806223366776
-742.480622336681
-99.08062233666271
-1185.680622336667
300.31937766333454
-1417.2806223366676
954.1193776633389
-676.6806223366618
-1696.080622336668
-1166.280622336663
-2688.080622336669
-45.680622336657045
-2044.8806223366776
-1199.2806223366674
-527.2806223366659
927.1193776633523
416.1193776633397
-193.48062233666846
402.31937766333397
-536.8806223366613
-520.2806223366604
1119.1193776633345
-564.8806223366626
-229.8806223366623
-614.8806223366634
-1051.2806223366717
-658.680622336666
325.91937766333683
56.31937766333487
2596.3193776633498
990.91937766334
100.51937766333822
-1389.8806223366548
-1109.4806223366766
-691.2806223366571
-2305.8806223366987
826.7193776633433
-890.0806223366712
-1311.4806223366772
-1724.0806223367
-1059.480622336667
-1027.0806223367097
-3293.0806223367254
-385.6806223366665
-56.48062233665915
1677.7193776632957
-1155.4806223366375
-490.2806223366784
835.1193776633281
955.3193776633354
516.3193776633384
817.7193776633417
282.31937766334136
941.9193776633427
1800.919377663346
-833.6806223366585
-1006.6806223366533
-501.2806223366735
-811.2806223366729
1050.5193776633455
-1163.4806223366738
-1147.6806223366762
-362.08062233666425
1279.7193776632992
-465.88062233665926
540.5193776633415
1374.5193776633266
-744.4806223366696
700.519377663338
397.3193776633299
-1931.6806223366345
-1937.6806223367228
-703.6806223366759
-2696.0806223366444
-4665.280622336717
1021.1193776633294
454.91937766333456
45.91937766333544
-148.0806223366514
-1404.4806223366875
1791.9193776632912
419.11937766333864
-644.8806223366653
-1035.4806223366606
1049.119377663329
2214.119377663347
2582.9193776633633
-687.0806223366997
967.1193776633553
793.9193776633359
-929.8806223366579
-453.2806223366597
-1939.8806223366532
-489.4806223366513
535.9193776633316
1523.5193776633037
-773.080622336669
-764.8806223366644
-997.0806223366772
-1048.4806223366356
1098.9193776633347
203.71937766334156
-1401.6806223366389
-1791.0806223366853
-476.28062233666674
-1500.2806223366313
-2972.280622336653
-37.880622336660636
-1064.8806223366792
-3197.280622336708
-913.8806223366659
-669.4806223366639
1949.5193776633064
-1199.680622336635
-69.88062233666483
-971.8806223366884
-611.6806223366881
448.3193776633355
-1371.6806223366505
-436.2806223366524
234.31937766334033
618.1193776633421
-403.0806223366616
222.91937766333317
83.51937766334214
2191.119377663337
-973.8806223366718
546.1193776633172
-2159.88062233668
-1496.0806223366703
-1336.0806223366783
-816.4806223366693
-244.08062233666465
1700.9193776633708
-833.680622336664
-758.0806223366646
137.71937766333286
142.31937766334315
-1456.0806223366635
45.51937766333839
-1038.4806223366572
-230.4806223366635
40.11937766333632
-1349.680622336652
-272.0806223366513
-2577.8806223366946
-1950.6806223366657
-1619.480622336705
-1123.6806223366507
-435.880622336663
-776.6806223366664
1203.5193776633278
-958.4806223366694
108.3193776633366
-969.8806223366636
510.1193776633455
-664.6806223366668
-607.0806223366682
-2085.2806223366824
80.5193776633339
24.11937766334049
-563.880622336695
483.71937766333764
1121.319377663332
-2021.8806223366562
1260.5193776633196
-1203.0806223366578
-1349.4806223366722
1463.9193776633233
132.11937766332045
-464.8806223366679
-1781.4806223366636
-963.6806223366946
-2873.080622336623
-1783.880622336701
-662.4806223366737
-556.8806223366657
-980.4806223366625
-282.88062233666074
-397.2806223366635
1406.9193776633456
-744.8806223366729
-279.08062233666107
167.7193776633425
-572.28062233667
-903.8806223366673
-327.8806223366634
559.9193776633307
-1405.8806223366396
705.5193776633399
-701.8806223366558
-717.4806223366749
-320.8806223366592
-727.2806223366446
-1510.4806223366336
495.31937766333715
14.119377663339666
-801.0806223366477
34.91937766333232
0.9193776633377997
151.91937766333902
-2092.2806223366692
1573.5193776633491
-1345.2806223366545
1264.5193776633407
-1248.680622336688
589.5193776633331
-218.48062233667025
-162.68062233667084
-1996.6806223367198
-1423.6806223366702
-1930.6806223366486
1273.71937766332
-753.8806223366701
531.1193776633359
409.1193776633377
-412.88062233664624
-768.080622336661
-143.48062233666204
-1247.0806223366628
-1157.0806223366674
1348.7193776633344
1388.9193776633524
1681.91937766333
-784.6806223366542
-720.6806223366574
-889.2806223366613
242.9193776633387
-97.28062233666078
-1100.2806223366495
215.9193776633318
-176.08062233666513
152.1193776633372
-1925.680622336618
1591.7193776633442
-1809.680622336697
1169.719377663337
-394.2806223366592
153.11937766334194
-1850.8806223366814
-124.68062233667608
-2024.080622336676
-2176.680622336677
-972.4806223366786
-2706.080622336699
-1352.6806223366677
-97.08062233665763
524.5193776633472
190.51937766333538
-1807.4806223366797
-1535.4806223366666
-536.6806223366623
-1576.6806223366725
-1212.6806223366898
-681.0806223366538
134.31937766333937
-1772.6806223366832
-2455.2806223366915
-267.88062233666
1434.1193776633459
1577.3193776633257
-2293.2806223366797
-905.4806223366543
-1296.280622336669
-44.68062233666722
-1012.280622336668
1027.1193776633309
-1117.0806223366658
-1612.4806223366631
-302.68062233666757
843.1193776633359
-153.68062233664477
1722.319377663318
-1675.0806223366599
-2396.480622336627
948.5193776633286
-236.88062233665983
607.5193776633429
17.919377663334537
-1799.2806223366565
-129.48062233666423
-1032.0806223366508
-1475.6806223366693
-1339.2806223365956
-2222.480622336654
1121.7193776633264
390.31937766332936
-167.68062233667584
517.3193776633427
-668.6806223366794
-586.8806223366527
76.71937766333696
81.51937766333387
-768.4806223366762
1173.7193776633344
-800.0806223366676
413.3193776633388
-2101.8806223366823
275.31937766333743
-127.48062233666224
-1203.680622336686
-484.08062233664435
237.91937766333248
140.91937766333595
48.91937766333818
-1158.6806223366523
-1952.480622336678
1477.9193776633178
1222.1193776633227
-638.2806223366648
-345.48062233666457
-471.6806223366666
-273.08062233665964
-819.8806223366771
592.9193776633302
2128.3193776632925
768.7193776633443
-242.4806223366433
141.71937766332917
-598.0806223366652
-388.2806223366642
-622.4806223366744
-21.680622336661767
106.91937766333402
-1197.0806223366615
870.1193776633401
-131.8806223366648
-1084.08062233665
342.3193776633357
-562.6806223366422
235.91937766333584
1440.7193776633471
-564.4806223366603
479.9193776633457
-506.48062233666303
-375.08062233666794
-1354.0806223366615
128.31937766334124
-332.88062233666216
-251.68062233666592
249.11937766333173
86.71937766334113
250.31937766333954
-230.4806223366638
-989.4806223366589
-292.4806223366761
-399.88062233664067
1011.3193776633381
1479.3193776633184
345.51937766334305
856.1193776633426
1205.919377663333
-717.0806223366658
530.3193776633373
-902.0806223367128
-1860.680622336659
-939.6806223366809
953.1193776633307
-210.4806223366724
86.11937766333385
82.31937766334107
-639.4806223366753
-828.0806223366659
259.11937766334154
-390.28062233666486
1072.319377663346
660.7193776633226
-21.680622336674027
-2076.880622336725
-1606.6806223366666
-912.4806223366768
-724.8806223366587
-817.480622336662
-304.88062233666454
593.5193776633228
-186.4806223366561
511.7193776633346
-369.4806223366655
-1131.0806223366567
191.9193776633304
501.1193776633258
866.519377663331
-325.88062233667154
803.5193776633304
-387.4806223366777
-1112.0806223366997
-2301.280622336666
-1035.0806223366592
-981.880622336655
330.9193776633315
614.1193776633378
388.91937766334246
-424.6806223366788
-1651.6806223366643
-340.6806223366611
346.31937766332885
461.91937766333785
1924.519377663364
1864.719377663351
643.3193776633385
-684.6806223366567
-633.0806223366798
68.31937766333093
-905.2806223366601
-1011.8806223366764
-1728.880622336647
-101.28062233665764
381.5193776633379
-511.8806223366679
-925.0806223366583
-1890.2806223366879
-673.6806223366629
-1497.0806223366835
-1885.2806223367093
-777.4806223366611
-1360.480622336669
-1894.0806223366735
-135.4806223366575
521.319377663329
1429.7193776633305
-832.0806223366719
-1101.080622336667
-649.2806223366633
958.3193776633332
96.91937766333646
-165.28062233666256
66.31937766334839
-668.6806223366674
-374.4806223366687
-482.2806223366431
-846.8806223366696
1365.1193776633268
-627.6806223366586
-2342.280622336661
-871.8806223366645
128.51937766334234
1499.5193776633391
-605.4806223366515
146.91937766333956
-4.080622336663154
428.1193776633319
368.9193776633407
-912.68062233666
239.51937766333046
-197.68062233666782
-1571.4806223366618
-593.4806223366373
-1333.8806223367126
-1084.0806223366326
-1207.4806223366734
-1250.880622336652
-375.8806223366862
-31.480622336665434
448.31937766333675
-871.480622336651
2095.319377663354
660.119377663345
200.5193776633459
904.919377663349
-786.88062233665
-1613.6806223366766
-220.6806223366629
-725.4806223366631
1240.7193776633367
-422.88062233667046
511.1193776633391
184.11937766333793
-909.4806223366751
-219.8806223366656
-2075.2806223366733
-1150.8806223366662
-1303.680622336634
-499.6806223366636
-267.28062233664457
-884.2806223366613
-182.6806223366684
1101.919377663313
-2017.68062233664
-1258.0806223367074
-1941.0806223366753
-79.28062233666247
-134.48062233666786
-2705.4806223366572
-2286.0806223366762
-444.48062233666474
-328.88062233666466
-2427.6806223366407
938.9193776633485
74.71937766333771
1310.119377663364
18.51937766334181
-1322.8806223366637
-1870.8806223366328
-305.68062233665756
-806.6806223366615
-979.6806223366729
210.11937766333753
1274.7193776633303
823.5193776633379
-644.4806223366548
314.519377663342
925.919377663332
880.7193776633336
1123.9193776633542
-10.88062233665945
665.519377663322
591.1193776633386
-456.2806223366637
698.7193776633266
-1520.0806223366387
548.7193776633396
-716.4806223366622
955.7193776633367
1022.5193776633399
-490.8806223366572
-496.68062233663426
174.91937766333893
353.31937766333056
-1451.8806223366716
-1402.8806223366603
-830.8806223366695
592.919377663341
262.91937766333297
-199.080622336663
-484.0806223366544
-452.680622336665
675.5193776633272
1058.519377663321
890.1193776633329
-883.6806223366667
-1700.880622336725
-764.0806223366678
393.9193776633368
-495.0806223366511
-923.880622336635
-1323.0806223366687
-2012.0806223366478
-1131.4806223366459
-486.0806223366704
-1417.0806223366574
34.91937766333603
85.9193776633289
-1028.4806223366552
-872.4806223366691
-84.48062233665357
-2119.280622336675
-749.8806223366793
356.71937766333735
-793.880622336652
-520.2806223366794
393.31937766333033
586.1193776633244
-899.0806223366612
10.519377663333614
277.3193776633676
-1703.2806223366588
-984.4806223366331
-742.6806223366606
613.7193776633263
242.3193776633323
233.91937766333072
-644.2806223366699
-673.6806223366646
194.5193776633378
743.519377663335
1547.7193776633683
1328.5193776633312
618.7193776633403
1504.7193776633405
1433.5193776633369
385.3193776633415
-101.08062233666635
994.1193776633669
1581.5193776633314
735.5193776633437
1099.319377663326
1014.5193776633394
-1159.8806223366628
644.7193776633559
1275.1193776633543
114.71937766334489
-544.4806223366622
54.3193776633357
1141.3193776633475
939.5193776633282
377.9193776633504
4944.719377663306
1884.7193776633
1224.1193776632456
1746.919377663333
560.3193776633325
467.51937766335993
1026.3193776633311
263.31937766333135
2327.919377663316
935.1193776632992
1723.1193776633602
1654.1193776633593
556.7193776633533
1743.1193776633397
2253.119377663302
1286.5193776633455
1253.519377663363
849.3193776633327
787.3193776633866
1168.3193776633382
155.71937766334347
2054.5193776634014
2447.11937766333
341.3193776633265
276.1193776633181
-805.8806223366679
-334.2806223366671
328.1193776633084
1083.5193776633253
-867.2806223366752
2842.9193776633774
3907.5193776634173
1124.9193776633356
1297.1193776633206
-275.6806223366637
1382.1193776632997
13.719377663328125
1253.3193776633166
809.919377663315
-1242.080622336664
-485.480622336667
460.3193776633337
-1197.2806223366774
-1416.6806223366539
-1607.0806223366599
-1520.4806223366706
-1882.6806223366666
-1619.8806223366698
-884.4806223366634
-352.88062233666466
-919.2806223366573
-471.0806223366683
-2867.0806223366744
-570.4806223366696
930.7193776633202
1276.919377663339
938.5193776633457
-510.8806223366543
-509.0806223366663
1174.119377663345
2453.11937766338
609.1193776633098
3443.719377663405
3030.119377663361
157.71937766333824
-232.4806223366639
668.3193776633203
1392.3193776633507
355.71937766332
644.3193776633049
791.5193776633328
-2425.480622336676
-1472.6806223366164
-107.2806223366658
-572.4806223366603
-1659.6806223366568
-1165.4806223366747
1350.1193776633595
-866.0806223366642
426.31937766333317
-752.6806223366669
67.51937766334314
316.9193776633408
-1000.8806223366817
-3215.88062233659
-1720.080622336689
-599.680622336663
-666.0806223366685
-953.8806223366655
-5.880622336663983
-46.88062233665394
-1070.8806223366641
668.3193776633209
-157.68062233665728
-208.0806223366702
1601.319377663323
1176.919377663319
384.9193776633549
643.7193776633451
1849.7193776633321
992.9193776633213
480.9193776633373
794.9193776633466
-219.28062233666384
-116.48062233667247
-1279.8806223366205
-601.0806223366551
-457.28062233666645
45.119377663335754
403.91937766334
-1122.880622336659
-542.0806223366684
-2024.2806223366272
-926.2806223366722
-2380.0806223366912
-1537.0806223367156
-758.2806223366609
-550.6806223366808
1493.7193776633055
2614.719377663368
2090.319377663333
1588.9193776633401
1763.3193776632916
-1112.8806223366694
-231.68062233666032
89.51937766333931
-562.2806223366555
987.519377663342
-1237.8806223366655
-1526.2806223366867
-1659.8806223366785
-741.2806223366564
697.7193776633192
343.5193776633326
679.1193776633011
1807.719377663326
169.11937766333196
-703.0806223366639
-1635.4806223366693
927.1193776633481
839.9193776633442
-683.6806223366672
7.919377663346133
1444.519377663325
571.719377663331
1479.7193776633255
-437.680622336688
695.7193776633363
365.1193776633319
345.91937766333575
937.719377663316
-344.0806223366654
1129.3193776633154
1316.319377663341
1181.3193776633332
-613.4806223366511
620.5193776633251
524.7193776633391
-680.8806223366614
878.3193776633273
-717.0806223366806
-1744.6806223366543
-1429.2806223366651
-1463.8806223366782
-544.680622336665
245.7193776633455
-126.88062233665309
750.7193776633361
440.1193776633467
449.91937766335275
-1076.4806223366625
-162.28062233667055
-2782.2806223367193
-1400.2806223366383
-912.4806223366617
292.3193776633276
1507.1193776633397
780.9193776633457
-711.2806223366571
1104.3193776633307
-473.4806223366625
-794.4806223366519
1168.7193776633274
-1809.0806223366678
-402.6806223366629
-712.4806223366691
-1915.880622336671
-629.0806223366623
-505.08062233666703
-364.6806223366574
-498.08062233666874
-817.6806223366591
-1802.8806223366576
-414.08062233666095
845.9193776633402
-1747.4806223366538
-1702.6806223366586
648.7193776633325
-874.4806223366594
-1622.6806223366837
39.5193776633467
1060.7193776633183
-965.6806223366768
546.1193776633207
-625.4806223366649
7.919377663338068
-933.6806223366887
365.91937766334297
-226.88062233666295
-1146.0806223366492
-949.6806223366613
1785.1193776633336
1409.3193776633282
397.31937766333084
1311.11937766334
68.91937766333696
645.5193776633449
1986.7193776633649
-807.2806223366781
332.7193776633396
-247.28062233666483
-920.2806223366616
1207.3193776633445
527.3193776633327
-1135.2806223366906
90.11937766333571
86.51937766333512
305.7193776633424
399.91937766333683
41.51937766334069
790.1193776633419
-527.680622336663
1387.7193776633683
-133.28062233668123
36.51937766334071
1391.5193776633425
-27.880622336664835
-656.4806223366872
89.51937766333818
1321.9193776633308
243.5193776633382
404.11937766332784
-2383.480622336649
-723.2806223366631
-1421.0806223366517
-636.6806223366424
373.51937766334515
506.5193776633378
-247.2806223366708
540.7193776633346
-748.080622336653
-582.4806223366695
1142.7193776633317
-735.2806223366573
416.91937766332734
390.3193776633415
-2447.2806223366606
73.31937766333496
1588.5193776633178
2610.9193776633756
892.5193776633292
1451.1193776633318
1803.1193776633163
789.9193776633649
2078.519377663316
1876.31937766332
1735.119377663309
257.71937766333724
-528.0806223366601
1909.1193776633504
850.5193776633273
884.3193776633274
2072.1193776633017
1001.1193776633303
33.71937766334137
1676.7193776633196
240.51937766333037
974.3193776633443
-322.0806223366626
-480.08062233667744
-122.48062233666319
-499.4806223366678
767.1193776633523
31.31937766333849
-221.08062233666232
-1034.4806223366668
692.9193776633374
-1145.0806223366694
-968.8806223366654
-277.08062233665
-28.080622336664945
137.51937766333367
-1912.680622336679
-262.68062233666967
-930.8806223366638
-533.8806223366635
359.3193776633434
455.1193776633322
-120.2806223366697
301.9193776633355
-1770.4806223366766
-945.8806223366661
998.119377663343
65.91937766333596
2714.5193776632937
-378.8806223366613
-1614.8806223366425
1077.7193776633358
1032.7193776633285
971.5193776633436
-470.48062233666013
-1862.6806223366627
-1612.0806223366471
-1405.0806223366806
-65.88062233666389
-532.0806223366625
-1094.0806223366708
-1416.0806223366767
1240.3193776633045
-873.2806223366669
1410.7193776633453
339.91937766334075
-1015.6806223367054
-381.2806223366727
-492.08062233666647
1020.1193776633462
-442.2806223366682
101.71937766334767
1129.519377663336
92.9193776633413
-197.48062233666676
-395.08062233666624
-550.4806223366713
-1537.4806223366859
329.31937766334113
-842.2806223366548
763.7193776633408
124.71937766334307
-1048.6806223366668
1762.9193776632762
576.9193776633415
1503.7193776633335
951.9193776633682
-783.4806223366547
-561.6806223366636
-461.68062233665995
-557.0806223366534
-297.28062233665986
-122.48062233665894
-1775.4806223366732
1887.7193776633276
919.1193776633129
38.51937766332824
268.5193776633393
492.91937766333956
453.31937766333857
1182.9193776633447
129.11937766333085
672.9193776633333
-895.4806223366517
-194.4806223366673
-1.680622336657649
57.51937766333747
-1056.680622336684
320.5193776633366
-483.28062233664735
255.91937766333655
373.1193776633339
-644.8806223366631
-337.480622336667
-2178.680622336653
-803.8806223366653
-1247.880622336663
-519.2806223366713
-294.88062233665687
-460.8806223366624
-272.4806223366649
-500.88062233666494
-1350.8806223366848
33.919377663335595
-2210.4806223366154
-2073.4806223366654
883.9193776633363
1957.3193776633102
-871.6806223366808
-712.0806223366684
246.91937766333103
165.31937766333613
702.9193776633401
-1290.0806223366703
-430.8806223366877
-1869.6806223367096
572.3193776633341
-801.4806223366746
-1256.6806223366777
-742.6806223366682
423.719377663342
-890.4806223366813
866.7193776633138
905.5193776633284
198.11937766334145
-1011.8806223366593
-465.4806223366565
-4.880622336666878
-1102.8806223366735
-705.2806223366686
892.5193776633475
630.9193776633331
-1407.0806223366906
-291.8806223366669
-1760.8806223366673
-338.2806223366607
-70.48062233665951
1548.1193776633127
972.7193776633343
39.319377663321596
-1504.6806223366489
648.5193776633309
-656.0806223366816
129.11937766334202
683.3193776633358
700.5193776633357
-266.48062233666116
-1437.8806223366528
911.51937766334
-1336.4806223366784
-678.680622336665
-1244.48062233666
-655.6806223366775
-565.2806223366649
1051.7193776633455
709.5193776633374
1125.7193776633349
-1020.2806223366356
-2189.680622336702
396.31937766333306
-267.48062233666633
-366.88062233666466
-215.0806223366708
15.119377663340067
-324.6806223366632
-858.880622336666
-238.68062233666626
-1413.8806223366464
1984.9193776633335
540.7193776633455
251.51937766333774
2.7193776633251137
-1892.6806223367207
980.5193776633189
-230.4806223366689
628.5193776633332
1788.3193776633211
2462.3193776633448
-44.08062233666392
-821.8806223366593
-240.88062233666076
-818.0806223366724
-1833.4806223366797
-1601.8806223366726
-1749.2806223366813
-179.88062233666136
406.51937766333884
976.1193776633389
679.3193776633369
739.71937766335
-974.6806223366608
1274.1193776633397
-188.48062233666406
3.519377663340908
-471.28062233666964
-687.8806223366787
-454.08062233666953
-1267.0806223366712
939.9193776633364
-303.480622336664
593.9193776633431
-123.28062233667032
1255.519377663351
-229.88062233668663
-1832.4806223366384
740.7193776633262
658.1193776633319
2799.319377663345
1456.5193776633446
1950.5193776633332
428.11937766334074
-557.0806223366658
-1144.4806223366706
825.1193776633364
-150.08062233666328
-750.6806223366614
502.9193776633369
-609.8806223366876
-548.4806223366575
650.3193776633334
910.7193776633343
2290.11937766335
-1205.2806223367074
-1698.8806223366316
-570.8806223366774
2225.7193776633385
986.3193776633398
1360.119377663338
1879.5193776632875
-495.28062233666543
57.51937766333339
410.51937766334635
-607.4806223366679
404.31937766333635
2221.11937766332
-1903.6806223366643
-3151.0806223367695
2118.5193776633305
316.7193776633332
772.11937766333
1203.7193776633344
1022.3193776633395
2357.7193776633276
415.3193776633355
-1302.2806223366474
-1362.080622336671
527.1193776633409
1596.1193776633265
1421.3193776633336
-1020.6806223367009
366.51937766333884
808.1193776633478
-88.6806223366667
255.91937766333467
-2043.880622336662
-1348.0806223366503
1029.9193776633372
2988.519377663314
1042.9193776633147
757.5193776633431
-384.28062233666884
-1370.680622336654
-123.48062233665904
-512.8806223366596
-1613.880622336656
-777.8806223366499
1018.1193776633417
-1299.280622336631
-1399.2806223366285
1416.3193776633364
-83.28062233666869
-2049.880622336662
-165.68062233666592
1721.919377663336
4017.119377663356
129.7193776633339
236.31937766333388
-691.8806223366531
-1163.2806223366617
-97.08062233666273
-2571.080622336672
-1614.4806223366934
-68.2806223366599
389.319377663339
-513.8806223366637
-395.4806223366647
-816.680622336651
1709.3193776633314
305.1193776633321
1855.5193776632937
-256.8806223366658
62.31937766334352
-939.6806223366584
-1543.4806223366634
-780.2806223366683
1770.7193776633414
-539.880622336663
-764.8806223366408
-226.4806223366652
-983.6806223365802
-1324.4806223367293
52.719377663332736
-11.480622336665212
1023.51937766334
792.9193776633376
475.1193776633253
1527.1193776633418
-1431.6806223366389
-1514.2806223366617
-752.2806223366795
-155.4806223366655
-704.6806223366528
-1095.280622336654
519.9193776633408
-500.0806223366629
1041.119377663332
-105.08062233666436
139.91937766333464
-1461.280622336675
-268.8806223366594
-863.6806223366557
1487.9193776633085
2009.5193776633325
183.91937766333953
76.3193776633384
382.51937766334373
-1801.8806223366278
1958.719377663323
-441.88062233666886
-1095.280622336647
528.719377663335
-2137.6806223366916
-1450.2806223366463
-2344.080622336583
-307.2806223366423
-1964.680622336654
-885.6806223366649
540.3193776633364
761.9193776633266
942.1193776633105
1432.319377663363
956.7193776633201
2550.519377663303
-865.2806223366555
-909.0806223366675
-152.88062233666352
632.9193776633371
1060.9193776633256
713.119377663347
1218.5193776633325
-975.8806223366487
1521.9193776633315
-445.08062233667494
89.7193776633515
926.3193776633468
-909.280622336683
-1915.6806223366636
-584.0806223366645
-76.48062233666748
398.71937766333156
672.5193776633374
287.7193776633277
-988.8806223366599
-5399.480622336745
-640.4806223366775
-1707.2806223366758
2067.5193776633223
-1320.2806223366467
275.71937766333696
-111.28062233666506
718.719377663325
123.51937766333768
634.5193776633223
-658.8806223366734
1939.3193776633454
-719.2806223366472
-453.6806223366631
790.9193776633277
1211.3193776633236
1383.1193776633356
1058.9193776633165
337.3193776633182
815.3193776633327
2609.119377663368
1162.1193776633402
2342.319377663378
780.9193776633149
-898.2806223366554
-861.4806223366661
-104.88062233667321
43.11937766333039
-299.88062233666403
1167.7193776633403
971.11937766334
-148.68062233666112
-5088.880622336526
-1215.080622336633
-2157.6806223366775
1528.719377663342
-509.4806223366519
-409.4806223366679
-2074.6806223366984
536.3193776633395
-128.08062233666647
-22.680622336662072
916.3193776633345
-486.880622336646
-422.68062233667723
535.1193776633454
1847.119377663334
2051.519377663323
225.71937766333897
1020.1193776633255
1991.9193776633474
866.7193776633318
354.1193776633377
-660.8806223366531
843.5193776633394
170.11937766334304
-1501.4806223366616
-39.480622336655216
1246.319377663383
1957.7193776633167
-2315.2806223366783
-397.8806223366702
903.7193776633231
1645.7193776633355
-1780.4806223367095
-341.8806223366685
-307.6806223366656
-768.6806223366725
-73.08062233665571
450.5193776633369
40.11937766334229
2108.5193776633005
-14.6806223366603
-604.2806223366588
1248.319377663346
-41.68062233666375
825.5193776633429
1341.519377663326
-219.08062233666485
696.9193776633346
-44.08062233666927
56.11937766333445
-729.2806223366352
-1657.2806223366806
1968.7193776633285
387.91937766333655
96.11937766333001
2742.9193776633515
813.1193776633187
-469.08062233666146
328.5193776633406
599.3193776633183
-1573.4806223366745
378.5193776633334
544.3193776633326
2196.119377663335
-2356.080622336647
-1835.680622336639
-412.08062233666806
-1172.8806223366216
-646.6806223366859
-157.68062233667084
339.11937766333006
575.919377663344
613.9193776633402
-29.08062233666071
1272.7193776633235
510.51937766333134
-1046.8806223366632
203.51937766332838
565.9193776633383
593.3193776633508
178.31937766333292
789.5193776633344
623.3193776633506
-511.88062233666824
-85.68062233666338
-790.2806223366543
-478.48062233666786
775.7193776633327
-151.48062233665823
322.71937766333514
733.319377663357
-348.48062233666695
827.9193776633377
-1012.8806223366676
-905.0806223366594
892.9193776633377
-2255.880622336686
-1990.08062233668
-75.6806223366687
-1564.4806223366686
-292.8806223366621
-412.8806223366659
688.7193776633308
-468.68062233666114
1172.3193776633236
321.11937766334063
-511.0806223366433
91.91937766333817
383.5193776633372
490.11937766333057
757.5193776633338
200.11937766334185
708.5193776633444
-873.4806223366343
-537.6806223366677
433.31937766334346
370.5193776633388
132.91937766334206
1383.1193776633388
-448.0806223366539
860.1193776633356
-199.28062233666702
-1640.880622336635
-30.280622336667225
1754.319377663267
-715.2806223366566
-239.48062233666022
177.91937766334186
-2965.080622336664
-2313.0806223366367
-1708.280622336659
-2789.8806223366764
-565.0806223366619
597.9193776633316
973.5193776633417
-923.4806223366759
-551.4806223366633
-541.680622336668
-337.0806223366771
362.119377663334
1117.319377663318
1223.7193776633642
1171.919377663329
2820.519377663291
1493.719377663338
-572.4806223366726
-266.8806223366587
58.51937766333212
760.519377663338
-286.0806223366621
1877.119377663319
689.7193776633312
103.31937766333269
-1435.0806223366806
-717.8806223366784
-220.0806223366558
799.5193776633348
386.71937766332974
-455.680622336663
-1188.0806223366687
-4644.680622336688
-517.4806223366613
-724.6806223366567
-1584.0806223366585
33.71937766333931
1014.719377663347
243.51937766333873
-383.48062233665945
618.3193776633422
1062.119377663322
323.1193776633364
627.9193776633357
-345.2806223366676
895.9193776633326
1215.3193776633327
1579.919377663315
614.9193776633459
-1044.0806223366578
-18.880622336660544
-851.8806223366499
-710.8806223366514
14.91937766334005
-94.88062233666125
-725.4806223366616
1007.3193776633325
1787.3193776633132
2216.1193776633386
-807.6806223366575
-940.8806223366693
-804.6806223366581
171.5193776633346
-603.2806223366516
-2863.680622336749
1256.1193776633525
176.5193776633374
-479.88062233666346
-1047.480622336661
-1320.2806223366804
820.5193776633434
-861.8806223366764
-2254.480622336645
-451.28062233667225
1384.5193776633791
2696.9193776633338
1105.3193776633261
1637.519377663336
805.9193776633402
1385.1193776633133
818.919377663342
-42.8806223366671
1176.5193776633464
1515.3193776633352
1049.7193776633349
1388.11937766335
1183.9193776633551
839.7193776633246
254.71937766333636
358.31937766333334
191.31937766333397
147.11937766333938
1013.7193776633285
-1018.4806223366571
1280.719377663338
-283.6806223366646
-1551.880622336665
2690.519377663362
858.9193776633377
-488.880622336663
173.51937766334203
-833.2806223366749
1237.9193776633174
53.11937766333681
439.7193776633387
294.31937766333306
-257.88062233666614
291.1193776633267
-595.280622336675
152.3193776633435
-677.0806223366731
394.9193776633243
300.5193776633394
6.519377663337394
667.9193776633423
2435.519377663335
215.3193776633343
409.11937766333523
478.71937766333485
1755.5193776633296
1297.119377663324
-1430.8806223366662
-1484.4806223366738
-441.8806223366653
307.11937766332534
-1700.0806223366721
423.9193776633437
-563.2806223366639
629.9193776633155
2044.3193776633207
324.11937766333415
-433.88062233666994
215.71937766333787
-1032.0806223366692
-1236.8806223366546
132.91937766333945
1083.5193776633412
1180.9193776633397
51.91937766333858
644.3193776633414
1546.919377663323
1108.5193776633246
1811.7193776633117
1140.9193776632999
1480.3193776633134
1510.9193776633304
649.3193776633482
1582.1193776633122
-388.2806223366669
1923.7193776633521
1000.1193776633415
2014.5193776633575
2024.9193776633358
708.9193776633356
-51.280622336664564
96.31937766334141
914.9193776633397
-291.2806223366607
-811.4806223366674
-630.680622336657
243.51937766333995
2417.3193776633248
1298.9193776633372
1103.7193776633271
-199.28062233666805
-117.6806223366689
78.31937766334144
83.71937766334098
-1426.6806223366777
-1853.6806223367007
-1018.2806223366675
-534.6806223366779
-1431.2806223366752
-1607.0806223366808
-748.0806223366668
-1203.0806223366642
-859.2806223366566
308.9193776633329
-566.4806223366579
-43.08062233666631
136.91937766333422
-668.2806223366591
-603.4806223366612
-136.88062233667083
-1988.880622336659
-472.08062233666226
-58.080622336663566
-1275.0806223366656
-540.0806223366661
524.9193776633318
481.31937766333823
-632.0806223366593
234.11937766333693
2292.719377663306
-49.48062233665578
316.3193776633363
-651.2806223366687
-50.48062233666232
-610.680622336663
-166.28062233666492
-586.6806223366586
-716.6806223366538
-2.880622336662027
-61.680622336667184
804.9193776633377
1063.9193776633197
514.9193776633493
640.1193776633318
21.11937766335387
96.31937766333898
56.91937766333233
623.9193776633253
1357.3193776633752
502.51937766333555
624.7193776633306
274.11937766333534
-1616.6806223366675
-65.88062233666446
240.51937766334248
-841.4806223366655
-739.680622336665
-18.480622336662396
915.9193776633441
1635.3193776633286
1489.3193776633075
