61.93782834973392
1337.537828349748
2128.137828349764
1537.1378283497354
1682.7378283497446
-817.8621716502862
324.137828349732
-144.6621716502687
270.5378283497364
2648.737828349763
-482.8621716502702
-1649.6621716502848
-1324.8621716502457
-1858.8621716502657
-860.2621716502699
-732.862171650268
-129.26217165026318
-17.062171650274127
-1816.0621716502533
-700.0621716502727
-200.66217165027075
-1162.6621716502739
-1794.2621716502654
-1581.8621716502623
485.1378283497351
-353.8621716502756
1066.1378283497356
1518.9378283497497
1026.1378283497634
-343.4621716502555
-930.2621716502699
304.53782834973305
-183.06217165026243
787.7378283497137
324.5378283497248
918.5378283497375
-1259.4621716502647
-436.66217165027416
71.33782834973954
1101.5378283497298
-484.46217165025837
816.5378283497391
525.3378283497592
338.9378283497364
-1391.0621716502637
-725.0621716502635
1343.937828349746
625.3378283497447
1248.537828349747
1676.7378283497194
82.53782834973092
-213.06217165026717
-537.0621716502674
1357.937828349738
-372.6621716502631
586.937828349727
797.3378283497299
-1772.6621716502898
1432.5378283497107
349.937828349728
382.5378283497493
764.3378283497467
387.93782834974246
17.93782834973328
68.5378283497216
1154.3378283497184
-703.8621716502639
56.937828349734694
-1615.0621716502178
-318.6621716502757
691.5378283497259
656.7378283497426
1581.1378283497154
1424.1378283496917
19.73782834972731
1889.3378283497555
-1120.4621716502506
-1196.462171650243
2023.1378283497738
407.73782834971
226.13782834974106
-221.06217165026703
-548.6621716502685
-469.06217165027897
-3031.062171650273
1008.1378283497346
1350.1378283497231
1466.9378283497488
2737.5378283497303
230.9378283497355
1186.737828349741
-1732.2621716503145
-429.6621716502755
1214.3378283497464
1655.537828349727
-809.2621716502688
16.737828349733263
461.53782834973885
-1093.4621716502727
-1654.6621716502855
-671.2621716502554
-496.0621716502683
702.1378283497367
-1505.0621716502571
-310.0621716502649
-100.26217165027218
-962.8621716502626
1693.3378283497088
1299.3378283497404
-1317.8621716502657
140.13782834973384
-424.0621716502701
-285.86217165027136
-694.4621716502706
-1300.6621716502348
-1814.2621716502847
-345.26217165027026
1169.33782834972
1521.137828349723
-501.8621716502738
-184.6621716502715
-1420.4621716502998
-1228.6621716502516
-1915.8621716502869
-1422.0621716502756
-608.4621716502937
1419.3378283497416
-996.8621716502738
-305.0621716502728
871.537828349694
1078.337828349745
-361.8621716502699
-277.06217165027596
-481.46217165026843
-720.8621716502654
-108.26217165025402
1631.3378283497145
456.3378283497289
-1761.0621716501892
535.137828349728
2340.337828349708
-267.6621716502771
1289.3378283497389
59.5378283497286
-674.4621716502746
-1470.4621716502832
-1063.4621716503225
142.53782834973399
1078.7378283497374
2093.737828349713
2746.5378283497103
-658.2621716502827
-478.06217165026925
-2200.6621716502905
-762.8621716502745
-304.8621716502724
1308.737828349744
-2185.8621716502585
111.93782834973655
2019.9378283497435
1551.737828349767
729.5378283497405
792.5378283497352
1225.3378283497436
-802.0621716502673
-2017.862171650319
1047.5378283497387
422.73782834974264
553.9378283497133
-1629.2621716502597
-743.4621716502442
864.5378283497361
-753.0621716502799
579.9378283497334
809.7378283497349
-1573.4621716502472
-1896.4621716502854
-2427.862171650327
1438.937828349725
894.537828349762
-377.8621716502638
517.9378283497267
1393.5378283497425
12.137828349739198
351.3378283497233
176.13782834973745
294.93782834972507
-735.6621716502502
-496.46217165027406
-972.4621716502619
-524.0621716502769
1494.7378283496885
-28.262171650263312
1150.7378283497133
635.337828349734
211.1378283497399
-594.2621716502648
-98.06217165026115
226.9378283497315
774.5378283497007
887.9378283497217
4.9378283497258195
1467.3378283497152
-183.86217165026756
640.1378283496981
1034.3378283497639
-863.8621716502704
-1754.8621716502626
1488.1378283497168
593.1378283497589
-172.6621716502719
-1474.2621716502713
227.53782834973495
1317.9378283497208
-284.66217165027075
-2180.2621716502863
509.537828349734
-803.2621716502617
-505.06217165027545
-1825.26217165025
-1691.462171650264
890.1378283497147
-379.0621716502645
-72.0621716502763
826.5378283497425
1188.3378283497395
584.5378283497209
-673.2621716502589
1046.3378283497161
313.1378283497316
-271.2621716502566
531.7378283497308
519.5378283497286
-577.2621716502629
1669.937828349745
1030.737828349724
502.73782834971587
-889.0621716502827
-1631.4621716502825
-95.2621716502642
245.73782834973483
-535.0621716502656
908.737828349735
-645.2621716502751
1211.3378283497302
-1374.2621716502597
-2341.0621716502346
-165.26217165026605
978.1378283497295
-59.46217165026805
-458.66217165027274
-206.66217165027783
-1995.8621716502607
661.1378283497362
2033.9378283497538
954.1378283497178
-633.0621716502652
172.53782834973427
1821.9378283497153
1141.137828349745
82.33782834973616
3070.5378283498126
-213.86217165026798
-179.46217165027645
-939.0621716502498
-2365.462171650303
899.5378283497362
675.3378283497312
2158.1378283497124
2072.9378283497354
57.737828349722285
-872.0621716502587
-1204.0621716502594
-2032.8621716502546
511.1378283497367
2251.9378283497354
2009.1378283496863
655.3378283497144
-421.0621716502726
2632.337828349761
-537.4621716502618
1334.7378283497287
1000.1378283497169
1058.3378283497475
-9.062171650269558
665.1378283497309
-8.462171650268374
115.13782834972162
18.937828349736634
-187.26217165026472
1438.5378283497396
932.3378283497372
-80.66217165026681
2497.937828349748
244.7378283497302
-999.4621716502548
-1118.6621716502207
-477.8621716502786
331.53782834973134
854.3378283497336
1478.5378283497253
-41.062171650270116
930.7378283497358
-142.6621716502623
1009.9378283497189
1497.5378283497423
-102.86217165027197
3044.5378283497266
631.1378283497322
2199.3378283497836
1573.3378283497684
247.13782834973364
-390.0621716502678
1232.5378283497341
1307.1378283497154
476.33782834973744
178.93782834973086
-121.06217165027113
-295.2621716502668
881.5378283497197
256.13782834973625
-2578.062171650242
-2105.4621716502756
208.73782834973235
635.3378283497315
621.9378283497225
315.3378283497375
-598.4621716502633
-1376.0621716502822
-850.2621716502607
-1166.2621716502745
1429.5378283497423
1427.5378283497598
-154.8621716502707
2252.537828349744
1431.3378283497366
482.7378283497144
2738.7378283497483
361.53782834973293
-707.662171650271
-576.662171650265
1083.737828349711
1668.9378283497
-710.8621716502698
-25.062171650267395
-537.0621716502645
-59.26217165027075
-666.0621716502601
-32.06217165026652
-447.86217165026403
-773.4621716502629
-18.66217165028101
336.93782834973564
-622.6621716502557
-2188.662171650272
-1077.6621716502868
-75.46217165026343
-279.46217165025763
284.33782834971765
1002.3378283496866
964.3378283497309
-257.2621716502636
-39.2621716502849
-946.0621716502802
1039.3378283497561
536.9378283497322
562.3378283497314
1084.7378283497312
-1125.0621716502512
1196.3378283497009
1304.9378283497415
-143.4621716502746
1790.5378283497341
1142.3378283497004
661.9378283497329
108.33782834970197
-581.6621716502689
-886.4621716502803
-787.2621716502601
176.93782834973536
-1906.6621716501854
1334.9378283497113
1615.3378283497336
-878.4621716502595
119.73782834973392
1159.3378283497134
-204.4621716502627
263.53782834974913
1411.337828349696
-114.06217165026503
-1003.662171650278
1417.537828349731
1098.5378283497298
1747.337828349744
-287.2621716502573
-214.86217165026278
-240.4621716502562
181.3378283497405
1120.5378283497441
2138.3378283497505
457.93782834972944
-1358.6621716503064
493.33782834972436
49.337828349727275
-1165.8621716502482
363.53782834973237
2032.9378283497722
-319.46217165027167
-2784.662171650244
-470.86217165026517
-501.0621716502733
106.53782834972606
-759.4621716502459
-860.6621716502564
-1466.2621716502613
-2301.462171650245
-655.4621716502609
-42.862171650266646
-1809.2621716503315
-1091.6621716502677
-422.8621716502753
471.7378283497358
-708.2621716502669
42.937828349737714
1012.1378283497309
1742.5378283497528
796.5378283497195
-795.4621716502928
-2038.4621716503018
214.53782834974308
447.53782834972475
-359.06217165027454
-1681.0621716502744
56.737828349733746
-1126.8621716502946
2628.5378283496843
395.7378283497334
-1060.0621716502499
1527.9378283497724
79.3378283497299
-490.8621716502729
-1354.0621716502412
-230.06217165027275
475.33782834971845
-1086.6621716502855
969.737828349727
-1614.2621716502408
-40.462171650264516
670.7378283497553
385.73782834972894
-219.6621716502756
-660.8621716503025
-503.46217165026576
2630.937828349682
-634.4621716502695
-1577.8621716502548
994.5378283497232
1267.7378283497212
528.1378283497305
864.3378283497019
31.33782834972586
-621.0621716502902
-1489.4621716502218
-1174.4621716502404
-1609.662171650278
-80.86217165028694
-797.4621716502674
29.937828349725123
-162.46217165027514
2441.537828349737
268.13782834973375
-1568.2621716502847
547.7378283497269
415.3378283497325
671.9378283497227
1750.3378283497384
-549.2621716502631
-426.06217165026567
1041.1378283497438
-991.0621716502452
355.1378283497365
824.9378283496779
106.93782834973663
-928.8621716502786
-796.0621716502811
1045.537828349703
-1354.4621716503036
-1261.462171650271
-1884.6621716502843
1140.5378283497416
-930.4621716502634
-339.4621716502694
1113.5378283497319
-2323.662171650217
-1719.4621716502472
280.3378283497276
-636.8621716502686
-2565.862171650265
-972.8621716502245
16.737828349715105
-283.6621716502792
-14.462171650294282
-1560.8621716502914
786.3378283497312
1632.73782834972
515.5378283497358
483.13782834973154
-1463.8621716502573
-2528.86217165029
-1299.4621716503234
950.7378283497214
-475.06217165025856
-436.86217165025846
839.3378283497385
-1109.4621716502563
-241.46217165027005
-1292.8621716502832
-525.4621716502714
612.1378283497427
1659.737828349755
-1332.6621716502784
-430.0621716502829
1683.537828349717
-794.2621716502716
-102.06217165026916
-2644.262171650324
-1332.8621716502853
-656.2621716502779
-858.8621716502496
-1257.6621716502882
-2332.2621716503077
994.9378283497302
-1202.662171650277
-924.4621716502936
78.7378283497278
1008.1378283497199
1361.1378283497208
-1749.4621716502784
2900.937828349678
941.1378283497451
-857.2621716502629
-234.06217165027485
1201.737828349733
1617.9378283497485
-1714.8621716502616
897.337828349737
-380.06217165025845
858.3378283497156
-756.4621716503002
269.9378283497269
2458.937828349789
617.5378283497297
1228.1378283497377
-2740.462171650268
-424.2621716502575
-1806.86217165025
-181.06217165027917
-1180.8621716502853
-1201.0621716502446
1046.3378283497268
761.7378283497274
1085.737828349736
503.5378283497335
-904.4621716502659
-1179.462171650236
-492.86217165027784
-314.8621716502756
-1997.4621716502754
-265.4621716502714
-2276.2621716502945
410.3378283497434
34.337828349731346
661.5378283497297
1645.3378283497061
-58.4621716502616
-196.46217165027312
42.33782834973779
1499.7378283497342
-1332.4621716502168
-441.2621716502741
425.33782834973204
1130.7378283497437
-485.06217165026464
128.33782834973385
-193.2621716502677
-502.06217165027743
-2610.8621716502375
-1026.2621716502429
252.1378283497327
143.13782834972608
-1395.4621716502152
1200.7378283497212
-591.2621716502659
-1403.8621716502994
-789.8621716502621
-520.0621716502732
992.3378283497296
216.5378283497236
-1053.0621716501776
-2588.862171650287
42.93782834973176
-2062.0621716502533
-332.86217165029746
-2241.4621716502475
-112.46217165026376
1191.1378283497154
-585.6621716502863
-1991.662171650263
538.9378283497402
-1419.2621716502877
-2159.662171650305
1028.5378283497532
472.33782834973135
2066.9378283497094
1602.9378283497203
452.3378283497385
-879.0621716502562
513.5378283497292
-397.66217165024756
1456.9378283497838
-17.462171650283818
149.53782834973057
-1430.6621716502525
695.5378283497214
835.5378283497088
467.1378283497294
-1316.8621716502746
1063.9378283497597
623.337828349718
607.7378283497277
-1285.8621716502341
-1665.6621716502173
-2029.6621716502877
-408.6621716502698
89.73782834972802
-648.6621716502744
-199.46217165026653
1329.7378283497244
-1112.862171650281
-1456.6621716502736
1269.737828349724
-956.6621716502613
-523.0621716502696
-123.66217165026356
296.33782834972783
1905.737828349727
322.33782834972124
-416.262171650284
1137.3378283497298
-152.46217165027832
-2005.8621716502848
-1126.4621716502272
621.5378283497354
2437.137828349759
279.9378283497313
110.13782834972928
-62.86217165028176
2347.137828349707
120.33782834973263
1112.337828349747
-62.26217165027492
-2475.862171650268
-427.0621716502703
-1459.06217165026
972.7378283497317
2209.337828349712
-1099.262171650278
422.1378283497347
-503.8621716502676
953.7378283497359
-61.26217165027063
-768.2621716502625
1012.937828349762
-2311.6621716502764
-848.2621716502575
-573.6621716502659
-188.06217165026894
612.9378283497224
-1220.8621716502707
1450.5378283497269
250.73782834974298
-264.66217165027433
-1728.4621716502688
1105.537828349748
2875.537828349751
-1271.2621716502526
-327.4621716502785
-652.0621716502214
-1103.6621716502777
-1875.2621716502897
382.9378283497348
424.93782834972023
474.5378283497268
-407.4621716502689
1117.1378283497143
-1604.6621716502486
2668.737828349706
1780.7378283497444
1175.3378283497402
447.53782834972407
670.9378283497333
249.73782834973258
1254.537828349719
-773.6621716502425
1628.7378283497867
347.1378283497352
-839.0621716502621
211.9378283497328
1688.1378283497627
762.9378283497356
673.9378283497246
1154.7378283497542
340.13782834972915
123.33782834973995
363.9378283497298
-832.0621716502753
595.7378283497343
161.13782834973821
23.937828349737863
-827.0621716502637
553.137828349723
457.73782834973605
-51.86217165026963
-111.86217165026268
-455.86217165027546
-1162.0621716502624
422.3378283497534
324.7378283497271
-261.662171650265
-39.66217165026208
1852.1378283497033
-487.4621716502694
-2178.8621716502953
-341.46217165027883
1419.9378283497167
-2157.8621716502284
1301.137828349716
-346.86217165026795
1006.7378283497385
1604.9378283497472
-1978.262171650259
-548.2621716502717
-265.0621716502709
-1028.6621716502916
-1567.662171650264
-567.6621716502709
-641.8621716502699
87.53782834973917
1155.3378283497527
1679.7378283497471
162.93782834972822
-246.26217165026515
-74.6621716502728
-1215.8621716502469
-43.66217165026452
-137.06217165027638
316.3378283497344
-166.46217165026104
-1092.6621716502812
-401.46217165027804
-903.4621716502618
623.5378283497297
-1262.0621716502728
-425.2621716502708
-581.0621716502956
1775.3378283497573
1146.9378283496935
-895.462171650257
-2587.4621716502693
-795.6621716502672
2683.7378283497187
1354.7378283496932
-2527.8621716503158
-2359.2621716502435
-352.66217165026416
1546.5378283497382
-539.862171650258
-343.66217165025586
-171.06217165026737
599.3378283497269
506.1378283497288
166.93782834973626
-445.86217165027676
-21.66217165026719
-1944.8621716502835
-482.6621716502686
2253.137828349739
1054.3378283497098
73.13782834972781
751.9378283497415
-479.66217165026075
-809.6621716502581
-805.462171650262
163.53782834974095
-1810.6621716502564
696.7378283497178
374.7378283497092
322.73782834973684
7.937828349736549
-434.26217165026276
-1124.06217165028
-818.8621716502694
-411.4621716502711
-905.2621716502706
395.9378283497337
793.9378283497371
-1126.0621716502758
-1279.0621716502717
-606.8621716502697
1173.7378283497449
1396.7378283497542
-599.0621716502707
-935.0621716502762
226.13782834972957
-822.2621716502854
1133.93782834972
-249.26217165025568
413.53782834974027
355.93782834973564
-565.8621716502806
-671.4621716502671
1958.1378283497318
274.5378283497272
1243.137828349721
-428.06217165026794
-1106.062171650268
-1272.862171650271
-227.8621716502822
-217.86217165026508
-1396.262171650295
-743.0621716502759
-2456.6621716502896
-1265.4621716502654
-1333.4621716502722
-1371.8621716502837
1825.737828349741
2434.137828349752
-598.2621716502748
-2323.862171650251
-615.2621716502641
153.53782834973845
581.1378283497653
243.73782834972917
203.33782834973846
956.9378283497417
244.5378283497472
981.9378283497647
2456.937828349775
186.73782834972903
865.5378283497233
424.33782834973
633.937828349735
557.537828349731
3319.5378283497025
204.7378283497283
-696.062171650264
711.3378283497117
-762.4621716502667
-601.6621716502781
240.13782834973037
297.5378283497352
839.137828349739
282.7378283497395
1822.5378283497046
-377.6621716502696
1218.3378283497311
222.13782834973955
1495.337828349715
-31.662171650272914
-1613.0621716502883
-1446.8621716502757
800.5378283497256
1776.3378283497527
256.1378283497209
855.3378283497159
1281.5378283497428
1708.13782834973
1154.9378283497304
1762.137828349708
2298.3378283496777
-171.462171650262
-576.2621716502659
783.9378283497425
1618.5378283497644
1546.7378283497374
363.53782834973975
-1678.6621716502632
248.73782834972604
-470.26217165027975
911.7378283497425
-670.6621716502722
-311.66217165027604
769.9378283497222
-250.4621716502714
-1291.0621716502592
1093.5378283497107
-974.0621716502621
147.93782834972285
-569.8621716502663
-2070.86217165024
-2275.4621716502825
857.1378283497173
131.137828349731
2260.3378283496972
1655.7378283497133
-586.4621716502716
1352.137828349742
702.1378283497378
3317.337828349687
614.5378283497297
-1467.862171650291
-949.8621716502979
1340.9378283497442
-890.2621716502789
642.1378283497144
3057.937828349665
2166.337828349683
-135.2621716502696
-1100.8621716502555
-278.2621716502557
-1828.4621716502447
-1024.4621716502575
794.3378283497613
953.9378283497235
44.73782834973538
1742.337828349731
-2081.862171650239
-1408.4621716502538
-2202.2621716503177
71.93782834972669
-576.8621716502828
204.33782834972996
-566.4621716502763
-54.26217165026217
-204.8621716502707
-787.4621716502784
389.9378283497386
-564.4621716502668
-557.6621716502581
-947.4621716502661
1219.3378283497407
1408.7378283497494
1724.1378283497345
-1671.2621716502836
288.13782834973495
-516.6621716502742
-1237.8621716502478
-962.0621716502632
2562.337828349772
1892.9378283497704
-1499.6621716502514
283.53782834973583
173.93782834973462
1170.5378283497344
1185.137828349742
-546.2621716502716
-270.46217165026746
712.9378283497481
642.7378283497231
-882.662171650249
-1738.4621716502686
847.5378283497345
-23.46217165026603
1231.1378283497227
-778.8621716502497
-573.8621716502661
234.1378283497266
-1346.8621716502537
165.5378283497327
-1334.0621716502578
5.13782834972897
1174.5378283497237
637.9378283497304
36.33782834973427
111.3378283497344
80.5378283497313
-1110.0621716502592
-952.2621716502591
1234.1378283497295
-610.0621716502675
-631.462171650305
1857.537828349735
-559.862171650297
1345.7378283497128
324.73782834972053
-257.66217165026865
-48.26217165026764
-685.0621716502739
271.9378283497392
1078.7378283497324
974.7378283497081
1760.7378283496962
1305.7378283497337
628.7378283497239
1793.5378283497448
845.937828349731
-570.062171650281
-697.662171650268
-1417.4621716502402
-2096.862171650263
-670.2621716502647
-1251.2621716502524
40.5378283497289
-162.4621716502653
1220.7378283497205
253.33782834971987
-803.6621716502643
236.13782834973628
-712.4621716502763
-2567.062171650252
997.3378283497462
1596.1378283497245
-279.8621716502645
-1058.8621716502741
1332.3378283497455
1186.3378283497252
-1782.4621716503023
-2259.4621716502425
1590.9378283497285
1211.5378283497394
-1079.8621716502078
700.1378283497323
2218.537828349726
1113.937828349733
2199.9378283496894
1156.9378283497067
1462.937828349761
1611.3378283496832
1016.1378283497568
-2079.2621716502804
-711.8621716502739
-1225.8621716502419
-986.8621716502721
948.537828349736
-1743.2621716502429
-1403.662171650265
-148.86217165026557
-1860.0621716502676
-1447.4621716503143
-608.6621716502776
-33.26217165026532
-938.0621716502875
-2768.46217165031
-69.2621716502715
830.3378283497295
207.53782834973035
-794.8621716502715
-1290.4621716502702
307.93782834972853
-17.662171650268824
1256.9378283497385
182.3378283497394
254.73782834973787
-380.06217165025953
-896.662171650271
565.9378283497448
428.33782834973397
952.7378283497678
135.73782834973497
2086.537828349721
479.33782834972027
418.3378283497201
-73.06217165026902
186.33782834973
-1271.2621716502697
-160.26217165026097
-204.8621716502718
129.33782834973132
-481.86217165026477
48.137828349729034
1221.9378283497228
324.93782834974456
-16.062171650264098
-346.26217165027873
-1513.2621716502872
189.53782834974044
245.3378283497312
1706.7378283497383
-313.46217165026735
394.73782834971945
60.13782834972652
-2016.2621716502665
1384.5378283497569
-501.2621716502758
-85.46217165027856
962.9378283497465
572.3378283497216
316.13782834972665
485.33782834973357
1395.737828349737
237.33782834973522
2490.337828349705
989.5378283497095
1589.737828349749
1521.7378283497378
344.73782834972974
1911.73782834972
1862.3378283497718
-677.4621716502662
1138.5378283497232
-1341.4621716502634
-1051.2621716502601
1870.3378283497548
-148.46217165026795
-370.2621716502577
-951.0621716502538
-1668.662171650301
-378.06217165026254
-2728.062171650319
-213.06217165026817
-19.66217165027149
566.5378283497383
2313.5378283497507
-21.262171650267533
1451.5378283497205
-1458.4621716502606
-1043.0621716502765
252.9378283497408
1516.5378283497466
249.73782834973304
1566.137828349727
637.1378283497199
122.93782834974039
303.1378283497338
740.7378283497395
1738.737828349719
2043.7378283497999
-1049.8621716502566
697.9378283497399
781.1378283497359
-922.8621716502769
891.7378283497787
-299.46217165028435
-1725.2621716502606
24.93782834973425
-664.6621716502596
566.5378283497461
1038.3378283497434
-541.6621716502839
-1415.6621716502912
-490.8621716502835
263.13782834973176
644.7378283497338
-890.6621716502756
418.13782834972426
-1128.462171650265
-581.6621716502785
-346.46217165027093
-1395.2621716502692
-1634.0621716502585
816.7378283497142
-495.662171650268
1250.3378283497448
24.137828349728807
687.7378283497145
217.33782834974525
1327.3378283497757
1634.1378283497716
189.5378283497311
272.7378283497368
2929.1378283497384
1612.3378283497411
-1193.0621716503185
56.73782834972286
772.1378283497311
-1016.0621716503135
1016.737828349734
115.3378283497333
1513.9378283497324
1552.137828349731
371.3378283497325
-664.4621716502744
-534.2621716502773
1129.937828349694
1428.7378283497326
-916.4621716502636
170.73782834973122
-1484.6621716502736
568.5378283497341
1828.3378283497118
2478.3378283497937
-1627.062171650251
-369.8621716502653
1176.1378283497434
1666.7378283496967
-878.4621716502726
-842.4621716502512
1269.3378283497598
732.1378283497343
-1070.4621716502793
830.9378283497291
736.3378283497352
2092.1378283496815
-422.4621716502597
-202.86217165027765
243.5378283497357
-1541.0621716502933
-676.0621716502682
395.93782834972933
-1100.8621716502403
389.5378283497301
-120.06217165027664
2126.137828349742
-113.46217165026998
-2488.4621716502716
-483.6621716502633
13.137828349743051
-998.6621716502655
464.1378283497342
315.7378283497339
818.9378283497356
1207.7378283497205
1241.3378283497455
126.53782834973337
-765.2621716502827
-262.46217165026655
-415.8621716502726
-592.2621716502748
-1337.6621716502582
-947.2621716502495
-1096.6621716502575
-1044.4621716502663
-837.2621716502628
807.5378283497287
1388.537828349758
102.93782834973707
2069.7378283497237
70.93782834973217
1035.1378283497133
1791.937828349733
990.1378283497381
502.7378283497213
3937.53782834974
1511.3378283496475
-155.26217165026338
-1634.0621716502928
-579.6621716502743
1373.737828349712
-293.46217165025496
-2870.862171650313
222.33782834973368
-558.4621716502697
549.7378283497309
461.1378283497281
581.7378283497317
1582.1378283497345
-333.2621716502773
-721.6621716502535
1240.137828349726
46.137828349732786
-1071.0621716502656
-1740.4621716502638
167.73782834973343
-1538.662171650249
-2282.4621716502465
-622.6621716502717
-24.662171650255374
-764.8621716502961
1940.3378283497082
1026.7378283497017
595.3378283497302
347.7378283497372
41.53782834972989
1986.3378283497518
2184.337828349739
235.13782834972812
1075.337828349747
-680.4621716502639
757.3378283497283
-239.66217165027155
-835.2621716502489
450.337828349737
1093.9378283497654
-422.8621716502711
156.3378283497409
2307.1378283497597
266.93782834973274
582.537828349743
1094.137828349713
540.3378283497357
-51.06217165026081
426.33782834972556
1617.7378283497533
359.7378283497254
-1302.2621716502808
220.1378283497148
-2314.2621716502713
-820.6621716502535
-460.46217165028173
-1901.0621716502765
-7.462171650266299
-925.2621716502741
427.73782834972974
1239.3378283497211
-1231.462171650277
-352.26217165028226
-135.6621716502664
-913.0621716502728
1218.5378283497307
1323.1378283497797
570.7378283497119
411.93782834972694
-68.66217165026931
2572.3378283497823
-1625.6621716502693
34.737828349731664
686.7378283497391
1698.7378283497449
1129.337828349729
702.3378283497218
-648.2621716502688
-1015.4621716503005
-611.6621716502668
904.5378283497269
2128.5378283496807
505.3378283497373
-663.4621716502968
1619.1378283497165
-543.862171650268
-566.4621716502721
775.137828349734
519.5378283497483
50.737828349730904
27.537828349736373
65.13782834973065
-197.66217165027714
188.3378283497431
-342.2621716502624
2464.5378283497066
2722.7378283496705
363.5378283497074
2556.937828349726
-60.66217165026366
1097.1378283497256
956.9378283497336
-567.6621716502772
-1316.8621716502505
462.9378283497275
844.9378283497244
-303.8621716502721
174.33782834973036
271.7378283497356
210.13782834972412
219.53782834973424
-103.26217165026469
-257.2621716502716
-423.26217165025724
148.33782834972573
530.1378283497367
1435.33782834972
424.9378283497321
207.53782834972552
-138.86217165026642
178.93782834973342
-203.86217165026756
938.1378283497284
489.1378283497452
123.73782834975053
2391.137828349727
1042.737828349692
1242.337828349725
3097.1378283497424
-134.66217165028442
-154.662171650267
-427.0621716502621
382.7378283497388
1345.137828349733
4.537828349732786
1682.737828349735
-115.86217165026697
81.93782834972917
117.73782834972721
853.3378283497441
-418.46217165027724
-621.0621716502725
-360.8621716502782
-27.66217165026747
1998.337828349739
-734.2621716502598
-1102.2621716502804
-1320.0621716502758
-532.0621716502658
267.7378283497304
1295.537828349721
498.5378283497563
-74.26217165027117
573.3378283497347
-1938.4621716502857
523.7378283497433
744.3378283497401
633.1378283497384
1599.5378283497305
82.7378283497376
2201.737828349699
1665.9378283497572
144.3378283497061
1815.9378283497356
77.73782834973707
-793.2621716502671
1061.9378283496892
2430.5378283496616
1107.9378283497153
125.53782834973681
1003.1378283497281
-763.4621716502514
999.7378283497407
1660.9378283496915
-818.8621716502898
40.93782834974159
2424.7378283497405
-154.06217165026862
-584.8621716502681
162.73782834974264
-971.4621716502647
-895.2621716502445
1027.5378283497234
-1432.0621716503106
-31.062171650266308
25.337828349726635
459.13782834973296
431.9378283497346
186.73782834973136
1206.7378283496882
3234.7378283496873
2740.137828349851
433.3378283497368
1638.9378283497103
817.3378283497084
-1037.6621716502884
-1158.2621716502908
-461.46217165026786
-435.46217165026684
-1356.4621716502688
1189.7378283497446
340.5378283497359
-856.4621716502746
-719.6621716502694
-1225.0621716502947
-863.8621716502802
-1807.2621716502892
-679.8621716502657
-468.06217165027584
-2216.662171650302
-2731.4621716502393
-1436.6621716502648
162.73782834973272
-550.6621716502725
-266.46217165026803
-1134.862171650287
-365.462171650273
1327.7378283497194
947.5378283497425
-840.0621716502569
1052.1378283497736
1734.1378283497118
3901.9378283496867
2641.7378283497123
2536.9378283497904
89.1378283497311
3058.137828349714
936.5378283497944
-2059.462171650228
-308.6621716502704
-647.6621716502649
-940.262171650277
-1744.4621716502338
-760.0621716502327
-8.062171650268287
-189.66217165027533
1090.737828349734
-1024.862171650263
-106.0621716502738
358.93782834976093
-1554.4621716502618
-1134.2621716502874
-1980.6621716502711
-1784.862171650269
2036.1378283497493
-563.462171650274
-1167.6621716502777
246.93782834973825
-36.062171650269704
825.3378283497448
1157.3378283497134
320.737828349719
1269.5378283497503
1715.937828349757
3691.537828349654
3190.3378283497877
3458.137828349705
702.3378283497351
639.7378283497417
648.1378283497553
1841.5378283497464
-469.0621716502634
-2067.862171650255
-157.86217165026437
-1449.4621716502659
-1196.8621716502798
1507.7378283497123
725.7378283497312
-211.6621716502717
406.5378283497346
-3112.8621716502453
-996.2621716502737
-1408.2621716502756
-49.86217165026366
-658.662171650258
-924.8621716502792
1216.3378283497377
-429.8621716502901
-718.8621716502792
-1798.062171650275
1109.3378283497414
-461.862171650265
-1196.062171650261
1048.737828349744
738.5378283497133
3104.1378283497315
4604.937828349755
3639.137828349648
1868.1378283496445
1862.537828349703
1803.1378283497113
1142.537828349745
1084.9378283497324
-551.662171650277
626.1378283497455
-65.86217165028108
-2612.462171650309
-2079.662171650283
-2487.662171650237
-1912.262171650218
-2030.8621716502005
-38.062171650275246
-2566.662171650285
-1350.8621716502732
42.53782834973351
-590.4621716502744
-49.662171650260575
-1400.8621716502887
-1350.6621716502802
-421.4621716502499
490.73782834973093
-1402.4621716502518
826.3378283497275
3068.737828349708
-750.6621716502762
515.9378283497431
778.7378283497316
3652.337828349654
3036.7378283496437
1550.337828349722
1917.3378283497166
918.1378283497148
3204.3378283497564
1677.937828349749
1302.9378283497683
2165.137828349707
2112.937828349807
1686.337828349757
-2190.4621716502347
159.33782834972766
-1742.8621716503035
-1923.4621716502459
-1599.462171650255
942.5378283497298
1611.9378283497372
-1774.6621716502625
168.93782834972725
-1031.0621716502603
189.53782834973595
-2313.0621716502333
-2048.4621716502106
-455.0621716502611
-1772.462171650254
726.1378283497439
-1946.8621716502987
975.7378283497401
-508.0621716502767
1708.737828349705
2677.1378283497434
3078.9378283496026
2152.3378283497523
298.3378283497319
2347.337828349761
3219.3378283497964
1723.5378283497512
1787.7378283497503
1584.5378283497325
1382.3378283497204
-599.6621716502591
1722.7378283497085
-1009.66217165027
-1159.4621716503034
-1968.0621716502528
-407.862171650273
23.73782834972964
554.1378283497403
1081.537828349749
-17.26217165026602
1107.5378283497505
-2118.6621716502978
-483.6621716502704
-537.2621716502747
-353.8621716502676
-2740.8621716502594
-1500.8621716502907
-436.6621716502691
849.5378283497305
-1191.262171650265
169.93782834975164
1972.9378283498143
2748.5378283496925
1813.5378283497068
2126.9378283497535
-834.2621716502755
313.5378283497275
1696.3378283497138
1989.937828349762
2879.3378283497254
1262.7378283497173
-242.26217165024758
-1405.0621716502685
2353.937828349783
-153.06217165027124
74.53782834971926
-1937.462171650268
-220.86217165026702
197.537828349734
447.93782834973274
-239.26217165027185
1903.937828349747
-203.6621716502711
-1235.0621716502521
1616.9378283497613
443.73782834973
1213.937828349729
-262.4621716502781
-259.8621716502569
-1368.062171650214
951.7378283497205
789.1378283497088
647.3378283497378
-246.66217165027263
1803.7378283497587
1068.7378283497228
2763.5378283498235
1516.7378283497578
1988.3378283497982
905.3378283496927
2730.3378283497004
1860.7378283497121
1680.1378283497372
169.73782834973562
122.53782834973013
-134.8621716502691
653.7378283497495
436.3378283497328
-528.4621716502611
-787.0621716502801
132.73782834973028
-830.0621716502644
38.937828349727226
3019.7378283497314
848.9378283497381
519.1378283497273
392.73782834973366
26.93782834974026
688.3378283497293
-1191.2621716502567
-1278.8621716503233
78.13782834972619
-184.26217165026335
-911.0621716502708
-2884.4621716502866
-2249.4621716502334
1159.537828349771
1075.9378283497217
2033.5378283498126
758.7378283497652
2549.537828349781
1227.5378283497005
1734.737828349731
247.33782834974346
-1093.0621716502749
1065.1378283497504
72.93782834973342
1439.1378283497666
2180.737828349756
-792.8621716502798
786.5378283497363
-571.8621716502706
235.737828349733
-769.2621716502662
-1098.26217165026
579.9378283497548
-414.0621716502692
293.1378283497491
-570.4621716502685
-585.2621716502493
-525.0621716502703
-1908.6621716503048
1384.5378283497485
-233.66217165026882
192.13782834973134
-378.26217165026674
70.73782834973078
748.1378283497324
-2758.662171650248
-284.2621716502715
699.7378283497525
33.73782834972782
-948.0621716502787
1071.137828349751
-101.86217165026657
140.13782834973028
-284.8621716502698
1204.5378283497487
-2491.4621716502306
419.13782834973273
-612.6621716502431
100.3378283497376
841.9378283497336
1620.5378283497307
122.13782834973252
40.13782834972944
-1532.6621716502707
1369.7378283497264
1258.9378283497208
-663.862171650266
-434.6621716502682
1919.3378283497586
665.9378283497348
296.5378283497387
1383.137828349746
1133.7378283497321
972.5378283497217
1990.5378283497012
-1412.6621716502566
-430.8621716502648
-1624.6621716503053
-1249.6621716502557
-231.8621716502608
1187.5378283497391
1071.9378283497097
-425.26217165026935
-1855.6621716502625
-992.8621716502822
-1341.662171650257
278.5378283497509
-514.2621716502783
-1079.2621716502847
-1525.4621716502572
424.7378283497252
-422.2621716502762
-1535.6621716502746
-1892.0621716501862
-390.46217165027736
-2395.662171650284
2095.937828349761
-886.2621716502687
-7.062171650267118
1549.537828349705
-1157.6621716502552
476.3378283497386
-301.8621716502628
-1188.0621716502842
-964.8621716502732
-578.86217165029
-838.0621716502889
-1058.262171650265
-135.86217165026392
277.7378283497403
-652.4621716502614
161.73782834971843
751.7378283497357
-1205.0621716502894
-1787.2621716503184
-2418.0621716502624
-608.6621716502436
-79.2621716502658
-1199.6621716502848
-40.06217165026611
37.13782834972861
659.1378283497487
-1474.062171650286
-13.262171650264175
-597.8621716502716
-391.06217165026646
149.93782834973874
-144.26217165026958
-1026.6621716502561
-1513.0621716502587
1105.9378283497044
742.9378283497026
-2060.062171650254
-954.6621716502599
-197.8621716502608
1734.9378283497185
26.137828349731443
-1068.8621716502528
-1070.4621716502531
-165.4621716502748
-778.0621716502718
-702.6621716502581
-543.0621716502603
315.53782834972543
-947.2621716502614
-279.462171650264
759.9378283497151
-398.06217165026067
-238.2621716502626
1318.7378283497153
-419.26217165026407
-120.8621716502711
-196.66217165026353
751.7378283497227
-738.0621716502817
1103.3378283497138
-435.86217165026704
-706.0621716502613
-12.062171650264574
797.1378283496907
722.9378283497441
-973.4621716502774
-1573.0621716502626
-2144.6621716502477
-112.86217165027278
1864.1378283497645
-635.8621716502713
-674.2621716502733
-427.86217165027017
358.5378283497244
770.5378283497248
-512.0621716502674
-1860.8621716502696
-415.26217165026316
-1386.062171650292
195.33782834973346
-980.6621716502436
-382.86217165026227
-604.2621716502625
-817.2621716502783
-1320.8621716502496
136.73782834973684
-850.2621716502831
688.5378283497287
-186.86217165026474
-53.06217165026778
-103.26217165027413
98.53782834973069
-492.662171650264
-1693.0621716502505
-57.062171650267985
-1468.4621716502847
226.33782834973945
-1408.6621716502614
-2565.0621716502988
322.33782834973834
1630.3378283497552
31.937828349733717
-756.6621716502627
219.93782834972907
-424.0621716502588
-1078.4621716502713
-838.462171650266
-755.8621716502608
-1142.8621716502998
-891.662171650297
-164.86217165026028
376.5378283497453
-1642.8621716503408
55.937828349738986
-755.0621716502612
-784.2621716502778
-1123.6621716502382
909.9378283497306
-742.2621716502763
-1620.462171650257
-6.062171650271525
-471.86217165027136
-26.86217165026997
413.93782834973734
-8.66217165025421
605.337828349733
1651.7378283497278
2818.137828349723
683.7378283497188
1481.7378283497487
-243.66217165026933
1362.9378283497188
1350.7378283498067
-310.86217165026727
-367.4621716502722
821.53782834971
324.13782834973154
-1685.8621716502612
-1404.2621716502867
-1954.6621716502978
-1977.6621716502827
-1284.262171650237
104.53782834973117
415.13782834973006
-1527.0621716502812
-1243.4621716502731
-1245.4621716503048
-1384.4621716503068
-150.26217165027413
-290.26217165029067
-216.4621716502745
1187.7378283497208
-671.0621716502891
1199.3378283497032
-289.4621716502646
-98.66217165026173
470.3378283497375
-770.662171650259
-462.06217165026897
2021.737828349757
-216.8621716502677
1207.5378283497319
314.9378283497378
-16.06217165026388
1357.9378283497572
2616.5378283497444
530.7378283497166
1661.53782834973
-736.6621716502747
-2600.8621716502607
-1275.8621716502735
-2666.0621716502637
-445.0621716502679
-1568.262171650289
-2957.662171650358
-2324.4621716503057
310.53782834973106
-889.0621716502749
-671.4621716502404
765.7378283497249
780.1378283497177
-357.2621716502658
361.73782834973247
606.737828349731
-1474.4621716502252
12.537828349726793
578.3378283497004
-104.86217165025965
-731.6621716502649
1443.7378283497337
-1412.8621716502878
-47.2621716502689
-1142.2621716502108
368.73782834973986
-451.06217165026084
1737.5378283497225
1973.337828349715
1759.7378283497842
1258.5378283497498
165.13782834973236
-327.86217165027426
-428.262171650278
-738.2621716502588
-2340.8621716502944
-820.0621716502615
387.93782834974166
1144.3378283497377
-1528.0621716502358
348.73782834973974
493.73782834973196
-941.2621716502617
-1466.0621716502674
1477.9378283497458
1496.3378283497166
-898.8621716502881
-439.86217165024135
-377.8621716502801
1803.3378283497652
1063.7378283497603
-1158.8621716502855
-328.062171650271
1085.7378283497376
1558.3378283497245
877.9378283497446
-143.66217165027524
-213.2621716502717
-1513.4621716502604
576.337828349726
-437.66217165026694
91.33782834973532
722.9378283497359
-362.06217165027584
1146.3378283497534
-824.4621716502659
34.53782834972706
-149.6621716502668
-1147.0621716502642
-1116.4621716503311
-34.06217165026675
629.7378283497292
-876.4621716502969
-699.6621716502681
1161.9378283497351
-1495.2621716502517
-2249.662171650284
757.3378283497265
-1361.862171650206
-285.4621716502596
-280.06217165026555
457.9378283497179
-744.0621716502664
-1523.4621716502625
-460.66217165026643
860.7378283497256
613.3378283497308
1390.137828349747
1440.137828349726
-1069.2621716502865
196.53782834973092
147.13782834972244
272.53782834973873
-5.662171650266197
-918.2621716502983
-733.4621716502737
727.7378283497392
-904.8621716502638
-551.8621716502693
-1608.662171650272
-585.8621716502711
-306.4621716502874
-544.8621716502677
932.3378283497474
305.13782834974114
-1739.8621716502587
962.537828349723
1170.1378283497534
-711.8621716502693
-1448.8621716502444
1197.3378283497273
734.7378283497436
-937.8621716502739
-917.4621716502498
394.1378283497339
-998.662171650277
-2956.462171650243
234.53782834973384
1112.1378283497045
63.537828349741986
1798.537828349714
-3562.4621716502743
-2018.0621716503101
-1658.262171650302
-897.2621716502578
-2796.4621716502816
-763.0621716502395
-2499.662171650201
-2369.46217165029
2167.337828349744
1596.5378283497466
1232.9378283497535
964.1378283497362
-59.662171650270935
-402.26217165027373
-851.262171650254
-1665.0621716502892
-1853.4621716503086
-1650.2621716503072
1108.937828349735
802.9378283497233
-311.2621716502769
-1248.4621716503132
-1485.8621716502423
-465.46217165028855
-960.0621716503163
-571.2621716502603
-1104.6621716502475
218.93782834972436
-1793.6621716502625
-2152.6621716502245
-1645.862171650258
-4049.662171650216
-2051.2621716502963
-2210.262171650259
-331.2621716502663
-1612.4621716502088
-1145.262171650287
-871.6621716502754
-1138.8621716502832
-2935.862171650297
-546.2621716502587
1762.5378283497494
2570.737828349764
989.1378283496981
1722.1378283497158
1495.137828349737
-435.2621716502678
-1290.262171650288
-145.06217165026948
457.737828349757
2087.937828349757
1484.337828349747
1952.137828349686
-806.6621716502565
-346.4621716502731
-276.46217165027207
-2959.0621716503124
-29.262171650272602
-350.6621716502854
561.5378283497328
300.13782834973136
-233.8621716502808
-987.2621716502504
-2023.662171650254
-288.06217165024896
-1389.8621716503246
-171.06217165026115
-940.0621716502726
0.5378283497205523
390.13782834972767
-1073.062171650288
-842.8621716502423
53.33782834973317
-158.46217165027113
1985.3378283497775
-289.4621716502744
568.7378283497326
2064.1378283496997
-1123.6621716502639
-468.2621716502817
408.7378283497292
684.7378283497208
2025.1378283497668
-673.6621716502683
417.3378283497369
-1719.6621716502157
-789.662171650253
2032.9378283497565
-487.0621716502695
1173.7378283497305
-84.86217165026189
1122.1378283497347
1254.9378283497208
1609.33782834976
-851.0621716502922
-814.6621716502644
539.7378283497368
-1057.4621716502743
-2209.6621716502327
-715.6621716502725
693.9378283497413
1607.5378283496934
-2688.2621716502294
-2728.6621716501572
-2155.662171650302
-1205.6621716503046
1339.137828349694
161.5378283497341
-1339.0621716502485
362.53782834973913
-1266.4621716502584
407.53782834976244
1714.9378283497056
435.9378283497252
-251.862171650272
-14.862171650277359
-774.8621716502569
-1758.2621716502076
-2323.862171650267
342.73782834972786
-151.06217165027292
-354.66217165026404
233.13782834973983
35.33782834974126
-1004.2621716502898
754.9378283497308
-1907.6621716502673
-1421.2621716502829
477.53782834972947
396.13782834973193
-774.2621716502599
239.9378283497329
1416.7378283497267
435.3378283497391
-1259.26217165025
-231.46217165025286
-1297.66217165027
-1872.8621716502992
1103.5378283497234
2076.7378283497314
-296.0621716502674
2135.9378283497463
1216.937828349715
1555.5378283497482
1947.5378283497225
-197.0621716502643
-814.0621716502636
-942.8621716502709
-102.86217165025954
-274.4621716502666
-1447.4621716503125
832.3378283497366
-1202.86217165029
-173.46217165026604
1591.7378283497644
1760.9378283497572
-2748.662171650232
-1020.4621716502627
-84.86217165026412
-185.46217165026883
107.93782834973084
6.9378283497322855
1809.5378283497253
1425.5378283496698
25.737828349733995
216.13782834973
-1722.2621716502586
6.5378283497374206
-2628.062171650287
-1319.662171650305
492.33782834973454
-1519.4621716502786
-888.6621716502251
-139.66217165027243
-1437.0621716502917
-1150.2621716502865
-2131.06217165032
371.7378283497286
-65.46217165027599
-1966.2621716502426
-268.4621716502627
-135.66217165026148
-135.66217165026674
2504.337828349754
462.73782834973326
-1214.4621716502745
-85.46217165026373
371.7378283497519
-1082.2621716502879
-1806.8621716502932
-1885.662171650286
-2212.4621716502656
270.9378283497364
-181.06217165026547
1272.337828349734
1955.7378283496998
1284.1378283497454
-554.0621716502642
-414.06217165027397
185.1378283497328
-1491.862171650297
618.537828349722
-1115.2621716502506
-1148.2621716502645
598.7378283497154
465.1378283497345
-1379.862171650268
306.9378283497333
-1440.8621716502228
-1973.062171650184
-2045.2621716502495
-195.66217165026967
2318.9378283497317
1483.937828349731
-1749.2621716502617
2332.7378283496882
948.337828349742
-902.2621716502601
-879.0621716502604
-289.86217165027097
565.7378283497203
-1133.8621716502605
-2060.062171650192
-351.4621716502653
786.5378283497245
-1262.2621716502533
-1478.4621716502697
2064.337828349697
1401.7378283497776
540.7378283497218
1458.7378283496907
1118.9378283497474
-496.0621716502706
1238.5378283497128
-165.06217165027567
-2345.262171650278
-744.2621716502587
622.1378283497378
138.9378283497301
-1046.6621716502445
-1611.0621716503213
-413.66217165023306
-1879.2621716502576
67.13782834971803
-352.6621716502506
52.337828349731126
998.3378283497262
1227.9378283497301
488.13782834973915
-248.4621716502687
991.9378283497273
-1137.8621716502814
-659.4621716502634
1339.737828349725
459.5378283497252
69.13782834973125
170.93782834973783
-1176.2621716502904
-3434.462171650222
-2089.0621716502696
1851.3378283497018
319.13782834973654
1004.1378283497177
173.33782834973042
-1725.2621716502542
-81.06217165026375
-2554.2621716502963
-2679.06217165024
-231.46217165026687
-367.66217165025876
-454.862171650227
-2330.8621716503144
-3246.0621716501773
-573.862171650244
365.13782834973375
-420.86217165026585
-2201.0621716502724
-2033.8621716502391
303.1378283497266
-3941.062171650208
-932.0621716502668
-208.46217165026658
-51.46217165027043
-1026.4621716502563
-112.06217165026091
-8.062171650270407
-319.26217165026895
89.53782834972915
-175.66217165029136
-450.06217165026897
-2621.0621716502064
-2239.262171650299
1654.9378283497197
-483.8621716502618
-439.262171650284
776.7378283497441
1683.7378283496732
645.9378283497324
-1495.6621716503203
-1728.8621716502207
26.337828349736608
1243.737828349761
-1579.2621716502767
-1274.8621716502237
-285.26217165026304
-1329.262171650206
1350.9378283497358
-904.2621716502423
-1905.4621716502575
-1159.4621716502688
-1791.2621716501408
-2417.862171650267
-680.2621716502769
-445.8621716502595
-1483.6621716502702
-940.8621716502721
95.53782834972526
87.93782834972225
751.3378283497335
289.7378283497262
39.33782834972939
-140.86217165027296
137.73782834973946
122.73782834973615
701.1378283497224
-728.4621716502646
-271.6621716502657
-324.06217165026334
381.53782834973936
-89.46217165026825
322.1378283497183
-172.86217165023976
-275.26217165028635
1555.9378283497545
-1864.0621716502685
-2699.662171650316
-357.46217165027804
-2492.462171650263
-2052.662171650245
-1479.2621716502258
-1289.6621716502664
200.33782834972658
-1294.0621716503392
-257.6621716502681
-1548.0621716502883
-1779.6621716502873
-1114.0621716502674
548.7378283497299
146.33782834972058
-187.86217165026886
1210.5378283497578
942.7378283497003
3334.537828349642
622.1378283497361
-168.86217165026423
-650.8621716502727
-91.46217165025777
853.33782834974
136.1378283497287
-697.6621716502711
-769.662171650272
-285.8621716502781
-2266.0621716502255
267.93782834971717
-1479.0621716502226
-1708.4621716502238
-2514.462171650296
-4445.262171650251
-1359.862171650356
-1508.262171650254
-1727.6621716502727
1434.537828349721
-742.4621716502712
-1990.4621716503011
-1178.462171650273
168.53782834973015
-273.2621716502676
-1000.2621716502578
351.1378283497279
-1076.8621716502666
1531.9378283496997
2063.137828349732
741.7378283497455
1847.7378283497285
3191.7378283497796
758.9378283497413
273.73782834973696
608.3378283497063
-592.06217165028
-676.0621716502703
-431.0621716502728
-1926.2621716502629
-178.46217165027429
-570.8621716502674
-170.26217165025892
-18.46217165028618
-1009.8621716502776
-2739.2621716502767
-2702.062171650237
-1660.662171650267
-2069.8621716502907
-1820.6621716502339
-527.462171650303
-793.8621716502417
-1640.2621716502554
-1383.0621716503144
-657.8621716502678
-885.862171650272
1580.1378283497588
785.7378283497269
-265.2621716502741
466.53782834976147
-89.06217165025262
-411.4621716502645
-197.0621716502642
2225.337828349733
426.7378283497297
-847.2621716502803
-229.26217165027253
-917.6621716502742
297.93782834973325
-475.46217165026786
-1186.2621716502779
-1040.662171650268
-760.6621716502682
530.9378283497276
994.1378283497387
-507.862171650289
469.73782834973713
-2793.862171650317
-2602.6621716503155
-1346.6621716502837
-449.6621716502517
-3298.2621716502663
976.9378283497523
338.9378283497342
-801.2621716502589
556.3378283497296
-17.46217165027346
198.93782834973558
-474.6621716502617
-62.26217165027344
1285.5378283497914
1083.3378283497045
1938.1378283497456
45.537828349737794
1827.737828349712
2129.5378283497025
441.537828349728
1252.93782834971
1170.537828349722
-1405.0621716502792
2486.9378283497713
1004.9378283497114
-849.2621716502949
250.9378283497325
-1095.4621716502743
-1637.6621716502973
180.3378283497282
-425.86217165028535
-376.86217165026864
-2800.0621716503238
-3009.662171650367
-2282.8621716502735
-96.86217165027693
-2423.662171650223
-1988.8621716502705
-1013.2621716502789
2524.537828349707
-349.66217165028456
-2049.262171650247
378.9378283497275
-4.462171650266381
104.1378283497396
3488.7378283497874
2381.937828349705
838.5378283497441
2118.1378283496288
-546.0621716502649
672.537828349734
714.9378283497615
3092.737828349722
2766.7378283497424
-799.0621716502682
1117.7378283497576
522.537828349731
95.93782834973177
-1021.8621716503018
-197.66217165027047
-3505.862171650333
-1829.662171650289
-353.26217165027776
-2487.462171650268
-1211.062171650288
-2279.8621716502653
-2058.462171650318
-1432.062171650191
-394.0621716502695
-641.462171650276
-2494.2621716503
-944.2621716502423
-2493.462171650285
-1512.0621716502806
317.93782834972205
-148.06217165026487
1742.3378283497111
1391.1378283497402
733.1378283497244
-524.4621716502697
679.5378283497315
-61.86217165027417
636.137828349737
2086.3378283497345
1857.1378283498148
3251.137828349766
974.9378283497467
428.33782834973664
275.7378283497453
1578.3378283497711
-766.8621716502506
-326.4621716502771
1541.5378283497084
-321.8621716502743
687.3378283497287
-2377.262171650281
-232.26217165027398
-1955.8621716502882
-1866.6621716502734
-934.46217165029
-1556.8621716503283
123.33782834973425
-2614.062171650245
-1788.2621716502424
-162.86217165026642
-1611.2621716502629
713.5378283497137
-888.2621716502589
1744.7378283497324
1137.337828349713
42.73782834972749
-1522.262171650273
-924.8621716502616
1240.937828349643
-757.8621716502633
1698.5378283496552
-642.462171650267
726.7378283497621
770.1378283497233
1900.337828349735
2314.7378283497396
604.1378283497321
1814.5378283497141
-1978.6621716502618
629.9378283497351
-2002.4621716502597
193.33782834973692
-287.86217165027335
-764.8621716502606
-1958.0621716502972
-39.26217165027511
1311.1378283497265
494.33782834973874
-226.6621716502658
-151.66217165027086
-905.0621716502642
243.93782834973737
-1439.0621716502833
718.5378283497357
-1243.0621716502867
960.7378283497469
1176.5378283497066
1316.3378283496677
-515.4621716502668
-852.2621716502649
442.137828349738
-538.4621716502705
2511.3378283497495
-1907.0621716502435
-2125.062171650285
-851.0621716502636
1657.7378283497242
-162.86217165026633
322.3378283497334
100.33782834973539
1125.1378283497193
-1698.6621716502614
-1822.6621716502716
-324.6621716502616
-693.2621716502712
-2534.062171650276
-2327.862171650268
-1879.262171650317
-1031.4621716502618
-1836.2621716502292
-1013.6621716502851
37.33782834972857
-944.062171650294
-1723.062171650263
-1753.8621716502905
2059.537828349722
-393.0621716502679
1729.5378283497873
179.53782834972623
604.1378283497141
-733.4621716502664
-361.0621716502691
-921.0621716502775
463.3378283497309
372.93782834973723
-782.8621716502794
483.53782834973214
-2121.062171650289
325.93782834973774
1253.537828349737
1001.7378283497293
-1458.462171650273
1665.537828349724
1582.137828349765
1166.1378283497138
-1327.8621716503094
-1369.4621716502559
-2339.4621716502343
-1390.8621716502812
-1110.262171650263
496.93782834972876
-2102.6621716502827
-1300.8621716502907
-1308.8621716502396
222.93782834973604
-595.4621716502741
429.7378283497321
-530.8621716502679
-140.66217165027442
212.33782834973744
-418.262171650259
-448.0621716502698
-385.0621716502641
-1650.2621716502965
-1040.4621716502588
815.1378283497239
1282.1378283496929
1345.1378283497295
-212.46217165025905
-1727.6621716502893
491.73782834972474
-48.66217165027243
-497.6621716502734
706.7378283497317
358.537828349728
-114.66217165026367
-1855.4621716502288
-1740.662171650236
864.9378283496984
220.7378283497322
633.1378283497357
-562.6621716502618
359.13782834973193
-371.2621716502532
-173.86217165026315
-1681.262171650271
-1951.6621716502816
1180.937828349711
836.9378283497415
989.1378283497475
746.1378283497247
-1332.262171650266
1038.9378283497358
271.5378283497334
80.93782834973996
-670.4621716502704
-1114.8621716502957
-1131.8621716502726
-50.862171650270255
1725.1378283497556
684.7378283497211
-386.6621716502722
-167.46217165026502
-1397.4621716502625
1540.5378283497287
-1128.262171650288
-761.4621716502661
-473.4621716502714
29.93782834973082
1750.5378283497205
-1857.8621716503064
-483.46217165027366
499.1378283497291
-263.2621716502653
-1508.062171650291
1675.3378283497348
613.1378283497407
35.93782834973091
248.33782834972655
2035.737828349726
-1939.6621716502975
115.53782834973327
-1760.6621716503173
-263.66217165025586
785.1378283497335
1799.3378283497102
682.5378283497295
832.137828349761
-463.46217165025774
723.7378283497507
-93.86217165027574
-469.26217165027197
330.53782834973543
1959.337828349713
620.3378283497269
184.5378283497349
-19.862171650266227
-1337.8621716502432
-653.0621716502662
440.937828349747
-2194.6621716502777
435.93782834973376
-1127.8621716502882
-1359.4621716502386
-898.2621716502543
940.7378283497239
924.5378283497153
326.5378283497235
-370.8621716502378
-510.86217165026784
-697.6621716502711
1640.93782834974
-282.2621716502723
-840.0621716502661
-1101.0621716503126
855.5378283497081
-461.4621716502672
-1907.6621716502593
-1425.4621716502772
284.33782834972067
-1429.6621716502966
2313.737828349766
-1691.6621716502618
-99.86217165026162
957.3378283497112
-660.2621716502887
1660.3378283497
1078.5378283496962
-845.8621716502437
-853.4621716503076
16.93782834973542
-1287.4621716502988
-914.8621716502952
1260.9378283497329
1622.9378283497167
-938.6621716502813
-708.6621716502619
508.33782834973334
-1136.4621716502825
-1778.4621716503186
-1757.8621716502237
-1301.862171650303
-557.2621716502551
132.33782834973323
578.1378283497335
848.337828349722
1961.337828349704
-288.4621716502676
740.5378283497048
-39.66217165026692
988.7378283497413
689.3378283497284
92.33782834973135
-1511.2621716503065
-2246.0621716502515
151.73782834972673
-294.46217165026707
-2268.8621716502457
-435.2621716502645
1024.9378283496774
2177.1378283497306
919.937828349736
181.33782834974338
165.53782834973688
922.3378283497082
305.9378283497288
558.737828349748
-280.06217165027095
-9.462171650268008
-1564.662171650252
-909.6621716502875
445.93782834972563
672.1378283497236
-569.8621716502777
109.53782834973623
-253.06217165026288
116.53782834974236
499.1378283497403
1597.537828349728
-349.4621716502539
1140.337828349766
-74.66217165026464
438.7378283497325
683.3378283497595
854.9378283497551
-545.4621716502686
-296.0621716502606
-1929.4621716502672
-3039.2621716502936
-163.86217165026372
2633.537828349788
804.5378283497719
-326.2621716502688
250.33782834973252
1952.9378283496865
2120.937828349739
424.33782834974284
-277.26217165026634
1009.3378283497316
-938.2621716502742
-552.8621716502156
-1827.8621716502153
-1492.8621716502805
-1075.462171650256
6.537828349736579
-1255.2621716502692
-1012.8621716502856
-1454.062171650253
499.73782834974315
-555.4621716502746
-527.2621716502717
236.137828349736
248.73782834973514
263.3378283497418
-1083.2621716502572
238.7378283497352
-1096.4621716502863
-474.4621716502802
462.9378283497199
-1888.862171650258
198.33782834973474
2592.737828349744
524.7378283497371
-784.8621716502714
-50.66217165026655
-25.262171650274993
-386.4621716502713
-205.66217165026842
235.13782834973136
1067.7378283497078
145.73782834973713
347.937828349751
636.3378283497306
-539.6621716502658
121.33782834971375
-247.46217165026908
-339.4621716502885
-2085.862171650244
257.33782834972953
300.73782834972815
236.13782834973523
301.93782834974724
-820.0621716502836
-958.6621716502357
-424.4621716502717
1302.1378283497545
1322.137828349728
1442.9378283497415
2609.337828349732
652.5378283497297
2535.9378283497495
176.53782834972623
100.73782834973957
590.3378283497474
-1096.6621716502689
-1392.0621716502944
-146.6621716502819
-8.262171650265806
-482.46217165026934
765.9378283497429
-11.062171650267288
-324.2621716502743
56.33782834973312
930.3378283496884
1413.1378283497374
465.937828349751
423.1378283497313
500.53782834975453
-379.0621716502582
-798.662171650261
257.13782834972955
1819.5378283497323
3210.1378283496583
-462.06217165028596
624.9378283497265
-1034.4621716502588
-694.0621716502709
1335.7378283496985
-59.66217165026761
-809.46217165028
1689.5378283496716
-14.262171650261841
1033.1378283497322
292.93782834972484
-1742.0621716502658
-2104.062171650232
-156.86217165026076
-1504.462171650282
-12.662171650270613
-379.062171650267
-503.4621716502688
1381.3378283497323
-617.8621716502726
150.93782834973405
-654.2621716502887
-1398.4621716502759
-1394.662171650287
1167.5378283497198
-13.462171650264906
1187.937828349733
1541.3378283497439
667.1378283497122
143.337828349734
1007.7378283497383
1568.5378283497366
-1453.262171650257
-199.06217165028127
1040.1378283497063
697.337828349731
151.3378283497301
1343.3378283497377
-1392.862171650256
-149.86217165026892
-2207.662171650231
-1336.6621716502489
-750.2621716502293
1530.3378283497245
204.33782834973653
-20.262171650266694
682.9378283497409
-1031.0621716502683
-74.2621716502614
2334.1378283497434
1899.7378283497155
-1044.46217165027
108.9378283497305
1782.937828349717
1905.737828349741
-710.662171650257
1156.737828349742
-79.86217165026383
-790.4621716502637
-1889.6621716502914
812.1378283497114
1193.937828349723
-2036.6621716502793
-760.462171650286
-684.8621716502469
921.7378283497275
1116.1378283497493
-229.06217165026789
-476.86217165026915
-468.46217165026206
229.73782834973872
472.7378283497337
-2014.6621716501672
-1151.062171650281
-1101.662171650263
703.5378283497474
-415.4621716502521
829.137828349731
2172.1378283497033
-942.6621716502709
1079.7378283497299
2206.737828349743
2209.737828349712
1090.5378283497125
-1068.262171650264
-807.0621716502679
175.1378283497304
1128.9378283496899
-347.0621716502652
-1908.2621716502708
630.7378283497626
-1851.8621716502546
-2817.662171650273
-405.46217165025485
-2476.0621716502533
61.73782834974028
-86.46217165025818
-1081.8621716502737
-737.862171650269
-235.66217165026106
-72.06217165026999
-386.8621716502667
-1998.2621716503047
-126.86217165026534
-125.46217165027184
-1464.2621716502651
429.1378283497236
-477.06217165025987
-51.862171650267335
1369.537828349754
848.3378283497404
-1180.6621716502834
903.5378283497577
2153.7378283497023
1344.9378283497424
-547.4621716502703
-629.0621716502676
-563.2621716502731
-267.66217165026535
1891.3378283497098
1623.9378283497276
-444.6621716502721
3333.3378283496922
2256.537828349794
-72.66217165026768
-890.8621716502591
1530.5378283497557
2140.537828349762
279.13782834973944
-859.4621716502755
1498.9378283497342
584.5378283497348
-2563.4621716503184
-1409.262171650258
-1382.46217165025
-1477.8621716502632
837.5378283497365
