53.337828349733805
1101.1378283497402
1806.137828349756
1311.537828349733
1287.5378283497437
-666.6621716502814
596.5378283497337
-59.66217165026772
508.5378283497369
2625.3378283497636
157.33782834973044
-723.4621716502886
-945.4621716502502
-1504.6621716502634
-569.2621716502723
-713.2621716502673
-557.8621716502638
-557.2621716502754
-1916.8621716502598
-508.2621716502701
159.13782834973088
-709.0621716502761
-1395.6621716502627
-1321.462171650266
295.1378283497295
-271.06217165027454
993.5378283497355
1412.1378283497393
1154.7378283497571
53.33782834974217
-618.462171650272
408.7378283497325
-9.462171650261975
569.5378283497249
234.93782834972575
665.9378283497387
-1234.6621716502627
-417.2621716502707
63.13782834973922
532.737828349732
-528.8621716502577
722.3378283497395
603.1378283497546
611.9378283497342
-1205.0621716502708
-894.8621716502654
1030.3378283497452
267.5378283497428
460.9378283497432
948.1378283497213
-154.66217165026836
-47.06217165026712
-208.06217165026507
1236.5378283497278
-504.46217165026616
77.93782834972609
437.53782834973214
-1536.2621716502808
1163.3378283497236
252.93782834972882
464.1378283497445
853.3378283497441
386.1378283497418
93.13782834973426
134.53782834972154
1064.73782834972
-633.6621716502642
-112.06217165026288
-1494.8621716502375
-289.2621716502724
521.937828349727
304.1378283497394
1286.337828349721
1138.9378283497051
-15.062171650270926
1792.1378283497495
-1014.0621716502557
-1324.2621716502533
1507.1378283497625
259.3378283497159
23.53782834973812
19.337828349733954
-308.46217165026974
-358.26217165027714
-2626.8621716502757
644.3378283497378
679.137828349727
703.5378283497466
2111.5378283497353
123.53782834973481
873.7378283497435
-1496.2621716502972
-483.86217165027335
889.7378283497437
1105.537828349723
-942.4621716502693
-166.2621716502673
644.1378283497389
-898.2621716502704
-1596.8621716502712
-768.6621716502597
-203.6621716502679
818.5378283497337
-1380.8621716502653
-259.66217165026654
-187.0621716502705
-973.8621716502721
1667.9378283497233
1111.3378283497352
-1209.8621716502676
301.5378283497328
-15.662171650268704
-45.46217165026653
-396.2621716502725
-1224.4621716502359
-1586.2621716502786
-574.8621716502713
615.3378283497204
680.7378283497326
-908.662171650275
-368.46217165027167
-1234.4621716502868
-1215.6621716502536
-1578.6621716502716
-1472.4621716502802
-791.6621716502891
843.7378283497354
-1061.8621716502719
-351.86217165027176
881.3378283497019
956.1378283497373
-275.0621716502664
-227.66217165027206
-170.86217165026818
-489.06217165026476
-249.2621716502557
1486.3378283497195
244.93782834972893
-1772.4621716501981
460.73782834972724
1787.5378283497155
-332.46217165027326
1054.7378283497378
30.537828349728997
-573.8621716502718
-1064.2621716502726
-1058.0621716502962
219.3378283497325
1171.3378283497323
1863.1378283497115
2181.3378283497323
-706.4621716502747
-552.0621716502699
-1735.462171650271
-857.062171650275
-282.06217165027033
1016.5378283497424
-2062.0621716502606
-190.46217165026715
1640.537828349738
1449.7378283497642
695.9378283497362
759.9378283497329
1260.1378283497493
-644.662171650267
-1723.0621716503024
733.1378283497362
534.7378283497409
734.5378283497155
-1605.262171650261
-1047.062171650246
561.7378283497371
-632.4621716502769
447.9378283497345
450.7378283497322
-1709.2621716502601
-1836.0621716502778
-2052.2621716502986
1241.3378283497245
1072.3378283497534
-184.66217165026316
333.5378283497292
1335.7378283497242
236.13782834973915
312.13782834972807
226.5378283497364
-29.66217165027565
-987.6621716502558
-588.462171650273
-987.4621716502635
-770.262171650272
1164.3378283497086
159.5378283497353
1125.1378283497165
619.337828349734
321.3378283497355
-544.0621716502651
-36.66217165026264
228.93782834972893
927.1378283497056
857.5378283497218
-202.86217165027534
1069.737828349733
104.9378283497347
773.9378283497051
1121.1378283497504
-487.66217165026984
-1192.462171650272
1564.3378283497227
692.1378283497501
-132.46217165027005
-1495.2621716502665
-242.6621716502654
810.3378283497196
-257.2621716502692
-1836.0621716502808
289.53782834973265
-743.0621716502651
-873.8621716502721
-2071.6621716502495
-1695.862171650263
756.3378283497243
-478.8621716502622
-169.66217165027518
884.1378283497382
1014.7378283497371
642.7378283497256
-543.6621716502625
843.1378283497238
566.9378283497323
-244.26217165025898
660.5378283497311
594.9378283497315
-620.8621716502603
1412.3378283497393
889.1378283497259
461.73782834972326
-623.8621716502769
-1254.2621716502717
149.33782834973448
351.1378283497327
-590.4621716502706
597.9378283497357
-700.0621716502741
1173.3378283497325
-969.8621716502595
-1807.4621716502493
-121.26217165026642
551.3378283497294
-85.46217165026718
-501.0621716502677
-433.86217165027557
-1694.862171650257
703.5378283497375
1595.1378283497422
517.1378283497272
-414.462171650265
129.33782834973488
1415.337828349721
446.3378283497389
-328.6621716502659
2619.937828349801
-220.26217165026978
-169.06217165027576
-936.0621716502532
-2029.0621716502906
786.9378283497373
458.537828349728
1762.3378283497207
1861.5378283497369
-258.66217165027246
-1160.6621716502616
-1328.6621716502618
-2112.8621716502544
173.3378283497347
1977.5378283497416
2056.5378283497057
1082.3378283497161
367.7378283497313
2425.5378283497353
-630.4621716502674
828.737828349738
783.7378283497173
821.137828349744
-139.2621716502686
486.5378283497308
-98.66217165026781
-384.4621716502767
-192.2621716502635
-303.6621716502666
1087.937828349735
116.73782834973508
-513.6621716502669
2163.137828349754
106.93782834973416
-1283.8621716502616
-1341.2621716502363
-340.2621716502773
331.33782834973425
912.9378283497272
1518.7378283497185
236.13782834973046
590.9378283497365
4.937828349738304
1344.737828349738
1494.1378283497343
26.337828349728014
2420.937828349728
386.5378283497329
2088.5378283497594
1962.7378283497592
80.3378283497332
-466.0621716502661
802.5378283497287
1017.3378283497212
527.7378283497329
-42.66217165026826
-343.06217165026874
-398.46217165026553
451.9378283497232
148.73782834973545
-2314.6621716502536
-1884.26217165027
-320.2621716502681
157.9378283497281
610.5378283497253
-95.66217165026376
-817.4621716502661
-1380.8621716502726
-599.8621716502656
-911.0621716502768
1468.1378283497522
1551.7378283497535
26.33782834972932
1701.937828349746
1157.5378283497314
473.9378283497171
2200.9378283497526
125.33782834973101
-929.062171650269
-665.6621716502651
574.337828349719
1290.9378283497074
-830.2621716502664
24.337828349732632
-756.4621716502694
-381.86217165026943
-507.862171650261
-65.46217165026479
-259.8621716502646
-685.8621716502681
-219.66217165027712
216.53782834973376
-397.6621716502584
-1980.4621716502536
-1135.662171650261
-306.0621716502643
-132.8621716502584
248.5378283497186
992.1378283496979
906.9378283497315
-191.46217165026292
-231.26217165028106
-916.2621716502761
804.1378283497496
484.3378283497326
416.5378283497325
705.7378283497289
-1173.862171650254
740.9378283497078
978.7378283497322
-244.86217165027244
1444.337828349744
650.1378283497129
479.1378283497324
322.5378283497101
-193.46217165026778
-729.8621716502712
-822.2621716502622
246.13782834973276
-1600.0621716502078
1480.9378283497163
1279.9378283497347
-1066.0621716502596
-82.46217165026755
1188.137828349731
-219.26217165026364
153.93782834974888
1274.7378283497048
-223.66217165026552
-869.4621716502832
1190.3378283497307
755.7378283497377
1226.5378283497384
-401.8621716502619
-683.6621716502653
-619.062171650257
414.3378283497399
1055.3378283497402
1691.7378283497455
391.5378283497283
-1125.462171650291
427.9378283497293
-174.2621716502705
-1001.2621716502506
211.33782834973223
1868.5378283497407
164.33782834973033
-1909.2621716502445
-400.86217165026665
-365.06217165027164
180.73782834972798
-720.8621716502504
-709.6621716502597
-1449.4621716502654
-2220.662171650251
-521.6621716502633
-146.6621716502655
-1855.4621716503123
-1180.062171650263
-286.4621716502752
470.5378283497348
-446.6621716502723
46.737828349733796
824.7378283497334
1577.3378283497543
785.1378283497241
-876.2621716502838
-1729.862171650279
436.73782834973827
261.73782834972616
-390.46217165027
-1273.462171650278
46.3378283497333
-1078.6621716502868
2110.5378283496916
389.93782834973433
-857.2621716502563
1500.337828349753
385.9378283497276
-401.4621716502721
-1527.8621716502555
-230.46217165026925
588.1378283497177
-782.862171650273
704.9378283497274
-1485.8621716502496
-92.66217165026265
998.5378283497464
316.1378283497289
-250.86217165027264
-969.2621716502962
-587.0621716502683
2268.5378283497116
-342.0621716502682
-1264.4621716502525
750.9378283497285
913.9378283497215
287.33782834973204
533.7378283497095
-105.46217165027332
-538.0621716502777
-1330.0621716502276
-1150.8621716502578
-1516.862171650264
-184.6621716502876
-853.6621716502733
97.53782834972758
-66.46217165027379
2022.7378283497346
227.9378283497325
-1046.8621716502798
598.7378283497285
12.537828349734937
369.9378283497286
1779.7378283497396
-262.2621716502641
-238.06217165026538
909.9378283497442
-1075.6621716502568
312.33782834973385
901.9378283496881
420.1378283497346
-680.6621716502771
-638.8621716502784
820.7378283497136
-1234.8621716502962
-1124.462171650267
-1852.4621716502709
506.13782834974126
-1053.862171650273
-488.062171650267
657.5378283497323
-2237.862171650247
-1443.6621716502625
485.9378283497311
-474.4621716502683
-2290.062171650259
-876.4621716502259
-101.86217165028259
-395.06217165027397
-361.8621716502927
-1767.2621716502947
520.137828349734
1279.1378283497286
80.73782834973477
189.13782834972972
-1034.4621716502604
-2037.8621716502985
-1168.2621716503047
675.7378283497281
-622.6621716502588
-523.262171650261
559.9378283497376
-952.4621716502646
23.937828349729706
-1079.662171650278
-474.86217165026744
478.5378283497397
1439.1378283497431
-1135.4621716502754
-600.2621716502813
1296.3378283497148
-889.8621716502714
-396.0621716502666
-2506.462171650284
-1098.262171650272
-122.06217165027365
-450.0621716502592
-1163.0621716502847
-1907.2621716502656
906.93782834973
-879.8621716502789
-588.8621716502823
52.73782834972839
900.3378283497278
1182.7378283497221
-1699.062171650274
2411.9378283497344
1075.3378283497386
-514.2621716502679
-261.8621716502754
1042.7378283497362
1441.937828349738
-1192.6621716502677
667.7378283497337
-581.0621716502613
808.5378283497201
-1020.062171650295
18.737828349727096
2090.937828349759
505.537828349735
1090.93782834973
-2272.8621716502857
-540.4621716502603
-1893.6621716502566
-326.4621716502741
-1361.4621716502706
-1342.0621716502496
692.1378283497309
578.9378283497292
802.5378283497328
258.5378283497349
-601.0621716502682
-704.4621716502533
-93.06217165027076
-335.8621716502726
-1727.6621716502702
-271.0621716502701
-2280.462171650292
117.93782834974418
294.7378283497317
816.9378283497344
1461.1378283497131
-78.86217165026311
-263.4621716502728
214.33782834973488
1151.1378283497343
-1212.0621716502403
-121.06217165027105
536.7378283497317
1304.5378283497332
-246.66217165026399
-20.462171650266093
152.93782834973362
-437.8621716502743
-2418.2621716502426
-954.0621716502498
307.53782834973197
-177.462171650272
-1752.2621716502392
885.7378283497316
-446.2621716502673
-1372.4621716502909
-1051.4621716502668
-458.6621716502695
750.3378283497352
-6.462171650274399
-1192.8621716502025
-2306.4621716502743
-235.66217165026785
-1943.862171650262
-350.86217165028927
-1654.0621716502499
-107.26217165026367
979.7378283497173
-715.462171650279
-1654.8621716502657
829.5378283497404
-1289.8621716502832
-1957.6621716502966
1029.5378283497505
720.7378283497403
2252.3378283497063
1519.9378283497317
439.33782834973726
-492.6621716502623
558.9378283497329
-372.262171650246
1210.337828349762
-116.26217165028257
-108.26217165027026
-1487.2621716502526
787.9378283497228
1044.1378283497168
457.1378283497299
-1245.8621716502714
1016.3378283497502
682.5378283497207
369.33782834973124
-1076.86217165025
-1236.0621716502278
-1352.0621716502965
-127.26217165027097
234.13782834972815
-53.262171650271995
54.7378283497336
1236.537828349728
-749.0621716502742
-1060.862171650265
1634.137828349719
-631.2621716502625
-427.0621716502699
-136.26217165026512
21.537828349727164
1425.9378283497272
373.3378283497203
-17.26217165028068
1095.3378283497386
-155.86217165027603
-1917.4621716502816
-995.8621716502363
452.53782834973384
1780.9378283497642
200.93782834973183
98.33782834973134
-77.46217165027474
2048.137828349712
64.13782834973625
690.3378283497456
5.737828349729675
-1995.6621716502668
-259.0621716502686
-893.462171650255
1182.9378283497344
1928.9378283497163
-882.6621716502758
760.3378283497326
-69.66217165026687
1051.9378283497367
340.7378283497307
-597.4621716502643
1309.1378283497515
-1928.6621716502884
-891.6621716502596
-718.2621716502695
-247.2621716502703
251.93782834972956
-889.8621716502786
1657.137828349729
469.33782834974534
-198.4621716502725
-1417.6621716502666
830.3378283497402
2377.3378283497686
-1372.6621716502634
-459.6621716502739
-610.6621716502385
-1054.66217165027
-1300.4621716502882
394.3378283497363
56.73782834972371
480.1378283497297
-283.06217165026834
982.3378283497218
-1258.4621716502497
2186.137828349717
1383.1378283497452
1048.737828349739
610.3378283497248
559.537828349741
158.9378283497332
1243.7378283497255
-636.0621716502503
1894.7378283497724
93.73782834973507
-891.6621716502607
23.93782834973055
996.3378283497555
480.9378283497299
585.9378283497289
1354.7378283497549
684.1378283497309
438.33782834973687
565.9378283497305
-500.6621716502769
433.93782834973604
-49.46217165026033
70.93782834973771
-189.26217165026912
833.5378283497297
755.7378283497396
116.33782834973161
-573.062171650262
-548.4621716502692
-636.8621716502656
714.5378283497439
352.7378283497279
-392.0621716502652
-177.26217165026233
1795.3378283497202
-241.66217165026876
-2246.4621716502884
-537.4621716502778
1360.937828349713
-1621.8621716502441
1596.1378283497243
-152.06217165026573
1006.3378283497408
1511.3378283497452
-1849.462171650256
-449.0621716502678
-145.26217165027114
-619.6621716502768
-1031.2621716502615
-155.66217165027047
-420.06217165026885
180.13782834974086
911.5378283497492
1475.9378283497374
514.1378283497306
121.33782834973417
93.73782834972808
-990.4621716502481
-291.26217165026367
-613.6621716502782
123.53782834973126
199.1378283497373
-691.4621716502797
-460.66217165027757
-872.8621716502657
304.7378283497317
-857.8621716502709
-398.4621716502697
-681.0621716502897
1369.137828349755
1058.937828349703
-737.4621716502577
-2016.0621716502594
-192.86217165027043
2634.1378283497374
1509.137828349711
-2099.2621716503036
-1876.862171650263
10.93782834973453
1398.7378283497421
-439.4621716502659
38.13782834974449
-222.86217165026716
474.93782834972535
284.73782834972894
-202.462171650264
-384.06217165027317
-127.4621716502665
-1504.8621716502767
-84.46217165026815
2010.93782834972
1072.3378283497227
395.7378283497317
1026.5378283497384
-100.26217165026193
-735.2621716502601
-922.2621716502655
-131.86217165026034
-1686.4621716502634
365.1378283497243
371.73782834971684
92.53782834973524
-23.262171650264307
-172.26217165026193
-961.2621716502741
-30.26217165026972
86.13782834973094
-779.4621716502655
216.13782834973236
622.5378283497365
-782.262171650267
-1016.2621716502678
-465.66217165027126
1382.53782834974
1384.7378283497555
-564.262171650268
-984.2621716502662
-90.8621716502717
-328.06217165028136
981.7378283497261
-151.8621716502558
561.337828349738
181.73782834973696
-576.8621716502806
-540.2621716502684
1713.7378283497342
289.53782834973043
997.1378283497253
-399.0621716502657
-1042.8621716502664
-1329.4621716502604
-320.86217165027966
-220.8621716502642
-1492.2621716502895
-879.0621716502723
-2053.262171650291
-1031.062171650268
-589.0621716502693
-646.0621716502814
1728.9378283497388
2240.9378283497604
-479.6621716502735
-2122.46217165025
-658.4621716502648
51.93782834973701
734.7378283497573
425.73782834973247
-95.8621716502613
690.5378283497387
421.9378283497459
1325.7378283497603
2182.137828349768
104.53782834972995
821.537828349728
97.53782834973478
159.73782834973423
-13.862171650268007
2384.337828349699
19.13782834973025
-420.2621716502662
783.3378283497206
-519.2621716502667
-595.8621716502718
8.737828349731885
347.33782834973437
703.3378283497418
216.7378283497403
1600.5378283497084
-121.26217165027056
1146.7378283497376
333.1378283497383
1561.7378283497183
259.3378283497261
-1086.0621716502703
-1225.0621716502696
661.1378283497346
1670.9378283497463
450.93782834972643
736.1378283497228
810.9378283497391
1499.7378283497308
1118.737828349732
1539.7378283497173
1692.5378283496834
-207.86217165026483
-256.86217165026704
677.3378283497411
1203.5378283497523
1028.7378283497299
-16.86217165026001
-1316.8621716502655
468.13782834972795
-454.0621716502759
763.5378283497463
-377.0621716502703
-276.66217165027365
760.1378283497284
-180.26217165027032
-1054.0621716502592
1064.3378283497198
-580.6621716502663
9.537828349724336
-758.262171650265
-1769.8621716502541
-1736.0621716502683
982.7378283497208
190.1378283497299
1867.3378283497027
1635.3378283497161
-220.4621716502693
1070.3378283497414
261.7378283497375
2664.337828349718
532.1378283497281
-1303.062171650288
-1350.2621716502904
948.937828349739
-481.6621716502728
485.9378283497189
2572.937828349696
2017.3378283496902
-187.0621716502693
-966.8621716502622
-224.46217165025953
-1753.0621716502437
-903.6621716502555
1100.9378283497617
1062.7378283497262
191.73782834973508
1430.3378283497316
-1743.2621716502465
-1233.6621716502589
-1886.862171650301
53.5378283497276
-510.06217165027994
199.5378283497289
-350.86217165027364
196.73782834973954
-46.86217165026869
-871.0621716502626
155.1378283497363
-426.4621716502681
-443.6621716502586
-1102.8621716502698
590.3378283497416
1229.7378283497453
1566.1378283497272
-1460.8621716502792
347.5378283497332
-76.46217165027448
-1024.6621716502534
-789.86217165027
2078.9378283497667
1327.137828349756
-1399.2621716502524
244.13782834973472
119.33782834973363
1214.93782834973
1376.7378283497446
-259.46217165027156
-222.26217165026776
736.7378283497442
586.3378283497265
-996.6621716502551
-1639.262171650275
644.1378283497303
3.737828349732993
1131.7378283497285
-750.4621716502596
-519.6621716502663
7.737828349729007
-1503.8621716502505
-100.26217165026797
-1144.0621716502567
-161.86217165026764
636.7378283497294
92.73782834973275
-352.66217165026796
15.137828349735045
-112.46217165026746
-1033.462171650257
-783.8621716502622
1025.7378283497274
-710.8621716502695
-977.0621716502895
1016.5378283497269
-687.6621716502904
1600.5378283497214
423.1378283497245
-242.06217165026942
-24.462171650267777
-822.8621716502699
-336.4621716502611
822.1378283497302
825.737828349714
1224.537828349709
963.9378283497266
604.1378283497233
1553.9378283497415
837.337828349733
-601.4621716502741
-730.6621716502659
-1295.2621716502424
-1751.6621716502618
-420.0621716502643
-978.6621716502616
168.53782834972944
-85.06217165026726
949.5378283497276
-142.6621716502783
-761.0621716502682
113.53782834973606
-471.4621716502719
-2111.8621716502635
994.5378283497437
1152.137828349731
-719.0621716502702
-1379.462171650259
827.7378283497379
1140.7378283497292
-1640.8621716502885
-2154.462171650255
1289.7378283497253
705.1378283497309
-1509.6621716502239
227.93782834972643
1612.9378283497244
912.9378283497322
1897.537828349688
1039.7378283497114
1386.1378283497563
1509.3378283497004
938.537828349748
-1487.062171650271
-120.46217165027281
-844.6621716502498
-310.8621716502687
1482.5378283497337
-733.462171650253
-540.6621716502756
-65.86217165026568
-1509.0621716502721
-1043.262171650305
-587.2621716502736
-430.66217165026546
-1283.2621716502813
-2660.2621716502904
-49.6621716502725
898.9378283497258
299.1378283497329
-664.0621716502701
-1018.8621716502643
199.33782834972592
-59.662171650269954
1084.137828349731
264.5378283497371
424.7378283497381
-12.26217165025993
-490.66217165027047
661.5378283497416
390.9378283497325
777.7378283497541
180.13782834973367
1735.7378283497285
303.73782834972724
466.1378283497242
107.33782834973114
-106.26217165026937
-942.062171650273
202.53782834973816
96.73782834973024
383.1378283497304
-501.6621716502662
-308.66217165026904
877.3378283497302
9.537828349741432
-517.2621716502642
-646.2621716502753
-1393.2621716502767
283.9378283497375
340.1378283497309
1528.3378283497364
-313.6621716502667
230.33782834972214
174.93782834972754
-1572.6621716502636
1185.137828349741
-412.0621716502707
34.33782834972212
1013.9378283497441
641.9378283497255
389.737828349727
387.9378283497318
1371.5378283497394
257.33782834973493
2052.937828349694
758.3378283497159
1422.9378283497356
1373.9378283497429
203.73782834973065
1748.3378283497236
1619.5378283497582
-623.4621716502708
1098.9378283497244
-1261.4621716502602
-1316.4621716502659
1320.9378283497508
-213.66217165026805
-464.2621716502594
-588.662171650259
-1210.6621716502873
-240.46217165026286
-2387.6621716503114
-300.06217165026567
-255.26217165026958
259.137828349734
2102.537828349759
138.73782834973156
1248.5378283497316
-1167.4621716502586
-945.2621716502733
126.33782834974157
1078.3378283497407
-33.062171650266976
1013.3378283497332
903.5378283497186
220.9378283497415
153.53782834973342
460.53782834973913
1649.5378283497164
2008.5378283497764
-938.6621716502705
628.5378283497369
518.1378283497334
-995.46217165026
1012.5378283497694
-200.8621716502804
-1631.662171650268
174.53782834973347
-219.4621716502615
676.1378283497434
1038.5378283497414
-576.262171650281
-1189.6621716502918
-573.8621716502786
-31.66217165026815
69.13782834973514
-1111.8621716502757
301.73782834972866
-848.6621716502661
-542.6621716502756
-159.46217165026917
-1351.262171650267
-1559.0621716502624
430.13782834971875
-647.4621716502685
805.3378283497428
353.53782834972924
807.9378283497207
356.13782834974313
1071.537828349762
1456.737828349762
242.53782834973023
20.73782834973599
2538.1378283497525
1183.7378283497374
-1280.2621716502963
169.7378283497232
588.5378283497311
-1046.4621716503034
800.3378283497332
161.93782834973229
1296.9378283497338
1487.7378283497267
180.33782834973132
-382.06217165027203
-28.462171650274314
1188.9378283497135
1190.5378283497269
-831.8621716502636
107.13782834973239
-1072.2621716502695
379.73782834973275
1653.7378283497196
2130.9378283497654
-1470.862171650264
-480.46217165026536
1010.1378283497379
1499.937828349709
-445.86217165026994
-436.8621716502607
1344.5378283497414
524.9378283497333
-1047.6621716502725
549.9378283497346
729.3378283497298
2009.5378283497103
-565.862171650262
-590.2621716502757
101.53782834973416
-1267.262171650284
-720.662171650266
69.13782834973046
-1194.4621716502481
139.13782834972986
-62.06217165027613
1878.5378283497278
271.3378283497306
-1823.6621716502545
-332.26217165026117
324.9378283497421
-509.462171650267
472.53782834973026
327.33782834973465
465.9378283497345
717.3378283497241
1017.9378283497389
7.137828349732878
-944.0621716502807
-270.66217165026734
-224.46217165027156
-156.86217165026912
-931.2621716502706
-619.2621716502537
-984.2621716502686
-826.2621716502681
-598.4621716502595
995.9378283497342
1339.5378283497512
-81.46217165026312
1525.5378283497287
187.93782834973183
887.7378283497158
1531.1378283497236
962.5378283497357
635.5378283497239
3624.737828349722
1534.3378283496734
-68.2621716502628
-1591.062171650287
-723.6621716502721
1075.1378283497227
-148.2621716502559
-2324.0621716502983
88.1378283497333
-646.6621716502675
-86.8621716502694
-178.46217165027304
313.9378283497303
1355.93782834973
-481.66217165027274
-790.6621716502576
1029.937828349721
210.73782834973343
-558.2621716502671
-1273.6621716502627
236.1378283497345
-828.8621716502615
-1756.0621716502478
-190.2621716502746
198.33782834974326
-759.8621716502798
1602.737828349714
763.5378283497046
330.93782834973075
182.73782834973744
67.3378283497313
1761.7378283497494
2009.9378283497435
194.53782834972841
785.9378283497397
-640.2621716502684
939.3378283497314
146.33782834972874
-491.4621716502546
378.5378283497358
663.7378283497574
-472.66217165026774
-77.66217165025958
1612.5378283497491
178.33782834973175
627.9378283497384
818.5378283497224
54.337828349735155
-183.4621716502612
484.1378283497294
1426.5378283497416
53.537828349732216
-1191.4621716502718
548.7378283497192
-1692.2621716502754
-487.4621716502577
-400.0621716502808
-1576.862171650274
82.93782834973373
-868.4621716502717
337.5378283497323
1190.337828349725
-1165.4621716502643
-581.4621716502762
-193.2621716502661
-845.0621716502744
963.9378283497349
1354.1378283497681
928.1378283497178
917.7378283497259
606.5378283497324
2243.537828349775
-1580.2621716502708
-244.6621716502685
564.7378283497361
1383.9378283497342
780.1378283497298
530.7378283497249
-588.4621716502684
-1412.8621716502869
-932.2621716502725
690.3378283497279
1787.7378283497085
-2.262171650262708
-802.6621716502888
1652.137828349728
-288.4621716502696
-651.062171650274
386.7378283497354
637.7378283497435
201.137828349731
195.73782834973585
395.3378283497314
299.1378283497228
230.73782834974423
122.13782834973537
2829.137828349726
2802.53782834969
717.5378283497054
2196.3378283497354
-38.662171650262444
1189.9378283497279
1302.7378283497324
-754.2621716502714
-1358.462171650247
158.53782834973262
787.937828349723
-3.4621716502703137
-28.862171650268515
39.73782834973521
133.7378283497242
-127.86217165026747
-315.6621716502634
-306.66217165026984
-342.2621716502615
-100.06217165027428
216.3378283497302
1351.1378283497254
147.73782834973306
46.73782834972549
-274.0621716502667
325.9378283497326
-104.26217165027018
892.3378283497291
676.7378283497427
333.33782834974966
1958.5378283497287
1051.937828349706
1315.7378283497283
2801.7378283497346
112.73782834971425
-235.6621716502653
-312.062171650266
64.9378283497359
890.9378283497329
-409.2621716502663
1311.7378283497296
-415.4621716502676
-188.4621716502667
188.73782834972755
631.1378283497377
-253.06217165027326
-421.862171650272
-478.0621716502703
-243.0621716502684
1850.9378283497276
-597.8621716502602
-919.2621716502779
-1141.2621716502779
-263.66217165026416
254.73782834973042
1248.5378283497319
471.73782834975196
-42.86217165027097
325.33782834973454
-1812.6621716502934
328.3378283497394
727.9378283497397
683.3378283497386
1370.937828349725
37.53782834973657
1942.7378283497053
1682.1378283497513
271.7378283497056
1663.53782834973
-190.46217165026331
-845.0621716502684
870.1378283496953
2115.7378283496955
835.9378283497161
-97.66217165026436
913.9378283497256
-688.4621716502548
1172.1378283497343
1382.5378283497037
-995.4621716502859
-285.26217165025986
2245.337828349721
-99.06217165026739
-525.2621716502662
263.73782834973855
-930.6621716502632
-852.0621716502485
743.1378283497372
-1420.862171650286
-161.06217165026536
5.937828349725905
54.13782834973297
115.53782834973275
572.7378283497293
1352.9378283496906
2851.7378283497155
2550.1378283498143
729.1378283497376
1689.537828349717
670.1378283497161
-772.8621716502793
-1005.4621716502847
-283.4621716502669
-245.86217165026642
-945.2621716502682
808.1378283497321
112.13782834973253
-648.0621716502621
-585.2621716502704
-931.862171650288
-930.6621716502814
-1792.062171650282
-617.462171650267
-575.8621716502745
-2268.662171650269
-2681.0621716502633
-1289.2621716502658
153.73782834973193
-369.062171650269
-361.6621716502659
-1086.6621716502832
-150.66217165027254
1329.3378283497223
739.1378283497417
-557.2621716502641
1342.7378283497642
1609.937828349711
3351.137828349699
2581.53782834972
2453.9378283497717
248.33782834973033
2687.7378283496964
1036.337828349778
-1529.86217165025
-44.262171650270275
-452.8621716502645
-1015.2621716502745
-2063.26217165023
-957.6621716502432
55.73782834973095
15.937828349727539
803.7378283497352
-1031.2621716502683
-126.66217165027203
738.5378283497581
-1375.4621716502563
-1050.4621716502816
-2141.462171650275
-1833.6621716502702
1569.7378283497394
-416.06217165027056
-1070.6621716502787
32.93782834973677
-260.46217165026803
559.9378283497405
1009.7378283497192
477.93782834971984
1446.537828349744
1838.3378283497466
3318.3378283496686
2828.9378283497567
3212.9378283497113
958.1378283497327
1025.9378283497492
976.9378283497525
1794.5378283497475
-404.0621716502641
-1661.062171650258
-175.6621716502646
-1679.062171650265
-1377.0621716502712
1285.1378283497188
553.7378283497351
-324.4621716502698
149.3378283497338
-2839.4621716502506
-735.4621716502711
-996.6621716502681
262.9378283497356
-485.66217165026256
-901.4621716502753
628.7378283497414
-733.662171650283
-795.0621716502781
-1826.0621716502642
455.13782834974194
-639.2621716502615
-968.8621716502747
979.3378283497445
735.3378283497098
3129.737828349746
4589.137828349738
3382.3378283496645
1752.9378283496565
1982.5378283497118
1796.5378283497134
1168.537828349744
862.5378283497322
-903.0621716502741
292.33782834974244
-190.46217165028173
-2589.66217165031
-2181.4621716502797
-2271.2621716502535
-1884.4621716502295
-2168.062171650209
-454.6621716502744
-2377.0621716502806
-1281.4621716502709
-161.0621716502676
-580.0621716502743
96.53782834973805
-1309.8621716502792
-1446.8621716502803
-588.4621716502544
379.93782834972995
-1196.862171650252
504.5378283497322
2491.7378283496987
-621.6621716502717
478.53782834974083
781.5378283497328
3636.5378283496757
3456.33782834966
1931.3378283497225
1762.3378283497186
1117.7378283497246
3021.5378283497557
1741.5378283497434
1482.3378283497616
1788.5378283497357
1712.3378283497968
1364.7378283497449
-2103.662171650269
-36.46217165027256
-1430.262171650294
-1631.4621716502522
-1714.262171650255
565.5378283497234
1393.7378283497278
-1395.0621716502637
9.137828349727393
-1198.6621716502584
77.7378283497361
-2524.862171650234
-2177.0621716502064
-505.66217165026416
-1498.8621716502564
820.5378283497378
-1486.662171650289
717.5378283497461
-546.4621716502753
1651.7378283497123
2440.9378283497326
2874.937828349651
2161.1378283497666
616.7378283497329
2210.337828349754
2869.7378283497774
1852.9378283497429
1926.937828349743
1725.7378283497333
1097.737828349726
-609.862171650261
1368.3378283497234
-1138.462171650273
-1253.6621716502852
-1534.8621716502485
-309.8621716502713
-202.46217165027176
199.73782834973773
660.3378283497462
-46.86217165026608
785.1378283497374
-1892.262171650281
-383.06217165026817
-595.4621716502762
-224.86217165026505
-2259.2621716502435
-1435.262171650289
-29.06217165026862
762.5378283497337
-1066.0621716502658
398.73782834974946
2206.737828349804
2551.137828349688
1449.1378283497033
2108.937828349759
-298.26217165027543
414.1378283497314
1351.137828349715
1803.537828349761
2395.5378283496984
884.1378283497204
-509.46217165024774
-1273.4621716502693
1843.7378283497612
-174.0621716502704
-36.06217165027943
-1607.462171650275
-484.86217165026477
-201.66217165026632
-134.66217165026683
-425.86217165027233
1664.5378283497341
-270.66217165026904
-1176.8621716502598
1344.3378283497457
346.5378283497345
1239.737828349731
-235.26217165027683
-407.86217165026096
-1077.4621716502286
891.7378283497233
746.1378283497153
803.1378283497359
67.73782834972675
1649.5378283497623
811.1378283497268
2677.737828349795
1814.9378283497576
1920.3378283497755
686.1378283497037
2373.737828349706
1650.7378283497205
1129.5378283497464
11.937828349731596
162.93782834973274
208.1378283497319
712.537828349745
363.33782834973425
-265.2621716502645
-760.6621716502783
-91.66217165026796
-893.2621716502692
-110.46217165027454
2735.537828349728
910.5378283497423
461.53782834973373
155.13782834973523
-499.46217165026127
198.53782834972893
-1135.2621716502583
-1038.862171650307
37.337828349726465
-275.46217165026155
-1024.0621716502706
-2460.4621716502834
-1857.662171650249
879.9378283497568
965.3378283497227
1794.5378283497876
636.7378283497595
2207.1378283497675
897.7378283497089
1108.3378283497323
172.7378283497442
-1016.4621716502718
718.1378283497407
-3.262171650266602
1299.1378283497568
1683.9378283497463
-991.2621716502786
590.3378283497345
-511.6621716502681
125.73782834973315
-620.2621716502666
-1141.6621716502705
635.3378283497459
-344.0621716502679
102.7378283497456
-755.0621716502689
-718.6621716502516
-759.8621716502735
-1671.8621716502819
1276.3378283497352
-157.06217165026658
-45.26217165026869
-531.862171650268
-207.2621716502697
378.73782834973485
-2753.062171650263
-326.4621716502722
670.7378283497483
-128.06217165027192
-584.0621716502709
937.1378283497438
-410.0621716502656
118.33782834973249
-394.46217165026997
761.3378283497401
-2237.06217165027
194.3378283497319
-689.6621716502545
-53.462171650261375
620.737828349733
1151.7378283497308
-145.2621716502686
-92.26217165027089
-1519.8621716502685
1406.3378283497286
844.9378283497274
-677.8621716502665
-480.2621716502675
1137.5378283497475
336.53782834973487
107.53782834973818
1324.5378283497432
1010.1378283497322
721.3378283497269
1512.3378283497252
-1180.0621716502717
-534.4621716502638
-1526.462171650288
-759.2621716502603
466.3378283497394
1351.5378283497405
1266.7378283497092
-139.6621716502688
-1986.2621716502638
-1028.8621716502732
-864.2621716502582
490.93782834974456
-398.2621716502756
-1166.6621716502862
-1558.662171650253
522.7378283497316
-296.2621716502732
-1724.862171650274
-1827.4621716502136
-295.26217165027344
-1954.6621716502707
2070.5378283497316
-647.8621716502659
170.93782834973393
1403.5378283497141
-1162.662171650263
309.9378283497405
-280.26217165026463
-901.6621716502807
-844.8621716502665
-475.26217165028254
-909.062171650286
-968.6621716502594
-134.86217165026264
454.9378283497361
13.93782834973446
570.3378283497212
778.9378283497348
-947.8621716502771
-1725.8621716503
-2505.86217165025
-589.2621716502495
309.9378283497316
-774.2621716502832
-234.86217165027057
-263.4621716502712
147.1378283497421
-1057.862171650282
32.13782834973589
-575.4621716502711
-279.46217165026167
297.33782834973937
-27.46217165026886
-801.4621716502627
-868.0621716502651
1320.7378283497228
966.5378283497218
-1722.0621716502474
-830.4621716502577
127.73782834973758
1421.7378283497308
-283.8621716502676
-821.8621716502641
-1163.86217165026
-203.06217165027374
-658.6621716502688
-698.8621716502593
-293.6621716502567
112.93782834972602
-844.8621716502615
-47.86217165026492
669.9378283497159
-248.0621716502605
80.33782834973744
1468.7378283497267
-85.46217165026357
-184.26217165026793
-404.26217165026424
360.13782834972676
-695.4621716502749
967.7378283497178
-73.66217165026607
-588.2621716502648
85.33782834973553
1026.7378283497105
552.7378283497438
-151.86217165027477
-827.6621716502615
-1747.8621716502582
-189.0621716502722
1414.5378283497503
-382.06217165026965
-684.4621716502726
-672.6621716502692
374.7378283497263
724.1378283497288
-409.2621716502676
-1594.0621716502717
-524.2621716502641
-747.6621716502858
166.73782834973426
-928.8621716502423
-301.2621716502635
-722.2621716502643
-979.062171650276
-1220.8621716502644
170.53782834973777
-717.8621716502764
521.5378283497362
-148.4621716502656
-122.46217165026847
-248.2621716502734
195.73782834972968
-245.66217165026154
-1590.2621716502613
-249.26217165026762
-1143.0621716502642
150.33782834973886
-597.6621716502676
-1600.0621716502876
446.13782834973426
1480.5378283497455
-62.46217165026733
-886.0621716502636
-131.46217165026738
-780.062171650257
-964.2621716502649
-686.4621716502674
-977.0621716502626
-1088.262171650286
-665.0621716502899
257.93782834973797
409.7378283497429
-1550.4621716503173
-15.662171650262195
-957.0621716502606
-1130.4621716502772
-1537.0621716502471
266.93782834972797
-984.6621716502663
-1322.6621716502677
189.9378283497286
-353.06217165027
-205.86217165026878
182.93782834973564
118.53782834974157
537.7378283497318
1254.7378283497326
2352.137828349719
582.5378283497172
1453.5378283497348
-6.862171650269076
1372.1378283497206
1267.1378283497775
-41.06217165026766
-286.062171650271
650.9378283497198
353.1378283497323
-1302.8621716502719
-1238.2621716502758
-1929.6621716502898
-1586.462171650271
-984.4621716502444
109.53782834973117
94.73782834973102
-1400.6621716502723
-905.4621716502689
-982.2621716502924
-1305.6621716502957
-597.6621716502726
-718.6621716502833
-366.4621716502686
1003.9378283497291
-689.2621716502866
841.9378283497203
-255.8621716502658
-177.86217165026326
487.7378283497382
-600.262171650265
-401.6621716502726
1802.1378283497518
-80.06217165026612
996.7378283497225
68.9378283497371
-147.6621716502642
1175.7378283497444
2489.7378283497374
639.9378283497244
1439.537828349737
-345.6621716502728
-1947.062171650259
-1039.6621716502677
-2401.0621716502596
-339.6621716502671
-1224.6621716502823
-2496.862171650342
-2510.0621716502933
72.33782834972973
-516.8621716502705
-527.6621716502502
651.5378283497282
656.5378283497237
-490.8621716502679
50.93782834973178
344.5378283497304
-1540.2621716502426
-210.86217165027313
783.5378283497115
175.53782834973805
-411.46217165026695
1230.5378283497432
-1135.0621716502774
-44.2621716502678
-1054.4621716502293
428.1378283497364
-270.86217165026613
1487.9378283497228
1797.1378283497247
1887.5378283497657
1465.7378283497374
198.53782834973296
-252.06217165027277
-267.46217165027355
-542.662171650257
-2102.662171650293
-960.4621716502637
450.13782834974137
1154.5378283497414
-1320.4621716502415
341.73782834973616
668.3378283497311
-794.8621716502608
-1238.8621716502637
1086.9378283497476
890.3378283497321
-1007.2621716502812
-420.8621716502472
-363.2621716502751
1601.5378283497566
1164.5378283497582
-797.0621716502822
-224.26217165027165
1122.137828349736
1410.937828349731
495.33782834973726
-308.4621716502751
-68.86217165026957
-977.4621716502683
735.1378283497277
-310.66217165026654
351.537828349733
904.5378283497332
-220.86217165027332
1045.3378283497375
-494.26217165026554
22.337828349727076
-206.86217165026613
-1144.8621716502596
-1127.8621716503078
98.53782834973394
516.33782834973
-733.8621716502905
-542.0621716502708
1037.3378283497352
-1301.862171650258
-2161.262171650292
169.1378283497284
-1297.2621716502179
287.33782834973783
-22.462171650265653
318.9378283497203
-588.0621716502652
-1407.6621716502605
-782.6621716502689
808.9378283497157
632.3378283497275
938.1378283497469
1054.137828349733
-723.4621716502797
385.3378283497297
427.93782834972586
246.73782834973798
77.13782834973438
-558.2621716502933
-302.26217165026833
948.5378283497377
-481.262171650265
-103.06217165026612
-995.4621716502633
-231.6621716502694
-366.66217165028183
-335.06217165026885
893.737828349739
504.93782834973905
-1293.4621716502716
1156.9378283497279
1055.5378283497441
-788.662171650267
-1509.4621716502538
828.937828349725
761.5378283497412
-929.2621716502736
-996.2621716502565
364.93782834973626
-979.4621716502735
-2847.262171650266
-19.86217165026598
729.7378283497166
-28.862171650258333
1448.9378283497206
-3310.2621716502763
-1896.2621716502888
-1529.0621716502899
-959.8621716502577
-2470.2621716502745
-564.4621716502423
-2242.462171650216
-1796.6621716502877
2147.3378283497427
1767.537828349735
1465.5378283497444
761.5378283497329
-191.06217165027175
-335.062171650273
-822.4621716502585
-1714.062171650284
-1918.2621716503093
-1557.4621716502973
1038.9378283497347
824.5378283497225
-231.2621716502755
-1152.6621716503053
-1270.2621716502526
-484.66217165028996
-820.2621716503112
-415.262171650262
-912.4621716502559
190.13782834972503
-1492.0621716502671
-1958.0621716502426
-1571.2621716502629
-3559.0621716502346
-2122.0621716502765
-2164.462171650253
-618.0621716502665
-1780.2621716502174
-1200.062171650281
-922.0621716502748
-1509.0621716502849
-2641.862171650299
-376.86217165026227
1516.337828349743
2341.9378283497676
718.9378283497103
1018.3378283497256
978.5378283497346
-703.8621716502677
-1633.462171650268
-400.06217165026965
371.73782834974907
1873.1378283497356
1280.3378283497348
1653.7378283496985
-812.4621716502619
-468.06217165027215
-158.8621716502709
-2294.662171650286
97.13782834972754
-379.66217165028337
343.33782834973755
125.53782834973211
-327.26217165027816
-939.4621716502555
-1910.2621716502563
-417.8621716502486
-1504.2621716503086
-544.8621716502612
-1294.8621716502764
-319.26217165027833
-3.2621716502697353
-1344.4621716502854
-857.0621716502488
-116.06217165026635
-384.462171650268
1747.5378283497691
-375.86217165027136
38.73782834973151
1435.3378283497095
-1101.4621716502666
-692.8621716502763
500.7378283497272
812.137828349727
1746.7378283497555
-755.0621716502658
146.7378283497382
-1718.0621716502367
-864.46217165026
1905.9378283497497
-116.06217165026956
1138.3378283497243
-60.26217165026084
744.3378283497216
840.3378283497243
1113.5378283497432
-984.8621716502831
-1053.262171650268
386.93782834973695
-1161.662171650271
-2240.262171650247
-1032.4621716502693
512.737828349738
1250.1378283497133
-2635.062171650241
-2440.6621716502063
-2097.662171650299
-1317.46217165029
1365.137828349706
219.73782834973355
-1287.2621716502588
347.137828349739
-754.8621716502604
513.9378283497581
1663.737828349718
416.9378283497279
-92.46217165027122
-91.46217165027534
-818.8621716502628
-1891.262171650216
-2232.0621716502683
380.137828349733
163.93782834972862
-119.06217165026423
490.1378283497391
-34.06217165026062
-981.2621716502796
456.33782834972567
-1703.4621716502638
-1381.8621716502807
390.93782834973126
325.1378283497329
-644.8621716502656
104.93782834973123
1303.5378283497266
230.33782834973917
-1508.0621716502556
-185.86217165025178
-1265.0621716502635
-1814.862171650306
982.9378283497196
1607.7378283497312
-420.06217165026646
1663.3378283497414
1057.9378283497178
1435.9378283497465
2025.5378283497396
-33.26217165026453
-360.0621716502645
-307.6621716502729
255.13782834973952
-118.66217165026757
-1171.262171650295
752.7378283497345
-661.0621716502818
121.33782834973225
1794.7378283497653
1749.5378283497535
-2387.462171650232
-1024.8621716502619
13.537828349734752
-48.662171650267396
206.3378283497316
112.53782834973184
1722.537828349728
1146.7378283496946
38.737828349734954
104.33782834973138
-1289.4621716502681
295.53782834973686
-2354.0621716502815
-1441.2621716502954
229.53782834973464
-1345.4621716502756
-910.4621716502421
-421.86217165027017
-1528.6621716502864
-1052.0621716502808
-1554.862171650298
542.1378283497319
311.73782834972576
-1292.662171650249
-21.262171650262133
320.9378283497381
331.5378283497329
2237.3378283497586
556.5378283497363
-818.6621716502792
119.13782834973799
535.3378283497456
-916.0621716502835
-1705.4621716502845
-1469.4621716502772
-1702.2621716502717
346.33782834973533
-191.06217165026533
1133.537828349725
1582.7378283497123
1151.7378283497333
-326.06217165026624
-31.062171650270848
255.53782834973134
-1392.8621716502726
295.73782834972627
-921.8621716502537
-999.4621716502647
367.7378283497164
309.13782834973404
-1064.0621716502626
546.1378283497329
-1077.6621716502345
-1746.0621716502037
-2031.6621716502545
-381.26217165026645
1834.7378283497349
1323.9378283497197
-1281.2621716502663
1867.9378283496762
686.737828349741
-920.0621716502638
-839.2621716502658
-152.66217165027024
700.9378283497259
-901.4621716502695
-1571.8621716502043
-93.46217165026589
445.1378283497286
-1071.462171650263
-1231.0621716502662
1686.3378283497073
1423.137828349763
385.73782834972377
1293.7378283497055
950.9378283497422
-551.4621716502693
1020.7378283497146
-398.2621716502736
-2305.2621716502636
-940.8621716502603
287.33782834973874
70.7378283497311
-882.2621716502479
-1656.8621716503048
-658.6621716502412
-1742.4621716502727
231.73782834972084
-157.86217165024902
48.13782834972818
801.7378283497237
809.337828349744
270.73782834973713
-246.2621716502684
795.7378283497306
-797.2621716502871
-156.2621716502645
1301.3378283497282
330.1378283497274
165.33782834973084
-132.86217165026267
-1185.2621716502904
-3216.862171650233
-1984.8621716502703
1790.937828349716
336.73782834973633
873.337828349721
85.53782834973214
-1399.8621716502628
21.737828349735352
-2490.262171650285
-2614.662171650261
-323.6621716502625
-745.2621716502623
-964.2621716502299
-2425.462171650299
-3226.2621716501917
-869.662171650246
265.33782834973255
-73.66217165026774
-1389.2621716502742
-1270.8621716502403
273.5378283497304
-3443.4621716502343
-1042.6621716502652
-139.06217165026627
82.33782834972911
-766.4621716502575
55.73782834973968
107.53782834972881
-612.6621716502722
-173.6621716502697
-528.4621716502879
-584.8621716502702
-2610.2621716502476
-2115.062171650276
1615.9378283497254
-217.06217165026234
-509.06217165028045
421.93782834973825
1627.137828349693
660.1378283497314
-1338.6621716503075
-1543.4621716502281
15.137828349737582
722.7378283497505
-1289.262171650271
-801.8621716502385
-275.4621716502644
-1270.6621716502148
759.1378283497354
-950.8621716502391
-1490.862171650266
-872.2621716502665
-2147.2621716501612
-2456.4621716502743
-806.2621716502774
-289.2621716502626
-881.662171650269
-732.2621716502689
54.537828349724904
180.7378283497236
457.33782834973306
121.93782834972768
-311.6621716502684
-279.2621716502722
-32.46217165026072
-50.66217165026732
733.1378283497228
-742.8621716502653
-323.86217165026494
-433.06217165026396
496.13782834973966
-130.4621716502681
73.73782834972103
-303.26217165024144
-404.6621716502838
916.7378283497465
-1689.6621716502807
-2356.262171650311
-645.0621716502775
-2479.062171650268
-2295.2621716502595
-1592.8621716502398
-1689.6621716502652
-591.6621716502736
-2007.2621716503259
-577.0621716502683
-1718.6621716502846
-1725.4621716502768
-660.6621716502683
595.5378283497316
459.3378283497239
148.7378283497306
882.1378283497521
530.337828349705
2714.9378283496894
391.33782834973596
-50.66217165026413
-409.26217165026816
195.9378283497414
782.937828349739
259.9378283497297
-599.4621716502709
-751.8621716502699
-622.6621716502774
-2356.462171650222
-114.26217165028092
-1410.8621716502305
-1701.062171650232
-2397.2621716502777
-4097.2621716502035
-1540.2621716503343
-1578.4621716502545
-1826.86217165027
901.937828349725
-1225.662171650275
-2265.2621716502936
-1338.4621716502745
96.93782834973345
-338.4621716502668
-1023.2621716502622
538.9378283497299
-606.6621716502617
1954.9378283497158
2062.33782834973
498.7378283497439
1265.3378283497361
2630.337828349766
410.73782834973935
158.5378283497356
727.7378283497171
-508.26217165027396
-548.6621716502711
-422.6621716502706
-1981.0621716502553
-562.2621716502715
-730.6621716502651
-522.6621716502593
-238.06217165028667
-691.0621716502756
-2420.6621716502823
-2415.262171650261
-1444.0621716502699
-1772.0621716502853
-1694.6621716502377
-856.4621716502999
-928.8621716502469
-1797.862171650251
-1379.8621716503003
-510.06217165027067
-527.462171650268
1225.137828349747
508.5378283497304
-84.06217165027181
725.7378283497534
441.13782834974546
-169.86217165026565
-151.46217165026357
1960.937828349711
20.137828349732047
-1253.6621716502764
-636.4621716502716
-831.262171650274
304.53782834973356
-232.46217165026945
-1070.6621716502768
-1106.2621716502686
-722.4621716502685
528.9378283497276
831.5378283497354
-271.2621716502862
582.7378283497276
-2549.862171650286
-2372.8621716503058
-1122.6621716502825
-455.06217165025083
-3060.262171650258
651.13782834974
268.3378283497294
-820.6621716502647
482.73782834973366
128.13782834972784
-11.26217165026683
-901.062171650264
-228.86217165027168
1231.1378283497804
1286.3378283497086
1905.737828349747
235.3378283497377
1748.7378283497073
2334.1378283497183
254.53782834973003
939.537828349719
601.7378283497414
-1340.6621716502732
2068.7378283497487
935.7378283497139
-800.8621716502901
-58.662171650271034
-1249.2621716502772
-1536.2621716502874
126.3378283497312
-322.26217165028345
-249.66217165026728
-2235.862171650309
-2515.262171650325
-2156.8621716502685
-216.26217165027703
-2118.0621716502455
-1523.2621716502622
-650.2621716502706
2108.537828349716
-401.26217165028146
-1679.062171650247
318.5378283497312
-355.8621716502647
-89.46217165026084
3085.9378283497617
2199.9378283497085
945.3378283497419
1858.3378283496618
-520.6621716502676
735.1378283497287
793.9378283497524
2963.937828349732
2537.1378283497384
-481.6621716502669
860.7378283497503
229.1378283497325
-157.66217165026748
-1211.6621716502877
-669.2621716502686
-3253.062171650316
-1675.8621716502794
-345.86217165027904
-2164.4621716502693
-748.8621716502851
-1494.0621716502735
-1845.6621716503046
-1458.662171650207
-358.0621716502737
-630.062171650268
-2111.462171650298
-1029.2621716502424
-2526.4621716502916
-1521.862171650273
98.73782834972357
-454.6621716502644
1127.7378283497221
1126.1378283497459
718.137828349732
-408.4621716502745
485.3378283497319
-155.06217165027334
484.93782834973194
1628.7378283497312
1711.737828349795
3151.7378283497637
1053.9378283497433
336.7378283497353
128.93782834974286
1241.7378283497549
-631.6621716502606
-423.8621716502775
1134.137828349721
-478.6621716502742
425.5378283497362
-2060.4621716502656
86.73782834972576
-1149.8621716502762
-1441.2621716502674
-1060.062171650284
-1346.0621716503047
127.73782834973397
-2061.2621716502654
-1250.2621716502515
-75.4621716502666
-1274.2621716502665
589.7378283497225
-840.6621716502589
1563.7378283497353
1210.3378283497168
363.5378283497305
-1199.4621716502734
-645.862171650263
1292.9378283496678
-368.4621716502668
1383.5378283496702
-631.2621716502688
817.9378283497537
397.9378283497303
1393.1378283497288
1959.3378283497314
561.5378283497279
1807.5378283497203
-1504.662171650263
308.9378283497358
-1880.2621716502586
239.93782834973487
-182.06217165027144
-542.0621716502632
-1591.662171650282
-145.66217165027425
1044.537828349725
443.5378283497378
12.937828349732996
153.73782834973193
-405.46217165027144
246.937828349735
-1157.862171650274
686.7378283497355
-1104.062171650279
776.5378283497397
1335.337828349712
1412.1378283496801
-406.06217165026897
-843.2621716502667
185.9378283497374
-409.2621716502686
2036.737828349743
-1624.862171650262
-1611.2621716502806
-617.2621716502626
1627.937828349729
3.9378283497339623
204.73782834973295
572.9378283497334
1036.537828349717
-1468.8621716502546
-1187.4621716502822
262.13782834973455
-291.0621716502721
-2223.662171650256
-1765.062171650275
-1516.4621716503073
-890.6621716502697
-1593.0621716502312
-786.4621716502785
-19.862171650272295
-1010.6621716502917
-1698.662171650257
-1476.862171650282
1750.3378283497207
-162.06217165026774
1583.9378283497633
405.73782834972775
438.9378283497179
-805.0621716502645
-725.8621716502702
-966.6621716502732
534.1378283497355
222.9378283497317
-780.462171650275
505.13782834973244
-1653.262171650276
676.5378283497388
1078.137828349735
696.337828349728
-917.4621716502708
1600.9378283497308
1530.1378283497606
1346.3378283497257
-858.6621716502989
-917.8621716502587
-2004.6621716502439
-864.4621716502772
-524.262171650262
639.7378283497271
-1818.26217165028
-1055.6621716502843
-1145.262171650245
-281.062171650263
-749.6621716502724
362.93782834973393
-44.26217165026518
103.5378283497264
315.13782834973796
-82.46217165026277
-388.6621716502701
-428.662171650265
-1521.6621716502807
-1016.6621716502632
931.9378283497286
1184.3378283497075
1109.537828349725
-274.26217165025923
-1874.6621716502748
143.3378283497282
-94.86217165027021
-286.0621716502701
706.1378283497286
340.1378283497271
-134.6621716502642
-1396.8621716502348
-1362.662171650242
704.3378283497118
242.9378283497312
563.5378283497321
-535.0621716502623
495.73782834972974
-313.4621716502543
-364.6621716502662
-1514.2621716502733
-1944.8621716502735
613.9378283497127
493.13782834974387
919.7378283497392
492.3378283497276
-1366.262171650266
779.9378283497301
203.13782834973475
100.53782834973967
-484.2621716502634
-1214.262171650288
-949.8621716502619
-204.46217165026937
1200.7378283497492
329.7378283497248
-484.86217165027176
-333.6621716502629
-1108.2621716502624
1511.7378283497405
-799.6621716502794
-614.262171650267
-366.8621716502665
29.937828349732662
1356.1378283497288
-2042.062171650299
-634.6621716502718
471.13782834972943
-300.86217165026585
-909.0621716502761
1578.9378283497356
415.337828349739
21.73782834973119
-172.2621716502722
1208.1378283497297
-1936.0621716502926
-46.4621716502662
-1569.0621716503003
-284.0621716502595
590.7378283497351
1422.7378283497185
532.9378283497296
752.1378283497529
-556.8621716502557
741.7378283497461
-386.4621716502742
-605.0621716502717
223.13782834973017
1390.1378283497222
579.3378283497312
252.93782834973416
201.5378283497349
-1033.6621716502514
-430.6621716502663
450.9378283497447
-1709.862171650277
139.93782834973422
-1279.4621716502838
-1110.6621716502423
-178.6621716502601
1177.9378283497324
1159.9378283497306
532.5378283497289
-613.8621716502402
-608.6621716502672
-521.0621716502701
1255.9378283497333
-440.6621716502699
-1041.862171650264
-1195.062171650288
850.1378283497212
-358.06217165026874
-1845.6621716502696
-1228.462171650273
421.53782834972463
-1003.0621716502848
2269.7378283497583
-1508.262171650253
-81.06217165026216
829.9378283497241
-636.6621716502821
1612.1378283497065
1053.737828349719
-690.2621716502497
-883.262171650297
-3.862171650264507
-1212.6621716502827
-946.0621716502868
881.5378283497339
1440.3378283497195
-427.8621716502719
-245.06217165026493
648.7378283497344
-851.0621716502809
-1662.0621716503042
-1940.4621716502322
-1185.0621716502917
-229.4621716502578
29.337828349734878
55.737828349732844
365.93782834972694
1291.1378283497158
-13.662171650267876
698.9378283497128
12.137828349733446
976.337828349741
848.5378283497296
311.9378283497327
-1095.262171650289
-1778.462171650251
292.9378283497297
-124.6621716502674
-1923.2621716502665
-98.26217165026382
1338.5378283496902
1767.1378283497327
303.1378283497338
109.33782834974377
-156.0621716502642
624.7378283497225
320.5378283497255
356.53782834974265
-101.46217165026874
-158.86217165026764
-1266.6621716502586
-457.262171650282
482.33782834972607
570.9378283497276
-327.2621716502751
289.33782834973465
-98.26217165026324
39.93782834974135
315.53782834973896
1253.3378283497302
-118.26217165025443
1119.7378283497626
248.53782834973686
344.53782834973487
722.9378283497539
1210.9378283497438
-347.862171650266
-24.862171650261224
-1441.2621716502726
-2800.662171650287
-419.2621716502631
2125.337828349767
961.5378283497619
-385.66217165026745
-301.2621716502688
1561.3378283496943
1842.1378283497484
430.7378283497405
-119.86217165026474
735.5378283497298
-394.66217165027035
-426.6621716502208
-1519.0621716502274
-1015.0621716502811
-924.4621716502563
-284.46217165026223
-1275.0621716502753
-884.8621716502797
-1198.0621716502606
524.9378283497417
-248.8621716502733
-252.26217165027072
276.93782834973314
424.9378283497357
374.1378283497392
-1152.662171650262
29.13782834973378
-697.8621716502746
-289.66217165027643
302.7378283497267
-1519.4621716502613
-98.86217165026451
1915.7378283497435
163.1378283497338
-969.2621716502717
-481.66217165026603
-620.2621716502751
-424.8621716502709
-18.662171650268476
52.73782834973572
818.5378283497135
266.33782834973437
665.7378283497465
681.7378283497325
-461.46217165026815
375.9378283497202
-226.8621716502683
-496.6621716502886
-2150.6621716502877
-146.66217165026995
109.73782834972891
373.3378283497345
503.337828349745
-433.06217165027726
-745.4621716502428
-399.2621716502697
1162.5378283497387
1114.1378283497263
1075.1378283497459
2242.137828349737
570.7378283497314
1680.7378283497358
-173.862171650272
-154.8621716502622
245.13782834974336
-971.4621716502655
-1346.0621716502858
-455.26217165028015
-200.26217165026603
-344.46217165026786
705.9378283497438
-124.26217165026614
-151.26217165027407
106.33782834973303
832.937828349704
1108.7378283497344
455.5378283497487
748.9378283497284
694.3378283497493
-232.66217165026222
-902.0621716502673
-131.26217165026986
1502.1378283497409
2804.1378283496833
-509.0621716502847
410.137828349725
-826.8621716502662
-695.4621716502678
1102.7378283497183
-30.26217165026739
-793.0621716502682
1397.5378283496939
-102.26217165026146
321.13782834973017
-421.46217165027593
-2008.0621716502685
-2057.2621716502395
-87.26217165026128
-1349.8621716502737
-346.86217165026915
-417.26217165026605
-398.4621716502672
1125.7378283497312
-626.6621716502699
191.73782834973468
-581.4621716502776
-1228.6621716502746
-1596.6621716502816
942.1378283497271
311.73782834973446
1066.7378283497223
1326.5378283497305
583.1378283497183
-121.26217165026614
633.1378283497381
1224.3378283497316
-1466.462171650261
-422.46217165027565
1028.737828349714
684.737828349742
115.13782834973136
1047.3378283497373
-1244.8621716502623
-321.8621716502677
-2186.2621716502204
-1430.0621716502515
-980.8621716502338
880.5378283497267
-54.26217165026421
108.33782834973286
630.3378283497442
-1117.8621716502685
-274.06217165026294
1880.1378283497472
1634.5378283497273
-933.4621716502685
-72.66217165027037
1519.9378283497265
1752.537828349746
-561.8621716502606
1106.5378283497412
288.9378283497385
-563.6621716502668
-1573.462171650274
527.5378283497171
610.1378283497306
-1869.2621716502692
-570.0621716502824
-529.6621716502536
879.5378283497275
1109.1378283497484
-83.6621716502678
-423.26217165026793
-207.06217165026243
229.13782834973694
38.73782834973301
-2098.6621716502023
-1267.0621716502726
-1084.6621716502739
447.3378283497442
-665.6621716502574
626.3378283497284
1814.1378283497156
-843.0621716502671
895.9378283497275
1889.1378283497297
1790.1378283497388
883.1378283497297
-935.4621716502642
-835.4621716502704
283.7378283497309
1005.1378283496986
-194.06217165026482
-1390.662171650264
790.5378283497522
-1451.4621716502643
-2508.2621716502836
-657.6621716502611
-2066.4621716502697
743.9378283497408
359.33782834974147
-772.6621716502735
-495.8621716502655
-239.26217165026287
-387.46217165026945
-237.26217165026605
-1582.2621716502704
-418.66217165026603
-441.0621716502699
-1488.8621716502716
133.93782834972302
-495.2621716502617
-477.86217165026636
836.7378283497469
599.9378283497358
-855.8621716502718
889.1378283497534
1733.5378283497014
1214.3378283497373
-307.8621716502655
-434.46217165026485
-704.262171650271
-243.6621716502675
1563.3378283497152
1492.737828349731
-309.0621716502691
3121.7378283497123
2000.937828349766
-239.86217165026815
-1003.4621716502663
1162.3378283497457
2024.137828349761
247.9378283497384
-817.4621716502683
1261.1378283497318
360.13782834973296
-2478.4621716502766
-1456.062171650261
-1464.662171650261
-1521.2621716502713
372.53782834973697
