-403.4464342435074
95.55356575647596
-127.04643424351956
-664.0464342435239
164.3535657564834
93.95356575647799
-255.64643424352064
-117.64643424352171
-5.446434243521157
-919.2464342435238
-1848.8464342435232
-1569.4464342435253
-82.24643424352291
-18.4464342435189
29.95356575648205
-756.6464342435174
-1049.84643424352
-573.4464342435185
92.35356575647981
57.35356575647567
-622.4464342435139
-536.646434243528
-867.0464342435384
-551.2464342435236
-384.84643424352475
-151.84643424351978
-497.6464342435245
92.15356575648092
858.7535657564799
189.95356575647847
-60.44643424352363
221.55356575648048
1134.7535657564808
911.7535657564821
705.9535657564733
-109.44643424351523
1122.7535657564854
1604.753565756492
243.15356575648482
131.55356575647662
222.55356575648176
-304.6464342435229
-395.64643424351794
-582.2464342435255
847.5535657564787
753.5535657564878
1114.3535657564894
1227.5535657564897
631.9535657564819
730.3535657564788
1054.7535657564908
1321.5535657564817
540.55356575648
293.75356575647857
-254.64643424352496
343.95356575647753
108.75356575648311
-179.24643424352232
-310.0464342435194
-692.4464342435178
-14.246434243522515
930.953565756479
157.95356575647716
276.5535657564737
1316.1535657564743
-244.64643424351956
0.15356575647864013
-65.24643424352189
191.35356575648115
1146.1535657564825
-249.8464342435163
-639.6464342435144
-912.2464342435171
-252.44643424352049
-558.4464342435202
-1396.2464342435167
-285.24643424352263
-873.8464342435223
-763.8464342435179
242.95356575647742
-64.84643424352508
-160.4464342435202
-259.2464342435181
123.15356575647996
-678.8464342435315
-753.6464342435252
-1533.6464342435233
-66.04643424352201
-0.8464342435195356
-634.2464342435195
-1055.2464342435176
-352.04643424351815
765.753565756475
44.15356575648424
-677.0464342435181
-679.6464342435247
984.3535657564846
-895.8464342435194
73.75356575647983
209.15356575647982
358.35356575648024
133.55356575647932
18.353565756482368
742.3535657564689
451.95356575647696
167.75356575647857
-485.4464342435208
-272.84643424352424
172.55356575648074
-283.8464342435219
10.553565756478772
395.75356575648004
90.15356575647807
-124.24643424352598
238.7535657564784
96.55356575647905
-991.4464342435251
-77.24643424352465
1015.9535657564797
1167.3535657564853
240.9535657564812
-219.04643424352122
-892.4464342435147
-426.44643424352205
240.15356575648215
-1188.0464342435134
-1490.2464342435078
-717.2464342435138
855.7535657564819
-380.04643424351735
-134.24643424351967
355.5535657564829
916.3535657564908
1599.35356575648
344.5535657564851
-290.04643424352207
-51.646434243519764
-26.24643424352172
-425.6464342435171
-285.4464342435175
506.55356575648034
449.9535657564812
874.5535657564732
797.3535657564843
-825.8464342435232
-1542.8464342435182
-1164.8464342435097
-879.8464342435173
101.55356575647912
820.5535657564797
749.5535657564833
1444.1535657564712
763.153565756469
604.9535657564754
468.7535657564818
361.15356575648264
588.3535657564836
-642.246434243519
-308.44643424352495
102.75356575647943
111.1535657564817
-294.0464342435197
-231.24643424352027
146.95356575648134
691.9535657564704
1518.553565756492
422.9535657564808
-419.4464342435191
-320.2464342435159
-968.8464342435111
650.5535657564775
-154.04643424351846
792.3535657564803
977.553565756472
422.9535657564797
172.95356575648123
-993.6464342435133
-1168.4464342435292
-991.446434243534
-1258.6464342435406
-1305.8464342435182
360.15356575649173
-185.6464342435191
497.15356575648343
65.95356575648066
-885.8464342435218
30.95356575648034
646.1535657564829
-68.24643424351962
93.35356575648032
51.75356575647466
218.75356575647893
26.35356575648375
100.95356575648118
340.55356575647914
-498.64643424352204
365.35356575648206
1189.3535657564814
709.5535657564865
536.7535657564787
301.35356575648143
-721.2464342435146
591.1535657564768
-166.64643424352113
844.7535657564796
1286.1535657564752
-128.44643424352384
-830.0464342435192
-1170.6464342435315
784.3535657564782
316.7535657564781
-742.0464342435304
-951.4464342435203
-5.846434243524165
-231.6464342435228
-673.8464342435221
-1095.0464342435273
-1033.046434243527
242.95356575648535
531.9535657564795
316.35356575647904
-236.246434243524
-255.24643424352072
-71.04643424351791
-298.8464342435182
949.353565756481
450.55356575647636
309.7535657564815
-424.0464342435219
1001.7535657564716
1152.9535657564736
778.3535657564726
1462.5535657564944
95.55356575648474
85.35356575648382
-1015.6464342435257
-368.8464342435181
963.5535657564948
-273.6464342435173
-193.44643424351955
-152.84643424352032
-610.4464342435086
-868.8464342435224
124.95356575648037
525.5535657564755
510.7535657564771
-1191.446434243517
-1463.8464342435343
-1283.246434243528
-374.0464342435234
732.1535657564814
750.1535657564773
734.3535657564864
-1050.8464342435138
-354.64643424353085
-149.8464342435186
303.7535657564777
458.153565756479
-340.84643424351776
-425.2464342435174
-1255.6464342435097
513.1535657564785
519.1535657564815
143.75356575647692
1186.353565756478
1329.1535657564734
810.5535657564795
-826.0464342435217
-670.6464342435252
659.1535657564772
366.95356575647673
138.1535657564829
1.353565756479517
-1417.846434243532
-1192.2464342435153
31.953565756481005
-222.64643424352786
256.35356575648046
-1298.2464342435346
-1046.0464342435305
-873.8464342435209
-66.84643424352151
-712.6464342435225
-395.64643424351846
814.9535657564804
62.153565756476276
234.75356575647677
-10.04643424352357
1142.3535657564848
-167.4464342435201
1.753565756480981
177.3535657564799
96.3535657564749
625.5535657564811
96.35356575648008
-438.0464342435198
-595.4464342435215
-27.24643424352059
965.5535657564769
-452.64643424352414
-1436.0464342435348
-870.0464342435338
-192.84643424352944
-1118.646434243507
-586.0464342435312
-298.84643424351975
-889.2464342435112
-2006.0464342434898
-2116.8464342435113
-517.2464342435275
-712.2464342435181
-758.4464342435206
-1257.246434243522
-930.2464342435214
226.95356575648213
843.1535657564687
1331.7535657564745
606.9535657564783
769.7535657564786
8.553565756474473
646.7535657564863
-236.2464342435217
186.9535657564796
954.9535657564741
1374.7535657564797
602.5535657564799
1175.3535657564778
1911.5535657564717
187.35356575647978
357.1535657564785
1269.9535657564772
-996.0464342435151
-588.0464342435199
-288.64643424352715
-813.0464342435263
-1016.2464342435203
-407.24643424352445
-311.2464342435222
-434.64643424351794
-1499.0464342435296
-1673.4464342435126
-1559.8464342435602
-1165.446434243504
585.753565756478
149.75356575648553
-1444.446434243523
178.55356575647974
1953.5535657564621
1312.1535657564784
679.3535657564821
416.35356575647523
-116.44643424352263
344.9535657564783
-522.0464342435185
-624.0464342435268
-235.64643424352258
781.3535657564797
-129.04643424352577
-506.24643424352064
836.3535657564761
121.95356575648199
122.1535657564765
-393.4464342435209
-1420.0464342435037
-547.6464342435231
-449.84643424351
-890.8464342435358
-728.6464342435271
134.1535657564727
-1499.446434243546
-1828.446434243549
-662.6464342435249
-273.0464342435258
-1346.4464342435242
-328.2464342435458
1566.9535657564861
1195.9535657564775
248.95356575648043
122.95356575647747
1123.5535657564985
1362.9535657564804
747.3535657564781
-872.8464342435148
626.3535657564797
440.5535657564825
-13.04643424352024
244.5535657564792
145.35356575648152
1695.153565756486
1605.1535657564834
-326.24643424351956
-693.4464342435249
-568.0464342435296
-100.24643424352047
437.7535657564867
-505.04643424351195
414.15356575648076
-257.84643424352663
-2386.2464342435123
-1330.2464342435267
-564.0464342435299
-1531.8464342435218
-1668.6464342435481
-410.2464342435207
-743.4464342435244
1205.3535657564796
829.3535657564765
913.7535657564741
1392.9535657564954
2052.153565756495
442.3535657564796
1840.953565756482
2247.953565756489
648.553565756481
-574.6464342435215
772.3535657564793
-417.4464342435188
-603.8464342435199
-476.8464342435207
201.9535657564802
888.9535657564724
1329.9535657564895
445.5535657564793
-1932.6464342435222
-1632.2464342435376
-1734.646434243538
-125.24643424352254
-1148.0464342435248
-1177.8464342435054
-1775.0464342435437
-2958.84643424352
-3726.2464342435283
-2086.246434243518
-1201.2464342435348
-1949.046434243532
-2288.4464342435176
-1268.846434243537
-391.8464342435216
-1480.046434243524
-615.8464342435219
-552.6464342435223
156.55356575647926
430.15356575647945
1610.7535657564595
2210.5535657564706
1084.3535657564858
778.1535657564741
1420.5535657564799
326.55356575648347
119.35356575649178
-633.8464342435221
1041.3535657564764
1346.1535657564918
1028.1535657564677
850.9535657564645
-447.4464342435218
-189.04643424352105
-1232.046434243528
-964.6464342435138
-114.44643424352617
-2006.846434243505
-2369.846434243526
-149.2464342435233
-2627.0464342435257
-2418.2464342435132
-437.6464342435111
-301.4464342435199
-518.8464342435157
-1365.4464342435151
-872.6464342435228
-760.846434243518
-378.2464342435202
-355.0464342435219
-869.4464342435178
1546.3535657564785
2146.953565756484
541.5535657564784
692.7535657564765
1058.953565756475
-749.2464342435195
-1455.2464342435246
-290.44643424352296
-1239.0464342435237
442.75356575647754
773.9535657564804
813.9535657564786
1451.953565756483
401.3535657564926
-0.24643424352434806
-265.6464342435213
-1767.2464342435337
-1107.0464342435246
-1970.2464342435358
-2417.0464342435243
456.55356575647977
-401.8464342435195
-1872.2464342435035
-1914.4464342435067
-1821.6464342435293
297.9535657564821
-43.646434243519224
406.15356575648104
213.15356575648192
-1048.8464342435225
-948.6464342435065
-845.6464342435158
1063.3535657564828
820.153565756464
-509.246434243528
119.9535657564782
1533.9535657564577
-1111.8464342435252
-2091.046434243535
-863.6464342435174
-1409.6464342435174
-426.0464342435235
-164.84643424352635
1322.553565756501
2442.953565756492
930.3535657564538
98.75356575648215
227.5535657564776
-250.24643424352269
300.9535657564838
203.15356575647763
118.35356575647988
675.9535657564805
-1156.2464342435114
-1708.4464342435067
-1122.0464342434952
-1888.2464342435435
-207.24643424351842
-168.44643424352066
-743.8464342435171
-591.6464342435212
-597.2464342435201
-793.8464342435173
70.75356575647398
180.3535657564904
-953.6464342435102
99.15356575648676
1714.3535657564785
2424.9535657564275
542.7535657564791
-459.04643424352423
-282.0464342435251
-449.44643424351693
-165.04643424351863
574.153565756482
1274.5535657564667
2345.3535657564976
1982.7535657564868
531.3535657564782
12.953565756480145
121.75356575648199
-543.6464342435233
-945.6464342435249
-466.8464342435101
158.35356575647117
-21.246434243518664
-649.6464342435194
-1283.4464342435406
-1390.2464342435278
-1105.2464342435112
-1618.4464342435272
-1523.4464342435358
428.5535657564766
940.5535657564789
-416.8464342435144
-466.8464342435173
-558.2464342435244
-774.8464342435232
1122.5535657564778
708.5535657564894
-434.44643424352387
-994.4464342435298
-1542.2464342435092
64.15356575647783
774.1535657564834
-175.0464342435231
-414.2464342435234
-1444.2464342435305
-446.4464342435197
949.1535657564841
481.3535657564798
107.75356575647848
10.35356575648385
14.353565756479105
-1590.6464342435222
-1663.2464342435144
-409.84643424352873
45.153565756472446
-1197.0464342435273
-619.8464342435256
-2.8464342435222125
-752.4464342435198
-677.6464342435219
-745.8464342435287
678.1535657564762
609.7535657564808
-564.4464342435185
-475.446434243521
-90.0464342435215
-74.64643424352109
468.15356575647917
-208.44643424351972
-168.04643424352335
-567.046434243517
-1145.846434243533
206.7535657564769
1098.3535657564641
714.7535657564786
272.5535657564797
-1426.8464342435075
-50.446434243521324
323.15356575647934
-601.4464342435137
-2399.446434243516
-2132.6464342435243
107.35356575648328
-677.0464342435151
-435.04643424352145
-732.0464342435199
-683.0464342435153
-618.24643424351
-399.0464342435259
-345.44643424353757
-1437.4464342435365
-175.84643424353257
-748.0464342435383
-656.446434243509
-439.2464342435211
-1.4464342435217574
811.9535657564834
515.553565756479
1211.5535657564765
1105.5535657564756
263.95356575647827
651.1535657564807
944.3535657564813
-30.84643424352262
211.7535657564765
477.1535657564801
836.7535657564785
763.1535657564759
-1249.8464342435145
-1269.2464342435196
-873.8464342435234
-45.04643424352501
-579.0464342435188
-847.6464342435187
-2059.2464342435233
-1374.8464342435132
-448.8464342435194
-1735.0464342435255
-1774.8464342435232
-1496.4464342435404
-797.4464342435136
-447.64643424352346
-374.84643424352316
480.1535657564761
149.15356575647965
-721.846434243524
-180.2464342435196
1288.553565756473
1368.9535657564695
642.353565756474
284.15356575647695
-472.04643424351684
-354.6464342435212
486.5535657564756
1069.953565756486
1469.9535657564888
988.5535657564806
1632.1535657564657
740.5535657564781
235.35356575648512
-79.24643424352203
418.75356575647703
642.5535657564703
132.1535657564786
-21.246434243520866
-341.44643424352256
-2108.0464342435143
-3070.4464342435244
-1249.8464342435177
-1055.846434243523
-58.64643424352472
-1279.2464342435278
-728.4464342435147
-848.6464342435248
-2299.2464342435064
6.153565756475736
-8.246434243524895
-503.64643424352056
-222.8464342435252
-112.24643424352232
-1205.4464342435267
-1430.8464342434925
-49.04643424351909
29.553565756479205
533.1535657564831
39.553565756478974
169.15356575647843
1029.9535657564768
-155.2464342435244
-152.24643424351646
755.5535657564865
924.3535657565023
1133.5535657564808
1647.1535657564614
-222.0464342435169
-1169.8464342435184
-421.0464342435168
-806.8464342435253
-983.44643424352
-224.2464342435233
-115.24643424351878
-336.046434243523
11.753565756479603
-1280.4464342435265
-2082.446434243504
-2135.8464342435027
-2505.046434243524
-730.0464342435214
-393.8464342435312
-1629.2464342435042
-1224.6464342435297
60.15356575648162
-782.6464342435171
-2416.046434243472
-676.8464342435234
-834.2464342435204
-6.24643424352036
-27.646434243522034
-550.2464342435217
92.15356575648048
1338.1535657564866
22.55356575647636
1112.1535657564766
356.75356575647675
-243.84643424352296
-175.04643424352042
-1032.646434243518
-994.2464342435247
-914.2464342435298
-1470.846434243525
-621.0464342435242
433.95356575647463
847.5535657564807
-205.0464342435212
-201.646434243515
-1389.4464342435267
-1362.4464342435344
-876.2464342435139
-300.84643424351685
384.35356575648444
306.3535657564762
-708.6464342435235
-654.6464342435136
-346.04643424351724
-504.24643424351945
-1318.4464342435215
304.95356575648105
-292.84643424352
-469.2464342435239
24.753565756482494
121.15356575648448
520.35356575648
1631.3535657564914
430.95356575648253
775.5535657564715
336.95356575648213
-817.0464342435271
-444.44643424352154
-684.2464342435218
86.15356575647807
266.9535657564777
-897.0464342435184
-1085.6464342435072
50.953565756479364
-736.6464342435124
-1229.8464342435325
-739.4464342435405
-780.2464342435234
-1101.6464342435258
-439.6464342435194
-617.2464342435164
-879.2464342435269
-52.246434243522394
-124.84643424351708
139.9535657564822
763.7535657564807
-1409.2464342435414
-909.6464342435264
-506.64643424351976
-865.8464342435286
368.55356575648074
731.1535657564784
1185.1535657564912
1096.3535657564769
-188.8464342435213
-1300.046434243521
-352.44643424352074
862.7535657564734
-923.0464342435157
-1108.4464342435294
-22.446434243520198
382.7535657564817
811.9535657564853
-1069.8464342435075
-667.0464342435196
-168.24643424352442
-451.4464342435039
-953.2464342435287
-308.8464342435279
-793.0464342435197
-213.04643424352045
72.75356575647501
-881.44643424351
-79.24643424351925
560.9535657564782
417.75356575648186
-79.44643424352105
1000.5535657564755
-630.046434243519
615.3535657564809
613.7535657564747
185.55356575648213
1089.9535657564718
1183.3535657564753
1559.1535657564648
901.9535657564815
398.1535657564809
337.15356575648343
715.3535657564719
388.3535657564828
-652.2464342435214
-1290.4464342435192
154.55356575647923
223.35356575647614
884.5535657564849
-870.6464342435227
-473.4464342435212
3.1535657564759703
-921.0464342435172
-577.4464342435226
1025.753565756475
-544.4464342435177
-313.84643424351407
-374.4464342435279
-326.8464342435271
83.7535657564809
-864.2464342435317
-1192.0464342435132
-463.8464342435235
-1140.2464342435367
-1415.4464342435128
-42.046434243523244
1477.7535657564617
-390.646434243519
918.1535657564882
885.5535657564767
-193.0464342435225
-946.2464342435296
1573.3535657564769
828.1535657564815
520.9535657564833
-188.0464342435221
-1197.0464342435369
-575.6464342435196
842.5535657564704
703.3535657564793
507.95356575647855
-1048.2464342435362
-551.6464342435174
-98.44643424352142
-20.44643424351954
-136.44643424351696
617.7535657564878
-496.24643424352155
-472.84643424352157
-238.04643424351997
-261.2464342435215
-516.6464342435199
-886.0464342435301
-210.2464342435205
148.55356575648167
-406.6464342435222
-365.6464342435179
-843.6464342435291
-95.04643424352028
-884.2464342435247
251.35356575648686
498.5535657564763
160.35356575648146
392.15356575647763
765.1535657564832
-217.44643424351938
429.1535657564717
-324.2464342435195
-710.246434243522
575.5535657564767
526.5535657564792
-1126.0464342435118
-79.64643424352205
-133.04643424352014
289.55356575648466
-624.4464342435173
-49.64643424352319
381.35356575648166
4.153565756479608
-971.646434243524
268.1535657564843
658.9535657564812
514.1535657564805
-267.84643424352373
-393.4464342435206
-98.64643424352309
-679.6464342435273
-973.446434243519
-1286.4464342435174
-1670.046434243531
-1454.4464342435197
-939.2464342435268
-398.04643424351906
-664.0464342435247
-28.246434243526217
1697.95356575647
-397.4464342435211
-502.04643424352116
267.95356575647264
573.5535657564751
1150.7535657564792
1.1535657564762332
-179.846434243524
-1273.6464342435302
-206.24643424351913
1029.353565756485
400.7535657564801
124.35356575647852
-11.846434243519255
44.55356575647998
-70.64643424352388
-250.24643424352467
896.3535657564823
7.153565756479701
515.3535657564803
-257.6464342435216
-1575.2464342435258
-577.2464342435225
-491.64643424352056
387.95356575647827
426.55356575647505
257.55356575647846
62.55356575648352
-637.8464342435224
-660.6464342435272
-187.24643424352294
-83.0464342435185
1349.9535657564804
-303.846434243525
-166.24643424352092
-90.24643424351811
1098.5535657564685
1122.3535657564887
-164.64643424352366
625.9535657564816
40.153565756474144
-408.2464342435258
126.95356575647955
-553.4464342435259
-34.0464342435215
-32.8464342435213
-566.0464342435168
-87.24643424352402
327.7535657564781
1035.9535657564707
28.153565756475814
363.9535657564859
-71.84643424352132
-197.04643424352162
829.5535657564894
396.5535657564812
1339.95356575647
434.55356575648216
685.1535657564802
1026.1535657564884
-226.64643424351806
-121.0464342435242
655.5535657564742
416.5535657564829
1112.9535657564736
-5.84643424351765
488.3535657564771
223.3535657564864
513.1535657564707
9.353565756485278
-67.44643424351992
598.3535657564829
255.5535657564794
78.55356575647885
548.5535657564811
273.5535657564779
-112.64643424352253
-757.246434243514
-1461.4464342435333
-503.2464342435158
-398.64643424352573
-75.84643424352387
-236.04643424352307
-390.8464342435176
-1082.6464342435272
138.35356575647725
404.55356575647954
-716.2464342435156
-191.84643424351495
-818.8464342435282
-382.2464342435157
-104.4464342435249
463.95356575647895
1829.1535657564666
583.9535657564778
-506.44643424351995
221.75356575648152
56.953565756471136
-451.0464342435046
-915.8464342435439
-138.6464342435245
-112.84643424352187
-439.24643424351854
-91.24643424351333
-269.4464342435154
-1192.8464342435313
-1494.0464342435419
-1384.846434243515
-286.8464342435128
-363.8464342435184
-588.8464342435162
-1640.246434243523
-1815.2464342435312
-1064.2464342435214
-126.64643424351678
-0.04643424352024894
-822.6464342435177
-903.6464342435224
-1172.6464342435254
-968.2464342435135
-760.4464342435233
-19.446434243522113
-472.4464342435139
-361.2464342435203
64.75356575648252
-280.4464342435184
-534.6464342435214
-474.2464342435094
161.15356575648246
881.5535657564831
118.75356575647558
-837.4464342435197
26.353565756476865
365.95356575648316
-638.2464342435208
-265.24643424352433
-330.84643424352157
-549.2464342435204
253.75356575647436
-294.0464342435133
662.9535657564804
673.1535657564839
791.5535657564782
525.3535657564842
-284.8464342435219
-184.64643424351863
706.1535657564792
1380.9535657564784
441.55356575647767
-16.646434243519867
-725.2464342435201
-45.24643424352128
5.753565756479706
304.7535657564786
121.75356575647709
-484.04643424352014
-276.8464342435129
642.1535657564802
-317.44643424351966
-498.2464342435213
130.35356575647964
-226.8464342435184
-600.4464342435327
-1046.2464342435344
-1272.2464342434982
-216.2464342435271
-1235.64643424352
-917.8464342435267
-795.0464342435235
141.55356575648278
495.55356575647824
-641.6464342435162
-172.44643424352049
-606.8464342435138
-413.2464342435124
250.35356575647813
-3.046434243517993
-216.64643424352164
23.75356575647949
619.1535657564822
-503.84643424352646
-813.2464342435131
-1997.0464342435341
-117.44643424351946
281.5535657564793
102.55356575647964
-388.2464342435283
260.75356575648163
690.1535657564776
-145.84643424351964
-1038.6464342435315
-1625.2464342435294
-351.64643424352244
-562.046434243527
-184.84643424351466
-548.8464342435235
-1018.0464342435436
-1090.0464342435107
-851.446434243527
307.35356575648285
395.15356575647894
512.1535657564787
272.55356575647716
62.95356575647747
-370.84643424351754
-801.8464342435217
-54.046434243521226
389.953565756477
719.1535657564784
647.5535657564795
1025.3535657564785
800.1535657564776
-876.8464342435259
-425.24643424351643
49.75356575647875
765.1535657564799
364.55356575647846
412.95356575647907
-569.4464342435126
26.153565756479093
346.75356575647606
-932.2464342435335
-1554.4464342435404
-1551.0464342435153
-251.24643424352064
92.55356575647568
-233.2464342435251
-201.4464342435165
-126.24643424352237
762.3535657564806
-98.24643424352374
-631.2464342435158
-302.84643424351975
131.75356575647834
129.95356575647895
-260.24643424352564
-384.04643424351667
-782.6464342435305
139.5535657564758
908.3535657564838
209.15356575648138
-130.24643424351936
92.95356575648
28.15356575647601
496.95356575647793
506.1535657564791
-71.64643424351874
1055.1535657564737
750.1535657564807
982.9535657564782
383.5535657564792
32.953565756477616
266.15356575647763
-381.24643424352536
-139.4464342435256
-282.4464342435195
-471.2464342435138
230.753565756481
-600.6464342435235
-528.8464342435192
-178.84643424352214
893.5535657564775
-248.44643424352373
-744.2464342435125
-392.64643424352533
-926.8464342435221
758.5535657564791
-561.0464342435226
-159.24643424352368
-249.04643424352045
-329.04643424352395
603.1535657564784
317.7535657564833
337.3535657564824
394.75356575648124
-74.24643424352169
-407.6464342435214
595.7535657564824
266.9535657564795
821.5535657564794
828.3535657564927
-112.4464342435238
38.153565756479196
70.75356575647552
-488.646434243523
326.75356575648107
100.55356575647443
-34.04643424352716
-264.8464342435193
546.5535657564794
132.15356575647917
-853.4464342435189
-496.4464342435225
372.7535657564796
-122.64643424352022
315.7535657564824
411.1535657564775
-1006.246434243523
353.7535657564801
-1120.2464342435253
-500.0464342435234
161.55356575648057
-499.24643424352314
-701.0464342435209
-444.44643424352455
1468.3535657564744
1194.1535657564796
225.35356575647802
-148.8464342435139
562.5535657564707
640.153565756484
59.35356575648049
-55.24643424352537
-149.04643424352503
391.75356575647675
-49.446434243520386
-587.4464342435172
-321.4464342435219
-649.4464342435216
-566.2464342435152
-778.2464342435188
1148.1535657564805
483.3535657564795
29.553565756480882
-1439.0464342435212
-86.24643424351895
226.35356575647958
339.35356575648
1045.153565756473
-660.046434243522
-456.0464342435277
-1539.6464342435304
-1030.0464342435234
-194.2464342435236
-1146.446434243526
-605.8464342435237
-10.646434243522165
5.353565756478709
-17.846434243520473
778.5535657564812
1058.1535657564716
1404.553565756474
-158.64643424352252
-837.2464342435169
-905.0464342435233
278.75356575648055
843.1535657564775
277.95356575648043
-193.64643424352562
-1578.6464342435204
-892.6464342435225
-880.2464342435254
-392.84643424351736
422.15356575647917
-665.8464342435021
-1104.446434243518
-2360.0464342434952
-426.8464342435176
-173.24643424351908
-301.8464342435215
640.55356575648
601.1535657564815
382.5535657564792
-424.64643424352187
-171.24643424352092
237.553565756488
93.75356575648233
285.9535657564848
283.9535657564787
-416.4464342435225
177.55356575647906
1073.9535657564836
822.5535657564777
1427.1535657564664
-570.4464342435218
-396.0464342435226
-22.446434243520528
808.7535657564695
-527.446434243519
-953.4464342435198
77.35356575647837
-617.8464342435076
-739.2464342435269
-832.0464342435198
543.1535657564774
-302.8464342435174
-596.4464342435258
-907.4464342435261
-1499.246434243533
-829.4464342435278
-963.8464342435168
-1077.6464342435197
-989.846434243526
-102.84643424352026
1160.1535657564793
19.753565756477492
-878.0464342435184
-496.44643424351943
493.75356575648203
-691.446434243517
-13.646434243516907
903.1535657564779
940.1535657564947
-431.24643424351734
-587.2464342435247
603.9535657564785
31.353565756479636
395.55356575647454
92.15356575648183
35.75356575647875
-174.84643424351873
-469.4464342435227
198.15356575648065
-387.6464342435179
-628.4464342435269
-556.8464342435213
499.1535657564819
-224.84643424352276
-639.2464342435336
-416.0464342435128
-291.64643424351965
-1105.4464342435265
-397.04643424351747
775.5535657564784
-255.6464342435168
392.3535657564888
1686.9535657564893
-377.84643424352487
-46.64643424351806
316.5535657564799
120.1535657564837
90.3535657564784
947.5535657564907
1355.3535657564946
1628.9535657564902
564.55356575649
183.55356575647795
-441.6464342435233
-174.44643424351918
1646.3535657564962
1002.953565756484
-958.2464342435239
-493.04643424351883
-127.64643424351999
-791.6464342435202
-915.0464342435116
-1401.4464342435247
-1083.4464342435074
223.5535657564755
-255.44643424352466
-1047.2464342435387
-1485.6464342435324
-989.0464342435125
-1932.446434243541
-2096.846434243526
-97.44643424352155
114.15356575648748
411.1535657564829
540.3535657564697
-144.44643424352145
318.7535657564858
346.35356575648075
365.5535657564782
765.3535657564704
1471.1535657565005
145.75356575647976
76.15356575648326
904.7535657564741
1457.1535657564843
-123.4464342435207
327.153565756483
1821.1535657564684
761.3535657564853
-638.0464342435141
-1860.6464342435272
-2241.846434243525
-1890.8464342435168
-1513.2464342434973
-2583.846434243543
-367.64643424351755
431.35356575648234
449.55356575648267
-211.84643424351873
-989.846434243519
-404.0464342435211
-767.8464342435105
-2062.2464342435187
-1081.246434243514
369.95356575647634
1249.15356575647
1886.7535657564713
978.3535657564795
1574.3535657564755
1185.9535657564686
-472.6464342435231
925.3535657564797
1177.353565756487
309.15356575648013
330.55356575648466
1225.9535657564704
570.5535657564644
1793.5535657564983
1181.153565756479
467.1535657564798
-8.64643424351911
217.35356575647896
-2088.046434243524
-1498.2464342435214
-761.0464342435245
-1741.0464342435002
-2270.6464342435206
290.3535657564803
166.75356575647785
-27.64643424352314
-837.0464342435208
-472.0464342435217
-966.6464342435213
-622.4464342435213
-557.8464342435269
-1689.0464342435223
-663.4464342435225
-379.0464342435223
1246.153565756472
471.3535657564804
649.953565756482
271.9535657564848
-688.6464342435237
-834.4464342435209
1024.153565756477
2104.553565756472
1067.9535657564884
13.153565756484742
424.353565756479
594.1535657564787
-535.6464342435231
216.553565756484
-567.0464342435162
-908.8464342435182
-1012.4464342435388
-715.846434243536
-39.04643424351583
-697.4464342435256
-882.2464342435293
1038.353565756471
1175.5535657564626
590.9535657564777
-837.4464342435224
650.3535657564828
-248.24643424352047
-527.6464342435233
185.35356575648905
-252.44643424352282
402.35356575648154
-234.2464342435243
241.35356575648348
1559.1535657564832
297.1535657564806
49.75356575647223
2349.3535657564626
767.7535657564678
1544.9535657564957
3190.7535657565063
2195.9535657564943
1945.1535657564773
1186.35356575649
577.7535657564763
517.1535657564787
1221.153565756471
562.1535657564755
-1321.0464342435246
-38.046434243522484
-136.2464342435217
-1720.2464342435276
-1120.8464342435223
-436.04643424352196
-1419.4464342435242
-661.0464342435259
-80.8464342435234
-1443.6464342435092
402.3535657564804
-447.44643424352773
-750.0464342435185
102.15356575647772
-115.24643424352283
836.5535657564841
908.553565756475
-978.0464342435175
-140.04643424352102
-661.0464342435213
-446.8464342435218
2415.7535657564736
2228.553565756495
1095.9535657564893
1180.5535657564749
-331.84643424351725
2061.3535657564976
1641.9535657564777
1410.5535657564728
1422.15356575649
443.3535657564806
-42.44643424352435
-1343.646434243521
250.9535657564824
154.35356575647782
-1853.8464342435295
-859.6464342435297
725.9535657564713
-1644.046434243529
-1048.4464342435215
-1021.8464342435078
-2041.0464342435066
-766.446434243511
-1339.446434243516
-823.2464342435238
307.9535657564852
-855.0464342435199
-307.6464342435212
293.7535657564782
-117.24643424351851
879.5535657564839
1061.5535657564783
792.5535657564727
1442.5535657564835
19.353565756479362
65.35356575647899
1270.753565756476
-838.4464342435258
623.75356575648
878.5535657564641
-193.84643424352402
-324.24643424351945
186.35356575647657
-486.6464342435222
-425.2464342435219
121.15356575647778
-518.8464342435225
-30.64643424351885
1274.3535657565014
1891.1535657564928
215.1535657564803
490.5535657564794
-882.046434243533
-1013.446434243517
-464.6464342435207
112.95356575647767
508.5535657564829
1267.5535657564794
338.5535657564737
-653.2464342435196
-817.0464342435274
-124.04643424351784
28.353565756480442
142.5535657564783
621.1535657564793
1146.3535657564844
979.3535657564768
1410.3535657564755
1403.7535657564756
527.9535657564843
551.9535657564842
-96.44643424352118
-812.8464342435224
634.1535657564787
1312.753565756481
-45.44643424352147
-302.2464342435196
33.15356575647763
-446.4464342435238
825.9535657564828
232.353565756475
-748.8464342435177
-908.8464342435263
-501.44643424352137
-707.8464342435233
336.5535657564798
-585.6464342435222
-555.6464342435175
-866.0464342435362
-286.6464342435193
280.15356575647604
-305.24643424352104
60.953565756480295
394.7535657564842
404.95356575647673
-358.0464342435198
-483.6464342435237
287.1535657564818
1552.9535657564713
764.9535657564855
1146.9535657564777
1457.3535657564705
947.953565756479
88.9535657564794
-559.6464342435258
163.35356575647674
-18.246434243520376
-374.0464342435189
-521.8464342435218
-369.446434243522
-861.846434243519
-382.6464342435203
-795.0464342435149
-675.8464342435263
-1144.8464342435368
-1108.4464342435285
-1159.4464342434992
-149.64643424352033
-362.44643424352
-420.2464342435255
-1067.246434243536
375.3535657564747
540.7535657564792
-124.44643424352091
-1369.4464342435103
-578.6464342435206
1167.1535657565062
940.753565756474
1334.5535657564449
813.7535657564841
1320.3535657564871
1115.153565756478
1117.3535657564787
1343.5535657564744
290.3535657564779
836.1535657564798
-156.64643424351954
-800.8464342435215
-1301.6464342435206
-737.8464342435193
-356.6464342435188
-516.446434243522
303.35356575647944
440.9535657564781
-549.8464342435228
-280.0464342435267
-37.44643424352386
-704.4464342435397
-1348.8464342435348
-744.8464342435217
123.95356575647858
414.1535657564782
-981.0464342435359
-734.2464342435183
-386.24643424352394
738.1535657564718
266.1535657564814
-92.04643424351832
-789.2464342435203
534.7535657564928
1702.3535657564687
-14.04643424351861
-605.4464342435142
-480.0464342435135
478.9535657564813
881.1535657564842
834.1535657564943
1356.9535657564818
426.9535657564837
-849.6464342435233
-888.8464342435299
245.9535657564779
165.1535657564773
286.95356575648196
-126.84643424352267
-862.2464342435312
-1132.4464342435126
-380.4464342435234
12.353565756477629
141.7535657564793
-617.2464342435175
534.953565756481
412.7535657564796
307.75356575648186
275.35356575648035
850.1535657564783
677.3535657564784
-74.2464342435225
299.1535657564661
301.3535657564733
-1135.8464342435223
-1544.2464342435183
338.15356575647456
212.95356575647781
940.7535657564861
-51.64643424351915
1274.553565756465
1702.753565756473
-145.64643424351885
1066.753565756475
462.9535657564809
163.75356575647962
249.15356575647775
299.3535657564798
-645.4464342435269
-636.4464342435167
511.75356575648004
574.95356575648
844.9535657564737
385.3535657564767
-459.04643424351497
-400.6464342435281
-1935.0464342435148
-1089.8464342435298
731.1535657564707
906.1535657564763
1013.1535657564814
1469.9535657564775
-726.646434243524
-1958.6464342435208
-236.04643424352219
116.95356575648117
-242.24643424352007
775.9535657564861
444.7535657564801
161.1535657564839
775.7535657564769
476.95356575647156
399.75356575648226
95.5535657564738
-539.8464342435171
266.7535657564858
406.95356575648253
-264.4464342435244
124.75356575647758
1416.153565756491
615.7535657564716
-890.2464342435184
468.3535657564753
138.55356575648162
1161.3535657564828
603.3535657564698
-997.0464342435154
-1231.0464342435107
-453.04643424354754
-1034.0464342435262
757.3535657564804
293.5535657564763
-324.646434243525
-115.24643424352116
-1089.646434243516
-1274.8464342435216
-1076.2464342435198
-959.246434243527
0.9535657564784294
1251.1535657564816
1279.753565756467
271.9535657564843
656.5535657564805
904.5535657564853
1013.3535657564865
465.3535657564781
691.9535657564857
868.9535657564744
340.95356575648117
-733.0464342435239
-224.44643424352475
541.7535657564771
738.5535657564767
71.55356575648621
1344.5535657564808
495.9535657564862
659.9535657564701
169.95356575647367
-525.4464342435234
-855.4464342435195
182.15356575647874
-363.8464342435238
173.75356575647763
-49.44643424352042
-786.0464342435214
36.15356575647749
-939.8464342435265
-451.4464342435181
-359.44643424352074
-1082.246434243518
-1168.6464342435233
-94.04643424351754
-407.84643424352237
-225.64643424352434
601.1535657564806
1358.9535657564968
990.9535657564795
857.753565756472
178.15356575647996
-569.0464342435258
-309.6464342435175
-791.6464342435208
-115.24643424351481
908.3535657564972
-879.6464342435224
-212.64643424351775
543.9535657564796
-482.2464342435184
194.15356575648036
-200.04643424351755
-259.24643424352183
-845.8464342435295
-1288.0464342435184
-1845.6464342435256
-601.246434243522
1098.9535657564752
-299.6464342435249
-450.64643424352204
-275.8464342435202
-66.24643424351973
852.953565756487
-980.0464342435201
-950.646434243522
-511.84643424351515
-251.24643424352215
85.9535657564821
1109.5535657564844
907.9535657564983
1280.953565756458
1082.753565756482
-261.8464342435205
382.1535657564833
600.7535657564791
380.7535657564779
-16.846434243515084
1038.1535657564707
-451.046434243516
1029.9535657564875
1645.3535657564894
344.7535657564882
347.5535657564705
-171.44643424351904
-268.0464342435228
-1166.8464342435163
-804.4464342435195
-461.2464342435229
465.3535657564794
679.1535657564798
191.9535657564806
-357.2464342435233
613.1535657564848
328.95356575647884
1259.3535657564664
-217.84643424351603
-52.446434243526596
311.75356575647953
-754.6464342435191
-184.8464342435211
1729.3535657564887
294.35356575647694
380.5535657564828
150.95356575648196
184.15356575648002
535.3535657564807
-400.2464342435217
-469.4464342435246
203.55356575648307
-219.04643424351767
-574.4464342435198
753.7535657564749
2305.7535657564954
-111.44643424352019
674.9535657564782
-99.44643424352421
-1229.4464342435256
-2273.8464342435273
361.1535657564828
116.3535657564835
408.9535657564775
-33.44643424352144
-685.8464342435227
193.95356575648657
1470.1535657564796
1188.5535657564892
1160.353565756479
-373.44643424352273
138.75356575647754
486.55356575648375
264.35356575646875
-96.64643424351712
1098.9535657564911
21.553565756480026
-215.24643424351777
449.1535657564823
652.3535657564792
424.15356575647843
-48.04643424351923
221.35356575647774
632.3535657564784
498.7535657564701
779.7535657564778
120.55356575648078
732.95356575648
-239.24643424352342
552.1535657564899
69.75356575647848
-434.6464342435166
-790.2464342435259
-393.6464342435258
-838.6464342435272
442.5535657564795
-29.646434243520666
-466.2464342435226
845.9535657564834
894.5535657564799
-387.2464342435162
488.3535657564792
185.9535657564805
519.1535657564749
-580.4464342435194
-158.64643424351834
150.35356575647816
-88.64643424352126
-1105.6464342435268
-197.84643424351935
553.153565756481
899.5535657564639
407.5535657564843
345.9535657564787
61.1535657564813
-400.24643424352075
-146.24643424352203
-294.6464342435285
-688.8464342435295
-506.64643424352676
-84.8464342435224
191.55356575647903
-1004.4464342435268
-909.4464342435175
65.9535657564784
-1424.2464342435273
-828.4464342435216
458.35356575647927
618.5535657564794
1328.3535657564798
132.9535657564784
141.3535657564787
-480.446434243523
214.75356575648163
1084.3535657564778
331.95356575647884
34.95356575648027
-136.44643424352
28.553565756476218
-331.0464342435202
-647.0464342435139
375.95356575648276
-382.8464342435194
504.55356575647716
139.95356575647838
-1069.8464342435195
-448.8464342435198
-415.846434243523
1022.7535657564694
1086.7535657564808
662.5535657564789
496.3535657564802
-240.04643424352213
-296.84643424351907
-486.046434243519
-885.4464342435151
-202.44643424351963
-1121.2464342435346
-847.2464342435251
-162.44643424352077
1125.9535657564786
1159.7535657564795
-118.24643424352706
555.1535657564805
322.95356575647907
-243.646434243521
300.15356575647706
-429.8464342435273
221.35356575648024
43.55356575647896
-272.04643424352247
151.7535657564795
485.55356575648693
1292.3535657564717
155.95356575648057
470.55356575647784
-28.446434243518258
-253.0464342435196
594.3535657564705
212.7535657564791
1196.3535657564732
240.35356575647913
247.15356575648156
506.75356575648163
-725.8464342435267
-426.6464342435175
183.55356575648102
-418.4464342435198
-305.2464342435217
-624.4464342435226
-139.84643424351893
-162.84643424351606
445.5535657564812
31.75356575647764
-88.24643424352203
26.753565756476362
-331.4464342435215
-527.2464342435078
27.553565756478346
-158.4464342435175
-77.04643424352545
-686.2464342435154
-1184.8464342435313
-216.64643424351817
-382.24643424352564
203.55356575647886
79.55356575647804
151.95356575648196
-1004.246434243514
-186.0464342435234
299.75356575647953
-778.4464342435218
-407.04643424351576
-1353.4464342435228
-1326.0464342435089
-755.4464342435234
-339.84643424350776
1093.553565756476
55.753565756475844
-1261.8464342435338
-901.4464342435215
1312.5535657564672
624.1535657564857
-27.84643424351856
505.75356575647794
766.3535657564876
919.1535657564964
1079.9535657564686
725.5535657564845
-184.8464342435214
-402.8464342435234
-514.6464342435183
442.35356575648
420.5535657564713
188.35356575647705
-1053.0464342435216
-1338.446434243527
-671.6464342435219
679.3535657564873
639.3535657564752
-170.64643424351468
167.35356575648075
-77.04643424351907
-287.0464342435219
-137.4464342435162
853.5535657564811
-170.44643424351608
-828.8464342435229
-374.4464342435214
-346.4464342435183
-180.0464342435192
308.5535657564885
1109.5535657564958
1681.5535657564972
591.1535657564884
-701.4464342435228
-168.0464342435247
725.7535657564687
203.55356575648764
404.35356575646654
44.15356575647422
-384.64643424351675
248.35356575647953
-298.84643424352134
670.5535657564839
799.3535657564858
897.5535657564699
455.7535657564721
-615.0464342435245
-642.4464342435243
447.1535657564709
1042.7535657564765
538.3535657564807
506.7535657564766
86.35356575648322
569.3535657564771
495.3535657564876
944.7535657564824
635.1535657564747
-615.0464342435243
-564.046434243522
562.1535657564793
248.9535657564864
526.9535657564768
1247.9535657564809
166.15356575648514
-634.2464342435236
-1238.0464342435196
-1621.2464342435173
-243.24643424351905
-454.8464342435237
-86.64643424352275
-329.4464342435221
320.9535657564833
409.1535657564748
-1023.4464342435086
-411.6464342435212
-549.046434243519
-536.0464342435196
153.15356575648156
-162.64643424352042
-333.04643424351906
-322.84643424351873
202.75356575647402
-536.0464342435224
-295.04643424352184
-1238.2464342435144
288.35356575648217
655.3535657564813
627.553565756483
-7.24643424352049
421.5535657564797
516.5535657564795
-261.44643424351614
-638.0464342435209
-517.6464342435233
697.9535657564608
-222.44643424351955
-20.4464342435216
-425.6464342435173
-978.0464342435201
-971.2464342435112
-31.04643424352159
970.9535657564846
706.9535657564867
814.5535657564634
532.1535657564731
-211.24643424352183
-772.2464342435264
-1018.6464342435235
-458.4464342435281
189.95356575647943
678.9535657564747
936.1535657564723
1138.9535657564852
820.1535657564765
-831.8464342435178
-184.84643424351995
158.3535657564809
531.7535657564833
-137.8464342435216
42.55356575647943
-865.8464342435186
-221.64643424352272
3.353565756480446
-998.4464342435222
-1042.24643424352
-264.24643424352206
998.5535657564801
655.3535657564812
216.9535657564811
433.153565756486
291.1535657564805
1088.35356575647
484.3535657564765
136.1535657564827
142.95356575648051
634.753565756477
788.9535657564868
-23.64643424352024
-397.04643424352395
-832.4464342435211
22.5535657564801
668.9535657564849
3.1535657564783364
-270.4464342435197
408.7535657564839
547.5535657564891
352.7535657564817
83.75356575647872
-594.8464342435198
228.55356575648216
-163.4464342435218
613.9535657564817
-119.64643424352101
-587.6464342435248
41.7535657564856
-140.4464342435193
642.1535657564835
1207.7535657564733
1137.1535657564743
731.3535657564728
-7.246434243515601
583.1535657564689
597.7535657564779
840.3535657564858
-633.2464342435198
-939.8464342435159
-7.646434243518414
-375.44643424352216
1298.3535657564921
-123.8464342435186
224.55356575648207
176.95356575648216
-103.646434243518
192.35356575648353
11.353565756485203
153.15356575648187
486.1535657564728
136.55356575648588
-1012.0464342435178
147.55356575648244
-53.04643424352132
-237.44643424352412
-612.0464342435255
-729.8464342435193
-628.6464342435191
-631.6464342435188
-296.64643424351755
742.553565756483
657.1535657564688
842.3535657564843
676.5535657564685
711.1535657564734
237.15356575648238
-159.24643424352064
-47.44643424351645
139.55356575648307
-873.4464342435153
-862.8464342435223
-141.44643424351673
-835.4464342435168
938.1535657564739
-305.0464342435203
519.1535657564785
1450.9535657564836
315.1535657564827
-507.4464342435186
-203.04643424351917
1752.5535657564844
1397.9535657564893
449.35356575647694
-151.04643424352253
879.3535657564753
1076.5535657564774
-399.0464342435192
-953.2464342435127
-450.6464342435216
-206.84643424351563
-336.246434243517
-112.24643424351673
343.1535657564765
206.9535657564854
222.35356575648373
-20.64643424352009
1370.9535657564868
666.3535657564844
736.5535657564801
-985.0464342435245
123.75356575648242
372.35356575647904
-269.04643424352366
-39.046434243516686
-1167.0464342435112
79.15356575648022
-174.4464342435219
614.7535657564824
1499.7535657564997
-255.24643424352246
-183.84643424351566
103.15356575648408
-293.44643424351966
-50.24643424351994
1012.5535657564665
1432.5535657564947
2096.7535657564754
309.55356575648
-1033.6464342435393
-1463.246434243519
-424.04643424351946
-252.64643424351954
-196.8464342435173
1.7535657564861573
-1152.4464342435217
259.35356575648274
328.55356575648744
1035.3535657564714
1280.1535657564757
300.1535657564795
317.35356575647626
-1335.8464342435218
168.15356575647803
772.3535657564719
55.353565756473785
-215.0464342435207
-668.6464342435195
305.75356575648425
666.7535657564853
1351.7535657564622
1553.9535657564736
989.1535657564751
775.3535657564839
67.95356575647494
-1065.2464342435244
-156.04643424352
1231.1535657564768
1170.553565756473
2009.15356575647
-18.846434243518466
-268.2464342435233
-487.8464342435214
372.1535657564834
-897.2464342435143
-1275.046434243527
105.55356575648501
-371.6464342435228
78.55356575647916
405.35356575648336
2150.7535657564767
1157.5535657564808
885.7535657564965
652.15356575647
-571.0464342435163
-208.2464342435208
-90.04643424352051
-466.6464342435199
-1613.0464342435266
-1486.4464342435128
329.9535657564809
454.7535657564789
3.153565756468929
233.5535657564803
1578.3535657564807
176.55356575648077
-181.44643424351597
87.35356575648706
493.15356575648417
-227.64643424352167
-184.04643424351792
796.7535657564804
457.7535657564804
544.1535657564814
113.1535657564803
607.9535657564747
899.5535657564827
63.55356575647795
729.5535657564855
414.5535657564798
613.3535657564804
346.5535657564769
1824.9535657564809
1500.3535657564737
923.1535657564729
698.1535657564871
343.9535657564693
-33.84643424352003
800.3535657564769
1448.553565756473
-728.2464342435183
-797.6464342435224
421.75356575647504
-533.6464342435199
-348.44643424352284
716.9535657564801
1336.9535657564868
858.3535657564673
701.3535657564657
909.7535657564842
1627.9535657564666
1206.5535657564847
1019.1535657564816
-501.24643424352075
-97.24643424352509
1472.953565756475
709.1535657564788
-371.24643424352234
1003.9535657564738
974.9535657564686
257.1535657564775
336.3535657564838
107.15356575647934
-18.046434243520398
1848.3535657564753
1521.7535657564913
190.95356575648327
-784.04643424352
-764.8464342435229
-1378.8464342435313
-746.0464342435262
854.5535657564815
186.9535657564785
-320.6464342435158
-666.2464342435138
-781.0464342435147
-729.6464342435157
-149.4464342435194
858.1535657564779
946.5535657564797
440.35356575647137
-805.6464342435138
-378.0464342435223
936.353565756475
1456.553565756489
-873.2464342435198
-580.2464342435197
800.753565756479
-33.24643424351925
-575.8464342435208
-1009.6464342435079
-1239.8464342435248
-323.84643424352043
237.35356575647887
-983.446434243523
1258.3535657564858
3067.5535657565074
2590.9535657564315
1076.3535657564717
-367.246434243525
-706.4464342435189
-634.846434243514
-561.2464342435131
97.35356575648237
571.3535657564784
1108.953565756476
1203.35356575648
63.35356575647967
240.7535657564869
305.1535657564737
-688.0464342435188
540.5535657564776
-251.24643424352115
-1333.0464342435098
-1089.4464342435267
-98.24643424351643
-333.64643424351925
857.9535657564887
-636.44643424352
-1460.646434243519
-1220.2464342435155
-88.44643424351855
-1778.0464342435378
-704.0464342435297
913.5535657564775
309.1535657564764
-646.2464342435206
2044.553565756484
3140.953565756488
2601.553565756488
805.7535657564758
-96.24643424351093
-1969.8464342435157
-950.0464342435183
575.9535657564826
-810.0464342435293
-381.4464342435257
21.953565756478554
989.5535657564874
-267.4464342435193
-328.2464342435252
-196.2464342435173
-1000.6464342435179
-1660.4464342435244
-493.2464342435196
275.5535657564822
-634.8464342435187
-1820.246434243521
-911.2464342435187
-425.0464342435186
-1773.2464342435364
-1054.446434243519
-1279.8464342435211
-887.446434243521
-716.0464342435257
-661.6464342435231
796.9535657564862
650.5535657564812
239.75356575648078
2165.9535657564747
3381.3535657565385
2759.553565756505
574.1535657564781
1042.3535657564883
-1147.646434243518
-1460.04643424352
281.15356575647854
-256.0464342435215
-176.24643424352251
-402.6464342435178
-344.6464342435147
820.3535657564813
-273.0464342435205
340.3535657564844
2363.953565756468
61.9535657564881
103.15356575648366
1322.753565756475
498.9535657564668
199.95356575647742
-380.24643424352166
-813.246434243532
-405.6464342435233
821.153565756475
655.1535657564758
-1125.4464342435085
-127.44643424352039
-764.4464342435135
-1779.4464342435356
-1084.8464342435316
-634.6464342435232
-1591.0464342435116
487.55356575648153
2075.35356575646
97.15356575648026
1343.7535657564877
-504.6464342435245
-1570.0464342435157
-943.4464342435207
-1503.0464342435353
-246.64643424352383
788.3535657564731
-1416.846434243524
-1061.4464342435226
-1487.6464342435181
-876.0464342435217
1587.5535657564653
659.7535657564874
-999.8464342435218
-273.44643424352273
-1321.2464342435292
889.5535657564737
377.15356575647695
167.35356575647663
745.1535657564841
405.95356575648026
220.3535657564793
-995.0464342435167
-158.24643424351817
-658.6464342435239
-2538.246434243573
-1888.8464342435298
-238.6464342435239
-1983.2464342435132
-9.046434243526168
1111.3535657564605
-524.0464342435248
-508.8464342435212
-1743.646434243525
-1445.046434243515
-1116.6464342435222
-2319.046434243513
-1017.4464342435101
558.9535657564772
327.553565756481
652.5535657564818
431.1535657564839
-118.84643424351998
148.35356575648126
-1864.0464342435414
-2173.046434243534
-464.8464342435219
-2302.446434243515
-645.4464342435189
424.9535657564844
-948.2464342435178
-666.44643424352
78.15356575648003
-369.8464342435279
-349.4464342435173
-438.0464342435213
-1194.6464342435213
-585.8464342435218
826.5535657564748
1479.7535657564777
393.35356575648336
1907.553565756464
1254.953565756477
527.9535657564837
-116.2464342435204
103.95356575648071
494.7535657564773
235.35356575648046
-661.4464342435269
-1287.2464342435196
-1098.446434243506
26.75356575647494
-172.0464342435241
-85.64643424352148
105.553565756478
-138.84643424352387
-1101.4464342435078
-386.24643424353195
-72.24643424352742
-983.0464342435185
-239.44643424351747
-132.4464342435213
-1098.6464342435218
767.3535657564768
1483.3535657564755
-85.64643424352651
-683.246434243526
-491.0464342435184
-942.8464342435249
561.5535657564815
370.75356575648186
-190.04643424352335
-243.04643424352332
996.9535657564721
1354.3535657564796
2011.5535657564756
107.15356575648792
369.953565756482
247.75356575647993
-478.6464342435215
-391.8464342435153
-580.2464342435212
-116.84643424352133
361.15356575647996
-73.24643424352116
-474.24643424351933
-553.4464342435255
-790.8464342435027
-591.6464342435247
-527.4464342435123
139.35356575648058
153.55356575647625
130.55356575647522
-196.64643424351996
-542.6464342435221
727.3535657564754
1205.353565756475
439.95356575647514
-515.6464342435224
-473.44643424352387
-695.2464342435178
272.55356575647795
21.95356575648066
590.5535657564847
285.9535657564814
807.7535657564763
316.5535657564793
815.3535657564705
128.35356575649013
161.5535657564804
-52.24643424352116
1197.9535657564786
750.3535657564831
-36.04643424352221
-1214.0464342435214
-166.8464342435179
1327.7535657564893
935.553565756473
1238.5535657564842
122.55356575648176
-245.64643424352457
-287.6464342435233
-125.44643424352888
-23.846434243527586
-712.6464342435225
435.7535657564781
-104.04643424352808
121.75356575647805
148.15356575648056
569.3535657564826
672.9535657564775
162.3535657564832
1079.3535657564776
1638.7535657564786
479.35356575647705
1480.5535657564762
1547.553565756485
879.7535657564772
-267.24643424351655
-85.84643424352133
361.1535657564818
343.1535657564764
-904.6464342435203
-147.4464342435206
74.35356575647313
574.9535657564827
114.15356575647635
-90.64643424352101
-737.6464342435205
481.1535657564905
1593.7535657564824
-565.8464342435157
-1893.4464342435217
-2090.846434243522
-818.6464342435394
-81.0464342435137
-112.44643424351982
323.95356575647935
222.1535657564835
-60.44643424352117
301.7535657564804
1478.9535657564754
1159.3535657564814
1271.3535657564819
881.7535657564794
-92.84643424352112
-596.0464342435216
604.9535657564803
486.15356575648616
762.5535657564803
-67.44643424351638
955.5535657564791
651.9535657564865
213.35356575647893
422.1535657564801
1011.5535657564612
387.95356575648464
-327.0464342435207
-116.24643424352142
-33.2464342435196
-1442.8464342435343
-1870.6464342435377
54.153565756483836
-342.6464342435205
-193.84643424352262
-1032.4464342435274
229.95356575647742
297.3535657564823
-1436.046434243521
-569.8464342435209
-657.4464342435158
163.9535657564806
58.7535657564792
29.753565756480697
-402.84643424351924
-108.44643424352194
1083.7535657564838
689.9535657564849
846.5535657564802
-32.44643424352277
-838.6464342435243
-461.24643424352104
-1969.246434243529
-918.6464342435272
882.3535657564798
1207.5535657564922
1793.1535657564757
2005.9535657564925
-605.4464342435227
-1553.8464342435157
-32.846434243521905
371.95356575648054
-14.046434243521883
510.95356575647855
-78.44643424352108
-416.84643424352464
257.5535657564849
-81.84643424352055
-391.6464342435249
-900.0464342435229
-1266.8464342435288
-550.8464342435209
-521.8464342435245
-443.8464342435202
-226.24643424352342
863.5535657564758
669.9535657564842
-380.04643424352
1195.153565756479
730.5535657564842
1616.1535657564857
641.1535657564782
-1521.4464342435126
-1613.246434243505
-695.0464342435129
-788.0464342435362
974.9535657564761
813.1535657564816
680.953565756479
1188.9535657564863
87.95356575648458
67.15356575647988
561.9535657564732
586.3535657564868
1002.7535657564757
1394.553565756485
1225.5535657564687
126.953565756478
205.35356575647964
627.1535657564722
805.9535657564694
201.353565756481
663.3535657564676
918.5535657564787
590.3535657564805
-544.046434243521
-32.046434243511655
515.7535657564819
717.5535657564659
467.5535657564716
1870.753565756498
1057.5535657564735
1313.7535657564554
465.75356575648266
-1027.24643424352
-1602.446434243545
-206.6464342435127
-123.44643424351841
727.7535657564805
543.9535657564834
156.15356575647985
1425.7535657564977
95.95356575648128
727.3535657564828
1112.55356575651
466.95356575648225
-24.44643424352104
84.95356575647892
-248.04643424352403
-288.84643424352134
-22.846434243521166
872.5535657564843
894.5535657564623
427.95356575647776
-356.64643424352283
-1103.2464342435342
-299.64643424351976
-912.8464342435242
-116.64643424351962
1198.9535657564763
-492.84643424351907
81.9535657564905
378.35356575648217
-496.44643424352216
-55.64643424352281
-874.2464342435181
-1087.8464342435086
-1867.046434243489
-2162.846434243521
-2019.8464342435261
-250.84643424351586
1317.3535657564705
44.95356575647712
158.35356575647654
-379.64643424352033
-261.04643424351764
922.7535657564762
-321.04643424352236
-162.4464342435246
-146.6464342435201
127.7535657564774
-101.44643424352196
279.15356575648093
-84.84643424352143
576.9535657564809
80.55356575647764
-1550.646434243528
-478.4464342435206
450.15356575648144
153.95356575648043
69.75356575647925
1312.7535657564667
-194.44643424352327
986.9535657564678
1052.7535657564904
-354.24643424352166
-445.44643424351545
-1250.8464342435234
-1127.8464342435275
-1785.0464342435255
-1938.6464342435231
-1164.8464342435327
65.5535657564815
673.9535657564699
508.9535657564837
-87.84643424352106
-5.446434243521729
-436.24643424352615
872.5535657564719
-215.84643424351793
193.95356575648538
703.9535657564908
-114.24643424352361
113.15356575649453
1274.953565756474
-407.0464342435188
-25.046434243521183
-49.84643424352377
-336.64643424351857
618.5535657564793
161.95356575647853
-466.846434243518
444.5535657564817
101.7535657564805
-398.2464342435228
669.1535657564748
1854.7535657564906
-507.24643424351797
0.9535657564835347
-980.4464342435211
-2013.846434243509
-2736.446434243502
-686.8464342435173
-527.4464342435188
51.95356575647935
308.9535657564812
-6.646434243519916
575.3535657564848
1147.3535657564794
698.3535657564831
801.5535657564756
-478.8464342435218
408.3535657564741
931.9535657564779
937.7535657564683
398.55356575646726
1051.953565756485
-107.84643424352157
-469.0464342435235
257.3535657564854
707.1535657564766
1103.5535657564837
663.1535657564682
461.3535657564803
909.3535657564734
502.55356575647545
685.3535657564729
83.95356575648174
715.1535657564822
-258.6464342435186
306.153565756486
-366.6464342435204
-1027.0464342435291
-1614.0464342435037
-1365.0464342435337
-1334.246434243523
337.1535657564788
47.153565756483495
-203.6464342435223
771.5535657564781
497.9535657564842
-917.4464342435233
-98.44643424351953
94.95356575648458
990.1535657564824
126.15356575648518
630.7535657564907
767.5535657564728
151.95356575648086
-853.0464342435225
-423.64643424352164
339.1535657564826
1190.7535657564636
977.9535657564891
836.9535657564779
272.55356575647806
-198.44643424352066
-41.646434243523444
-187.84643424352424
-842.8464342435242
-268.6464342435204
21.553565756483287
-234.44643424352086
-1137.24643424351
-1180.8464342435227
-677.0464342435184
-2283.046434243533
-1445.846434243526
-64.44643424352094
-38.24643424352245
727.9535657564732
-496.8464342435136
-563.646434243519
-1142.6464342435236
-565.0464342435206
678.153565756473
687.3535657564772
633.9535657564807
691.5535657564762
754.3535657564637
164.55356575647914
-258.646434243523
401.55356575648204
-411.44643424351943
553.5535657564809
183.3535657564816
-1146.6464342435168
-527.2464342435195
-180.4464342435205
1219.753565756466
1063.3535657564696
426.35356575648177
520.3535657564793
-209.84643424352103
-385.6464342435213
-502.84643424353527
-1022.8464342435435
-610.6464342435193
-1877.0464342435143
-1647.4464342435153
-1168.646434243526
147.55356575647764
725.5535657564806
-250.24643424352118
228.95356575647816
-48.64643424351386
-683.4464342435228
16.35356575648114
140.35356575648564
986.9535657564841
629.3535657564797
358.3535657564833
631.1535657564834
965.5535657564737
1767.1535657564948
582.153565756478
657.3535657564845
329.7535657564878
-75.84643424351775
385.35356575647967
232.7535657564842
1400.353565756478
389.15356575648246
168.9535657564784
414.3535657564812
-747.84643424352
-373.2464342435149
196.5535657564801
-488.04643424352173
-390.44643424352364
-1407.4464342435062
-936.6464342435182
-1110.0464342435182
-183.0464342435196
96.95356575648199
374.353565756487
239.95356575647855
-391.6464342435234
-680.6464342435144
37.353565756483874
418.5535657564814
513.3535657564837
-460.2464342435257
-749.8464342435317
344.5535657564808
507.95356575648333
1163.1535657564896
1011.5535657564793
792.5535657564925
-141.24643424352428
629.1535657564798
664.9535657564761
-304.846434243521
321.75356575648163
-674.046434243519
-1231.6464342435258
-939.0464342435328
-715.4464342435263
652.9535657564835
-59.64643424352102
-1408.6464342435156
-1530.4464342435185
