-34.39313375605783
-793.593133756058
-224.99313375606056
285.4068662439444
-123.79313375605938
-283.7931337560578
-66.79313375605801
-172.99313375605857
352.40686624394436
-435.793133756056
863.2068662439425
790.0068662439407
453.40686624394186
499.2068662439355
1159.6068662439436
1152.006866243938
996.6068662439458
205.0068662439458
207.00686624394427
771.4068662439382
854.8068662439331
798.2068662439418
98.60686624394509
-445.9931337560601
1264.0068662439362
1485.406866243943
1095.6068662439418
1420.6068662439525
958.6068662439459
610.0068662439463
1161.6068662439388
812.6068662439385
-429.99313375605993
607.8068662439426
590.2068662439391
286.6068662439485
443.2068662439383
-340.1931337560612
-359.9931337560575
-253.59313375605956
1312.606866243948
-73.39313375605863
14.206866243942365
-136.99313375605908
-279.39313375605667
750.8068662439405
649.4068662439452
522.4068662439446
496.0068662439437
184.60686624394202
738.8068662439406
1002.8068662439424
118.20686624394139
-486.1931337560557
-655.1931337560601
-212.59313375605944
464.0068662439421
706.8068662439375
466.6068662439526
908.0068662439444
907.6068662439552
151.60686624393975
363.8068662439379
341.40686624394306
473.40686624394334
428.00686624394666
655.2068662439442
-88.19313375605762
373.20686624394057
-788.9931337560594
262.206866243946
353.2068662439451
452.0068662439429
-461.5931337560555
-638.1931337560651
-717.993133756058
327.80686624394644
408.8068662439433
-953.5931337560618
-151.99313375606113
446.00686624394393
487.8068662439456
671.6068662439458
1088.806866243955
71.00686624394396
-297.39313375605946
743.0068662439439
110.20686624394114
870.4068662439386
710.8068662439484
456.80686624394457
1234.8068662439448
836.4068662439427
314.8068662439439
656.0068662439407
493.6068662439397
430.2068662439448
-792.7931337560573
559.0068662439418
490.8068662439411
856.8068662439488
262.00686624394433
-35.9931337560565
19.606866243943898
102.406866243942
745.406866243942
1171.8068662439475
-415.7931337560604
205.40686624394334
234.2068662439455
-678.3931337560637
-460.7931337560571
-464.39313375605906
-125.99313375605558
-182.19313375605654
189.4068662439446
-112.99313375605728
-837.7931337560552
113.0068662439437
299.40686624394215
954.8068662439426
795.60686624395
144.20686624394506
1015.8068662439352
674.6068662439363
-77.99313375605972
5.206866243942308
927.0068662439398
1467.8068662439389
-47.19313375605542
-116.7931337560566
-365.9931337560559
235.80686624394377
457.8068662439423
-435.3931337560545
-337.39313375605514
-123.19313375606032
1140.006866243946
2203.806866243915
480.2068662439415
-449.1931337560553
268.0068662439466
16.00686624394158
373.4068662439501
605.4068662439441
800.0068662439403
817.0068662439407
973.0068662439401
98.2068662439431
-1484.593133756067
-818.7931337560578
-107.3931337560567
-140.59313375606078
-243.1931337560566
-184.99313375605723
491.4068662439408
209.00686624394046
287.00686624394376
-536.5931337560586
-239.99313375605766
-17.793133756056466
253.20686624393764
-95.7931337560582
-223.5931337560554
-191.3931337560575
-261.9931337560572
-343.59313375606
185.00686624394552
261.20686624394347
645.006866243944
600.8068662439429
498.2068662439402
172.2068662439437
1484.8068662439314
421.4068662439423
470.8068662439464
862.8068662439384
296.4068662439427
-3.3931337560556116
1070.206866243939
1039.2068662439399
33.20686624393991
64.40686624394226
1137.2068662439362
835.8068662439397
791.0068662439431
1009.0068662439392
673.2068662439498
86.20686624394345
250.80686624394272
69.40686624394596
-683.7931337560591
-256.7931337560563
209.00686624394334
344.806866243944
349.60686624394765
834.0068662439438
138.40686624394317
-32.7931337560602
339.8068662439468
485.4068662439449
468.80686624394224
152.0068662439433
272.00686624394416
232.00686624394535
1790.806866243942
695.0068662439415
104.60686624394295
855.8068662439392
96.80686624394097
-134.7931337560548
326.006866243944
-100.19313375606094
565.206866243942
1061.4068662439402
1493.6068662439375
1580.2068662439403
1669.2068662439424
679.606866243945
438.0068662439425
395.6068662439417
-168.59313375606087
-503.3931337560585
-456.5931337560572
222.80686624393906
-359.193133756058
-205.1931337560608
135.40686624394527
143.40686624394243
-178.19313375606345
-539.7931337560605
-510.993133756058
129.80686624393724
-176.19313375605645
452.6068662439406
1447.4068662439427
821.8068662439423
940.4068662439447
767.0068662439371
-256.39313375605917
536.4068662439445
236.0068662439432
296.4068662439408
502.0068662439443
-250.59313375605313
-292.7931337560613
-601.1931337560612
-324.19313375605867
774.2068662439452
-223.39313375605917
-94.79313375605639
174.606866243941
-103.9931337560589
-109.79313375605618
-725.5931337560594
-315.9931337560572
-868.5931337560528
-230.39313375605985
-723.7931337560545
-416.7931337560557
512.6068662439445
-35.39313375605574
3.606866243941715
1065.6068662439395
909.8068662439375
664.8068662439437
-277.7931337560611
338.0068662439406
942.406866243945
405.80686624394184
1592.4068662439345
680.2068662439426
449.00686624394905
640.0068662439473
126.60686624393703
556.4068662439444
168.40686624393825
-204.99313375606343
-307.9931337560553
-605.1931337560578
595.4068662439396
-895.1931337560537
218.80686624394366
403.40686624394533
-136.9931337560541
49.20686624394198
-597.5931337560547
-681.99313375606
-520.9931337560579
813.0068662439451
-353.3931337560596
-623.5931337560622
842.0068662439429
382.20686624394233
353.60686624394043
873.2068662439375
567.8068662439287
475.80686624394593
-188.9931337560593
-228.3931337560559
148.60686624393372
499.6068662439441
-108.39313375605789
-278.59313375605745
179.60686624394353
500.8068662439482
528.4068662439431
843.0068662439409
761.606866243943
159.60686624394003
421.40686624394283
-1.3931337560573667
388.00686624394416
-649.1931337560625
-221.79313375605446
481.6068662439425
-521.9931337560616
-321.1931337560582
-1144.9931337560527
-903.9931337560627
-10.793133756058133
637.6068662439399
-365.59313375606325
-747.7931337560638
517.8068662439426
731.2068662439415
-90.99313375605739
729.606866243939
337.80686624392615
-193.19313375605674
537.0068662439404
308.6068662439431
-596.3931337560608
588.0068662439421
-227.99313375606016
-488.79313375605653
500.20686624393943
554.8068662439427
705.8068662439453
875.0068662439444
1000.0068662439496
-16.393133756058468
-346.1931337560567
-186.5931337560582
-15.793133756059035
751.2068662439418
1049.4068662439408
499.2068662439465
-502.1931337560513
180.0068662439435
-1281.7931337560617
-1036.9931337560533
351.80686624394474
-110.7931337560585
-463.39313375605633
76.00686624394008
679.8068662439412
1235.60686624393
-710.3931337560612
-635.1931337560598
165.80686624394272
135.20686624394173
583.806866243939
276.40686624394937
-595.7931337560615
250.80686624394127
416.80686624394576
-293.19313375605867
440.4068662439401
804.6068662439383
993.4068662439452
525.8068662439408
520.2068662439448
-47.59313375605779
-1278.3931337560725
-25.393133756055548
202.40686624394084
411.806866243944
868.2068662439364
329.4068662439429
239.2068662439418
877.0068662439385
-251.19313375605387
-43.9931337560589
1161.0068662439496
-68.5931337560584
-77.99313375605993
600.6068662439446
529.6068662439408
992.4068662439446
-131.1931337560571
-902.7931337560578
-4.193133756057293
-985.9931337560596
308.6068662439409
697.0068662439395
-686.1931337560575
-481.3931337560601
-7.593133756061903
-1018.7931337560572
368.20686624393915
845.4068662439395
450.2068662439471
87.00686624394402
-417.39313375605667
-910.7931337560633
-908.5931337560623
-926.1931337560521
294.00686624394325
294.6068662439439
-821.1931337560611
-908.9931337560574
541.6068662439434
684.4068662439404
201.00686624394302
261.80686624394343
513.806866243942
624.2068662439432
-100.79313375605824
32.00686624394427
799.406866243938
1260.006866243938
-325.5931337560578
-94.19313375605681
810.4068662439457
-367.39313375605843
-261.99313375605595
112.60686624394116
-671.9931337560611
-546.3931337560622
282.0068662439438
-613.393133756058
-673.7931337560688
726.0068662439375
297.4068662439431
-63.99313375606033
-344.1931337560616
-270.5931337560614
116.006866243942
-295.7931337560597
-638.9931337560591
-703.5931337560577
-636.993133756055
-541.7931337560599
350.80686624394207
221.4068662439427
632.0068662439425
-699.1931337560618
-779.7931337560528
886.806866243942
-255.19313375605924
-46.19313375605813
-721.99313375606
-159.39313375605803
-727.7931337560567
-189.9931337560606
601.6068662439422
474.80686624394434
320.6068662439376
469.6068662439477
-38.59313375606006
-1012.993133756051
-563.9931337560593
-509.9931337560602
-557.5931337560476
504.4068662439414
300.00686624394376
-705.5931337560671
-561.9931337560541
-1389.9931337560488
-380.39313375605747
177.60686624394404
-1040.3931337560664
-1074.9931337560615
-967.3931337560531
-261.59313375605905
553.406866243945
-2.593133756057849
-367.3931337560616
171.40686624394087
-18.393133756058287
178.60686624394376
-94.59313375605997
242.80686624394076
76.20686624394213
527.006866243942
496.0068662439473
350.80686624394076
-12.393133756054645
-338.39313375605474
-228.79313375605878
-291.3931337560587
-477.593133756058
-454.7931337560575
-493.7931337560583
-998.5931337560562
-1161.5931337560692
133.00686624394046
85.40686624394141
-1322.7931337560626
-1014.193133756061
-987.7931337560568
-323.79313375605625
-296.19313375605986
111.60686624394263
-43.19313375606001
-1394.193133756046
-313.5931337560625
488.4068662439429
-44.39313375605579
-310.59313375606564
78.20686624394189
-479.79313375606114
84.00686624394261
317.40686624394317
-208.5931337560571
429.4068662439395
-159.99313375605703
66.80686624394482
435.40686624394175
-55.99313375606212
674.0068662439464
233.60686624393978
-166.39313375605784
-860.7931337560577
-809.9931337560603
-1350.3931337560607
-858.9931337560608
-678.5931337560567
461.6068662439415
640.4068662439439
-1017.5931337560538
-754.7931337560605
-972.9931337560574
-1426.3931337560557
-1158.3931337560568
608.6068662439363
195.40686624394357
-724.993133756069
-48.79313375605717
580.0068662439468
28.80686624394105
-266.1931337560632
-248.39313375605613
-1004.9931337560637
-314.79313375605744
312.80686624394474
-108.39313375605991
-237.79313375605895
-1330.3931337560562
-1368.3931337560646
22.806866243938344
-27.793133756063774
307.8068662439456
746.2068662439411
172.80686624394244
-410.19313375605225
-773.7931337560539
-603.9931337560589
66.80686624393834
32.006866243946156
-126.19313375605816
485.4068662439454
39.20686624394105
-317.79313375605864
-663.3931337560584
-1147.5931337560662
-506.1931337560607
-525.7931337560566
-879.3931337560575
638.4068662439344
1137.2068662439376
-127.79313375605093
324.80686624393775
-298.393133756055
-176.39313375606034
-591.793133756052
-98.19313375605728
-617.7931337560606
-440.3931337560598
-567.7931337560607
-751.5931337560585
-400.3931337560598
-235.9931337560572
-3.793133756059156
280.80686624394343
600.8068662439407
-287.3931337560589
-455.39313375605894
-160.9931337560577
672.2068662439458
-0.9931337560585582
717.2068662439449
444.0068662439398
-836.1931337560626
-1262.393133756061
-1420.7931337560638
-801.9931337560554
81.00686624394295
-65.99313375605611
-39.79313375605322
-389.99313375605936
1000.4068662439324
1065.0068662439357
-874.593133756056
43.40686624394118
-99.59313375605956
-271.1931337560574
107.60686624394238
-277.3931337560578
-370.59313375605717
-403.19313375605924
-403.5931337560533
593.0068662439436
1313.6068662439445
8.406866243941536
-726.3931337560622
424.0068662439403
351.6068662439442
606.4068662439414
420.0068662439415
-584.7931337560636
313.6068662439442
267.0068662439401
497.4068662439429
1139.4068662439397
172.00686624394228
-483.1931337560569
-510.59313375605916
-787.7931337560549
-33.1931337560582
14.806866243946335
212.00686624394427
-272.9931337560591
-144.39313375605323
84.00686624394116
-83.79313375605744
-137.393133756058
259.6068662439461
-16.193133756058465
323.4068662439398
-661.5931337560611
-116.99313375606069
736.406866243942
513.8068662439433
319.8068662439425
399.0068662439434
-651.7931337560602
-969.3931337560542
-298.3931337560558
65.40686624394425
163.80686624394104
448.60686624394236
-634.1931337560525
963.8068662439366
686.8068662439465
654.2068662439415
749.8068662439396
-199.79313375605804
-413.5931337560611
-1028.9931337560565
-475.1931337560588
-470.39313375605735
-962.193133756059
-1521.393133756047
-1037.3931337560568
-157.59313375605953
248.806866243939
298.20686624394085
639.406866243941
379.8068662439395
59.20686624394622
-107.7931337560577
25.00686624394053
650.8068662439433
730.0068662439462
290.2068662439402
40.20686624393976
-646.9931337560611
-634.7931337560553
-793.993133756056
395.2068662439413
281.40686624394067
-0.19313375605479877
595.0068662439421
-509.39313375605764
-11.393133756057058
-165.99313375605647
298.40686624394067
965.006866243946
749.206866243942
-66.39313375605391
-881.7931337560609
1144.6068662439416
-200.99313375605806
-288.79313375605756
-347.3931337560594
-442.9931337560477
250.20686624394307
500.20686624394125
502.20686624394716
764.4068662439402
-116.19313375606184
-484.59313375605507
-130.79313375605815
-357.1931337560566
-194.79313375605858
-167.3931337560591
68.20686624394024
-75.39313375605708
-711.3931337560539
597.0068662439464
-635.9931337560606
49.40686624394235
312.4068662439394
594.4068662439395
485.6068662439438
-19.393133756058067
-203.39313375605974
176.20686624394267
1161.206866243943
386.20686624393994
287.4068662439438
185.20686624393966
-476.1931337560583
249.4068662439449
-766.1931337560566
-229.99313375605757
-182.19313375605847
-628.9931337560504
-1037.7931337560601
-122.79313375605594
749.406866243942
710.6068662439451
-508.1931337560635
-773.793133756061
-184.79313375605778
-110.59313375605973
300.60686624394305
406.40686624394397
165.4068662439427
-647.1931337560587
-930.9931337560556
-200.59313375605657
-415.5931337560565
-134.5931337560588
576.2068662439414
321.8068662439438
-396.5931337560544
268.80686624394224
-325.99313375605806
128.20686624394415
911.0068662439444
101.2068662439399
-125.99313375605817
200.6068662439419
371.2068662439342
116.40686624394188
-78.99313375605746
-325.7931337560584
-1049.9931337560581
-754.193133756055
-152.7931337560556
265.0068662439441
384.40686624394397
665.8068662439459
645.8068662439404
764.8068662439357
-523.7931337560559
-24.593133756054662
245.00686624394245
465.0068662439404
922.0068662439415
36.206866243943026
-428.19313375605645
-250.79313375605665
433.0068662439448
826.606866243932
999.2068662439483
677.4068662439363
348.406866243943
483.2068662439414
-182.593133756061
81.20686624394355
719.8068662439397
660.406866243945
152.80686624394144
179.40686624394107
-224.9931337560631
-156.39313375606133
281.00686624394075
228.8068662439429
-123.5931337560596
-100.79313375605801
438.4068662439455
177.40686624393967
191.40686624394124
852.0068662439402
973.0068662439429
164.00686624394473
-1173.3931337560603
230.60686624394648
-229.3931337560488
364.0068662439447
264.4068662439436
-235.79313375605972
268.2068662439446
-11.393133756054617
1073.0068662439344
1603.2068662439285
1594.8068662439398
1868.6068662439372
1537.0068662439369
1520.8068662439387
1147.2068662439387
586.0068662439372
-341.1931337560614
-475.59313375605944
-920.7931337560576
206.60686624393736
438.4068662439419
30.006866243943495
329.20686624394284
1051.2068662439422
1149.2068662439412
248.60686624394447
-71.79313375605707
-1170.793133756064
-122.5931337560567
695.0068662439431
-285.19313375605617
-1109.593133756054
-284.19313375605736
-216.79313375606014
-370.9931337560595
299.80686624394457
-44.59313375605849
-741.39313375606
-282.19313375605657
-27.993133756055464
806.8068662439396
721.2068662439419
488.40686624394533
1085.606866243935
647.4068662439464
161.40686624394345
-41.9931337560591
872.006866243945
23.606866243944182
-126.99313375605907
-386.59313375605666
681.0068662439464
1484.6068662439507
378.80686624394315
-554.1931337560554
-55.19313375605776
770.2068662439417
183.80686624394588
364.80686624394025
-22.193133756057687
390.60686624394367
682.2068662439415
-500.1931337560545
-227.5931337560572
893.2068662439445
-960.793133756048
-246.79313375606674
-883.7931337560642
-459.99313375605857
-614.5931337560565
321.80686624394656
345.2068662439378
532.6068662439455
589.806866243938
-400.3931337560574
191.40686624394266
513.8068662439446
-220.59313375605538
-113.39313375605616
884.8068662439416
-238.39313375605883
980.0068662439405
680.0068662439426
-41.59313375605693
125.60686624393722
-552.3931337560572
-355.19313375605986
-329.19313375605964
-145.39313375605752
-401.99313375605817
165.40686624394448
-574.5931337560561
-224.9931337560562
121.6068662439389
-170.39313375605758
570.6068662439384
902.0068662439448
-303.1931337560601
178.00686624393904
-639.5931337560609
43.0068662439448
-5.9931337560528775
1214.806866243957
884.8068662439471
-479.3931337560563
501.0068662439389
188.2068662439442
-146.7931337560573
859.8068662439297
815.0068662439367
93.40686624394249
300.2068662439395
-1076.5931337560555
421.4068662439419
83.60686624394017
-906.7931337560549
-420.39313375605883
145.00686624394146
688.0068662439476
337.20686624394233
462.8068662439461
1088.4068662439556
930.4068662439355
236.60686624394094
493.60686624393753
570.6068662439404
385.60686624394384
63.0068662439413
147.20686624394287
-36.99313375605833
788.2068662439418
-329.99313375605954
398.80686624394247
64.60686624394324
260.4068662439415
360.20686624394153
-774.393133756057
264.6068662439406
1191.2068662439485
1133.6068662439345
1082.0068662439453
855.6068662439408
154.20686624394284
91.4068662439442
-635.3931337560588
-475.5931337560578
454.8068662439395
206.80686624393675
37.40686624394387
-80.39313375605697
212.00686624394524
-178.79313375605835
-298.7931337560589
-472.59313375605853
-71.19313375605765
248.6068662439426
114.4068662439426
-38.39313375606332
-996.9931337560542
-897.1931337560527
-685.1931337560627
373.20686624394193
1546.606866243934
-487.59313375605984
-517.3931337560606
-587.7931337560565
-843.5931337560578
-350.59313375606075
-397.9931337560566
568.0068662439501
808.8068662439433
749.6068662439425
606.4068662439438
353.2068662439411
240.00686624394277
172.606866243944
-105.39313375605862
-15.99313375605633
520.6068662439402
-156.99313375605527
110.00686624394305
-448.3931337560562
-91.39313375605576
159.40686624394405
533.0068662439476
-94.1931337560555
-189.59313375605313
-536.9931337560643
-85.793133756059
-395.3931337560612
-1201.9931337560565
-479.9931337560611
-774.5931337560586
-788.193133756049
362.0068662439439
-628.7931337560603
-797.593133756058
-164.99313375605908
-401.79313375605506
-282.7931337560605
-1035.9931337560515
36.806866243944015
178.00686624394598
-221.19313375605648
804.2068662439423
548.2068662439419
660.8068662439393
197.80686624394414
-425.3931337560565
-665.9931337560573
17.606866243941866
348.00686624394643
631.2068662439498
339.6068662439387
-1080.9931337560554
-716.3931337560565
77.8068662439453
-409.1931337560561
-477.3931337560584
-260.39313375605946
670.6068662439453
553.0068662439348
-502.5931337560585
-1105.993133756053
-1833.3931337560416
-809.9931337560538
-2.993133756057208
82.00686624394193
-196.9931337560603
-205.1931337560628
-131.39313375605764
-174.79313375605915
753.8068662439473
-46.99313375606117
924.4068662439407
475.4068662439468
-24.39313375605667
-15.393133756055958
605.6068662439375
996.406866243933
504.20686624394
-400.39313375605053
-621.7931337560615
254.40686624394317
731.8068662439458
623.6068662439442
37.20686624393916
-967.9931337560532
175.60686624394356
94.60686624394455
-501.193133756058
21.20686624394413
-97.39313375605819
-527.1931337560582
133.00686624394183
172.80686624394113
-1135.593133756047
679.2068662439399
807.6068662439403
104.80686624394366
2.6068662439443244
-406.99313375605607
-213.99313375605877
-120.59313375605655
1637.4068662439447
16.60686624393739
2.006866243942195
-429.7931337560568
-522.1931337560555
412.40686624394436
278.2068662439394
409.60686624394447
85.4068662439419
-195.5931337560635
255.60686624394015
826.8068662439476
566.6068662439516
-118.59313375605642
-358.3931337560598
-630.9931337560499
-456.5931337560587
-391.79313375605767
-1015.3931337560576
-544.1931337560582
-392.5931337560586
-1130.3931337560575
-1105.3931337560552
-733.7931337560524
-306.9931337560544
548.2068662439455
1053.4068662439374
-68.39313375605605
-134.19313375605813
-1105.9931337560572
223.20686624394378
305.8068662439449
541.0068662439421
-478.9931337560597
-886.7931337560551
-880.1931337560542
479.20686624394324
548.0068662439448
-781.5931337560643
124.40686624394127
446.40686624394084
708.6068662439417
578.4068662439436
860.2068662439459
535.4068662439463
-7.593133756057529
680.6068662439394
-440.7931337560604
-150.39313375605605
-245.9931337560579
-741.9931337560553
-92.59313375605942
-259.59313375605757
-962.3931337560518
-752.3931337560655
-407.59313375605586
-364.99313375605885
-624.7931337560506
1202.4068662439397
941.0068662439458
780.0068662439442
207.60686624394162
-225.59313375605677
-449.39313375606105
-77.99313375606137
431.60686624394356
328.60686624394305
-1048.3931337560502
287.00686624393626
432.8068662439461
-607.3931337560626
-387.79313375605824
-668.3931337560606
1.8068662439395808
-503.9931337560537
-408.9931337560541
-201.79313375605986
-1024.1931337560611
-334.19313375606305
-621.7931337560553
-465.7931337560593
-306.7931337560597
-1112.993133756059
-300.9931337560597
-206.59313375606084
-758.7931337560562
-618.9931337560628
395.60686624393924
792.6068662439503
269.4068662439429
648.606866243942
401.4068662439447
446.6068662439419
647.806866243944
-236.79313375605855
-678.3931337560629
-394.5931337560535
428.0068662439434
827.0068662439476
-904.7931337560578
-1063.9931337560538
-282.5931337560564
-575.1931337560598
-163.79313375605724
-427.99313375605925
104.80686624394357
-120.99313375605561
190.4068662439429
-28.593133756058773
-1636.9931337560636
-1260.5931337560503
-1228.3931337560623
-1600.193133756043
-1742.5931337560585
-1489.993133756062
-638.9931337560583
-546.7931337560582
44.60686624394361
-283.1931337560572
-356.99313375605766
-444.19313375605867
482.0068662439426
313.8068662439445
179.20686624394318
-32.99313375606006
245.40686624394309
458.0068662439476
346.2068662439424
189.40686624394223
79.00686624394156
-489.99313375605806
-1092.7931337560638
-1044.5931337560544
59.80686624394025
-926.1931337560601
-591.7931337560531
-436.3931337560603
-1016.3931337560664
-1296.9931337560542
104.00686624394393
875.0068662439414
-8.393133756060049
-123.99313375605793
285.0068662439358
-646.5931337560551
-855.7931337560616
-195.59313375605723
-222.79313375605886
-653.9931337560618
83.40686624394073
611.0068662439438
-537.793133756065
-533.7931337560642
306.80686624394224
494.2068662439468
165.20686624394037
551.4068662439428
262.2068662439429
546.8068662439448
490.2068662439419
430.0068662439431
-112.99313375605709
-1074.593133756061
-1378.3931337560555
-1286.5931337560628
-143.99313375606135
-1320.5931337560537
-1339.7931337560483
-672.3931337560472
-1488.1931337560693
-1364.9931337560556
-467.19313375605765
-293.39313375606235
790.6068662439365
984.8068662439437
839.4068662439449
403.0068662439398
619.8068662439439
-255.19313375605893
34.206866243941846
-57.79313375605653
-362.19313375605583
-294.7931337560571
-506.59313375605683
-93.79313375605803
-151.99313375605766
22.00686624394137
-338.59313375605956
-615.1931337560621
-705.9931337560527
-446.19313375607436
-514.3931337560623
-285.59313375605865
-1021.1931337560493
-1035.5931337560537
-265.5931337560573
-719.9931337560587
-403.19313375606004
-644.193133756061
-1190.9931337560627
-434.3931337560596
-601.9931337560621
-367.59313375605615
-32.39313375605643
-402.79313375605255
78.40686624394068
-506.9931337560566
-541.1931337560596
383.4068662439395
-559.393133756061
-257.99313375605993
430.20686624393994
23.00686624394221
-102.9931337560618
-662.3931337560527
-530.9931337560539
-1358.3931337560512
115.40686624394444
-559.9931337560597
-810.7931337560589
-98.39313375605659
-568.9931337560579
-83.39313375606284
546.0068662439379
190.40686624394377
-142.99313375605945
-1272.1931337560611
-555.1931337560603
-199.59313375605606
-638.3931337560598
697.8068662439408
-79.99313375606125
-435.79313375605614
-22.99313375605429
-693.7931337560561
-393.1931337560554
-345.1931337560582
-248.19313375605125
-213.9931337560614
-485.59313375605836
527.0068662439461
-1025.5931337560676
239.20686624394548
473.4068662439373
24.606866243941987
17.206866243947566
-669.9931337560558
-455.59313375605865
-479.59313375605683
731.2068662439519
-334.7931337560591
-845.1931337560648
478.2068662439417
-59.79313375605631
33.20686624394096
246.80686624394303
-108.79313375605443
-600.1931337560595
-967.1931337560579
-421.59313375605416
-651.3931337560623
-564.5931337560603
-734.9931337560596
-611.1931337560593
-544.9931337560614
-692.3931337560587
-685.3931337560599
-101.19313375605674
429.8068662439446
239.80686624394423
298.006866243941
82.60686624394717
205.4068662439439
-933.1931337560563
-299.59313375605427
282.60686624394594
-497.59313375605467
-181.39313375605818
-994.9931337560596
-533.9931337560561
21.406866243939717
397.2068662439433
-336.3931337560579
-809.1931337560632
339.60686624394316
186.6068662439428
-618.1931337560603
-44.793133756056044
-571.7931337560547
-1353.19313375606
-203.79313375605844
153.6068662439414
-1118.3931337560596
-467.1931337560615
-947.5931337560604
-692.7931337560537
28.20686624394385
-385.5931337560588
-250.19313375605623
-151.19313375605523
719.4068662439341
272.60686624394435
-69.39313375605823
189.00686624393234
-214.1931337560562
232.4068662439459
785.2068662439392
250.20686624393733
-673.5931337560526
302.60686624394043
-1011.7931337560525
-978.1931337560551
-66.99313375605753
-356.5931337560578
-436.9931337560583
170.60686624394157
502.20686624394347
580.4068662439413
-854.1931337560553
-1074.193133756053
-333.79313375605966
-307.79313375606205
266.00686624394314
196.6068662439401
-700.1931337560577
-64.79313375605484
417.8068662439349
-180.39313375606164
365.80686624394525
213.20686624394628
374.00686624394217
-79.19313375605842
508.4068662439508
349.2068662439432
-495.39313375605576
781.0068662439539
-14.993133756057144
-181.19313375605748
536.4068662439421
81.6068662439425
-12.19313375605753
906.0068662439419
231.4068662439417
-112.19313375605529
581.0068662439436
-638.393133756059
-659.9931337560623
502.2068662439428
295.00686624394183
333.0068662439437
-293.993133756057
-873.9931337560605
358.60686624394185
-594.7931337560623
-81.5931337560574
395.2068662439423
-788.3931337560607
-501.39313375605593
631.6068662439467
-175.39313375605576
825.0068662439412
482.0068662439429
149.20686624394153
93.60686624394029
210.2068662439432
-154.79313375605756
-189.79313375605804
-98.59313375605751
512.0068662439429
329.4068662439412
-791.1931337560565
-731.1931337560604
147.0068662439448
225.20686624394125
365.4068662439409
243.00686624393973
-55.79313375605832
-418.19313375605697
-1110.193133756071
-270.9931337560558
620.6068662439408
693.0068662439406
-738.9931337560611
-240.79313375606088
1113.8068662439437
-50.19313375606133
-428.993133756057
117.20686624394406
-608.793133756066
-422.393133756058
853.8068662439438
434.80686624394616
222.8068662439433
685.8068662439479
-67.99313375605811
141.80686624394284
633.0068662439376
604.206866243953
658.0068662439446
538.8068662439392
241.40686624394928
-157.79313375606537
-553.1931337560553
-613.5931337560585
-403.9931337560595
-607.3931337560581
95.6068662439413
-996.1931337560617
-1265.3931337560475
-266.1931337560595
-1332.3931337560532
-454.5931337560648
-599.7931337560586
-223.1931337560578
-825.99313375606
-195.59313375605618
826.4068662439428
534.4068662439397
552.0068662439359
1012.0068662439529
553.006866243936
-724.393133756059
156.40686624393544
569.6068662439504
303.4068662439381
1036.606866243944
458.60686624394293
-93.99313375605897
825.0068662439418
-450.5931337560558
119.40686624394397
1002.8068662439526
32.80686624394301
84.80686624394014
-282.9931337560562
-33.193133756060405
397.4068662439365
-195.79313375605741
-769.3931337560625
36.20686624394284
-165.99313375605604
-950.9931337560614
-1134.1931337560632
-384.7931337560565
221.60686624394222
521.0068662439443
178.60686624393983
-118.99313375605962
-15.993133756055837
-305.3931337560599
-27.593133756056165
475.8068662439454
548.4068662439448
148.8068662439453
550.0068662439397
315.4068662439425
-346.79313375606
721.6068662439392
834.4068662439471
-217.3931337560583
677.8068662439465
-41.39313375606298
329.40686624395045
374.8068662439415
563.2068662439384
719.6068662439462
-867.3931337560555
-108.39313375605772
717.6068662439417
96.206866243943
-436.9931337560612
-83.19313375605945
-751.993133756057
-652.3931337560583
-323.7931337560589
-465.99313375606164
448.8068662439403
-182.59313375605603
-323.1931337560596
-409.5931337560573
-188.79313375605994
556.4068662439357
256.80686624394485
597.6068662439435
218.40686624394306
129.20686624394142
-262.3931337560575
523.4068662439435
126.00686624393987
607.0068662439435
1129.6068662439413
-226.39313375605613
477.4068662439461
8.00686624394232
-470.39313375606406
-315.7931337560591
816.2068662439347
151.20686624394375
-1277.393133756068
-775.5931337560611
266.00686624394365
179.80686624394437
-111.39313375606179
-174.19313375605705
-1203.1931337560504
-968.1931337560604
127.40686624394195
181.4068662439424
104.00686624393927
-935.1931337560596
-1008.5931337560555
-395.79313375605966
-243.59313375605828
196.2068662439388
811.6068662439395
721.406866243944
368.80686624394434
75.60686624394292
383.8068662439405
1094.806866243932
743.6068662439455
-370.59313375605797
735.4068662439436
728.606866243929
542.2068662439309
1.0068662439455878
-557.5931337560571
-70.99313375605982
-253.1931337560576
-823.7931337560586
91.60686624394125
835.4068662439437
-175.39313375605897
528.4068662439414
-17.393133756059676
-139.99313375605627
-831.9931337560572
-951.5931337560613
-1072.1931337560557
-554.393133756056
-536.1931337560554
-728.7931337560573
13.80686624394012
-337.59313375605814
-488.7931337560597
-109.99313375605634
682.6068662439359
89.00686624394129
-372.19313375605697
381.4068662439433
1313.00686624393
151.20686624394216
609.6068662439434
-158.39313375605875
-1032.7931337560562
-654.5931337560597
-378.7931337560557
276.2068662439501
990.6068662439369
326.60686624394225
114.20686624393716
-171.39313375605596
1210.0068662439435
1528.0068662439392
-653.3931337560568
198.60686624394452
-84.19313375605482
-249.593133756061
-92.79313375606142
-1334.5931337560555
-1246.9931337560604
-1129.7931337560574
-790.3931337560537
-21.59313375605756
1138.8068662439434
24.60686624394313
-884.1931337560605
303.80686624394133
538.0068662439442
808.0068662439407
143.40686624394291
-235.5931337560594
360.60686624394765
-344.1931337560601
-407.3931337560569
247.20686624394014
-185.19313375605935
-82.1931337560487
64.80686624394592
23.206866243945957
831.2068662439473
420.60686624393713
591.6068662439504
276.0068662439407
244.40686624393953
268.8068662439463
-144.9931337560587
-92.19313375606123
-86.7931337560592
-144.7931337560585
-7.793133756054429
-1694.993133756058
-771.3931337560692
7.406866243939394
89.40686624394183
53.806866243942096
417.20686624394256
-312.99313375605925
-466.3931337560598
128.00686624393995
297.80686624394224
-40.193133756058344
-35.593133756060475
-456.9931337560534
908.2068662439442
211.2068662439442
-111.59313375605953
-416.99313375605874
-945.1931337560603
-253.39313375605684
-800.193133756068
-368.9931337560557
132.00686624394106
-93.99313375606138
-609.59313375606
-93.99313375605685
-165.59313375605694
-220.39313375606187
-427.1931337560574
111.6068662439432
-84.39313375605687
-181.9931337560587
-543.593133756051
-831.3931337560512
253.40686624394112
296.8068662439436
-10.593133756057473
-157.1931337560547
-348.7931337560623
-88.5931337560557
-86.79313375605729
1141.406866243948
600.8068662439388
-196.993133756053
322.00686624394547
-405.99313375605743
68.20686624394261
-333.3931337560603
-196.39313375605857
-163.3931337560562
1.2068662439430202
-18.79313375605705
-502.7931337560599
923.0068662439373
175.20686624394088
866.8068662439536
750.0068662439442
531.4068662439423
703.0068662439393
251.2068662439437
73.20686624394054
258.00686624394456
-360.1931337560579
-484.19313375606293
-487.5931337560608
-1034.3931337560596
-500.5931337560598
-288.9931337560568
-85.59313375605821
-420.99313375605766
-582.1931337560574
796.2068662439408
-522.5931337560509
-1.3931337560595374
-209.19313375606504
10.806866243941698
86.40686624394176
-195.59313375606024
-292.39313375605866
209.0068662439445
774.6068662439408
-648.5931337560551
-295.9931337560598
35.6068662439405
-148.99313375605578
177.60686624394407
-323.79313375605983
727.4068662439413
486.8068662439423
119.00686624394484
-351.79313375606006
-163.1931337560579
-1.3931337560584032
-180.39313375605806
-756.5931337560631
-735.5931337560593
-549.593133756048
-595.9931337560567
24.20686624394177
256.2068662439427
93.40686624394067
-702.193133756062
-695.3931337560535
-99.99313375605652
-448.993133756056
-617.5931337560514
-589.5931337560551
-732.5931337560526
-1080.1931337560518
-62.793133756057316
-751.193133756048
52.80686624394477
625.0068662439452
-435.79313375606085
-624.3931337560612
-331.1931337560615
529.406866243932
95.60686624394569
-5.993133756060704
-83.79313375605892
-774.7931337560618
-437.9931337560537
5.2068662439416595
50.80686624394204
-567.5931337560565
-648.5931337560513
-130.99313375605703
330.20686624394585
-1047.3931337560525
-505.5931337560505
-479.5931337560571
241.4068662439377
917.8068662439351
81.4068662439411
-126.7931337560551
-172.99313375605706
102.20686624394098
85.20686624394371
-519.793133756064
-1002.7931337560683
-1023.5931337560584
-201.39313375605815
-769.3931337560548
-79.79313375606063
799.4068662439422
764.0068662439478
-131.59313375605933
-498.5931337560583
-506.5931337560637
-909.1931337560576
-549.393133756056
-490.19313375605964
-384.7931337560592
96.4068662439452
442.4068662439454
143.4068662439428
89.40686624394026
99.6068662439424
354.20686624394
-184.59313375605797
-1644.9931337560872
-527.1931337560596
-912.3931337560558
109.20686624393956
43.20686624394183
-490.39313375605605
-173.9931337560528
-1022.593133756056
-605.9931337560557
79.40686624394732
-254.59313375605984
-268.1931337560563
-360.5931337560569
387.40686624394067
358.2068662439405
93.20686624394322
-504.7931337560549
-590.9931337560542
-1089.993133756059
-198.1931337560574
-82.59313375605635
-773.7931337560606
-561.5931337560523
192.4068662439436
362.2068662439426
71.2068662439465
-307.393133756059
-1428.1931337560557
-147.9931337560622
607.6068662439436
-488.5931337560576
-1560.1931337560684
-742.7931337560583
-838.393133756053
-672.5931337560658
446.406866243941
211.80686624394065
-620.1931337560547
-837.5931337560568
-1380.3931337560548
-1182.5931337560617
-1143.7931337560562
-1553.7931337560574
-910.7931337560665
-581.3931337560562
-635.19313375605
-533.1931337560602
56.006866243943904
-754.7931337560625
-518.1931337560624
-419.3931337560596
502.00686624394194
1133.4068662439447
-216.79313375605665
-1137.593133756054
-434.3931337560573
-77.59313375605674
-581.7931337560548
104.20686624394321
-240.3931337560512
306.00686624394467
637.406866243948
-769.9931337560525
-866.3931337560558
184.80686624393937
-1688.393133756071
-808.7931337560487
-895.3931337560587
-44.99313375605823
-252.59313375605353
-139.79313375605798
-492.9931337560571
-777.7931337560508
-1107.5931337560562
-2257.7931337560726
-1151.7931337560635
80.20686624394233
-340.9931337560626
1.2068662439419136
671.806866243942
-458.39313375605906
833.006866243951
686.8068662439422
-64.19313375605753
187.4068662439421
-700.9931337560611
-693.5931337560514
-601.3931337560647
-722.1931337560512
-1313.3931337560523
-204.79313375605807
-713.5931337560567
-395.39313375606184
120.8068662439421
-515.3931337560567
-94.39313375605944
382.6068662439426
-1224.7931337560697
-544.9931337560648
-1132.79313375606
-12.19313375605531
-139.59313375605768
736.0068662439467
468.80686624394286
-1035.9931337560686
-673.1931337560634
-1275.3931337560573
-1301.9931337560563
287.00686624394416
399.0068662439399
-140.79313375605741
451.4068662439418
-819.993133756057
897.2068662439473
631.6068662439413
-744.5931337560606
-336.99313375606266
-101.99313375605364
574.4068662439421
99.00686624394109
-2.5931337560596113
278.80686624394644
211.80686624394576
-278.5931337560576
43.00686624394102
431.8068662439439
326.2068662439407
148.0068662439427
476.40686624394294
-1161.193133756065
-107.19313375605658
-818.5931337560619
450.60686624394634
-167.79313375606066
-223.19313375605373
169.80686624394306
-1019.9931337560599
-546.3931337560551
-1.3931337560570682
488.0068662439416
682.806866243936
237.20686624394153
-479.993133756054
126.60686624394191
-429.99313375606147
-14.393133756059292
908.4068662439373
266.00686624394206
-294.99313375605954
-495.99313375605755
371.006866243942
71.4068662439416
-273.593133756058
-560.1931337560533
-395.3931337560546
-225.79313375606094
76.8068662439432
428.0068662439454
-368.1931337560496
-299.3931337560551
-265.3931337560596
-904.7931337560644
788.0068662439414
-767.3931337560509
-348.3931337560603
-486.7931337560606
-962.9931337560598
-478.79313375605426
-401.5931337560571
98.6068662439445
20.606866243942846
313.80686624394116
206.40686624394203
-367.3931337560582
-435.19313375605304
-78.9931337560491
-171.19313375606055
209.606866243943
597.2068662439468
-549.3931337560639
-534.1931337560553
-1040.593133756045
-267.7931337560597
142.60686624394495
490.2068662439392
-1.793133756056811
-162.5931337560551
-620.3931337560499
164.80686624394173
71.8068662439424
-646.1931337560533
21.206866243945264
-547.9931337560607
-1766.7931337560701
-87.79313375605663
-830.5931337560587
-928.593133756056
-396.7931337560598
-530.993133756067
-238.99313375605945
-747.5931337560564
-47.39313375605616
-211.39313375606304
-285.39313375606156
930.4068662439432
452.00686624394484
196.60686624394208
-282.993133756056
-845.1931337560544
-537.7931337560572
73.60686624394364
74.00686624394373
97.20686624394315
-113.59313375605694
-1285.3931337560593
-763.3931337560539
-84.3931337560579
-204.59313375605544
-288.5931337560546
-272.3931337560615
755.2068662439474
488.6068662439446
-509.39313375605184
-886.593133756045
-1592.7931337560492
-2487.993133756054
-1221.9931337560733
-840.7931337560401
-836.7931337560497
-368.7931337560588
-114.59313375605905
-153.99313375605462
590.4068662439425
-603.1931337560535
383.4068662439406
-184.39313375605727
-528.1931337560578
-605.7931337560537
-186.39313375605897
-105.39313375606109
-724.5931337560505
-1769.7931337560478
-2051.9931337560547
-871.3931337560603
-136.79313375605676
-163.59313375605927
-115.79313375606037
-818.3931337560687
56.606866243939784
-393.1931337560522
-986.3931337560716
-336.79313375605926
-170.39313375606133
-664.3931337560632
-41.39313375606106
-177.59313375606143
-1939.993133756055
-866.1931337560507
-548.3931337560566
-1039.593133756057
-760.3931337560552
-636.1931337560638
-88.79313375605963
50.806866243939865
1480.6068662439486
1.2068662439369326
349.4068662439446
-483.59313375605814
-629.3931337560552
30.606866243941067
-300.7931337560561
-422.5931337560528
-1063.5931337560646
-1361.59313375606
-854.3931337560512
124.80686624394123
64.2068662439442
-404.59313375606155
-275.193133756058
26.20686624393967
129.80686624394036
111.60686624394063
-375.59313375605683
-323.5931337560557
-260.79313375605335
-1123.993133756052
-1036.1931337560611
-827.5931337560606
-836.7931337560551
-484.59313375606024
111.00686624393884
-974.3931337560604
-785.5931337560577
-1096.7931337560674
461.40686624394084
492.20686624394233
492.4068662439397
-437.7931337560598
-360.59313375605956
-580.3931337560576
488.0068662439452
594.6068662439408
-687.9931337560569
176.2068662439433
193.80686624394193
414.6068662439431
323.6068662439432
508.206866243939
97.40686624394172
30.406866243942233
1263.0068662439435
602.406866243945
662.8068662439446
484.2068662439422
75.20686624394492
141.8068662439421
-143.19313375606018
-720.1931337560613
-498.39313375605246
-319.3931337560598
-420.593133756056
-1340.7931337560683
423.4068662439412
117.8068662439434
445.6068662439411
230.20686624394057
-315.193133756057
-546.3931337560603
-146.1931337560539
484.0068662439397
709.0068662439421
-1063.7931337560667
97.0068662439428
667.8068662439393
-175.19313375605907
312.00686624394206
-125.59313375605932
356.6068662439412
-274.7931337560574
-554.7931337560585
-290.5931337560567
-440.3931337560591
552.2068662439394
523.2068662439355
343.80686624394133
211.60686624394208
-538.7931337560607
-298.9931337560652
-273.5931337560637
-345.39313375606076
-436.3931337560613
512.2068662439435
1057.606866243942
-286.7931337560586
-37.19313375605139
-378.7931337560612
216.20686624394395
653.8068662439437
-260.59313375606195
-646.5931337560547
-327.5931337560619
806.8068662439443
1428.006866243937
-887.7931337560567
-1164.7931337560583
-83.39313375605792
-20.593133756061384
973.8068662439473
515.8068662439418
640.0068662439461
60.40686624394458
357.8068662439399
221.2068662439399
-935.1931337560574
-129.99313375605965
57.00686624394329
-589.9931337560658
-799.3931337560557
-763.9931337560598
-442.39313375605826
-407.3931337560537
411.80686624394235
-205.19313375606006
-104.59313375605876
-44.593133756057114
-19.793133756056893
-277.5931337560619
-373.79313375606
-202.19313375605776
161.4068662439421
902.2068662439289
1172.2068662439399
836.8068662439387
751.8068662439468
491.0068662439411
-681.1931337560529
-1255.393133756072
-62.79313375605527
-446.7931337560577
348.20686624393903
389.40686624394266
-190.39313375605366
-806.7931337560624
472.00686624394393
1070.2068662439362
250.20686624394696
413.8068662439437
1210.6068662439416
140.40686624394115
-137.99313375605573
406.2068662439443
52.206866243943665
-533.3931337560596
453.2068662439419
902.6068662439462
-204.59313375605927
-54.99313375605766
77.40686624394263
-1.593133756056126
-359.39313375605377
153.60686624394197
-5.593133756057007
665.4068662439361
1209.0068662439426
980.8068662439398
273.0068662439438
-446.3931337560526
-1304.9931337560663
-2074.5931337560637
-997.7931337560572
-1221.9931337560533
-833.9931337560595
-277.1931337560586
-879.1931337560683
-684.5931337560573
-201.39313375605656
-394.59313375605757
721.6068662439428
636.8068662439381
891.0068662439398
392.406866243944
269.006866243941
-125.79313375606353
-17.39313375606226
-244.1931337560583
3.806866243940352
224.00686624395146
-73.59313375605831
607.2068662439503
23.606866243943184
-196.39313375606318
-621.1931337560609
-648.5931337560587
-869.1931337560619
-562.593133756064
-161.39313375606002
-0.39313375605799905
-732.5931337560537
-733.9931337560514
-442.39313375606304
-1157.1931337560618
-1048.9931337560683
-565.9931337560616
-826.5931337560559
-126.99313375605868
-160.19313375605842
12.606866243941822
87.80686624393854
-488.39313375606474
268.4068662439414
-577.5931337560577
-925.7931337560568
-82.1931337560605
-1026.193133756071
-62.193133756059694
696.4068662439425
120.60686624394252
136.60686624394108
-67.39313375605606
748.206866243939
168.80686624394343
992.4068662439568
10.80686624394411
-354.19313375605935
582.8068662439445
-320.59313375605564
-62.79313375606071
907.8068662439482
485.6068662439418
132.60686624394262
-968.9931337560567
-405.3931337560595
-162.99313375606016
-633.5931337560634
462.00686624394257
-92.19313375605401
-26.19313375605659
413.80686624394554
-687.7931337560549
-702.3931337560495
-803.5931337560639
-134.99313375605735
-283.3931337560616
-948.3931337560601
52.806866243937655
-1158.5931337560507
665.8068662439424
1071.6068662439386
678.6068662439354
557.0068662439397
243.20686624394688
1163.0068662439448
1251.2068662439417
1719.8068662439387
304.80686624394366
-190.79313375605773
1274.2068662439367
121.00686624394291
102.80686624394481
780.8068662439376
237.8068662439429
-976.1931337560501
-1290.5931337560587
-477.3931337560603
-608.5931337560568
-611.7931337560663
-1155.1931337560695
-581.5931337560629
202.40686624393993
-253.1931337560561
-894.9931337560616
-945.1931337560603
-539.5931337560547
-287.39313375605997
46.40686624394566
-422.1931337560566
-308.7931337560581
-987.5931337560518
-169.19313375605802
634.8068662439442
331.00686624394115
701.0068662439398
-57.593133756056986
636.2068662439428
1180.4068662439593
1339.0068662439437
473.0068662439398
-62.99313375605839
1216.0068662439437
288.0068662439445
-522.5931337560581
614.4068662439395
247.40686624394482
-1344.3931337560623
-1023.193133756056
-375.3931337560584
-1150.3931337560618
-629.1931337560505
-1175.393133756055
-644.3931337560573
477.0068662439394
-364.9931337560532
-990.3931337560548
-1249.593133756063
-335.99313375606255
-441.7931337560524
-354.39313375606974
-126.79313375605643
-468.9931337560616
-38.19313375605645
407.60686624394356
-15.993133756058306
-385.19313375605935
783.6068662439374
-479.39313375605735
-274.1931337560551
645.0068662439502
694.206866243944
772.806866243944
1151.4068662439443
1065.0068662439419
517.8068662439458
-569.3931337560606
-157.9931337560531
804.0068662439471
119.40686624393956
-369.193133756056
-643.7931337560568
-828.3931337560616
193.20686624394054
304.8068662439452
-226.19313375605367
598.8068662439455
131.8068662439398
-538.1931337560546
-1076.393133756054
-285.9931337560586
-170.5931337560614
-756.5931337560602
326.4068662439378
-435.5931337560601
-799.5931337560626
-157.5931337560568
-85.99313375605828
-64.59313375605721
751.2068662439386
401.6068662439438
481.80686624393815
1281.0068662439423
209.4068662439421
373.2068662439412
1335.6068662439332
625.2068662439422
271.80686624394275
-108.59313375605687
-554.1931337560557
795.0068662439453
-527.9931337560508
-539.5931337560586
-564.1931337560559
-1366.7931337560528
-597.5931337560528
135.00686624394046
-388.39313375605894
725.8068662439434
158.80686624393982
-478.9931337560559
-437.79313375604306
-181.59313375605552
-473.5931337560574
-292.7931337560554
-383.3931337560581
-163.39313375605747
-583.7931337560584
-1302.193133756054
-985.7931337560553
-484.1931337560568
-588.9931337560581
481.2068662439406
780.2068662439425
679.6068662439372
372.00686624394257
-310.39313375605656
123.80686624394063
410.80686624394133
196.60686624394373
-770.9931337560524
-113.99313375606496
976.0068662439446
-605.3931337560629
-1298.993133756052
-1097.9931337560545
-1277.3931337560687
-719.3931337560559
175.00686624394257
54.80686624394417
-61.19313375605439
517.2068662439428
-635.3931337560543
-748.3931337560593
-121.9931337560572
-222.39313375605946
-62.19313375605867
-122.39313375605792
-445.3931337560589
-706.7931337560611
-753.7931337560583
-1112.3931337560603
-1228.9931337560618
-1107.3931337560614
220.20686624394818
-468.9931337560574
-204.79313375605525
1094.4068662439586
-166.39313375605977
-111.59313375605657
-1019.9931337560613
-797.1931337560574
-1041.793133756054
-223.99313375606064
369.4068662439422
-84.5931337560614
-321.59313375605944
-18.193133756054188
-23.593133756058258
-968.5931337560601
-387.993133756058
301.60686624394293
152.20686624393716
847.6068662439463
-38.59313375605949
-1046.5931337560644
80.40686624393886
-868.79313375607
-465.1931337560596
260.80686624394104
-463.5931337560598
114.40686624394277
-70.79313375605823
-688.3931337560585
-503.19313375606004
-166.99313375605874
-189.3931337560587
1150.4068662439522
1323.006866243947
473.00686624393495
251.80686624393698
209.20686624394583
51.80686624394323
300.0068662439379
-36.793133756060044
-106.59313375605844
-185.99313375605772
-544.3931337560547
-88.19313375605563
-107.59313375605893
-42.193133756059645
-512.793133756058
-223.3931337560543
122.60686624394364
-414.5931337560607
374.60686624394253
87.60686624394285
-892.3931337560601
618.4068662439439
392.00686624393836
392.80686624394104
29.806866243937673
209.00686624394507
856.2068662439464
-807.1931337560625
-895.5931337560597
50.40686624394332
443.2068662439444
293.4068662439448
1270.2068662439465
1158.6068662439388
269.0068662439359
669.8068662439441
298.00686624394194
739.406866243941
-297.79313375605864
-315.7931337560613
-134.5931337560602
-615.1931337560688
58.80686624394551
93.20686624394062
105.80686624394326
-339.59313375605734
-592.3931337560609
-1260.3931337560625
114.80686624394426
-130.19313375605938
-97.59313375605963
464.4068662439413
-491.9931337560579
214.0068662439426
-297.9931337560626
-783.7931337560414
-698.1931337560607
464.4068662439441
251.80686624394227
-1493.9931337560647
-1706.393133756061
-351.393133756054
489.60686624394276
601.4068662439437
1056.406866243948
725.606866243931
593.0068662439458
1559.6068662439511
1377.0068662439492
638.6068662439387
-479.5931337560602
-501.1931337560583
68.40686624394175
-497.59313375605126
-452.99313375606255
343.40686624393976
526.0068662439412
1.2068662439445248
-282.9931337560587
-149.39313375605894
734.0068662439433
392.0068662439401
-780.5931337560593
867.4068662439335
762.6068662439387
-38.19313375605942
-824.3931337560629
-1171.1931337560488
-562.593133756057
-251.39313375605747
-368.59313375605416
-57.99313375605956
193.60686624394373
-604.3931337560629
684.6068662439409
424.20686624394347
823.6068662439399
937.4068662439373
924.0068662439525
485.40686624395477
427.8068662439449
215.20686624394426
-184.3931337560589
390.40686624394243
41.406866243943895
-731.3931337560593
-674.1931337560585
444.0068662439447
257.0068662439409
-172.99313375605976
592.8068662439377
920.0068662439388
-161.9931337560587
176.20686624394372
-194.99313375606096
-603.3931337560591
-467.39313375605684
-586.3931337560599
-63.79313375605713
557.0068662439388
-290.3931337560579
85.40686624394145
421.20686624394307
1239.2068662439483
1087.2068662439406
-1085.793133756058
261.006866243942
43.40686624394356
293.00686624393364
1364.806866243943
0.8068662439436949
-219.99313375605632
-673.793133756054
-288.9931337560586
213.2068662439414
886.4068662439457
-32.79313375605722
-1429.7931337560688
-635.7931337560555
125.80686624394399
744.4068662439437
677.6068662439425
312.6068662439439
148.20686624394153
-608.993133756061
-592.5931337560583
123.20686624393971
-170.39313375605764
-6.793133756058268
314.60686624394333
286.40686624394203
883.0068662439423
-299.79313375605517
47.20686624394306
665.4068662439367
618.8068662439466
413.4068662439348
-687.7931337560611
-456.39313375605343
-546.1931337560585
-155.39313375605798
782.0068662439402
-518.5931337560589
-127.59313375606082
291.60686624394106
538.6068662439401
414.00686624394064
365.80686624393996
-153.1931337560549
-672.1931337560578
-370.99313375605544
109.206866243944
-6.793133756057113
531.8068662439423
178.40686624394252
1185.2068662439424
461.8068662439376
690.8068662439401
203.806866243942
-401.3931337560598
356.2068662439429
33.20686624394134
-129.39313375606073
248.40686624394112
-506.19313375606094
-1282.3931337560628
34.80686624394333
271.2068662439423
78.20686624394314
-687.1931337560569
-193.59313375605433
-309.7931337560593
-1.3931337560608714
43.206866243941384
588.206866243945
1049.206866243946
497.60686624394407
181.80686624394085
196.80686624394755
152.40686624394272
530.8068662439464
222.20686624394335
1430.6068662439518
738.6068662439429
148.00686624394223
1306.206866243945
605.6068662439412
881.8068662439417
426.6068662439426
650.4068662439433
262.20686624393994
316.80686624393957
505.2068662439448
-22.793133756059614
606.2068662439461
180.20686624394293
753.4068662439429
591.2068662439409
869.4068662439424
1166.0068662439419
606.80686624394
160.206866243944
397.80686624394167
-34.99313375605666
72.00686624394102
475.60686624394134
674.406866243943
441.80686624394315
-181.59313375605785
-121.59313375605814
-268.9931337560588
-172.1931337560568
1161.6068662439188
-386.3931337560606
222.60686624394208
250.60686624394407
538.0068662439431
1377.8068662439434
1218.8068662439375
892.206866243948
1032.206866243937
1168.6068662439498
-299.79313375605733
178.40686624394195
457.40686624394465
41.006866243944906
-66.39313375605931
-435.793133756059
881.0068662439418
796.6068662439442
505.8068662439445
-195.79313375605867
-48.59313375606094
267.80686624394264
396.40686624394186
-151.39313375605914
65.20686624394926
432.6068662439479
1178.406866243942
815.0068662439426
259.00686624394234
43.00686624394175
-467.99313375605647
-201.7931337560582
354.2068662439418
-319.9931337560568
-663.3931337560547
-195.79313375606057
-103.793133756056
127.80686624394357
1202.4068662439486
404.4068662439439
684.4068662439413
1050.2068662439453
435.6068662439408
416.006866243946
498.6068662439447
1246.2068662439444
387.80686624394656
23.206866243942073
-30.393133756057182
-276.5931337560638
-49.993133756055
-35.79313375605809
-185.5931337560582
-664.1931337560629
-255.79313375605838
396.40686624393487
881.0068662439371
-310.79313375606034
941.0068662439488
52.606866243946584
143.40686624394377
643.406866243942
155.40686624394291
435.20686624394193
567.8068662439377
416.0068662439395
-55.99313375605815
-457.79313375606085
-837.9931337560688
-422.79313375606
637.6068662439448
-217.19313375605716
216.00686624393788
1416.006866243948
1541.606866243947
233.20686624393986
-88.99313375605328
202.0068662439411
-367.7931337560582
-101.5931337560587
-432.39313375605855
-95.99313375605611
540.2068662439416
685.4068662439395
-17.793133756056186
-151.39313375605946
244.00686624395166
739.6068662439383
190.60686624394566
-1089.3931337560537
377.8068662439414
-676.1931337560555
-148.19313375605705
-151.99313375605794
-224.19313375605918
662.8068662439418
-165.9931337560594
-391.39313375605684
239.60686624394438
-177.99313375606172
-297.3931337560569
-120.19313375605891
649.4068662439415
312.20686624394136
372.4068662439343
329.60686624394594
122.60686624394299
-1216.7931337560572
-513.1931337560576
-287.1931337560538
-908.393133756056
-538.5931337560576
271.2068662439413
669.8068662439553
297.80686624394235
-58.99313375605942
-1097.3931337560696
272.60686624394145
1114.606866243954
29.80686624394781
-1187.39313375606
-227.99313375605627
-3.3931337560581696
-393.7931337560609
452.8068662439444
688.4068662439363
98.4068662439413
40.20686624394277
-534.7931337560575
-787.9931337560554
-517.3931337560585
-867.7931337560651
-355.9931337560585
-21.593133756056613
-188.5931337560607
-437.79313375605625
156.60686624394202
-152.39313375605656
53.606866243943344
-598.9931337560552
268.60686624394265
858.6068662439502
-72.79313375605963
-766.5931337560595
-268.993133756057
375.6068662439472
-397.99313375605664
375.20686624394756
428.80686624394167
1094.4068662439415
1372.2068662439433
-117.59313375606109
-593.1931337560568
460.00686624394234
-649.5931337560557
-334.7931337560588
-564.9931337560555
654.6068662439422
537.0068662439272
350.40686624393106
-138.9931337560533
-338.99313375606056
-272.593133756059
-1328.9931337560563
-507.7931337560557
604.2068662439375
87.40686624394291
65.80686624394095
570.0068662439397
-311.593133756058
1226.2068662439508
1110.606866243941
245.0068662439402
389.4068662439448
-227.3931337560567
-177.19313375605697
-263.5931337560566
-277.19313375605896
-850.9931337560542
351.0068662439438
19.806866243945436
170.4068662439458
692.0068662439362
7.006866243944518
-294.59313375605564
206.2068662439446
-287.5931337560596
153.40686624394283
-746.7931337560591
148.40686624393857
13.006866243943971
688.8068662439478
510.0068662439431
-745.7931337560572
53.006866243944586
-621.1931337560567
-994.5931337560567
222.80686624394855
134.0068662439429
-483.3931337560535
-34.193133756060384
-890.593133756061
1308.40686624395
1410.8068662439346
-88.99313375605806
300.0068662439424
283.80686624394076
667.4068662439408
260.6068662439427
-36.993133756058526
127.4068662439423
191.60686624394566
316.0068662439433
507.0068662439486
701.6068662439399
437.2068662439463
-295.5931337560577
247.6068662439398
-34.5931337560598
933.2068662439509
-1.1931337560554631
761.6068662439227
-272.3931337560563
-420.993133756056
577.2068662439412
-332.79313375605653
11.206866243943253
270.60686624394447
148.40686624393655
78.80686624394207
-332.3931337560564
-695.59313375606
-140.39313375606113
-425.99313375605277
250.40686624394405
1414.606866243945
767.6068662439438
149.20686624394096
-360.3931337560578
20.006866243943318
-115.19313375605739
-464.79313375605784
-888.193133756057
-515.9931337560586
240.6068662439421
619.2068662439474
927.0068662439377
-62.19313375605769
-357.59313375605774
-9.593133756055863
389.20686624394284
1744.2068662439308
139.00686624394208
616.6068662439419
-106.59313375605674
-707.9931337560556
518.0068662439423
994.0068662439515
1031.6068662439393
398.20686624393886
286.0068662439419
-95.59313375605393
-775.1931337560595
-793.7931337560524
-368.79313375606057
17.00686624394198
248.80686624394394
539.4068662439439
-402.7931337560557
-429.39313375605974
-873.9931337560564
-200.3931337560583
116.40686624394188
437.80686624394366
270.2068662439443
54.806866243941684
-299.39313375605775
629.8068662439467
729.2068662439345
60.60686624394316
547.6068662439424
391.8068662439411
-537.9931337560598
932.0068662439437
132.60686624394762
25.80686624394199
160.20686624394517
450.4068662439416
1233.2068662439356
944.8068662439456
1406.2068662439485
928.8068662439431
604.4068662439447
1523.0068662439373
704.2068662439425
228.40686624394425
-97.59313375605558
-299.99313375606187
-378.19313375605935
393.4068662439387
642.8068662439458
291.0068662439437
281.40686624393663
-801.3931337560573
-582.9931337560552
253.00686624393893
406.40686624394044
276.4068662439431
213.0068662439427
1359.0068662439494
1320.806866243959
552.0068662439367
184.40686624394112
-173.79313375606125
