-169.6806223366629
468.71937766333537
-1142.280622336646
-1189.480622336664
-400.4806223366719
-724.6806223366577
-1426.0806223366721
-1188.6806223366714
-1673.0806223366556
-775.080622336678
-1868.4806223366465
-768.080622336657
-774.0806223366623
-842.2806223366533
-218.08062233666146
-175.28062233665383
-577.6806223366657
-842.0806223366615
-1021.0806223366687
-663.6806223366575
-1055.2806223366636
-2158.680622336652
-674.8806223366732
-860.4806223366584
-2698.4806223366545
-1231.8806223366732
-1344.080622336695
-1284.6806223366477
-1018.6806223366774
-312.08062233665663
-1785.480622336667
-324.0806223366657
-682.8806223366632
-1105.8806223366496
-733.4806223366681
-1217.480622336659
259.1193776633295
-518.4806223366533
1030.3193776633254
664.7193776633356
-1075.0806223366749
40.11937766333941
690.3193776633377
-745.4806223366705
-1429.8806223366785
-1069.480622336665
-1079.4806223366545
-1478.2806223366651
-1201.2806223366579
-324.88062233666693
841.9193776633396
1234.3193776633127
1649.1193776633504
109.51937766333447
1485.5193776633243
1425.9193776633365
975.7193776633266
1159.1193776633304
416.3193776633467
-272.4806223366548
398.31937766333647
1390.7193776633428
-327.68062233664944
501.9193776633365
-1172.6806223366532
-1045.0806223366665
-1346.680622336683
-761.2806223366816
-738.6806223366639
-1458.680622336673
60.3193776633365
367.91937766334377
-2220.4806223366486
92.9193776633396
2003.3193776633177
1358.9193776633565
241.71937766333176
655.7193776633217
1999.3193776633445
310.1193776633361
1346.7193776633305
1073.9193776633274
1989.319377663334
2008.9193776633572
2104.919377663333
1134.3193776633364
1122.319377663336
225.91937766333717
-303.4806223366642
155.919377663338
584.7193776633385
-964.8806223366764
-1334.880622336677
252.11937766333745
-1045.6806223366764
-2218.2806223366983
-2021.880622336649
1383.3193776633389
326.31937766333675
-602.280622336668
-569.0806223366567
-1039.4806223366566
-1227.6806223366634
-1141.4806223366616
-1686.4806223366575
-183.48062233666136
105.51937766332853
608.9193776633304
1023.9193776633485
1487.9193776633156
834.9193776633363
-667.8806223366638
202.11937766334006
-605.2806223366604
459.91937766333945
-805.6806223366686
241.31937766333908
1153.3193776633227
-240.48062233666383
225.91937766332117
867.1193776633232
853.5193776633299
729.3193776633304
196.31937766334164
-1267.2806223366592
-672.0806223366773
-849.2806223366622
-2041.0806223367006
-1486.2806223366981
965.9193776633464
442.31937766334113
-698.880622336666
-447.2806223366672
326.1193776633334
-652.0806223366624
-563.6806223366626
635.3193776633419
-547.0806223366587
67.31937766334175
-60.080622336666806
2487.9193776632937
2213.3193776633298
704.7193776633495
261.5193776633291
1683.5193776633157
201.51937766335251
1016.9193776633276
194.91937766333427
255.91937766333552
358.91937766333734
-825.2806223366733
-425.8806223366678
-1169.4806223366688
-883.6806223366675
-91.88062233666594
92.11937766333506
-643.8806223366524
545.7193776633361
309.91937766333444
-864.2806223366674
-329.2806223366729
1491.9193776633438
584.7193776633314
172.91937766333677
4.71937766333572
-73.28062233666483
101.91937766333751
-489.8806223366614
185.51937766334416
-311.6806223366676
-89.48062233666033
-105.28062233666482
900.719377663355
-1811.680622336654
-798.6806223366694
-1095.6806223366643
99.31937766332064
644.3193776633227
-89.6806223366645
-871.8806223366604
-81.6806223366617
-654.2806223366671
-1672.0806223366137
-187.28062233665986
-1883.4806223366636
-1629.0806223366485
-1611.8806223366105
-2507.0806223366217
-923.4806223366572
-225.08062233665692
-896.4806223366757
-1080.4806223366638
-1387.0806223366642
-616.8806223366663
256.9193776633347
1204.719377663332
-987.2806223366637
-1184.4806223366813
1147.319377663332
-25.480622336659565
-1282.480622336668
374.3193776633453
969.9193776633348
205.31937766333542
738.519377663334
-590.8806223366637
311.71937766333497
-497.88062233666653
890.7193776633379
163.51937766333242
-14.480622336662833
598.1193776633393
1725.1193776633258
1668.3193776633432
-263.88062233666966
263.7193776633396
-117.88062233666211
374.11937766333807
1008.119377663337
-1452.2806223366474
-146.48062233666366
-62.48062233666421
-1131.8806223366598
323.31937766333965
-75.08062233666685
-780.6806223366606
212.51937766333637
-792.4806223366667
-1374.8806223366614
-1053.6806223366711
-326.2806223366592
733.5193776633345
-1307.880622336669
200.3193776633414
-1192.2806223366651
-1552.0806223366747
-1459.8806223366587
-1646.8806223366757
-1147.2806223366656
-1160.2806223366647
-84.08062233666274
-375.4806223366622
982.5193776633326
-749.8806223366605
115.519377663335
108.31937766333809
221.51937766334532
612.1193776633319
370.5193776633477
-665.2806223366637
-678.6806223366714
-1187.880622336672
-884.4806223366692
239.11937766333895
-718.2806223366645
206.11937766333386
278.91937766332956
-1755.880622336675
-523.8806223366555
-393.8806223366643
148.71937766333463
-981.8806223366718
-251.88062233666815
893.5193776633456
-932.0806223366694
-808.0806223366628
-1678.0806223366462
-775.8806223366638
-485.28062233666367
767.719377663342
2330.919377663347
547.3193776633284
52.11937766333293
495.3193776633173
253.3193776633306
-617.6806223366607
891.7193776633364
121.31937766334053
800.5193776633482
-98.2806223366708
-153.48062233666207
318.5193776633347
-350.28062233666543
904.7193776633281
66.3193776633403
-1033.4806223366472
-1069.680622336662
866.1193776633346
-1015.280622336663
-56.48062233666555
24.119377663335726
-1081.4806223366697
-1112.2806223366606
-2375.2806223366583
260.1193776633439
365.7193776633282
231.7193776633387
-254.0806223366643
-1691.4806223366536
-716.8806223366513
1615.519377663302
1705.9193776633542
2360.919377663371
2468.5193776633437
833.1193776633206
1646.919377663324
-579.6806223366605
-970.080622336665
640.3193776633466
-504.4806223366679
397.11937766335285
947.7193776633288
172.91937766333666
1373.9193776633138
515.9193776633351
536.7193776633356
-181.48062233666784
-358.4806223366627
-239.8806223366673
1551.519377663325
-798.2806223366593
2013.319377663324
472.71937766334395
-1171.8806223366694
-660.8806223366623
-1454.2806223366642
1523.5193776633228
1367.5193776633305
1307.319377663333
1211.1193776633306
-915.8806223366812
-50.080622336660355
-58.280622336665424
-441.2806223366683
258.31937766333976
642.7193776633541
268.31937766333436
275.11937766334046
127.1193776633393
-176.48062233666235
372.5193776633419
-1596.6806223366361
253.31937766333272
1716.1193776633365
17.319377663335665
837.5193776633444
388.9193776633406
-553.4806223366681
-563.6806223366646
840.1193776633302
-541.0806223366645
427.7193776633312
-779.2806223366681
1193.7193776633294
210.51937766333143
514.7193776633382
-67.08062233666487
-404.2806223366616
629.9193776633326
2120.7193776633535
-301.080622336669
-202.28062233665744
731.7193776633402
1434.1193776633372
-730.8806223366549
-1078.480622336659
-1036.0806223366676
-1079.280622336681
803.9193776633384
-73.68062233666492
383.1193776633365
-357.28062233667464
-617.8806223366564
-1467.4806223366504
-1156.8806223366748
-618.6806223366577
-910.8806223366606
-91.08062233666281
-111.48062233666028
-482.88062233666346
28.919377663333826
-1210.8806223366992
-1049.8806223366637
-315.48062233666354
466.51937766333526
444.51937766333685
-873.6806223366682
31.919377663331545
52.119377663332564
-316.080622336669
-553.0806223366649
839.519377663337
-1306.880622336661
357.7193776633323
-385.2806223366563
-216.28062233665736
-223.48062233666144
-645.080622336673
-1725.4806223366622
-2020.680622336673
-897.48062233666
-272.2806223366664
-444.48062233665814
421.9193776633392
595.3193776633375
-239.48062233667176
286.71937766333974
624.7193776633407
-180.48062233667378
52.51937766334213
1114.7193776633503
118.51937766333307
376.9193776633344
248.11937766334086
2087.719377663341
122.51937766333546
-654.8806223366585
-834.2806223366691
-191.0806223366601
-787.6806223366732
307.91937766333064
-782.2806223366596
472.9193776633411
566.9193776633402
-789.2806223366667
459.31937766334033
-1638.480622336673
-150.4806223366607
-23.080622336664536
-657.8806223366514
-484.08062233665805
-155.28062233666313
-34.08062233665948
1091.1193776633402
551.1193776633331
-467.8806223366657
785.1193776633394
523.1193776633373
972.9193776633412
737.7193776633396
-296.48062233665047
1136.7193776633274
781.7193776633405
298.7193776633385
-1001.4806223366605
989.7193776633351
1474.9193776633492
202.3193776633364
-290.4806223366606
-1687.08062233666
-140.08062233666124
-800.2806223366658
-798.0806223366595
-929.6806223366832
265.11937766333733
-679.4806223366768
-848.8806223366587
-556.2806223366589
-1418.8806223366519
-1360.4806223366686
-79.08062233666202
-307.8806223366716
328.51937766333964
223.1193776633444
486.3193776633412
259.9193776633327
1064.9193776633372
387.7193776633362
949.1193776633401
-456.88062233665846
9.319377663338049
7.519377663340338
-393.4806223366463
1196.519377663345
-105.68062233665525
535.5193776633367
156.1193776633393
140.51937766333373
683.3193776633392
882.3193776633361
-34.68062233665941
-1305.4806223366836
713.7193776633227
933.7193776633413
1348.5193776633382
-1243.0806223366883
-1752.2806223366447
-960.0806223366718
-282.88062233666454
-6.880622336663878
78.51937766333711
-1459.0806223366776
-427.88062233666716
1292.5193776633253
-609.4806223366606
-373.8806223366648
538.1193776633366
-1003.8806223366678
814.1193776633238
-87.68062233666377
-536.8806223366539
-1823.0806223366546
-622.0806223366601
-702.2806223366682
541.1193776633414
2007.9193776633292
481.7193776633344
51.31937766333505
-153.08062233666485
-572.0806223366644
346.1193776633364
546.1193776633381
-1621.8806223366369
-2813.2806223366247
1442.51937766332
805.7193776633376
1041.1193776633363
-209.2806223366621
-2635.680622336667
-294.68062233666336
-1042.6806223366675
-88.88062233665971
-151.8806223366646
-395.48062233666656
447.9193776633176
1165.7193776633435
-1164.8806223366666
65.11937766333178
970.3193776633433
-567.2806223366642
473.7193776633338
485.7193776633214
1997.5193776633257
-26.8806223366651
-441.08062233666726
-1045.0806223366603
-93.68062233665901
629.119377663357
426.5193776633312
964.3193776633602
-239.48062233665786
-641.280622336662
1062.719377663328
1237.719377663316
-921.2806223366568
-10.080622336656225
2353.5193776633237
126.51937766332799
-1203.0806223366667
482.5193776633323
-880.6806223366526
176.3193776633346
-1559.4806223366584
1861.3193776633261
1316.5193776633303
189.1193776633366
1314.3193776633304
751.3193776633292
526.9193776633729
692.7193776633588
848.7193776633181
-178.4806223366576
854.5193776633299
1501.3193776633311
4592.119377663388
780.5193776633299
641.919377663319
-1045.280622336669
-58.48062233666117
262.319377663319
658.7193776633283
27.11937766332926
692.1193776633313
-941.6806223366617
1274.3193776633075
921.5193776633611
229.9193776633375
1625.5193776633191
2846.9193776633697
890.1193776633188
797.1193776633489
1218.7193776633364
-720.8806223366697
155.11937766333793
-527.2806223366672
507.9193776633409
513.119377663341
-468.4806223366566
466.3193776633518
1778.5193776633432
1915.5193776633396
645.9193776633316
866.9193776633471
-1035.880622336664
245.71937766334108
257.51937766333515
1389.319377663338
7.919377663335801
1969.319377663335
1841.7193776633355
574.5193776633346
1067.5193776633284
2160.7193776633544
-1714.0806223366571
414.7193776633379
-1303.4806223366593
-139.8806223366606
1938.1193776633286
1886.7193776633312
868.3193776633263
435.71937766333906
827.9193776633407
-1295.280622336656
-233.28062233666233
-0.08062233665414031
333.3193776633388
1311.9193776633242
1851.9193776632903
977.1193776633397
705.7193776633386
-1557.4806223366602
-835.4806223366661
36.31937766333956
767.1193776633412
733.1193776633435
-194.08062233666269
1107.7193776633353
-119.48062233666275
651.919377663336
-926.2806223366548
321.51937766333856
149.1193776633359
-1608.0806223366835
-1627.0806223366765
429.51937766334544
-727.8806223366685
42.119377663330035
-297.2806223366653
1021.1193776633163
2342.119377663336
1177.919377663344
879.9193776633343
-689.2806223366688
1981.9193776633406
202.31937766333573
1368.3193776633461
-26.480622336660446
784.1193776633348
-64.08062233666658
1321.7193776633267
201.11937766333148
651.1193776633294
-1707.480622336684
-344.68062233665927
536.7193776633328
542.7193776633436
1007.9193776633344
-439.48062233665905
-382.6806223366675
-242.48062233665715
-404.2806223366695
140.1193776633328
1044.519377663347
-372.68062233666427
-827.2806223366528
-562.8806223366571
251.91937766333632
-454.48062233666496
-503.0806223366579
-14.880622336657359
823.7193776633399
2646.719377663313
1020.1193776633351
923.5193776633342
-1054.4806223366684
2109.9193776633515
1035.1193776633381
567.9193776633342
-2344.080622336663
-439.28062233666935
-1680.6806223366282
-216.48062233666096
717.7193776633504
-2639.880622336656
-2030.4806223366454
-489.88062233666824
1155.319377663321
1841.9193776633515
475.51937766333424
-984.8806223366654
359.11937766334324
-580.8806223366685
-2250.2806223366847
-1229.280622336644
224.5193776633388
-290.68062233666365
-1560.0806223366865
172.91937766333427
578.3193776633237
-82.68062233666743
-2847.480622336715
-2063.8806223366732
-1073.4806223366638
1771.119377663354
1477.1193776633452
1353.9193776633267
314.1193776633403
-42.08062233666487
5.719377663329258
-419.6806223366638
-1947.280622336682
400.91937766333746
-2173.48062233666
-1661.0806223366721
1699.919377663354
-643.880622336654
-284.6806223366705
-1486.6806223366682
-2503.2806223366583
679.3193776633316
671.1193776633364
-1367.0806223366392
-1217.4806223366763
-1244.8806223366728
-324.28062233665605
-1294.6806223366727
-54.080622336663225
963.5193776633399
-610.6806223366614
-245.08062233665834
-926.6806223366574
-1440.680622336701
-2138.2806223366347
-441.48062233666724
-1547.880622336689
1842.9193776633656
1315.9193776633467
1553.1193776633752
1641.5193776633514
654.1193776633377
-578.6806223366697
-989.480622336668
-1017.6806223366704
454.7193776633427
-503.4806223366661
-1193.8806223366576
2027.319377663348
1570.5193776633607
-281.2806223366637
-889.8806223366723
-1253.8806223366776
62.91937766334261
466.9193776633352
711.9193776633368
1624.9193776633451
1148.7193776633394
-264.0806223366736
-515.880622336656
-443.8806223366749
-827.6806223366581
-733.8806223366647
-464.0806223366638
-1942.8806223366919
-2262.4806223366572
-139.6806223366658
-368.0806223366643
-1237.2806223366663
1823.9193776633501
2718.9193776633333
1968.5193776633344
2584.1193776633363
1633.119377663338
179.31937766333397
-1459.88062233667
-1025.6806223366677
-506.080622336671
256.3193776633438
-1012.8806223366637
-968.0806223366569
241.91937766333407
455.3193776633333
-124.2806223366718
-787.2806223366629
-917.6806223366484
-132.0806223366595
159.91937766334033
392.31937766333925
236.71937766333957
-550.8806223366539
128.31937766333206
725.7193776633358
-1024.280622336657
964.5193776633399
286.3193776633397
-1460.4806223366763
-482.68062233665756
540.7193776633452
-792.680622336665
168.71937766332888
1898.3193776633293
2706.3193776633348
1352.119377663354
1603.1193776633609
1242.7193776633408
460.7193776633223
-986.2806223366613
-1325.880622336651
-1331.480622336677
-866.4806223366552
-1314.4806223366734
-1143.4806223366609
-214.88062233665684
-146.28062233665491
-669.8806223366743
-1974.0806223366708
-988.680622336675
583.3193776633352
396.5193776633249
599.719377663341
43.719377663336445
644.3193776633377
707.119377663334
1589.1193776633186
136.719377663342
428.9193776633408
63.11937766334077
130.1193776633377
47.11937766333393
103.71937766333862
333.51937766333526
1452.91937766335
1356.119377663322
608.719377663344
1665.119377663304
1394.9193776633767
1433.51937766334
1232.5193776633403
479.7193776633427
-587.8806223366638
-495.680622336656
-129.68062233666478
-188.08062233666763
-592.6806223366613
-319.8806223366563
-1797.8806223366607
-1860.6806223366482
-1476.680622336669
-1318.4806223366634
-256.48062233666894
-379.68062233666456
593.71937766334
-749.8806223366616
-722.2806223366701
1059.9193776633376
436.31937766333925
-1161.0806223366633
-407.08062233664833
417.3193776633396
853.1193776633437
-683.4806223366622
-1177.0806223366778
-104.2806223366631
2472.1193776633295
1697.9193776633322
1198.9193776633138
2216.7193776633762
659.519377663343
126.31937766333643
-616.0806223366576
-743.0806223366673
909.1193776633326
-135.0806223366609
-982.0806223366682
-357.280622336659
259.31937766333834
1137.5193776633466
-1208.0806223366576
-1335.4806223366745
-1207.4806223366706
-0.8806223366619541
147.51937766334478
-328.2806223366624
869.5193776633291
321.7193776633356
93.51937766333737
1094.3193776633323
-149.28062233665847
-356.2806223366731
-549.0806223366634
-713.6806223366659
-327.0806223366655
198.11937766333998
422.3193776633359
-335.2806223366606
2610.5193776633782
2053.3193776633507
1894.7193776633496
3325.9193776633956
821.3193776633301
-1275.8806223366744
-886.480622336678
-924.0806223366723
491.3193776633405
-645.2806223366679
72.91937766334308
-556.0806223366576
-1174.280622336631
138.71937766333534
-1559.680622336659
-1293.2806223366756
-1559.8806223366487
-386.0806223366747
-460.2806223366603
-1079.0806223366583
-328.08062233666624
764.3193776633472
-532.0806223366461
-54.28062233666555
-731.2806223366514
1403.7193776633287
1249.7193776633455
-1600.8806223366578
-1540.2806223366817
423.3193776633296
409.91937766334405
-1364.8806223366623
1221.9193776633329
1545.319377663325
3004.7193776633308
2768.7193776632885
972.1193776633415
-853.6806223366721
-179.68062233666672
-776.6806223366643
-1518.0806223366483
-816.4806223366596
-336.08062233665817
-674.2806223366762
-1318.880622336672
391.519377663337
1231.3193776633368
590.1193776633368
-172.08062233666823
-594.2806223366719
-215.88062233666182
-239.08062233666323
-52.480622336663785
758.1193776633414
-1621.080622336636
-94.0806223366589
-733.8806223366648
1200.3193776633161
1143.5193776633473
-595.6806223366509
-679.4806223366622
149.7193776633375
638.7193776633375
-592.0806223366599
-526.6806223366648
296.91937766333064
1904.3193776633384
2237.119377663328
904.3193776633196
54.1193776633347
-103.48062233666592
992.3193776633342
1072.5193776633494
345.91937766333933
-995.2806223366536
-2176.880622336663
-1678.2806223366556
-433.28062233666054
-649.4806223366562
-1077.4806223366493
-1894.8806223366696
-1418.6806223366466
-649.8806223366555
-260.68062233666063
-399.2806223366543
222.31937766333112
-657.2806223366575
-1271.6806223366698
-943.8806223366599
-602.2806223366699
-1903.080622336656
-916.2806223366651
-398.68062233666376
-955.8806223366614
83.51937766333856
775.9193776633209
648.9193776633391
-542.080622336664
509.9193776633553
1648.5193776633039
-898.2806223366534
-968.8806223366593
-591.8806223366541
812.5193776633304
736.7193776633504
588.9193776633296
-67.08062233666082
-953.4806223366523
-624.8806223366716
-74.8806223366625
552.9193776633347
776.7193776633214
895.5193776633171
1977.9193776633438
1920.3193776633277
990.7193776633164
198.31937766334724
925.119377663335
1403.3193776633386
899.1193776633206
1393.31937766333
1302.9193776633435
128.519377663339
988.9193776633412
1333.7193776633217
710.5193776633263
1125.9193776633313
1302.1193776633404
980.9193776633426
609.3193776633444
582.9193776633545
1264.1193776633236
-291.48062233666485
-154.48062233665846
745.9193776633543
-225.68062233666737
-1004.6806223366534
-255.68062233666308
-176.08062233666135
1256.3193776633448
177.51937766333896
665.1193776633356
193.71937766333832
-92.68062233666541
1194.9193776633297
1031.3193776633439
456.5193776633321
69.31937766333927
-100.88062233666531
282.91937766332524
382.51937766334294
-967.0806223366623
590.719377663328
505.31937766333334
-1703.0806223366756
-785.6806223366676
-1384.6806223366827
-977.8806223366585
-163.08062233666317
822.9193776633214
-585.2806223366598
1065.7193776633335
627.5193776633358
-534.8806223366671
183.51937766334473
222.9193776633357
1798.9193776633228
245.31937766333957
1322.1193776633204
1532.719377663327
217.91937766333555
769.1193776633327
1222.9193776633326
-264.8806223366668
-1393.4806223366618
-752.8806223366622
422.71937766333537
-490.0806223366701
-756.8806223366608
-237.68062233666382
710.9193776633406
746.119377663342
1348.9193776633356
-479.88062233666625
1046.5193776633348
1343.9193776633203
618.3193776633384
907.3193776633294
258.3193776633381
-108.2806223366683
1201.1193776633374
2294.1193776633418
911.5193776633167
1896.7193776633123
82.11937766333858
-1029.6806223366625
-671.4806223366625
1006.3193776633368
1396.1193776633204
202.719377663339
1115.9193776633458
1619.5193776633278
-929.8806223366615
118.5193776633358
1314.1193776633447
262.11937766333745
-1012.4806223366853
162.71937766334057
2712.9193776633733
117.31937766333333
611.1193776633357
0.31937766333525985
713.3193776633342
580.5193776633332
366.71937766333747
-735.480622336648
269.71937766333224
-39.080622336664995
-923.6806223366665
-726.0806223366707
172.7193776633378
-306.8806223366642
-326.480622336666
1250.5193776633157
72.11937766333985
-964.4806223366701
-1046.4806223366722
1100.9193776633454
222.11937766334782
485.71937766333883
911.1193776633523
72.31937766333313
-9.080622336664241
388.31937766333283
-2.4806223366650855
12.319377663345811
-750.8806223366944
-808.6806223366596
-740.8806223366653
282.51937766333833
886.519377663333
-921.8806223366621
-799.2806223366705
-1895.4806223366825
-950.0806223366645
-2404.4806223366454
-1366.2806223366958
-171.68062233667152
-77.28062233666583
895.9193776633564
1054.9193776633215
581.7193776633344
599.7193776633312
1159.9193776633224
-365.8806223366654
445.31937766334744
154.91937766333348
-886.0806223366628
-466.8806223366621
322.9193776633438
-732.2806223366704
-1000.6806223366789
58.91937766334158
613.1193776633272
50.719377663342016
578.1193776633268
1950.5193776633562
149.7193776633389
-199.88062233666062
-866.0806223366725
1430.9193776633274
1473.919377663339
642.3193776633406
246.7193776633356
993.5193776633353
-228.68062233666015
665.1193776633426
-316.2806223366718
-307.4806223366762
59.719377663335564
78.11937766333341
647.719377663337
-467.8806223366645
206.7193776633378
749.1193776633327
1492.7193776633494
302.3193776633409
1142.1193776633406
1106.3193776633416
42.51937766333631
750.9193776633368
1547.5193776633166
135.7193776633394
-6.68062233666457
525.1193776633314
199.1193776633357
137.31937766334391
-160.68062233665614
939.3193776633417
326.71937766334077
375.1193776633396
-469.68062233667627
645.7193776633378
-1526.2806223366606
-764.8806223366632
-967.0806223366704
-132.48062233666474
672.9193776633311
-135.48062233666272
-986.4806223366653
-177.68062233666305
-1236.2806223366592
-1645.080622336648
677.7193776633401
-902.280622336655
-242.0806223366604
-199.28062233666412
-356.4806223366629
800.9193776633336
1032.719377663342
454.7193776633382
263.7193776633388
-178.4806223366658
586.5193776633308
800.1193776633361
1360.919377663338
103.71937766333652
-463.08062233666146
853.119377663332
-912.4806223366613
-1343.480622336655
318.31937766334323
977.7193776633296
-66.88062233666582
921.5193776633369
-503.4806223366689
39.519377663336286
-531.4806223366577
524.5193776633362
-138.4806223366627
-741.28062233666
-452.6806223366565
1365.7193776633362
699.9193776633379
-780.8806223366539
1046.7193776633392
686.3193776633304
1147.9193776633376
2081.3193776633198
637.5193776633413
1969.3193776633445
1919.319377663359
292.3193776633393
989.7193776633424
773.3193776633319
635.3193776633386
666.3193776633346
-204.28062233666313
580.1193776633529
217.7193776633373
-465.28062233666793
-421.28062233666026
-1026.080622336656
981.9193776633372
-184.4806223366635
-79.08062233666622
440.7193776633372
-1228.2806223366806
-1519.4806223366372
-965.0806223366617
-274.4806223366715
-645.4806223366702
-92.48062233666425
-2191.680622336651
-645.4806223366654
-1594.6806223366505
-852.6806223366651
1257.3193776633323
1223.719377663321
692.7193776633478
778.5193776633308
-371.6806223366632
533.3193776633354
2074.5193776633173
76.31937766333837
314.71937766334077
1069.919377663348
-1055.8806223366573
-56.88062233666217
814.7193776633385
2265.319377663319
-332.8806223366641
-587.4806223366656
118.51937766333381
-322.88062233666255
167.91937766333737
595.1193776633478
594.9193776633346
-46.080622336665
-1402.0806223366603
-364.8806223366652
-1149.2806223366613
-1464.8806223366714
-471.48062233666207
-1322.6806223366764
-2249.0806223366512
73.7193776633381
-693.6806223366667
-226.28062233666182
-53.4806223366688
-109.68062233666073
759.7193776633309
77.11937766333362
920.9193776633396
1004.9193776633265
46.71937766333366
-1203.2806223366686
407.3193776633337
56.919377663336036
28.119377663333132
198.51937766333882
272.91937766333535
243.31937766333908
-2691.4806223366536
-1808.2806223366474
-1277.4806223366527
-211.08062233666638
-630.6806223366567
-716.2806223366748
-691.8806223366587
857.1193776633485
-1145.680622336656
-1153.4806223366688
-163.28062233666301
-1510.4806223366732
200.1193776633369
-1702.2806223366597
-2035.480622336679
-18.280622336665235
-471.48062233666747
-512.4806223366656
-372.8806223366658
-971.6806223366623
483.71937766334406
-161.6806223366658
609.9193776633371
1027.9193776633483
390.51937766333543
-673.8806223366632
879.3193776633382
-219.08062233666294
1629.919377663361
705.5193776633153
-63.48062233665658
371.91937766333785
-1434.68062233665
-308.6806223366638
-521.6806223366647
609.7193776633349
812.3193776633293
-290.8806223366655
-150.48062233666616
-88.08062233665893
-642.080622336677
-822.0806223366751
117.91937766333587
-345.48062233666826
77.91937766333561
196.91937766334502
568.1193776633334
1593.9193776633242
-776.6806223366689
-10.08062233666913
988.5193776633471
267.71937766333383
1085.5193776633346
412.51937766333236
-113.08062233666143
952.7193776633374
1564.7193776633512
-400.08062233666345
1104.9193776633192
520.1193776633386
120.1193776633333
-230.28062233666296
403.91937766334405
752.7193776633262
261.91937766334513
-247.6806223366665
507.1193776633355
-437.08062233665703
509.31937766333556
802.5193776633415
1018.7193776633511
281.3193776633329
705.5193776633378
428.1193776633393
372.71937766332724
1020.5193776633366
-711.2806223366662
-87.68062233666001
534.1193776633455
597.319377663318
-594.0806223366639
-631.4806223366654
-269.68062233665916
421.51937766334134
1307.1193776633525
845.1193776633297
-98.48062233665831
1236.7193776633246
-982.4806223366685
-1529.8806223366473
-37.88062233666339
965.5193776633446
-626.880622336648
-1166.2806223366633
-768.0806223366641
73.91937766334098
-84.48062233665459
-1080.2806223366645
54.119377663342526
-1023.4806223366297
1320.3193776633234
666.1193776633366
569.7193776633397
1364.519377663338
1194.7193776633387
-60.48062233666221
250.5193776633254
291.71937766333264
-362.8806223366656
-1079.480622336659
1283.3193776633402
1481.719377663343
51.11937766333512
-69.2806223366623
605.5193776633309
736.3193776633374
503.1193776633332
1164.3193776633273
179.31937766333584
1139.3193776633439
237.91937766333896
1056.9193776633344
-27.68062233666459
-963.4806223366834
-1237.2806223366572
-0.08062233666124285
-1832.6806223366673
-546.0806223366567
-556.2806223366662
495.3193776633434
711.9193776633352
-547.680622336668
1380.9193776633358
-43.280622336664706
818.3193776633374
1079.519377663336
98.11937766333668
-238.6806223366595
-44.6806223366619
-759.8806223366706
352.11937766333244
-780.0806223366689
-325.68062233666734
1955.5193776633398
1015.319377663347
-350.48062233666224
-693.6806223366689
-455.28062233667157
74.51937766333711
-710.8806223366632
-85.08062233666578
-1183.4806223366659
502.51937766333475
-491.6806223366616
-1013.4806223366668
-938.4806223366616
-2526.880622336673
-325.8806223366568
-1865.480622336675
-1167.080622336659
-332.0806223366625
916.7193776633461
302.1193776633369
-280.8806223366671
145.31937766334218
-672.8806223366611
-954.2806223366649
625.1193776633376
-381.0806223366624
-82.88062233666308
-566.6806223366669
-822.680622336666
-168.08062233666865
316.3193776633368
114.51937766333451
2313.319377663314
1238.1193776633345
239.3193776633371
-691.4806223366627
-715.0806223366717
-439.480622336658
-1780.0806223366812
307.91937766333945
-663.6806223366685
-1256.2806223366704
-1513.680622336685
-760.0806223366588
-993.680622336696
-2921.680622336715
-362.28062233666725
-173.6806223366577
998.5193776633153
-969.4806223366537
-348.08062233667056
735.3193776633332
911.5193776633276
367.51937766333594
650.3193776633371
-22.680622336660203
772.7193776633414
1698.9193776633454
-632.68062233666
-903.4806223366588
-387.28062233667106
-460.0806223366681
666.1193776633419
-1320.4806223366697
-1071.4806223366656
-380.8806223366663
1001.7193776633192
-225.0806223366594
601.3193776633389
1239.1193776633372
-703.0806223366724
358.7193776633378
198.11937766333244
-1654.0806223366467
-1744.080622336698
-531.0806223366754
-2310.6806223366552
-3990.0806223366912
750.5193776633364
261.91937766333115
34.51937766333562
-147.48062233665294
-1176.4806223366797
1573.5193776633134
490.3193776633416
-604.480622336668
-799.2806223366637
579.5193776633329
1423.3193776633402
1652.7193776633515
-825.0806223366866
675.7193776633466
538.3193776633346
-634.480622336655
-493.68062233665904
-1847.6806223366655
-583.0806223366567
-94.28062233666793
1158.3193776633257
-544.4806223366656
-591.2806223366646
-855.480622336668
-1110.680622336642
728.5193776633388
186.51937766333984
-1272.0806223366433
-1369.2806223366722
-166.68062233666635
-1376.8806223366391
-2376.880622336656
108.51937766333725
-927.0806223366689
-2394.880622336674
-270.6806223366648
-253.88062233666653
1389.9193776633133
-1042.8806223366457
-39.880622336666036
-687.8806223366857
-486.8806223366858
212.3193776633385
-1296.880622336657
-433.6806223366567
530.7193776633422
612.919377663343
-163.88062233666207
255.51937766333208
61.51937766334115
1940.9193776633326
-1073.4806223366681
492.31937766332635
-1591.680622336675
-1354.080622336669
-1302.0806223366715
-881.0806223366651
-20.08062233666354
1678.9193776633533
-624.0806223366632
-471.8806223366637
379.51937766333566
-235.2806223366562
-898.8806223366648
382.11937766333966
-849.6806223366532
-452.08062233666607
292.11937766333824
-687.880622336648
-401.6806223366565
-1910.8806223366755
-1447.480622336667
-1320.6806223366877
-874.0806223366536
-385.88062233666267
-720.4806223366655
718.3193776633351
-624.8806223366637
90.51937766333516
-636.4806223366637
353.31937766334113
-585.0806223366689
-294.28062233666566
-1685.8806223366619
419.1193776633383
317.3193776633375
-700.2806223366871
78.51937766333853
698.3193776633323
-1528.0806223366656
1073.119377663331
-799.8806223366576
-941.2806223366686
1360.319377663323
73.11937766332257
-257.2806223366651
-1410.8806223366744
-1070.0806223366842
-2726.2806223366415
-1425.4806223366809
-413.88062233667165
-405.68062233666535
-463.4806223366632
330.7193776633379
65.51937766333819
1116.3193776633375
-752.6806223366731
-462.4806223366611
88.11937766334181
-665.4806223366704
-785.0806223366611
31.91937766333595
543.5193776633345
-1108.2806223366467
634.7193776633402
-539.6806223366573
-315.88062233666994
-29.280622336662024
-938.480622336648
-1545.4806223366454
197.71937766333832
-74.28062233666223
-680.8806223366521
-43.080622336667226
-121.48062233666218
256.91937766334064
-1721.2806223366667
1309.3193776633343
-1268.6806223366636
873.7193776633393
-1227.0806223366867
383.71937766333474
-276.48062233666707
-74.48062233667027
-1219.6806223366964
-568.8806223366677
-1044.6806223366655
1017.5193776633284
-882.2806223366753
457.5193776633374
510.3193776633375
-485.08062233665356
-603.2806223366623
13.919377663337762
-862.4806223366669
-1122.8806223366582
875.719377663336
988.5193776633416
1368.7193776633317
-537.0806223366577
-718.8806223366585
-673.0806223366623
381.3193776633374
189.91937766333737
-928.4806223366545
72.91937766333099
-322.8806223366645
257.91937766333706
-1814.6806223366402
1671.9193776633347
-1261.2806223366856
1054.9193776633351
-131.08062233666107
162.51937766334228
-1710.0806223366737
-159.88062233667412
-1569.680622336672
-1567.8806223366705
-705.4806223366721
-2257.4806223366754
-1298.680622336662
53.51937766334191
619.9193776633432
42.119377663336294
-1361.4806223366609
-1171.0806223366683
-596.0806223366636
-1473.6806223366714
-1130.0806223366865
-731.2806223366555
-5.880622336663517
-1076.880622336671
-1832.6806223366755
-77.88062233665998
1192.7193776633385
1182.519377663327
-2073.8806223366755
-1026.4806223366575
-1285.6806223366646
23.319377663334368
-1140.680622336671
1104.119377663329
-669.8806223366594
-1263.6806223366689
-195.48062233667002
488.1193776633385
-509.2806223366456
1325.3193776633204
-1369.4806223366613
-2007.880622336653
931.7193776633252
-123.88062233666223
502.11937766333824
-117.28062233666623
-1452.0806223366583
-245.08062233666297
-856.0806223366551
-1499.2806223366683
-1513.2806223366094
-1761.4806223366627
935.7193776633311
96.71937766332681
-93.68062233667523
842.5193776633417
-352.8806223366732
-460.8806223366557
-121.68062233666288
-145.8806223366659
-884.6806223366776
615.7193776633377
-1105.4806223366647
30.71937766333661
-2195.0806223366735
136.3193776633375
-121.88062233666147
-1102.2806223366747
-636.4806223366479
-80.68062233666639
-352.2806223366643
189.7193776633361
-881.6806223366588
-1611.0806223366737
1532.5193776633323
1325.7193776633285
-139.68062233666387
-274.48062233666457
-603.280622336666
-372.4806223366678
-706.8806223366673
208.11937766333162
1622.1193776633174
957.9193776633396
-24.080622336650315
220.7193776633326
-428.08062233666345
-387.6806223366672
-485.28062233666486
-109.08062233666155
-250.88062233666523
-1387.6806223366611
361.91937766333695
-294.880622336665
-1192.0806223366535
-82.08062233666304
-1054.0806223366471
-40.280622336664806
844.7193776633482
-312.6806223366612
298.5193776633387
-383.28062233666395
-467.4806223366699
-1139.28062233666
-5.880622336658362
-392.0806223366608
-362.68062233666166
273.51937766333424
423.519377663336
315.519377663341
-238.6806223366633
-498.0806223366631
-76.88062233667316
-386.28062233665065
753.9193776633375
1170.9193776633372
206.71937766334167
657.5193776633398
630.1193776633335
-953.8806223366628
26.519377663338226
-1068.880622336699
-1760.8806223366687
-895.0806223366752
736.9193776633331
-166.0806223366705
-34.680622336665714
-114.28062233665942
-725.8806223366698
-876.2806223366639
-2.88062233665989
42.91937766333496
894.5193776633371
643.1193776633309
-35.08062233667328
-1847.2806223367056
-1382.0806223366562
-880.480622336673
-904.0806223366635
-541.0806223366607
-74.68062233666441
436.71937766332366
-423.6806223366597
308.7193776633396
-133.08062233666422
-1099.0806223366674
164.11937766332917
266.5193776633258
497.9193776633306
-329.48062233666144
307.719377663333
-639.4806223366758
-1106.280622336685
-1923.4806223366845
-926.8806223366597
-737.0806223366577
495.1193776633328
480.51937766333754
388.3193776633398
-326.28062233666844
-1283.4806223366616
-442.2806223366582
97.71937766333107
565.9193776633376
1728.9193776633526
1684.719377663336
408.1193776633384
-790.4806223366571
-598.2806223366807
106.11937766333108
-736.8806223366579
-689.6806223366708
-1431.6806223366468
-440.28062233665526
-164.88062233666304
-605.0806223366666
-836.4806223366622
-1781.2806223366892
-440.88062233666574
-1201.6806223366711
-1748.0806223366994
-736.2806223366607
-1116.4806223366695
-1466.0806223366617
-72.68062233665685
390.5193776633278
875.1193776633366
-1078.4806223366695
-1168.480622336662
-768.6806223366685
627.9193776633316
-76.08062233666281
-261.4806223366642
278.3193776633483
-502.4806223366658
-423.0806223366671
-359.68062233664875
-489.88062233666835
1124.7193776633346
-352.68062233665717
-1493.6806223366557
-362.08062233666186
210.11937766333966
1304.9193776633383
-443.88062233665653
-216.4806223366622
-340.2806223366639
280.9193776633356
384.71937766333633
-808.2806223366566
170.5193776633292
-71.88062233666665
-1497.4806223366588
-792.6806223366419
-1362.6806223367
-1023.2806223366435
-1111.8806223366691
-1310.480622336658
-768.2806223366788
-367.28062233666486
182.5193776633337
-865.0806223366517
1495.9193776633526
527.7193776633432
289.51937766334277
1044.3193776633525
-697.48062233666
-1536.6806223366737
-515.8806223366643
-643.6806223366635
868.7193776633378
-346.08062233666567
447.71937766333747
176.51937766333836
-703.8806223366679
-55.48062233666471
-1727.6806223366734
-1044.480622336668
-951.4806223366454
-315.08062233666436
-356.6806223366479
-832.4806223366678
-244.680622336668
955.9193776633283
-1765.6806223366482
-1227.4806223366886
-1601.0806223366665
141.11937766333767
-5.480622336667228
-2427.6806223366566
-2263.080622336663
-557.6806223366675
-324.6806223366655
-2107.280622336652
694.9193776633421
265.91937766333734
1328.519377663353
407.51937766334083
-871.0806223366686
-1580.08062233664
-423.48062233666
-616.0806223366645
-662.8806223366652
43.519377663337735
790.3193776633284
551.1193776633361
-450.680622336659
429.3193776633376
747.3193776633343
848.3193776633362
943.1193776633362
-176.68062233666086
197.7193776633256
382.9193776633371
-307.08062233666624
783.5193776633295
-1225.0806223366455
238.11937766333773
-672.0806223366619
690.7193776633402
735.5193776633414
-637.8806223366591
-676.0806223366433
-40.48062233666309
75.9193776633348
-1345.6806223366714
-1170.08062233666
-781.8806223366689
455.91937766333865
621.9193776633351
60.31937766333629
-573.2806223366559
-535.6806223366657
674.9193776633225
1145.3193776633289
799.9193776633339
-681.6806223366664
-1407.0806223366992
-745.2806223366707
124.51937766333582
-543.4806223366518
-878.280622336639
-1306.8806223366657
-1734.2806223366588
-845.2806223366503
-254.68062233666734
-1083.2806223366613
130.3193776633342
109.91937766332944
-720.680622336663
-691.480622336669
-369.88062233665767
-1755.0806223366515
-726.0806223366801
81.1193776633371
-815.8806223366537
-451.4806223366762
234.31937766333397
343.9193776633376
-876.8806223366626
-207.2806223366673
475.7193776633625
-1293.6806223366661
-1178.4806223366515
-1021.0806223366632
340.1193776633295
270.5193776633324
169.91937766333038
-498.68062233666956
-516.8806223366648
184.51937766333836
482.7193776633386
1112.5193776633541
1023.7193776633225
602.7193776633414
1314.9193776633474
1402.519377663337
573.3193776633398
44.91937766333565
996.3193776633567
1477.9193776633342
776.3193776633408
1021.5193776633317
876.5193776633404
-521.6806223366651
848.7193776633468
1106.9193776633363
55.11937766334266
-256.88062233666165
75.71937766333315
638.5193776633453
479.7193776633285
163.9193776633443
3925.7193776633308
1580.71937766331
1095.5193776632625
1617.119377663331
767.5193776633339
371.51937766335277
773.1193776633291
281.1193776633321
1753.5193776633214
715.7193776633096
1250.5193776633507
1293.719377663353
673.7193776633464
1640.919377663338
1968.7193776633233
973.9193776633392
797.9193776633525
266.51937766332816
400.319377663373
661.3193776633444
-201.08062233665632
1457.1193776633897
1940.9193776633174
186.11937766332744
144.51937766332242
-847.88062233666
-399.4806223366673
338.71937766331405
1192.119377663327
-136.88062233667063
2598.519377663362
3381.9193776633956
905.3193776633354
937.7193776633253
39.51937766333589
1552.9193776633133
325.5193776633263
1049.719377663325
767.3193776633204
-919.4806223366605
-392.88062233666574
347.31937766333556
-1232.880622336678
-1573.6806223366673
-1382.2806223366663
-1075.8806223366796
-1361.4806223366672
-1244.68062233666
-845.2806223366634
-426.88062233666443
-413.28062233666003
-175.68062233666677
-2331.6806223366602
-377.48062233666786
1070.1193776633263
1040.1193776633397
651.5193776633462
-510.4806223366555
-361.2806223366652
1226.719377663339
2422.319377663364
1000.3193776633091
3117.519377663364
2728.319377663357
-206.0806223366625
-474.08062233666294
770.3193776633277
1625.5193776633455
561.1193776633264
657.3193776633154
628.7193776633272
-2098.280622336694
-1246.0806223366403
33.519377663334375
-484.88062233666335
-1466.6806223366568
-749.0806223366734
1212.7193776633467
-530.280622336666
306.31937766333317
-647.2806223366645
42.11937766333958
267.91937766334183
-997.0806223366737
-2846.280622336621
-1736.2806223366774
-615.6806223366599
-766.6806223366674
-835.0806223366659
-177.0806223366629
-252.2806223366545
-804.680622336662
657.1193776633258
-80.2806223366596
7.119377663329729
1356.5193776633298
621.3193776633303
29.319377663349556
603.919377663342
1674.7193776633378
772.9193776633349
224.51937766333748
302.31937766334573
-595.8806223366647
-407.4806223366685
-1241.8806223366325
-666.8806223366565
-532.4806223366694
52.519377663335405
277.9193776633374
-794.4806223366647
-395.68062233666546
-1570.0806223366428
-792.4806223366663
-2103.2806223366797
-1623.8806223366996
-995.0806223366642
-900.0806223366741
964.1193776633168
1851.3193776633498
1622.7193776633305
1385.9193776633363
1483.91937766331
-983.6806223366599
-325.8806223366599
-99.2806223366625
-500.8806223366622
802.7193776633411
-1199.680622336668
-1430.4806223366784
-1269.6806223366661
-442.68062233665546
591.5193776633232
268.5193776633375
699.7193776633173
1378.9193776633297
11.919377663332384
-718.8806223366572
-1373.6806223366666
723.1193776633429
614.9193776633434
-485.2806223366707
203.51937766334308
1527.119377663328
526.9193776633346
1203.1193776633281
-485.0806223366801
207.31937766333664
141.71937766333062
189.31937766333317
811.5193776633188
-314.88062233666517
609.9193776633289
1062.7193776633437
1184.7193776633305
-341.8806223366581
427.3193776633264
291.31937766333965
-574.6806223366638
645.5193776633283
-966.6806223366748
-1578.2806223366547
-1012.4806223366595
-1008.4806223366704
-380.6806223366632
229.1193776633436
222.7193776633435
794.9193776633463
361.1193776633459
408.11937766335086
-709.8806223366632
116.11937766333213
-2074.280622336682
-1183.0806223366503
-637.6806223366622
553.9193776633307
1239.7193776633421
733.1193776633428
-508.480622336664
795.7193776633313
-291.0806223366618
-773.080622336659
903.3193776633284
-1277.4806223366604
-512.2806223366613
-679.0806223366681
-1494.6806223366634
-433.880622336663
-204.08062233666675
-130.2806223366572
-345.6806223366678
-720.4806223366664
-1860.6806223366623
-578.8806223366618
649.7193776633384
-1594.2806223366601
-1707.6806223366552
289.1193776633364
-744.8806223366604
-1374.280622336665
267.7193776633441
1153.7193776633228
-361.0806223366758
843.7193776633279
-198.2806223366652
11.319377663337114
-484.08062233668664
615.5193776633442
-44.48062233666295
-825.6806223366548
-800.6806223366658
1618.7193776633324
1221.7193776633324
61.71937766332843
1079.31937766333
-43.48062233666291
51.91937766334478
1197.1193776633463
-837.0806223366739
38.31937766334072
-131.28062233666463
-605.8806223366608
960.3193776633454
500.91937766333604
-1366.2806223366765
-254.08062233666473
-1.6806223366647544
90.91937766333749
28.11937766333704
81.31937766333877
383.9193776633439
-723.8806223366614
1470.9193776633563
588.51937766332
516.1193776633364
1297.1193776633354
134.51937766333438
-346.6806223366808
161.31937766333866
1266.1193776633281
393.71937766333747
336.7193776633363
-1996.4806223366313
-471.4806223366636
-1112.4806223366584
-813.2806223366559
360.7193776633437
230.11937766333656
-485.4806223366707
141.51937766333555
-957.0806223366565
-720.6806223366701
795.919377663339
-720.8806223366611
271.5193776633264
493.71937766333974
-2273.6806223366666
-150.08062233666618
1413.9193776633301
2386.1193776633586
671.1193776633348
1188.7193776633371
1452.719377663329
738.3193776633515
1867.9193776633256
1954.7193776633283
1602.5193776633218
324.51937766333657
-452.6806223366637
1313.91937766335
747.51937766333
780.51937766333
1654.319377663309
647.9193776633342
-608.0806223366594
932.5193776633272
48.51937766333232
453.7193776633368
-304.8806223366619
-529.4806223366728
-148.0806223366636
-471.6806223366681
637.9193776633425
210.5193776633379
-207.4806223366603
-1290.280622336663
415.91937766333115
-565.0806223366659
-834.8806223366645
-132.28062233665418
313.91937766333643
498.51937766333356
-1732.4806223366759
-321.4806223366689
-637.8806223366682
-198.08062233666232
190.91937766334232
241.3193776633353
-140.28062233667004
240.91937766333652
-1646.4806223366784
-1114.480622336667
770.3193776633408
139.31937766333414
1897.5193776633187
-601.2806223366623
-1676.4806223366522
792.5193776633323
817.319377663337
592.3193776633398
-389.08062233666055
-1798.6806223366689
-1214.4806223366618
-1058.0806223366758
-29.88062233666374
-214.48062233666244
-603.0806223366706
-1151.8806223366748
1222.319377663325
-306.6806223366608
1123.919377663342
277.31937766334005
-717.2806223366871
-94.08062233667168
-648.2806223366644
982.5193776633341
-92.48062233666502
243.91937766334348
757.7193776633377
-197.68062233666166
-396.0806223366646
-605.8806223366632
-891.0806223366689
-1787.2806223366854
-76.28062233665838
-442.880622336658
627.7193776633306
76.11937766334131
-736.0806223366676
1624.9193776633012
535.919377663336
1069.7193776633321
954.7193776633451
-658.8806223366555
-194.4806223366641
-185.28062233666128
-343.28062233665503
49.319377663340454
159.9193776633403
-1305.480622336669
1670.319377663329
1002.5193776633218
58.919377663329
145.7193776633393
523.9193776633383
711.3193776633381
966.9193776633396
105.91937766332987
525.3193776633364
-713.4806223366598
-40.48062233666519
81.31937766334069
135.51937766333725
-683.8806223366712
151.31937766333448
-700.0806223366538
82.71937766333642
460.11937766333403
-523.4806223366629
-315.48062233666576
-1698.080622336656
-742.080622336664
-1078.0806223366635
-664.4806223366695
-228.08062233665805
-172.4806223366621
-205.28062233666301
-238.28062233666714
-688.6806223366755
412.31937766333607
-1734.280622336642
-1785.0806223366446
774.9193776633352
1823.3193776633225
-688.8806223366757
-733.8806223366711
186.11937766333062
364.1193776633344
817.7193776633388
-929.0806223366619
-451.0806223366756
-1717.2806223366968
602.5193776633374
-280.2806223366673
-602.6806223366709
-19.68062233666702
345.3193776633377
-860.2806223366766
478.5193776633202
527.919377663329
-4.280622336659604
-1108.8806223366626
-449.8806223366572
62.71937766333294
-713.4806223366708
-432.0806223366678
958.5193776633456
677.7193776633345
-1103.8806223366798
-5.080622336665865
-1136.6806223366602
100.9193776633368
124.9193776633399
1420.119377663328
1020.9193776633377
140.51937766332244
-1271.0806223366556
317.7193776633337
-533.6806223366763
200.7193776633413
649.9193776633342
708.7193776633354
-293.88062233666295
-1396.0806223366612
636.9193776633397
-1057.4806223366727
-634.0806223366623
-836.6806223366622
-750.2806223366764
-536.4806223366653
570.3193776633403
238.71937766333616
973.3193776633366
-794.2806223366518
-1491.8806223366712
615.7193776633359
-48.48062233666499
-264.4806223366628
165.3193776633311
218.51937766333984
-116.68062233666453
-452.2806223366637
-366.68062233666353
-1065.0806223366521
1500.1193776633484
569.51937766334
480.71937766333843
6.11937766332219
-1702.480622336707
720.7193776633251
-183.08062233666908
578.119377663331
1811.3193776633304
2329.319377663328
54.319377663335445
-658.2806223366653
-245.68062233666132
-796.6806223366689
-1821.6806223366762
-1465.080622336665
-1371.48062233667
-16.680622336662736
198.91937766333754
674.119377663336
779.7193776633377
656.319377663341
-659.0806223366667
1203.9193776633451
201.91937766333737
152.3193776633396
66.51937766333388
-219.88062233667523
-170.48062233666965
-861.0806223366769
677.1193776633405
-146.48062233666337
313.7193776633415
-208.08062233666726
952.1193776633409
-413.8806223366924
-1712.8806223366491
561.51937766333
619.7193776633341
2277.1193776633468
1526.9193776633308
1809.7193776633499
525.719377663339
-165.48062233666235
-815.8806223366662
762.5193776633405
-232.68062233666362
-559.0806223366642
727.1193776633372
-307.2806223366824
-470.0806223366605
524.319377663338
823.9193776633366
1535.7193776633464
-1464.4806223366893
-1672.2806223366529
-707.0806223366698
1677.7193776633324
1008.7193776633437
1457.7193776633399
1828.5193776633057
-338.48062233666406
32.9193776633325
151.91937766334502
-616.4806223366649
27.71937766333678
1547.3193776633289
-1809.480622336666
-2822.680622336733
1560.5193776633291
389.1193776633317
856.319377663327
1193.5193776633346
844.1193776633363
2060.919377663334
467.5193776633354
-1154.2806223366417
-947.480622336674
301.3193776633403
963.1193776633328
869.719377663345
-854.8806223366954
407.3193776633379
632.1193776633406
-7.480622336668599
53.51937766333745
-2000.6806223366636
-1387.4806223366634
83.51937766333594
2214.519377663321
973.3193776633211
750.319377663339
-253.68062233666842
-1212.4806223366406
-185.08062233665885
-516.8806223366602
-1559.0806223366656
-862.6806223366541
659.7193776633292
-1416.6806223366468
-1344.880622336639
1022.1193776633427
-174.08062233666925
-1439.080622336659
425.3193776633357
1623.3193776633304
3014.319377663341
0.7193776633329918
94.71937766333491
-490.88062233665727
-874.880622336662
-158.08062233666308
-2087.880622336663
-1146.280622336682
456.3193776633403
531.9193776633398
-223.88062233666312
-67.68062233666343
-615.2806223366548
1492.7193776633246
-213.0806223366691
1474.919377663305
-5.680622336664044
-46.480622336657724
-918.6806223366641
-1343.880622336668
-482.880622336664
1529.5193776633485
-664.2806223366637
-861.6806223366453
-358.6806223366648
-1412.680622336599
-1095.2806223367131
137.91937766333365
-187.08062233666485
412.5193776633391
983.1193776633379
846.1193776633287
1065.5193776633466
-1001.2806223366532
-1231.48062233666
-777.0806223366725
-136.68062233666444
-541.0806223366551
-950.4806223366583
317.11937766333966
-194.88062233666506
797.519377663334
11.119377663335438
129.11937766333483
-1093.880622336666
80.3193776633401
-636.6806223366586
1577.9193776633247
1930.9193776633383
-65.48062233666468
-173.88062233666122
130.51937766334146
-1427.4806223366447
1498.3193776633393
-420.4806223366664
-1042.8806223366544
205.31937766333496
-2051.2806223366956
-1161.8806223366507
-1966.4806223366188
-692.8806223366494
-2152.8806223366696
-702.6806223366658
646.5193776633382
774.3193776633302
1127.3193776633211
1565.319377663346
1008.3193776633218
2100.919377663316
-701.0806223366566
-892.4806223366653
-67.88062233666437
376.11937766333847
785.3193776633308
913.1193776633461
1107.3193776633339
-624.6806223366505
1441.7193776633333
-149.68062233667015
461.5193776633514
1046.5193776633448
-1043.0806223366874
-1791.6806223366616
-535.4806223366677
-68.68062233666717
299.1193776633317
379.7193776633388
-67.68062233667071
-980.280622336646
-4640.680622336685
-456.08062233667187
-1635.0806223366783
1341.3193776633339
-1329.2806223366567
190.5193776633369
-92.68062233666447
732.7193776633304
544.3193776633373
1029.5193776633334
-84.48062233666602
1746.1193776633418
-510.68062233665466
-90.0806223366618
996.3193776633335
983.7193776633314
1284.9193776633344
1164.3193776633252
472.7193776633221
522.1193776633327
2042.3193776633527
998.5193776633381
1987.9193776633592
734.5193776633262
-822.2806223366625
-540.6806223366677
211.11937766332892
369.1193776633316
-245.48062233666278
757.9193776633366
343.9193776633342
-324.88062233666295
-4526.080622336612
-566.4806223366469
-1668.880622336666
1193.5193776633373
-255.08062233665817
-181.28062233666589
-1814.4806223366884
397.7193776633393
-14.880622336666002
176.91937766333817
711.1193776633322
-424.2806223366486
-196.28062233667532
841.1193776633415
1965.3193776633382
1799.7193776633226
528.1193776633364
1053.7193776633228
1568.1193776633388
569.7193776633386
334.91937766333825
-467.8806223366593
600.5193776633371
399.11937766334125
-1081.2806223366638
273.5193776633419
1296.1193776633659
1658.7193776633208
-1959.4806223366734
-577.0806223366719
330.31937766332885
1123.319377663337
-1877.8806223366862
-100.48062233666585
-254.68062233666842
-772.8806223366607
-85.48062233665917
210.119377663336
-318.28062233665986
1691.7193776633196
-49.28062233666198
-600.0806223366573
1102.5193776633407
117.31937766333576
955.3193776633382
1214.9193776633397
136.519377663338
796.5193776633356
261.91937766333217
-76.88062233666405
-754.4806223366464
-1051.6806223366714
1884.119377663336
415.71937766333593
263.5193776633302
2614.1193776633418
926.5193776633267
-90.28062233666226
463.7193776633395
528.3193776633261
-1279.2806223366704
162.11937766333423
4.719377663335919
1380.9193776633342
-2446.880622336661
-1644.6806223366477
-633.0806223366646
-1287.0806223366378
-820.6806223366793
-377.28062233666907
-146.48062233666658
609.5193776633427
412.71937766333775
-186.48062233666298
1311.3193776633263
803.7193776633364
-295.6806223366637
442.11937766332875
558.1193776633389
661.1193776633495
326.51937766333407
533.7193776633345
664.1193776633476
206.71937766333355
384.11937766333574
-133.48062233666488
-35.48062233666336
746.1193776633326
150.51937766334274
465.5193776633353
617.319377663348
-446.0806223366681
567.9193776633305
-811.8806223366703
-1079.0806223366578
224.7193776633348
-2496.080622336674
-1984.8806223366705
-653.4806223366691
-1394.4806223366668
-501.08062233666357
-391.6806223366658
339.1193776633332
-556.880622336666
607.3193776633361
-4.680622336659418
-678.2806223366526
-15.88062233666155
690.1193776633352
803.3193776633318
797.9193776633329
654.3193776633439
837.5193776633425
-639.880622336649
-330.08062233666294
513.3193776633435
466.71937766333707
435.1193776633427
1130.9193776633308
-405.28062233665986
551.9193776633376
-248.6806223366666
-1238.6806223366414
70.31937766333266
1504.3193776632988
-524.4806223366618
-403.8806223366601
-204.68062233665734
-2750.2806223366574
-2258.6806223366593
-1811.2806223366642
-2106.680622336669
-622.4806223366611
475.31937766333715
728.3193776633423
-1025.680622336676
-678.2806223366647
-652.2806223366653
-770.6806223366752
128.31937766333317
922.9193776633248
1096.3193776633564
818.5193776633301
2141.7193776632953
1259.3193776633286
-682.0806223366753
-160.6806223366627
61.31937766333189
645.5193776633362
29.919377663340512
1501.3193776633257
578.9193776633306
139.5193776633339
-946.0806223366686
-343.2806223366763
94.3193776633407
1002.119377663336
394.51937766333145
-273.680622336665
-1052.2806223366613
-3825.0806223366603
-817.4806223366625
-940.680622336658
-1189.8806223366635
140.91937766333785
962.3193776633368
91.9193776633375
-639.0806223366599
288.11937766333824
858.1193776633313
56.11937766333648
410.51937766333555
-438.0806223366669
395.1193776633385
562.3193776633343
979.5193776633257
301.71937766334315
-1130.080622336664
140.91937766333777
-479.4806223366591
-577.0806223366645
213.31937766333564
232.31937766333675
-216.48062233666175
1149.7193776633355
1714.3193776633277
1835.7193776633262
-692.6806223366623
-716.4806223366661
-603.4806223366598
178.1193776633367
-628.4806223366512
-2494.280622336703
1091.5193776633448
120.31937766333789
-529.6806223366623
-810.6806223366618
-880.680622336674
725.3193776633389
-585.2806223366741
-1446.480622336659
59.31937766333047
1241.9193776633554
2272.1193776633395
940.3193776633356
1027.319377663337
338.1193776633368
998.719377663316
718.919377663336
-56.08062233666809
1068.919377663344
1479.9193776633463
768.7193776633372
1033.3193776633434
907.7193776633483
769.9193776633299
338.9193776633359
269.91937766333416
-3.2806223366656297
88.31937766333934
917.919377663329
-678.6806223366601
1082.7193776633367
-70.48062233666363
-1042.4806223366627
2413.119377663349
617.3193776633373
-650.4806223366627
-168.48062233666144
-646.080622336667
1011.3193776633279
124.51937766333607
457.9193776633356
316.5193776633346
-161.08062233666465
423.7193776633278
-484.28062233666947
47.519377663343604
-430.08062233666635
365.719377663327
94.11937766333833
-81.88062233666258
539.3193776633434
2180.319377663328
137.31937766333334
279.1193776633357
507.51937766333583
1818.3193776633302
1387.5193776633193
-1192.0806223366546
-1416.0806223366685
-373.6806223366662
317.119377663333
-1384.4806223366672
444.3193776633387
-100.48062233666111
813.3193776633212
1969.1193776633293
364.31937766333544
-487.4806223366713
22.51937766333748
-659.0806223366639
-681.0806223366602
183.51937766333813
775.5193776633387
878.3193776633269
114.31937766333817
737.519377663337
1283.1193776633256
1067.5193776633291
1481.7193776633326
726.1193776633153
847.3193776633163
1077.7193776633274
572.1193776633429
1547.9193776633242
-259.4806223366639
1448.5193776633394
859.7193776633421
1785.9193776633424
1816.3193776633339
640.3193776633399
-16.88062233666345
89.11937766333998
635.5193776633356
-380.28062233666
-719.6806223366646
-655.8806223366603
94.9193776633384
2301.3193776633398
1152.319377663339
591.3193776633373
-300.6806223366669
167.11937766333267
477.3193776633398
267.31937766333857
-1015.0806223366745
-1491.6806223366905
-926.2806223366642
-596.4806223366761
-1207.080622336663
-1303.280622336678
-767.4806223366654
-990.6806223366614
-540.0806223366602
369.1193776633299
-407.4806223366615
107.71937766333454
197.119377663335
-347.48062233666064
-267.2806223366624
-140.08062233666857
-1400.080622336656
-165.28062233666512
80.91937766333585
-1035.8806223366744
-346.0806223366683
402.11937766333494
203.91937766333706
-744.4806223366638
-78.88062233666389
2000.3193776633102
-127.88062233665707
-290.0806223366654
-957.0806223366685
-183.8806223366629
-453.6806223366635
-198.88062233666358
-494.4806223366614
-627.2806223366601
-104.88062233666159
-237.08062233666618
522.1193776633385
836.3193776633303
562.3193776633441
750.1193776633288
354.5193776633522
321.51937766333833
135.31937766333314
714.7193776633236
1296.5193776633616
568.7193776633368
729.519377663332
421.7193776633338
-723.680622336661
506.719377663335
469.7193776633412
-599.6806223366622
-370.88062233666415
16.319377663337413
457.31937766333925
1003.9193776633283
1032.9193776633165
