-96.02738242992592
-562.0273824299313
1436.572617570073
1714.3726175700892
-41.02738242991943
-206.6273824299308
1412.9726175700553
1.7726175700609446
588.9726175700627
666.9726175700781
-634.2273824299258
-111.8273824299223
967.1726175700651
-927.8273824299259
-276.82738242993094
-716.0273824299329
1575.1726175701162
189.97261757007732
-667.2273824299397
-1682.2273824299705
304.37261757007593
-396.8273824299273
-455.42738242992766
246.57261757007578
-1015.627382429929
156.37261757007502
-141.6273824299183
-1951.8273824299392
46.97261757007695
1048.1726175700744
862.5726175700812
627.7726175700811
-956.8273824299183
-636.0273824299179
784.5726175700469
1846.5726175701025
1212.9726175700985
-283.42738242992135
397.1726175700721
-423.8273824299229
-321.2273824299186
-433.627382429922
133.17261757007884
494.17261757007327
1085.1726175700708
-1198.627382429927
485.7726175700786
177.57261757007674
-1189.8273824299395
-1049.0273824299284
618.7726175700818
-605.2273824299514
-689.0273824299263
-1145.627382429947
-658.8273824299258
-330.6273824299214
-792.6273824299298
390.7726175700823
-1546.6273824299337
-1258.6273824299074
555.7726175700724
862.1726175700672
853.5726175700456
2060.172617570062
93.57261757006907
-558.2273824299231
-810.2273824299336
-1037.4273824299296
-271.0273824299231
-147.82738242992167
84.17261757006875
1192.1726175700492
685.7726175700915
172.17261757007842
1819.7726175700886
1388.172617570072
1758.7726175700523
1251.772617570059
-45.22738242992821
-744.2273824299166
-633.4273824299318
-602.4273824299254
284.5726175700754
441.5726175700838
197.57261757007603
-359.02738242993337
-270.02738242992007
-812.2273824299209
-1490.4273824299346
-523.6273824299201
-1081.8273824299279
1092.372617570062
-297.027382429941
-1438.0273824299168
-72.4273824299305
1487.572617570045
312.17261757007014
1907.572617570075
-676.6273824299219
-2719.6273824299383
-1838.4273824298552
-1910.8273824298878
-1878.6273824299599
-184.42738242992
108.17261757007088
1046.7726175700739
1666.5726175700809
580.7726175700712
922.3726175700754
698.972617570079
-414.82738242992923
-394.02738242992683
261.17261757006366
91.77261757007415
-784.6273824299411
668.1726175700596
784.7726175700752
1705.3726175700806
1384.5726175700963
-255.8273824299298
-584.8273824299227
-1770.4273824299476
-149.2273824299267
811.5726175700685
123.17261757007427
78.97261757007789
499.9726175700664
682.5726175700792
-253.22738242993432
387.5726175700762
-155.22738242991642
-909.2273824299307
-904.2273824299238
-137.22738242991727
621.9726175700719
1029.5726175701175
-233.0273824299261
-86.42738242993002
665.1726175700783
403.9726175700679
710.9726175700677
142.1726175700562
75.77261757007173
-1190.827382429915
-363.627382429928
-191.62738242993663
-1373.227382429934
-509.8273824299242
-1434.6273824299133
512.9726175700893
264.5726175700766
-704.0273824299244
-28.827382429921155
736.3726175700656
69.37261757008073
-1203.4273824299316
219.3726175700755
-130.82738242993034
-136.62738242992594
505.77261757008034
1729.9726175700848
-1554.2273824299434
288.1726175700857
494.7726175700629
-267.62738242992555
469.5726175700799
-255.02738242993024
737.17261757006
506.1726175700676
133.37261757007553
-722.2273824299285
-169.2273824299279
400.5726175700862
109.97261757008505
170.37261757007246
-1997.22738242995
-742.2273824299087
-220.2273824299284
-105.62738242992049
1077.3726175700617
1349.9726175700841
-145.62738242992145
-600.0273824299476
-375.6273824299258
-509.22738242992915
-505.6273824299245
-974.8273824299154
444.3726175700766
1868.172617570072
490.772617570075
-280.0273824299246
-341.62738242993095
1772.5726175700904
-787.2273824299351
-1448.6273824299337
-1206.827382429923
-132.0273824299308
-166.02738242992933
310.1726175700728
-678.6273824299279
-1623.4273824299194
-479.42738242992465
-1422.6273824298944
-911.627382429921
-1167.8273824299163
-898.4273824299235
3626.172617570023
2590.7726175700936
-1291.8273824298974
423.572617570062
1294.9726175700919
2161.972617570042
311.172617570045
345.57261757005915
576.1726175700717
347.7726175700667
-601.8273824299256
-1987.4273824299548
-882.4273824299257
667.7726175700666
1119.3726175701015
242.9726175700756
159.572617570072
385.57261757006523
1310.1726175700558
-1440.027382429922
-56.427382429928514
-757.0273824299163
-89.62738242993555
-2052.227382429881
253.97261757007718
144.17261757007662
-1586.4273824299203
727.7726175700719
-407.4273824299257
-3473.027382429942
-354.0273824299405
143.37261757007565
1967.172617570117
2978.372617570067
-42.22738242992427
1234.3726175701026
-681.0273824299213
-171.6273824299251
-1941.4273824299723
832.972617570067
446.5726175700822
-319.2273824299248
758.7726175700745
270.1726175700769
1163.3726175700665
1212.9726175700491
182.97261757008073
-47.227382429931325
-1352.0273824299309
-161.82738242992775
274.5726175700753
1770.5726175700506
1542.5726175700745
-1058.8273824299113
-727.6273824299365
-2744.0273824299175
-1092.8273824299238
182.37261757007482
159.57261757007655
-656.8273824299113
354.1726175700716
-1343.227382429937
-360.22738242992125
586.372617570081
896.1726175700701
1185.7726175700711
2820.172617570005
2319.1726175701338
-929.227382429916
-609.6273824299307
661.9726175700812
655.9726175700715
7.972617570067811
-19.027382429933606
-630.2273824299338
149.57261757008098
1083.1726175700821
-350.2273824299345
-862.4273824299258
-534.6273824299261
-866.8273824299267
-611.4273824299252
-1057.8273824299138
-158.02738242992467
-1196.6273824299217
-1330.8273824299085
-522.8273824299342
-570.8273824299308
-1135.027382429954
-189.2273824299312
1288.5726175700618
-922.827382429913
-1490.027382429944
-1044.8273824299351
-1821.8273824299254
-401.0273824299219
479.3726175700815
1219.5726175701097
1149.972617570056
55.37261757007474
-1238.6273824299274
-256.8273824299273
750.9726175700638
-484.2273824299385
-2866.2273824299527
-447.82738242991934
-352.0273824299244
-389.4273824299298
588.9726175700806
-1840.027382429983
-1287.8273824298979
-788.4273824299266
-1126.2273824299282
-193.22738242993108
-574.2273824299236
-1191.827382429929
-1341.4273824299532
-313.4273824299219
-521.0273824299322
-45.62738242993649
-881.0273824299396
-1150.0273824299543
-95.2273824299231
679.3726175700746
-1298.027382429924
-845.8273824298981
-719.2273824299073
-711.027382429926
-720.6273824299365
1999.7726175701305
-556.8273824299238
547.5726175700479
2781.772617570062
1446.1726175700794
-386.02738242991893
190.3726175700783
-796.4273824299485
589.1726175700597
969.172617570071
-316.0273824299314
33.372617570074496
-1382.2273824299223
-923.0273824299293
-584.4273824299335
-217.627382429922
871.972617570067
-623.427382429925
545.7726175700822
742.5726175700827
542.7726175700701
-1409.827382429936
-519.8273824299272
-508.227382429927
-787.8273824299176
-1209.8273824299297
-142.02738242992677
-1046.4273824299064
-332.0273824299233
-815.4273824299498
1217.17261757006
-545.6273824299128
1088.5726175701154
890.1726175700611
3100.5726175700333
2152.3726175701513
1379.772617570046
-623.2273824299251
-886.4273824299285
-401.42738242992027
-24.627382429925078
497.1726175700729
-1323.427382429934
549.7726175700784
-557.4273824299419
706.9726175700598
615.9726175700752
-1770.6273824299137
-739.6273824299099
-1813.4273824299219
-484.6273824299332
-208.8273824299257
-1123.4273824299232
-1477.0273824299236
-688.0273824299178
-1370.027382429936
-312.0273824299322
-449.02738242994013
-885.827382429957
-2055.427382429944
-1503.6273824299074
-713.6273824299185
1465.37261757005
-300.42738242992436
76.97261757008644
1883.7726175700777
2691.772617570156
1891.372617570044
-487.2273824299162
-1123.8273824299213
-198.4273824299283
-1024.6273824299383
-1234.827382429922
266.17261757007515
941.3726175700739
467.97261757007095
-1971.627382429922
-291.8273824299198
789.3726175700747
355.37261757007695
1609.1726175701115
-679.2273824299278
1098.5726175700831
373.57261757005614
552.5726175700714
-413.42738242992897
-1081.427382429894
561.9726175700764
1859.772617570082
451.97261757006567
-108.62738242995009
-1979.2273824298823
-2632.0273824299256
-282.4273824299288
1766.1726175700373
1342.772617570061
837.1726175701014
2304.972617570046
915.972617570067
2087.5726175700934
-772.027382429907
-1663.027382429901
5.172617570064368
-1113.027382429934
-2249.627382429929
-528.4273824299089
-243.2273824299199
-845.0273824299297
-1933.6273824299153
-610.8273824299353
329.5726175700731
-623.4273824299282
838.9726175700537
652.1726175700773
1616.1726175700699
2162.772617570028
2514.572617570072
170.77261757006812
-332.62738242991156
-51.427382429923156
-996.6273824298994
-2172.0273824299356
-391.2273824299299
717.7726175700733
-1509.0273824299006
-100.42738242992694
1106.5726175700638
1756.3726175700644
1148.1726175700603
3086.5726175700934
-46.62738242992509
-444.2273824299363
-165.2273824299257
286.5726175700702
1102.1726175700776
-34.02738242992801
-1651.0273824299359
-2173.6273824299137
-1374.0273824299031
-2070.6273824299087
-184.42738242992291
391.7726175700623
123.97261757007817
-918.227382429917
-644.8273824299362
-415.8273824299289
239.3726175700746
2048.9726175700616
881.3726175700812
-656.8273824299215
-217.82738242991937
-1400.4273824298934
-610.2273824299245
-704.227382429931
-1790.6273824299403
-1592.8273824299288
-1145.027382429951
293.37261757007764
858.5726175700788
-819.6273824299253
-855.8273824299167
80.57261757006302
1099.3726175700738
-824.4273824299339
114.57261757006464
378.37261757006877
498.1726175700748
-1550.2273824299443
-1522.4273824299214
-1812.2273824299134
-2106.0273824300043
-1597.627382429985
248.17261757007725
-237.82738242992912
197.57261757007294
2286.1726175700596
765.3726175700723
241.97261757007124
-1134.6273824299055
1107.9726175700926
523.7726175700889
248.3726175700607
190.9726175700737
-159.02738242993456
-357.02738242993445
-767.6273824299125
270.3726175700669
-701.8273824299483
-34.627382429925504
-258.02738242992376
-4.027382429916663
-525.6273824299338
-1175.427382429927
-1119.0273824299395
574.172617570082
-139.82738242992008
-98.02738242992129
55.172617570073115
1076.3726175700708
-279.8273824299103
361.77261757008455
-1029.4273824299833
-1786.4273824299287
-1343.4273824298982
-429.4273824299252
-213.02738242993303
-945.2273824299274
118.97261757007391
-601.2273824299289
-339.82738242992406
-745.6273824299191
1391.5726175700308
999.7726175700715
1007.1726175700683
-222.42738242992814
-199.6273824299305
-1586.4273824299205
-1499.0273824299243
-370.82738242989893
-972.8273824298942
-797.0273824299264
-1294.4273824299253
-1315.6273824299221
-1464.2273824299584
-2145.427382429892
-210.42738242992158
-534.4273824299289
-850.6273824299288
1042.972617570066
840.1726175700664
-192.6273824299207
-389.02738242993723
278.1726175700711
-12.827382429911651
-558.6273824299318
-215.42738242992488
-1750.827382429957
-1599.4273824299617
-799.6273824299244
-184.0273824299275
599.572617570072
1322.3726175700715
-1320.6273824299287
40.97261757007357
430.7726175700753
753.1726175700845
-792.6273824299162
-1291.2273824298957
-1702.827382429918
-981.6273824299215
6.172617570065256
-403.82738242993787
-2686.2273824298604
-1214.4273824299753
-396.62738242993663
-1517.4273824299478
-105.2273824299167
-611.4273824299293
-652.4273824299304
415.5726175700741
380.5726175700846
889.3726175700699
-1068.8273824299183
-1702.4273824299564
125.17261757007105
-419.2273824299311
122.57261757008541
-235.22738242992614
-1221.827382429921
-666.6273824299386
448.37261757007974
617.3726175700784
1560.372617570065
300.57261757007933
-578.2273824299243
617.972617570077
-169.82738242993344
1640.1726175700953
-205.02738242992456
-43.62738242992494
-607.0273824299286
-689.8273824299226
265.57261757007757
121.97261757006663
-1671.6273824299662
-1407.8273824298778
-397.42738242992414
770.3726175700726
1308.5726175700752
664.9726175700733
60.77261757007011
1698.3726175700672
-18.027382429938484
417.37261757007343
456.372617570076
-1819.6273824298669
-964.0273824299352
-886.0273824299412
-424.6273824299248
681.7726175700709
-85.02738242992115
-868.2273824299261
-886.8273824299318
-606.4273824299278
363.97261757006777
-351.2273824299315
832.5726175700379
-159.627382429922
-257.6273824299304
898.9726175700678
-439.6273824299277
1002.5726175700714
-1035.6273824299249
-936.827382429943
-788.0273824299236
-121.22738242992658
269.3726175700747
-2009.2273824299903
-199.62738242992765
-683.6273824299377
-880.8273824299046
446.7726175700685
-276.62738242992367
-653.6273824299229
-60.827382429920654
957.972617570075
-1186.227382429938
149.7726175700719
-668.6273824299346
184.97261757007013
-661.6273824299303
-1664.6273824299467
-2583.627382429939
-1617.827382429915
-611.8273824299306
-23.827382429932015
-299.82738242992656
-2234.4273824298775
-486.22738242992517
-1243.4273824299316
48.57261757007463
-220.42738242992786
-1695.2273824299273
-409.427382429934
-964.6273824299245
1095.9726175700664
-734.0273824299124
74.37261757007484
135.37261757008093
-2547.82738242991
2007.5726175700872
1168.7726175700711
-1357.6273824299255
29.37261757006285
1650.7726175700823
-518.2273824299239
82.17261757007688
387.9726175700816
-1458.2273824299334
-601.827382429932
1030.3726175700824
661.1726175700453
589.9726175700716
-73.82738242992819
-707.627382429936
50.172617570076085
893.572617570067
1707.172617570079
1650.3726175700904
-1441.0273824299154
-1811.2273824299066
-1100.6273824299224
616.7726175700566
-931.2273824299289
-454.82738242992355
-966.6273824299307
-1199.6273824299044
5.17261757006618
-334.0273824299281
-601.227382429925
-800.8273824299216
-815.4273824298892
848.572617570084
1803.5726175700986
358.9726175700692
-1322.2273824299168
-665.8273824299428
-1290.8273824299065
-614.627382429931
-1276.0273824299177
1212.172617570089
-237.0273824299247
-1691.427382429962
-598.0273824299258
-401.42738242992226
2370.772617570038
1055.9726175700728
-583.827382429937
727.9726175700765
269.5726175700792
1738.3726175700624
-2051.627382429933
-1258.4273824299685
526.3726175700739
-1183.2273824299227
309.97261757006027
800.9726175700749
-1012.027382429929
-384.22738242992625
-966.6273824299171
319.5726175700773
-216.02738242992075
-2070.427382429923
27.772617570076306
127.5726175700766
-1098.4273824299448
5.5726175700750105
1306.772617570076
-92.0273824299307
-118.0273824299264
-483.6273824299292
-835.6273824299096
377.17261757008
445.7726175700725
-1211.6273824299153
550.7726175700805
-2443.427382429886
-183.22738242992963
-916.4273824299247
-463.0273824299289
403.5726175700748
-741.4273824299438
987.3726175700644
-2114.627382429918
-1287.6273824299244
954.1726175700646
-1640.427382429959
965.1726175700626
1271.372617570102
-1024.6273824299362
-387.02738242991893
-625.4273824299188
371.57261757006967
-61.42738242991141
-1902.8273824299185
1737.3726175700608
20.972617570077126
-1586.0273824299593
320.97261757007686
611.1726175700787
-685.0273824299255
585.3726175700663
-340.6273824299388
536.9726175700767
-92.82738242992504
-47.027382429925964
231.57261757006327
-217.82738242992582
-2925.427382429876
-836.4273824298979
-435.6273824299375
-178.02738242992658
1246.372617570056
554.5726175700768
808.172617570079
-1467.6273824299349
-2003.4273824300005
101.37261757007312
543.9726175700645
-1223.027382429929
333.77261757007597
783.972617570086
469.372617570068
-1150.627382429934
-275.82738242991724
-48.227382429929776
-2333.0273824299265
-442.4273824299253
-1065.427382429934
854.3726175700734
713.5726175700709
593.9726175700721
-341.0273824299257
-596.4273824299199
-2142.827382429905
2249.172617570096
245.37261757008065
-718.22738242992
-695.2273824299599
-700.4273824299263
-1361.4273824299362
-1303.4273824299653
-1352.227382429943
-1191.4273824299094
461.97261757007203
428.7726175700764
1490.5726175700956
1107.9726175700816
-887.627382429923
697.9726175700694
-712.4273824299279
-1888.0273824299568
735.372617570082
1537.7726175700693
30.172617570076902
-56.22738242992918
575.5726175700702
1139.1726175700599
916.772617570078
859.3726175700892
-365.0273824299333
1234.57261757008
-582.8273824299231
912.1726175700793
1388.9726175700653
296.97261757007925
-1059.8273824299495
1279.3726175700626
-1487.2273824299577
723.772617570054
546.3726175700667
-1565.4273824299275
-687.4273824299343
-607.4273824299228
-2148.227382429896
-1.8273824299419772
-615.8273824299098
-1004.2273824299318
-110.2273824299235
262.3726175700783
-401.6273824299418
246.7726175700729
-861.827382429939
-358.02738242992007
-582.0273824299259
-466.0273824299238
-508.0273824299325
438.3726175700695
80.57261757007359
428.17261757007634
728.9726175700685
1015.5726175700996
475.3726175700707
515.5726175700786
-815.8273824299278
803.172617570078
1958.7726175700752
2183.772617570099
1380.3726175701213
-190.62738242992907
1.5726175700761118
2221.772617570046
1490.9726175700732
220.57261757007674
-854.227382429931
-420.2273824299261
-738.8273824299478
-30.427382429930255
492.37261757006803
-637.6273824299352
-2492.227382429914
56.97261757007005
215.9726175700779
710.9726175700523
-214.8273824299258
1082.1726175700605
-543.6273824299125
-86.42738242992522
-823.4273824299296
-19.22738242992451
1653.772617570061
1186.972617570088
146.37261757007326
601.5726175700835
1812.972617570062
486.17261757008066
614.572617570079
1787.7726175700957
1174.572617570063
2047.1726175700542
1390.7726175700695
656.7726175700675
515.7726175700626
2075.1726175700674
-203.82738242992465
-761.4273824299269
-603.2273824299293
-780.2273824299193
-1752.2273824299823
250.37261757007286
589.772617570072
201.77261757007673
-1505.0273824299359
1416.9726175700605
899.3726175700579
1415.7726175700539
-105.42738242992354
138.17261757007896
-111.82738242992573
-892.2273824299263
-1536.6273824299315
171.37261757006814
1141.5726175700931
234.7726175700744
1800.5726175700647
1212.7726175700607
838.3726175700743
509.57261757006665
944.5726175700662
689.9726175700985
2438.9726175700844
964.5726175700946
-516.0273824299169
1435.9726175700557
-491.6273824299271
-1096.2273824299127
-1413.2273824299384
-809.0273824299314
-481.8273824299294
70.77261757007498
-580.8273824299193
-487.0273824299203
-427.8273824299315
-832.0273824299323
1880.9726175700648
2051.17261757005
-25.22738242992345
784.772617570084
-289.0273824299358
-211.6273824299343
-569.2273824299239
-1165.0273824299234
-1433.827382429932
-198.82738242993165
-357.62738242992776
664.1726175700612
2434.9726175700907
1119.7726175700686
2149.972617570065
2469.9726175700393
584.9726175700556
435.1726175700854
3155.5726175701757
1106.5726175700556
-181.6273824299229
1050.9726175701283
964.7726175700612
-1071.0273824299306
1140.5726175700497
431.5726175700935
-1596.2273824299102
-740.0273824299339
1258.7726175700511
-843.4273824299329
-780.0273824299213
-93.22738242992743
-607.0273824299313
-1246.427382429942
-12.627382429933498
186.9726175700759
-297.227382429925
-454.82738242992554
-233.62738242991668
-651.0273824299264
-789.227382429933
1161.7726175700484
420.572617570083
49.37261757007353
489.1726175700611
-355.0273824299384
1472.1726175700692
1775.5726175700804
298.5726175700781
-150.62738242994212
-185.62738242993098
435.7726175700814
114.77261757008003
-311.627382429926
-739.8273824299251
-341.227382429932
2034.7726175701146
1288.572617570062
1237.9726175700894
-1201.6273824299371
211.17261757007077
188.9726175700707
1266.5726175700547
2870.172617570086
1597.9726175700298
83.17261757007267
-1181.0273824299313
1010.5726175700671
1882.1726175700755
-106.22738242993486
312.1726175700783
1495.3726175700847
7.172617570069022
668.3726175700867
692.5726175700714
279.1726175700694
1338.9726175700866
885.3726175700715
49.172617570064574
1095.1726175700735
384.57261757008393
2978.572617570006
1601.17261757005
1488.7726175700561
149.77261757007588
1695.5726175700859
1080.7726175700825
1468.7726175701023
1977.772617570094
1281.372617570052
1711.9726175700785
1670.3726175700835
113.77261757007143
863.7726175700719
1378.9726175701032
431.77261757009103
672.772617570064
-238.2273824299259
-965.4273824299169
739.9726175700529
2363.1726175701247
1021.7726175700711
-741.0273824299223
-14.627382429919592
-1438.827382429924
-1389.6273824299176
-1504.82738242993
-1124.627382429932
-310.2273824299259
-106.02738242992342
-1331.627382429919
175.57261757007862
457.3726175700733
52.37261757007505
-573.8273824299239
953.9726175700747
-1370.227382429927
-2014.0273824299143
-1457.2273824299095
-661.2273824299259
-330.42738242992345
-77.62738242992505
440.17261757007844
-628.4273824299205
-151.0273824299239
840.7726175700826
370.3726175700502
138.57261757006435
1340.3726175700838
603.572617570081
224.77261757007022
183.57261757008274
442.57261757007757
415.37261757009196
-23.227382429915124
-33.827382429921684
221.9726175700958
-406.62738242992737
-892.6273824299234
-401.4273824299219
-919.0273824299417
-266.62738242991554
170.97261757007183
-296.22738242992654
-481.6273824299286
448.97261757007163
276.3726175700742
900.5726175700868
-93.82738242992964
-1367.8273824299224
-899.827382429929
98.17261757006875
35.57261757007484
-978.6273824299034
-792.6273824299375
-521.6273824299151
2053.7726175700714
601.3726175700758
-1333.6273824299228
-306.8273824299184
594.9726175700631
900.1726175700817
2646.772617570056
-1.2273824299268483
-1208.8273824299347
5.57261757006755
-634.827382429921
-870.6273824299246
-1245.0273824299277
-930.0273824299192
128.37261757007872
-916.8273824299303
-1907.2273824299416
-1095.0273824299315
-560.2273824299298
-738.2273824299181
-220.8273824299379
742.7726175700969
510.77261757008023
-450.42738242993727
983.172617570081
574.5726175700865
1540.772617570096
1656.3726175700922
24.572617570079196
-145.0273824299212
-1336.0273824299206
621.572617570062
1395.5726175700693
589.5726175700773
558.1726175700752
724.1726175700705
-225.62738242993262
-470.0273824299285
1136.5726175700897
117.5726175700793
-282.0273824299239
120.17261757007087
539.9726175700861
674.5726175700712
-394.027382429926
-1249.62738242992
-211.62738242992407
-134.22738242992796
-201.02738242992476
165.7726175700725
-134.2273824299229
24.5726175700728
-950.4273824299081
-170.42738242993005
-1032.6273824299553
-2204.8273824298653
-1059.4273824299523
-1776.427382429915
0.5726175700772771
-433.027382429918
-1155.0273824299252
690.9726175700786
2154.5726175700574
1158.972617570075
-1178.0273824299102
-367.6273824299393
-43.62738242992876
-479.2273824299229
-867.427382429914
930.5726175700855
-830.827382429917
515.5726175700757
556.5726175700793
-381.2273824299267
193.37261757007457
-852.427382429926
-44.02738242992467
490.5726175700792
1569.9726175700873
299.57261757007564
419.97261757007226
12.172617570072944
-595.4273824299237
-829.2273824299314
-2562.8273824298676
-204.02738242993672
-892.8273824299489
-1664.2273824299175
-158.82738242993605
21.77261757007483
-1216.6273824299233
-2255.0273824298683
-1017.2273824299307
587.5726175700604
1485.1726175700828
-310.6273824299142
-474.6273824299254
485.7726175700767
-198.22738242993353
-960.4273824299283
-1532.2273824299289
907.572617570063
-447.2273824299222
-571.0273824299352
358.572617570073
725.3726175700768
190.772617570076
1031.372617570078
-190.22738242992807
-841.4273824299153
878.9726175700744
-759.0273824299292
335.3726175700814
-1641.8273824298562
-2353.4273824299053
1728.372617570085
808.1726175700626
-1746.2273824299252
-295.82738242993634
-455.02738242992206
121.17261757006534
-1130.0273824299368
-655.0273824299211
-1531.8273824299426
-981.827382429931
-37.427382429920065
-789.2273824299365
-721.4273824299426
134.3726175700755
629.7726175700725
-186.2273824299225
-116.22738242992588
-809.2273824299202
140.57261757006984
-1313.6273824299185
911.7726175700327
1162.3726175701013
1541.9726175701005
-505.62738242992634
1782.1726175700792
801.3726175700646
-1372.6273824299133
1536.772617570074
953.7726175700535
-932.827382429919
588.9726175700758
-1284.827382429927
-540.627382429927
914.3726175700825
-1521.2273824299527
383.5726175700727
-1421.6273824299385
-985.6273824299277
-1863.8273824299322
-56.22738242992767
-1308.8273824299342
-630.0273824299262
1212.5726175700652
70.57261757007137
741.7726175700686
950.1726175700475
694.3726175700799
861.5726175700833
-379.6273824299286
-509.42738242993187
-91.6273824299271
1353.372617570072
1950.9726175700298
416.57261757005654
791.572617570071
-955.0273824299167
-234.42738242992627
204.9726175700669
-242.0273824299249
-516.8273824299315
1568.7726175700805
1221.7726175700723
1283.1726175700655
221.3726175700706
-245.427382429928
-867.4273824299387
-110.02738242992754
797.9726175700767
-1142.227382429879
-744.6273824299296
288.37261757006877
-109.22738242992898
679.1726175700759
1663.3726175700601
563.1726175700705
616.9726175700841
1376.172617570052
-335.6273824299113
173.3726175700795
1911.1726175700855
1050.7726175700545
206.97261757006956
-133.02738242992712
-245.82738242992093
-751.4273824299281
407.5726175700858
1220.7726175700877
606.7726175700577
-457.4273824299283
276.7726175700729
1170.5726175700856
-577.0273824299304
-130.42738242992468
1593.9726175700832
-114.62738242993274
-0.2273824299371512
871.7726175700826
-441.2273824299301
-1918.027382429943
-1928.8273824299124
-2394.227382429933
-1024.2273824299284
-246.02738242991913
-655.4273824299355
-884.2273824299447
1786.5726175700468
590.1726175700929
542.5726175700705
2226.972617570069
21.17261757007381
808.7726175700744
2204.37261757005
905.172617570089
558.5726175700679
786.9726175700897
-1428.827382429934
-1076.0273824299095
944.1726175700712
868.1726175700896
482.77261757008984
-30.22738242992117
-237.22738242992392
683.7726175700645
1508.5726175700609
231.5726175700905
1526.9726175700603
446.9726175700701
-512.0273824299213
216.57261757007416
998.9726175700857
-2812.027382429983
-2321.0273824299356
-452.8273824299243
-535.4273824299288
-1344.0273824299356
-75.6273824299298
-150.42738242992792
1722.772617570062
1291.772617570058
308.17261757007475
1675.3726175700565
564.3726175700774
1193.1726175700555
977.7726175700633
526.3726175700855
433.77261757008193
49.17261757007344
245.17261757007537
472.57261757007234
1109.7726175700545
-103.62738242992799
309.77261757008
590.5726175700656
-376.0273824299304
-1164.8273824299292
551.1726175700824
1290.5726175700402
2821.9726175701076
16.372617570073352
-65.02738242992373
-1236.2273824299284
-493.6273824299305
-2185.827382429887
-868.4273824299095
-896.0273824299327
-370.8273824298992
-1332.827382429958
-314.02738242992984
1113.5726175701086
1543.9726175700953
900.5726175700822
-1544.6273824299196
950.7726175700714
310.372617570069
1555.1726175700792
1496.7726175700682
-953.6273824299064
-375.6273824299305
-860.2273824299231
-768.827382429924
-305.0273824299364
-100.02738242992523
189.97261757007746
808.7726175700656
-313.6273824299318
-913.8273824299279
-831.4273824299244
734.772617570064
1454.9726175700787
2677.572617570038
849.1726175700722
-95.62738242993291
-1064.427382429919
-1921.0273824299209
-1970.6273824299228
-1538.4273824299448
-415.8273824299291
-1096.027382429927
-1378.2273824299236
1172.1726175700658
2218.172617570068
1402.1726175700803
1920.7726175700236
626.5726175700739
582.9726175700825
-1195.4273824299198
271.1726175700743
1337.5726175700845
597.5726175701137
2124.3726175700876
257.5726175700952
325.97261757007334
-638.4273824299264
629.1726175700488
491.3726175700711
101.17261757007111
721.7726175700618
1303.9726175701037
730.7726175700768
1610.9726175700594
398.97261757006606
979.3726175700806
1066.372617570076
337.1726175700726
317.97261757007516
-660.4273824299435
-1238.0273824299268
-2782.827382429976
-434.427382429907
-1056.8273824299406
-1114.227382429936
1180.9726175700698
1885.772617570091
26.37261757009481
1595.3726175701183
549.972617570075
391.57261757006296
10.172617570073424
683.3726175700662
382.3726175700788
-852.4273824299394
846.3726175700756
822.3726175700766
41.372617570068165
-142.8273824299306
998.5726175700606
356.17261757007435
499.57261757005494
12.972617570069698
-785.8273824299216
-762.8273824299359
1338.1726175700362
1619.9726175701085
952.9726175700638
271.57261757006415
-849.4273824299353
296.7726175700755
-640.0273824299492
621.1726175700812
-2860.0273824299907
-2832.8273824299276
-1648.42738242994
-109.22738242992611
1592.7726175700634
2350.7726175700745
1096.172617570085
1174.7726175700966
1483.5726175700877
639.972617570075
1878.772617570008
1279.972617570074
-215.82738242993014
-1424.8273824298954
-975.2273824299099
-468.22738242993205
-720.2273824299291
-111.62738242991969
-575.8273824299184
-512.0273824299245
881.9726175700923
246.5726175700748
1068.5726175700659
1293.9726175700912
393.57261757005733
5.172617570080561
979.5726175700534
676.9726175700808
-1579.2273824299127
-1711.8273824299001
-1568.427382429913
-456.8273824299239
-416.0273824299238
-1614.0273824299159
-1092.6273824299183
-1143.8273824299208
272.9726175700788
-57.227382429927715
1176.5726175700572
1740.7726175700425
1844.7726175700561
1940.5726175700725
2718.172617570069
819.5726175700723
366.77261757006494
1517.57261757009
-428.8273824299289
-557.2273824299238
-1304.8273824299113
156.77261757007616
-161.82738242992866
94.57261757007412
1392.9726175700596
2045.9726175700982
1832.1726175700508
1188.3726175700417
2381.3726175700276
588.7726175700806
1923.972617570065
1103.7726175700795
-1108.6273824299285
-329.82738242992633
-715.8273824299217
-822.0273824299287
527.9726175700781
978.5726175700707
596.1726175700819
-65.82738242993359
1361.1726175700728
360.3726175700748
1864.3726175700494
1041.972617570091
1111.1726175700574
1501.1726175701212
2638.7726175700654
2103.5726175701097
333.1726175700794
-50.427382429923824
-1951.0273824299513
-1660.4273824299196
-960.8273824299298
860.7726175700783
548.1726175700736
22.572617570085633
949.7726175700484
2439.1726175700946
1033.37261757006
1066.372617570057
1515.5726175700759
-276.0273824299258
1354.1726175700917
1064.57261757004
-858.62738242991
107.17261757007152
-118.22738242993061
956.1726175700658
1245.572617570103
473.37261757006394
1433.9726175700669
1343.572617570064
1169.5726175701159
-18.427382429923725
-43.42738242993251
421.1726175700683
890.1726175701068
1372.3726175700872
890.3726175700724
952.372617570091
429.77261757007136
-722.8273824299359
-1003.627382429926
-269.02738242992285
-1181.8273824299174
-480.227382429939
41.572617570069504
10.972617570075109
491.5726175700822
1963.572617570038
875.9726175700742
1085.37261757008
979.3726175700701
-47.62738242992318
471.77261757007886
1836.1726175700737
560.5726175700763
-1069.0273824299456
468.37261757009304
9.772617570070281
170.57261757008246
-358.42738242992124
-1064.627382429943
735.1726175700801
-253.4273824299279
-1592.6273824298974
2.172617570079062
-186.42738242992687
567.3726175700817
164.77261757008617
-96.42738242993218
1349.5726175700784
1514.7726175700911
-189.02738242992888
-232.62738242992822
-1634.0273824299377
-218.02738242992612
74.5726175700801
-560.2273824299277
1359.1726175700962
650.7726175700567
1916.5726175700856
933.9726175700723
-322.22738242992295
174.17261757008558
-171.8273824299263
606.9726175700697
1081.572617570092
948.9726175700895
429.372617570081
680.3726175700772
-194.02738242992334
-1184.0273824299315
681.3726175700776
-1301.0273824299477
-799.2273824299256
1336.9726175700619
-693.4273824299294
490.77261757007426
-142.02738242993004
91.97261757008147
1085.7726175701014
1122.37261757005
1898.1726175701149
1139.5726175700872
180.57261757008473
-714.0273824299395
-1560.6273824299174
1600.7726175701248
-1038.0273824299065
-233.62738242992356
1063.3726175700515
-66.6273824299127
2202.972617570099
374.57261757006887
-236.62738242992344
49.57261757008806
674.572617570063
2193.5726175700934
174.17261757009348
1346.9726175700484
-1366.0273824299109
-1851.0273824299084
-238.42738242993045
-866.8273824299247
-541.0273824299225
-101.22738242993157
455.9726175700776
-182.82738242992244
1379.9726175700418
512.1726175700875
714.5726175700681
-292.22738242993165
-682.8273824299265
-610.8273824299251
1068.5726175700722
1534.5726175700668
1048.5726175700665
-551.0273824299304
-1887.2273824299261
692.1726175700767
-1262.2273824299175
1118.9726175700582
621.5726175700918
-499.8273824299213
836.5726175700952
-287.62738242992816
571.1726175700687
-410.42738242992596
1179.5726175700934
2328.5726175700615
-86.82738242992892
2836.3726175700763
668.7726175700741
-1029.4273824299457
-532.8273824299139
911.5726175700615
-205.82738242993136
893.1726175700742
652.572617570068
-378.6273824299151
364.77261757006124
1494.7726175700561
846.5726175700916
1273.9726175700816
567.9726175700883
615.7726175701044
1344.5726175700813
1927.5726175701188
1243.7726175701189
784.3726175700458
-1376.6273824299549
-423.4273824299327
-766.4273824299328
1752.5726175700515
-65.42738242992999
331.37261757008196
433.97261757006663
-274.2273824299237
-893.6273824299346
-824.6273824299318
-732.8273824299323
25.172617570081442
1026.572617570071
1279.5726175700713
1124.5726175700765
120.97261757007684
-2020.4273824299707
-1900.427382429909
-1046.4273824299414
492.9726175700674
-701.4273824299266
2234.9726175700503
1074.9726175700744
-459.22738242993273
1234.9726175700976
1363.3726175701133
2914.9726175701376
1682.772617570104
-304.42738242992993
632.7726175700695
-853.6273824299358
572.172617570059
-2230.027382429949
-1163.4273824299119
621.9726175700689
-408.62738242993
1181.3726175700954
1398.3726175700674
288.1726175700741
732.1726175700663
-59.427382429920776
1868.7726175700914
1026.1726175700667
-897.2273824299423
970.9726175700806
-255.62738242992333
-1894.8273824299315
-676.8273824299325
789.5726175700771
-1313.827382429907
166.37261757005848
764.9726175700685
-106.62738242993305
1220.9726175700484
1689.3726175700856
119.97261757006711
3159.772617570111
577.3726175700715
1804.9726175700673
653.3726175700884
1165.972617570073
1419.3726175700467
-1095.8273824299163
852.172617570046
-1345.6273824298892
-1968.227382429947
716.3726175700641
-1487.227382429935
1723.1726175700744
1355.1726175700817
-1217.8273824299174
85.37261757007221
698.3726175700532
2272.3726175700913
1746.5726175700934
99.97261757006558
2845.7726175701187
175.17261757007012
-1343.2273824299139
298.17261757007776
322.17261757007446
-1277.6273824299174
1697.1726175700583
1584.572617570084
597.3726175700667
78.77261757007922
310.97261757007254
835.7726175700753
1706.772617570071
371.3726175700736
2026.9726175700625
1287.9726175700905
1476.5726175700343
2638.1726175700737
447.5726175700692
643.5726175700885
-850.4273824299172
-2697.2273824299123
-556.4273824299232
340.7726175700609
-595.22738242992
540.9726175700591
539.1726175700818
676.9726175700779
-484.6273824299304
280.3726175700778
883.7726175700524
-476.42738242992465
43.7726175700785
-931.2273824299425
628.572617570071
192.5726175700779
22.772617570068434
-1132.4273824299528
800.9726175700695
-166.02738242992245
2066.9726175700785
688.7726175700567
215.17261757007626
166.57261757006333
1392.7726175700643
1785.1726175701367
1736.372617570049
400.9726175700677
-279.6273824299196
454.17261757008043
-284.62738242992793
635.7726175700662
240.37261757007914
-1694.6273824299699
377.3726175700691
-305.2273824299209
-855.4273824299307
1334.5726175700227
879.7726175700608
272.17261757006753
357.5726175700831
31.372617570077505
233.57261757007808
1123.172617570104
216.1726175700726
-873.2273824299351
-0.42738242992636444
-1357.4273824299241
-414.2273824299394
-668.6273824299108
-265.82738242993406
-1449.4273824299319
634.7726175700808
-1968.4273824299457
465.5726175700751
576.3726175700552
-618.0273824299271
1607.372617570043
1860.3726175700813
-376.4273824299242
1163.5726175700752
-389.02738242992825
-1225.027382429917
-447.4273824299289
-650.4273824299302
-929.8273824299526
-59.227382429928994
112.77261757006922
1137.5726175701093
648.1726175700715
-375.4273824299229
-276.02738242993036
679.172617570086
-1199.8273824299408
-1169.8273824299397
73.37261757007963
-126.62738242993035
-651.627382429931
-1409.8273824299124
-2511.627382429929
-1718.6273824299024
-1101.4273824299103
197.97261757007936
-146.22738242992705
-1255.0273824299227
-1786.2273824299377
914.7726175701
777.1726175701015
926.1726175700817
823.3726175700638
1106.572617570059
736.1726175700609
1132.3726175700579
470.9726175700709
-797.6273824299174
-2705.6273824299324
-512.4273824299186
150.17261757007515
359.3726175700846
527.1726175700696
2231.1726175701306
733.372617570077
232.97261757007763
-395.627382429927
455.3726175700926
1002.9726175700773
-27.027382429916308
-651.2273824299369
-938.6273824299332
100.57261757006707
-1127.2273824299361
-1025.6273824299906
-919.4273824299368
-2569.427382429927
-984.427382429928
-870.0273824299129
-303.8273824299209
-211.02738242992677
1965.7726175700793
233.57261757008357
429.57261757007973
583.1726175700735
637.9726175700755
-331.6273824299275
1316.3726175700738
362.5726175700587
-172.62738242992435
-2093.2273824299104
549.3726175700692
738.3726175700652
1284.972617570078
-308.6273824299254
330.37261757007894
426.1726175700728
-714.4273824299255
-1165.427382429923
698.3726175700687
662.9726175700738
-1116.6273824299233
-213.02738242993024
-1073.8273824299413
-1592.6273824299162
-1503.0273824299227
-787.4273824299382
-1946.8273824299665
-1136.8273824299013
-2006.2273824298898
-2812.6273824299105
41.77261757006664
-1302.8273824299438
-962.4273824299147
-563.8273824299299
124.77261757006792
340.77261757007466
826.3726175700721
457.1726175700597
797.172617570074
44.1726175700728
-614.0273824299195
1251.1726175700412
1503.5726175700654
-93.42738242992455
595.9726175700716
-266.8273824299298
-240.42738242992124
-747.8273824299373
-925.0273824299321
-885.62738242996
-494.4273824299196
-1448.0273824299459
-988.8273824299342
-198.22738242992452
-1733.0273824299247
-447.2273824299095
422.77261757008336
-1275.8273824299297
-2423.027382429935
-874.6273824299273
-1613.4273824299225
-1478.0273824299181
-433.0273824299281
31.17261757007595
-1162.8273824299513
550.5726175700762
-109.02738242992399
-1798.8273824299038
-750.8273824299165
1094.97261757007
-729.4273824299154
-1082.2273824299434
-475.0273824299116
-1056.2273824299268
-1477.427382429924
277.7726175700733
701.5726175700764
487.1726175700794
144.97261757007647
264.7726175700731
477.57261757006955
393.57261757007427
596.7726175700943
-982.0273824299303
-1436.4273824298928
-2031.6273824299349
-3939.827382429883
-1997.8273824299583
-1306.0273824299456
-2622.4273824299435
-3495.227382429863
-4472.827382429903
-2966.6273824299287
-1798.4273824298743
-2264.227382429943
-1826.2273824299577
-845.2273824299399
531.5726175700792
-63.22738242992308
374.77261757007693
-1246.8273824299574
-702.8273824299035
-1079.827382429922
-75.22738242992514
1433.9726175701087
613.5726175700877
31.97261757007638
-3990.027382429916
-1913.627382429929
-900.8273824299334
-2261.027382429948
-2161.8273824299517
-220.42738242992405
-281.42738242992476
451.77261757007335
-121.82738242994893
-972.0273824299327
174.3726175700698
-284.02738242993735
-2157.227382429936
-1424.8273824299604
-2141.0273824299775
867.3726175700868
5.1726175700732355
-401.82738242992457
-1578.8273824299108
-528.0273824299301
-220.42738242992522
16.37261757007228
163.77261757007216
-1292.6273824299208
-300.0273824299385
-137.02738242993172
-1718.4273824299198
-1371.0273824299436
-889.2273824299291
-1694.2273824299157
-2395.6273824299587
-3415.827382429866
-2026.6273824299722
-612.827382429912
899.5726175700822
131.57261757007464
-1882.8273824299101
-829.0273824299202
-942.4273824299258
-641.0273824299171
-831.6273824299303
-267.2273824299378
739.7726175700653
825.9726175700803
-1853.427382429912
-327.22738242991323
-270.82738242991735
155.9726175700693
-90.42738242992115
1223.3726175700965
-1877.027382429925
-2543.4273824299275
-1208.62738242993
164.77261757007545
258.572617570078
-1652.6273824299176
-19.82738242993023
-450.82738242993696
-92.82738242994151
-103.22738242993336
-1121.4273824299366
-1373.227382429937
-1359.2273824299136
-2393.827382429932
-525.0273824299387
-665.8273824299439
-836.2273824299301
-16.02738242993076
-501.6273824299236
-684.0273824299388
112.17261757006833
492.5726175700761
-55.02738242992436
787.1726175700632
1617.972617570073
2727.372617570101
1737.9726175700569
1007.7726175700807
336.57261757006887
962.5726175700821
748.1726175700812
840.1726175700755
95.77261757007065
-683.0273824299368
-142.02738242992228
620.7726175700827
387.9726175700677
-1698.22738242994
20.972617570074597
439.37261757007605
2188.172617570077
502.37261757007576
-1277.2273824298998
-212.02738242992183
-148.02738242993206
-584.4273824298912
1307.3726175700954
-1166.8273824299447
-2146.227382429893
-504.4273824299155
-597.827382429934
-944.627382429913
-1032.627382429926
-831.2273824299193
-239.02738242993127
-1357.8273824299458
-981.4273824299271
771.1726175700775
813.3726175700608
167.17261757006636
826.7726175700623
1901.772617570071
852.7726175700822
-605.42738242993
582.9726175700814
690.1726175700525
2114.17261757008
1169.372617570087
-541.6273824299265
-747.4273824299303
-169.02738242992496
1694.1726175700792
1312.1726175700833
785.5726175700754
1423.1726175700771
2110.972617570053
261.1726175700743
-616.8273824299005
209.37261757008002
-209.22738242992412
-593.4273824299099
-1158.6273824299142
-526.6273824299286
-111.62738242992602
-796.2273824299264
-1926.2273824299161
-993.8273824299167
-1301.6273824299287
-685.4273824299402
898.772617570077
1408.5726175700684
1114.9726175700584
291.37261757007826
2734.9726175701135
648.9726175700794
-1301.8273824299222
-892.2273824299346
-1879.0273824298968
-546.2273824299198
-1066.4273824299378
-652.2273824299303
560.9726175700731
1970.772617570073
1279.3726175700763
-1479.0273824299347
-686.4273824299319
288.7726175700726
932.3726175700792
-238.82738242993273
976.5726175700755
-741.42738242991
768.7726175700606
273.5726175700703
-1206.227382429919
-383.6273824299246
-1589.027382429919
-1591.4273824299162
-1178.827382429942
83.77261757007442
-209.4273824299299
412.7726175700814
639.9726175700791
816.3726175700918
74.5726175700764
-2502.2273824300078
1339.9726175700741
1199.1726175700849
168.77261757007307
1046.972617570088
534.372617570051
-795.2273824299161
-902.0273824299393
302.7726175700651
840.5726175700615
1262.3726175700704
-14.827382429931518
-536.027382429938
-119.62738242992825
-514.02738242993
-0.02738242992369777
-955.8273824299165
1082.5726175700547
456.9726175700693
-207.4273824299297
-95.22738242993007
333.5726175700818
227.57261757007691
992.372617570064
-302.2273824299225
-1585.6273824299299
5.572617570076325
-581.2273824299259
1552.3726175700658
-482.8273824298881
-1571.4273824299214
1428.772617570035
-231.22738242993069
-2055.2273824299
1074.9726175700616
1273.5726175700277
1450.172617570071
-267.22738242992193
-53.227382429921924
-423.2273824299163
-350.2273824299275
144.17261757006912
-882.6273824299348
-1047.0273824299225
-991.027382429918
-563.8273824299247
-702.6273824299242
223.5726175700718
-445.6273824299257
980.772617570098
283.17261757007924
1521.3726175700651
676.3726175700817
911.5726175700748
-1545.0273824299131
1588.1726175700696
1041.772617570081
-1732.4273824299737
1277.772617570102
1262.3726175701106
-198.02738242992427
979.7726175700795
-553.6273824299255
-1102.427382429934
-546.2273824299186
-2674.0273824299206
507.1726175700763
361.9726175700507
1018.972617570084
-572.4273824299206
-132.0273824299282
-2309.4273824299116
-733.2273824299217
1485.5726175700715
146.77261757006897
-186.8273824299273
-900.4273824299243
-1128.8273824299279
-33.827382429919936
147.1726175700777
-709.0273824299252
454.7726175700578
2454.7726175700113
2235.972617570035
116.37261757007457
-252.62738242992407
-1505.6273824299285
246.57261757007706
-46.227382429924106
-908.0273824299155
-768.8273824299323
1145.3726175700817
327.37261757007934
614.9726175700736
322.97261757007874
-558.2273824299155
-1972.6273824299358
-1412.4273824299269
567.3726175700873
1157.172617570077
1936.1726175700373
2203.772617570097
891.1726175700715
-340.427382429906
620.7726175700867
-358.22738242992517
159.77261757007264
195.5726175700808
-1962.8273824299592
-2085.6273824298755
793.5726175700598
1396.1726175700676
113.97261757007294
231.77261757007994
390.77261757008415
-1295.8273824299342
-909.0273824299218
118.9726175700759
1189.3726175700958
372.3726175700741
830.9726175700906
787.3726175700989
-1021.8273824299564
-657.6273824299365
981.1726175700736
-949.4273824299161
-847.627382429938
643.9726175700737
-434.22738242992546
-2198.6273824299556
-1130.6273824299283
392.7726175700678
1400.3726175700795
1903.9726175700748
1111.7726175700745
-962.6273824298977
469.5726175700774
-1538.6273824299255
-674.6273824299261
769.772617570079
-1532.427382429905
-1303.6273824299153
617.7726175700717
-40.227382429927076
-392.4273824299296
243.57261757008368
-1118.6273824299471
-2053.427382429949
-927.227382429936
-456.2273824299212
322.1726175700704
-159.0273824299252
-150.42738242992368
126.57261757007961
1132.172617570067
-304.4273824299277
1292.372617570068
461.3726175700769
-433.8273824299131
1324.1726175700458
2211.3726175700745
-1822.8273824299188
-1067.427382429925
413.9726175700787
-157.62738242992197
-423.4273824299162
340.3726175700867
-1143.627382429936
402.37261757007036
-610.4273824299331
-219.42738242993426
739.9726175700692
-561.2273824299334
-829.4273824299233
-1035.2273824299282
-1072.627382429907
-1094.6273824299572
-946.0273824299228
46.17261757007826
-239.62738242992484
924.9726175700642
116.97261757008182
67.3726175700746
944.3726175700779
568.5726175700737
-736.8273824299138
418.97261757006095
100.57261757007572
1706.7726175700486
-51.427382429927476
565.3726175700701
545.9726175700754
-27.027382429928394
-2141.227382429914
-207.82738242992775
-1411.6273824299158
-349.0273824299359
-360.42738242992897
-518.8273824299127
-765.4273824299355
-118.8273824299279
-481.02738242992
-1191.62738242991
1801.1726175700676
-230.82738242992602
-632.627382429928
-583.4273824299361
-2256.227382429928
-1545.0273824299275
-1425.6273824299385
-204.62738242992862
285.1726175700734
14.572617570079323
951.572617570086
981.7726175700816
812.972617570075
811.1726175700559
-672.8273824299325
-600.6273824299219
-427.42738242993806
1557.3726175700626
464.17261757007793
-888.0273824299187
-373.02738242991256
-1067.6273824299376
-2815.427382429899
-1793.027382429908
-177.42738242992468
-46.82738242993265
687.1726175700741
1605.1726175700444
-109.62738242993512
-301.8273824299404
1745.3726175700601
942.3726175701128
1441.3726175700924
-1158.2273824299416
-1310.4273824299296
-186.42738242992988
246.7726175700743
2290.1726175700305
437.9726175700516
335.1726175700703
-1196.427382429935
-457.82738242992764
613.7726175700743
-402.4273824299363
927.9726175701061
1492.7726175701057
-174.62738242992603
70.37261757006962
-784.627382429932
-676.8273824299287
-997.2273824299366
-2371.427382430041
-580.6273824299351
-16.42738242991575
-1960.8273824299645
-3230.8273824298617
725.5726175700634
920.7726175700701
528.1726175700717
1623.772617570112
195.17261757006858
-1455.8273824299376
1294.172617570048
1236.3726175700874
837.5726175700748
3.7726175700740185
215.97261757007928
-99.42738242993764
-95.22738242992943
1842.172617570054
1452.3726175700763
172.9726175700661
-761.4273824299304
-234.62738242993424
-529.2273824299303
-578.0273824299375
78.57261757007501
-461.6273824299322
-641.8273824299305
864.3726175700775
1045.3726175700604
-597.8273824299193
-1810.6273824299483
-2511.8273824299545
-100.627382429922
-532.4273824299426
6.172617570081826
-2348.4273824299426
-1452.8273824298772
-8.22738242992406
-70.22738242992685
669.9726175700737
1661.9726175700584
187.7726175700838
-40.6273824299213
946.1726175700695
170.372617570081
984.972617570072
496.1726175700826
-648.2273824299433
-936.2273824299167
-351.6273824299219
-302.02738242992564
-193.227382429934
-535.2273824299117
-2175.427382429946
-1633.4273824299828
101.97261757007321
-187.4273824299351
1600.3726175700897
1224.1726175700896
237.37261757008451
-63.62738242992101
67.77261757008714
-242.0273824299278
-984.0273824299502
546.9726175700735
-234.8273824299228
287.3726175700685
1056.5726175700725
-263.22738242991966
-142.22738242992045
-2112.8273824298985
-1343.4273824299153
-374.02738242991205
958.3726175700704
259.9726175700839
369.5726175700643
-195.22738242992418
-158.22738242993222
-1345.6273824299196
-563.6273824299371
839.3726175700721
-406.82738242994714
-121.62738242992732
60.37261757007214
56.5726175700787
-1759.0273824299281
-1174.8273824299454
-172.0273824299273
-23.227382429925182
941.372617570066
-142.4273824299228
1939.972617570139
693.9726175700766
724.5726175700709
-69.4273824299198
8.172617570073072
1308.5726175700668
785.9726175700827
91.57261757007856
46.57261757008236
111.37261757007735
81.77261757007943
-1725.0273824298642
-437.627382429918
631.3726175700722
2496.372617570075
325.77261757007767
-37.62738242992967
-307.42738242991993
523.5726175700892
826.772617570082
33.37261757006767
112.97261757006835
-878.2273824299169
-54.62738242992395
391.17261757006906
377.1726175700791
-642.6273824299273
-789.2273824299219
-822.2273824299306
39.97261757008188
-359.42738242992607
14.772617570076157
1175.9726175700587
-525.2273824299333
-92.62738242992629
-622.427382429938
-1301.8273824299151
550.1726175700782
887.9726175700623
836.7726175700875
-677.0273824299366
-1848.4273824299605
-58.82738242992053
-623.0273824299171
281.7726175700736
1190.3726175700751
953.3726175700683
126.97261757007122
-179.42738242992064
-188.22738242992273
468.37261757007786
1085.1726175700828
689.1726175700674
370.57261757007774
825.9726175700807
2462.37261757012
148.97261757007115
-334.62738242992685
-24.027382429946023
-25.027382429922998
-1225.4273824299246
-273.42738242992124
-389.6273824299195
377.7726175700784
323.57261757007825
-1240.6273824299078
-491.6273824299462
701.372617570072
-248.62738242992623
-928.0273824299497
758.772617570091
-366.627382429923
-1096.8273824299038
-2243.227382429921
-1730.8273824298597
229.77261757007653
202.37261757007556
-617.0273824299516
-281.62738242992793
-273.4273824299289
751.9726175700713
-530.427382429922
-1110.2273824299293
763.9726175700702
-20.427382429923526
-184.42738242992465
1106.3726175700667
453.3726175700682
721.172617570076
749.7726175700722
-993.8273824299172
763.9726175700816
-1623.6273824299399
-461.62738242993385
-716.0273824299325
-1094.827382429926
-1037.0273824299293
-1172.2273824299255
356.5726175700767
1204.372617570071
1147.9726175700835
-50.827382429925144
1373.1726175701126
432.57261757007365
-1429.8273824299224
405.17261757007685
-1123.2273824299282
-1252.4273824298984
1547.7726175700752
-410.6273824299339
407.9726175700697
3.7726175700760436
1394.9726175700578
2198.3726175700426
912.172617570067
211.37261757007732
-2346.8273824299295
-1289.0273824299306
154.77261757007653
18.372617570075484
2767.9726175700857
-963.0273824299217
-1626.8273824299206
-64.4273824299253
-1401.2273824299161
169.57261757006881
-1471.827382429913
-1274.0273824299409
-831.4273824299195
-498.82738242992593
954.3726175701012
-1002.4273824299287
411.3726175700766
-2122.8273824298767
-1072.2273824299286
-403.22738242991994
-1048.627382429897
-83.42738242992652
639.7726175700722
1019.9726175700733
-64.82738242992168
562.5726175700785
-174.02738242992336
463.97261757008084
-279.6273824299312
-973.6273824299049
-417.02738242993746
311.1726175700829
-1950.2273824299052
-1211.6273824299228
73.1726175700811
198.5726175700757
1716.7726175700718
-1620.4273824299253
-633.0273824299403
-555.4273824299187
-1163.8273824299256
-567.6273824299278
-1251.6273824299367
86.37261757007215
-948.4273824299232
284.17261757006145
1214.1726175700503
-2415.027382429904
1731.9726175700916
903.9726175700763
-610.4273824299136
-1735.8273824298901
526.1726175700716
644.5726175700876
1934.7726175700848
1615.1726175700956
-850.2273824299174
-1304.2273824299273
-494.4273824299263
-494.42738242992345
-620.6273824299352
-2281.4273824299457
-1656.4273824299914
371.7726175700757
-390.8273824299356
84.9726175700688
978.7726175700782
455.5726175700703
682.5726175700735
-578.2273824299285
398.17261757007685
-555.4273824299247
746.772617570081
206.17261757007148
245.57261757007475
-195.42738242992567
-17.02738242993611
-126.62738242993449
781.5726175700698
137.97261757007828
623.9726175700786
1470.5726175700688
759.7726175700774
-2495.6273824299533
-1041.6273824299224
325.77261757007597
1036.5726175700645
-252.82738242992733
1387.172617570094
131.37261757008108
-1447.4273824299119
449.37261757009736
41.772617570077216
-287.6273824299264
-1372.6273824299049
-1763.0273824298743
-310.42738242992675
-675.2273824299205
1115.772617570058
-24.827382429920775
-201.62738242992538
463.57261757009525
-1537.427382429923
342.77261757007307
1248.172617570067
-406.2273824299358
948.3726175700656
25.572617570075295
1549.372617570059
351.7726175700697
-493.22738242992597
1026.3726175700685
-1018.4273824299304
-2089.0273824298947
-855.0273824299267
429.17261757007043
-558.4273824299235
-156.82738242992707
-499.427382429931
-554.6273824299393
-37.8273824299238
880.1726175700817
-1198.2273824299384
1583.172617570046
-893.027382429926
-827.2273824299033
-2028.8273824299208
-759.0273824299259
255.57261757007538
-1182.427382429942
717.9726175700977
407.3726175700752
-998.6273824299273
940.5726175700809
-1701.6273824299287
1414.5726175700386
849.3726175700718
-1845.6273824299296
-132.4273824299243
-255.2273824299226
-168.4273824299248
-519.2273824299218
-330.22738242993154
1937.5726175700836
-1046.8273824299292
-769.6273824299209
484.57261757007564
645.9726175700908
580.5726175700776
1129.1726175700767
-178.8273824299283
-225.0273824299227
-1060.2273824299334
-390.8273824299405
-449.8273824299068
-438.82738242994395
-1754.4273824298864
6.572617570081569
-935.4273824299178
330.57261757008723
1880.972617570062
-61.227382429934295
245.3726175700749
988.7726175700618
0.5726175700751881
1762.172617570103
2028.1726175700992
142.57261757007532
-70.42738242992361
-37.22738242992107
711.9726175700721
-1120.0273824299354
-844.427382429939
-610.6273824299178
-911.8273824299254
-375.0273824299268
-1333.2273824299327
2127.172617570078
1020.5726175700887
1118.3726175700835
1236.1726175700787
855.1726175700785
-782.0273824299155
2064.372617570086
1272.3726175700285
337.3726175700675
-485.22738242989703
382.3726175700718
1567.972617570052
983.9726175700729
-336.02738242991904
-636.4273824299229
156.97261757007516
-290.0273824299216
624.7726175700777
1987.3726175700738
888.3726175700667
2362.172617570056
913.1726175700767
-974.027382429919
445.7726175700684
-428.02738242992535
-853.6273824299246
-174.42738242992033
334.77261757008375
615.9726175700695
1347.5726175700852
806.7726175700651
-386.42738242992476
1708.572617570086
1016.5726175700703
1538.3726175700833
1320.1726175700835
-199.82738242992238
-1685.4273824299232
1563.5726175700804
75.57261757007976
850.7726175700814
-315.027382429928
-1670.627382429924
1677.17261757009
2039.5726175700743
-1026.6273824299378
-791.6273824299445
-1510.0273824299595
-1371.027382429925
175.17261757008086
971.7726175700732
-457.02738242992126
-136.6273824299276
-322.02738242992996
-782.8273824299288
-885.8273824299326
-1515.2273824299175
-714.4273824299341
-123.62738242992347
-1279.8273824299524
-606.6273824299292
446.7726175700764
294.17261757007276
-89.62738242992428
-80.42738242992404
491.5726175700749
889.9726175700719
820.5726175700682
808.9726175700613
-733.6273824299321
-768.2273824299277
-922.0273824299336
374.1726175700714
-1107.0273824299275
-425.02738242992393
583.5726175700763
1054.772617570069
-402.8273824299202
9.772617570074834
-134.4273824299187
-1037.2273824299289
-1833.4273824299707
1015.7726175700766
-640.2273824299093
-1167.2273824299418
-977.2273824299324
1120.3726175700253
811.5726175700648
529.5726175700814
187.3726175700769
-543.2273824299272
-143.02738242992942
-675.4273824299485
-593.0273824299397
-247.62738242993183
717.972617570074
-10.227382429917068
1670.572617570074
1034.9726175700578
-917.6273824299267
647.1726175700775
-677.8273824299184
-90.42738242992566
153.1726175700836
1303.7726175700654
-1201.8273824299338
391.97261757007766
786.7726175700684
217.5726175700798
-1799.2273824299198
220.17261757006443
238.17261757008535
148.57261757007814
-2208.227382429955
605.1726175700735
-1834.2273824299248
-1531.8273824299433
-2134.627382429928
42.17261757008002
1196.3726175701058
441.5726175700721
512.17261757007
1235.3726175700656
718.1726175700849
-1003.0273824299309
523.5726175700817
-166.42738242992232
-119.427382429929
959.172617570088
1891.1726175700574
430.9726175700743
1104.3726175700672
467.972617570067
-1005.4273824299165
460.37261757006263
-1033.2273824299182
-970.427382429923
-1217.4273824299403
358.3726175700673
820.1726175700827
1163.372617570066
-95.42738242992647
523.1726175700708
39.97261757007171
-674.6273824299216
548.3726175700723
831.5726175700896
-2211.6273824299396
-1129.4273824299341
-1788.027382429943
-1333.6273824299276
-338.6273824299224
50.77261757007837
305.5726175700728
613.7726175700624
-452.22738242992267
523.7726175700839
984.5726175700676
-377.82738242992946
1388.1726175700871
3010.572617570058
1355.3726175700644
869.3726175700842
2127.172617570113
593.7726175700792
876.7726175700509
37.172617570062684
131.9726175700878
-196.2273824299211
1046.3726175701124
-8.627382429921688
-886.8273824299334
449.97261757007357
2107.5726175700547
1041.1726175700837
280.97261757007766
-204.8273824299323
-1444.0273824299425
-1821.2273824299205
-517.4273824299403
47.772617570075674
-1206.6273824299046
-1644.0273824299506
-211.82738242991846
894.9726175700818
1189.1726175700724
1609.972617570063
809.3726175700921
842.3726175700782
-567.0273824299335
-1948.0273824299104
266.9726175700732
1781.1726175700708
1491.1726175700744
339.972617570071
-1186.027382429939
121.17261757008033
899.572617570078
-809.0273824299219
-1056.8273824298958
803.3726175700726
1437.1726175701065
600.3726175700721
1740.372617570072
437.97261757007277
444.1726175700682
116.37261757007624
476.77261757007847
507.9726175700743
-1585.627382429926
-1779.6273824299456
