-113.99313375605895
-800.7931337560726
-338.39313375603933
152.60686624394572
-611.7931337560613
-541.1931337560591
395.0068662439412
-319.7931337560532
262.60686624395015
-2124.993133756091
540.8068662439458
859.2068662439656
26.80686624394
-838.993133756071
1239.6068662439532
1455.0068662439228
1253.4068662439613
443.2068662439457
20.60686624394738
1300.0068662439453
548.8068662439221
922.2068662439314
162.80686624395508
-1110.5931337560496
2498.206866243928
2848.406866243981
1638.8068662439189
2388.4068662439586
1092.406866243936
105.8068662439526
1545.2068662439542
1101.8068662439732
-1548.3931337560653
1469.0068662439464
935.6068662439105
217.60686624395206
1154.8068662439514
-386.39313375605815
68.00686624394652
-816.3931337560481
2393.8068662439737
-616.193133756072
-568.193133756066
-360.793133756058
-1283.7931337560562
1163.2068662439224
1273.2068662439315
748.8068662439464
164.20686624394432
137.20686624394133
943.8068662439498
1183.006866243938
-1220.193133756068
-1842.393133756071
-2129.793133756051
-463.7931337560533
94.60686624394188
820.2068662439267
56.606866243958166
987.8068662439744
1544.0068662439899
135.2068662439312
884.0068662439503
506.2068662439434
708.6068662439721
911.206866243947
928.4068662439315
-1251.9931337560506
1385.4068662439138
-1258.5931337560767
1001.8068662439613
657.0068662439444
399.0068662439395
-1053.9931337560342
-1010.3931337560649
-1185.3931337560932
606.4068662439505
930.2068662439368
-2023.3931337560596
-336.19313375605924
203.60686624394734
571.206866243956
359.20686624393795
1103.4068662439815
-363.79313375606296
-707.9931337560589
930.0068662439455
-366.3931337560683
1225.2068662439365
554.8068662439605
-99.59313375605106
1994.0068662439364
1300.006866243948
391.20686624395
1669.206866243933
501.40686624393953
77.00686624395581
-1772.9931337560392
1100.6068662439538
105.80686624393432
2158.2068662439615
630.0068662439459
-458.59313375604967
693.6068662439482
713.2068662439447
1369.806866243947
2484.406866243897
-877.1931337560625
567.4068662439443
688.6068662439561
-943.1931337560832
-710.9931337560444
-1475.9931337560506
-981.7931337560516
-948.3931337560632
88.00686624394582
674.2068662439424
-285.59313375606934
526.4068662439447
525.2068662439436
2000.6068662439216
1464.0068662439671
-60.99313375605962
1929.6068662439136
950.4068662439283
-923.1931337560484
-375.7931337560503
1185.2068662439601
2575.4068662439363
68.40686624394803
-343.59313375605984
-1406.5931337560544
133.60686624394586
760.8068662439402
-438.39313375604996
452.20686624394466
-434.7931337560568
1499.8068662439325
4152.006866243957
1191.0068662439458
-2010.793133756086
-280.19313375605225
95.60686624393745
519.2068662439596
736.0068662439483
1160.2068662439572
1561.2068662439417
1912.8068662439105
-51.39313375605376
-1815.3931337561135
-857.5931337560653
-47.793133756052846
-2.7931337560655294
-296.9931337560526
-311.59313375605586
1182.6068662439532
362.8068662439252
-241.99313375605595
-2081.593133756046
-1153.593133756064
-558.9931337560549
529.0068662439239
56.406866243936044
-402.79313375605955
-1069.9931337560686
-946.1931337560551
-1273.9931337560522
-124.79313375605112
-538.7931337560544
533.2068662439456
756.8068662439438
1716.2068662439558
-247.59313375605606
2486.406866243987
472.006866243955
435.80686624394775
844.4068662439129
97.20686624394858
-378.99313375605936
1382.8068662438843
709.0068662439505
-719.3931337560583
-592.9931337560562
1591.4068662439229
1114.0068662439319
1425.2068662439333
1802.406866243933
1324.406866243956
-283.7931337560567
-564.3931337560525
-447.3931337560601
-1828.3931337560944
-615.9931337560596
56.80686624394653
899.6068662439449
1051.4068662439468
2143.006866243953
97.4068662439474
-776.9931337560633
-116.59313375605103
154.80686624394576
909.8068662439471
-211.59313375605274
185.20686624394284
-93.7931337560533
3693.0068662439535
726.6068662439301
-388.1931337560606
1246.0068662439219
109.80686624393927
67.80686624394545
357.0068662439438
-1294.393133756059
-356.99313375605226
1547.6068662439047
2049.006866243924
1823.406866243975
3129.2068662439046
834.6068662439561
681.0068662439547
1474.4068662439672
-825.5931337560644
-972.9931337560654
-666.1931337560561
691.0068662439289
-1208.9931337560627
16.806866243938497
1001.4068662439454
610.4068662439354
-97.79313375605949
-944.9931337560764
-1461.993133756054
-397.79313375606466
-691.1931337560627
304.60686624392747
2513.406866243913
300.8068662439485
1106.8068662439377
923.2068662439167
-921.9931337560612
727.8068662439493
-239.19313375606248
75.20686624393105
918.4068662439436
26.6068662439638
-1074.393133756052
-1144.5931337560808
-604.9931337560408
1180.8068662439284
-758.9931337560656
-263.1931337560574
-377.3931337560659
82.00686624394059
626.4068662439473
-882.9931337560542
252.40686624393902
-1560.5931337560478
-1143.5931337560571
-1220.7931337560517
-474.39313375605764
812.0068662439461
-158.3931337560529
-134.99313375606118
1856.8068662438864
1629.0068662439185
1169.406866243884
-758.9931337560733
-1.7931337560512937
999.8068662439683
-453.99313375606346
2475.0068662439726
817.4068662439479
578.8068662439559
1032.6068662439357
-381.99313375606584
936.6068662439365
717.4068662439379
-728.1931337560488
-677.3931337560699
-1510.9931337560945
1398.8068662439387
-1791.9931337561097
808.2068662439432
372.40686624394834
-729.5931337560571
674.8068662439407
-242.39313375605113
-1201.593133756062
-712.1931337560529
545.0068662439593
-849.5931337560555
-1177.393133756081
1320.6068662439343
-8.393133756059783
497.4068662439399
1264.6068662439343
1165.2068662439312
1567.206866243928
45.206866243944944
-663.7931337560519
115.60686624393472
894.20686624395
-467.19313375605407
-443.993133756063
-465.39313375605104
515.2068662439615
1463.6068662439495
1220.2068662439535
1067.0068662439505
-658.5931337560608
498.2068662439394
-770.7931337560559
928.8068662439683
-1166.5931337560535
-923.393133756057
1445.206866243948
-575.1931337560895
-921.3931337560548
-1622.3931337560227
-1335.1931337560445
186.40686624394422
669.4068662439336
-785.9931337560649
-1780.5931337560867
344.0068662439375
1263.2068662439344
239.4068662439442
1583.2068662439492
712.0068662439018
-142.3931337560578
1273.6068662439588
622.0068662439171
-917.5931337560424
1780.206866243945
-41.39313375606761
-358.1931337560555
655.8068662439637
709.0068662439361
1450.6068662439516
1304.806866243926
1409.0068662439883
-705.3931337560574
-68.59313375605622
-807.7931337560641
-573.1931337560628
1766.0068662439246
1884.80686624394
935.006866243928
-777.3931337560534
818.606866243946
-2039.5931337560014
-1456.593133756057
928.8068662439368
-803.193133756058
-381.9931337560544
698.6068662439453
320.2068662439429
1713.6068662438809
-1287.793133756097
-990.793133756075
-19.393133756052563
239.20686624393642
173.00686624392722
385.00686624395917
-637.7931337560622
243.00686624394643
713.4068662439502
-1355.193133756039
128.80686624394536
1426.2068662439176
1741.4068662439488
-60.393133756056564
-165.7931337560601
-327.1931337560664
-2282.793133756096
211.60686624394174
-118.99313375606009
321.60686624394634
1261.0068662439562
-172.99313375605408
-91.39313375605636
1491.8068662439402
-688.9931337560577
-507.7931337560618
2261.806866243903
-612.5931337560608
420.20686624394176
1036.8068662439375
-473.39313375606935
786.006866243935
-543.7931337560536
-2125.1931337560586
-618.7931337560547
-1826.9931337560656
286.80686624393593
1287.0068662439323
-480.19313375605935
-1506.3931337560489
-331.3931337560647
-2369.393133756113
409.806866243935
1011.4068662439499
426.4068662439502
-278.5931337560551
-1118.59313375606
-939.9931337560623
-791.9931337560726
-1443.1931337560573
289.80686624394065
600.4068662439357
-1647.793133756088
-2303.5931337560396
794.2068662439227
309.80686624394104
-370.593133756059
490.40686624394255
1320.406866243967
1700.2068662439483
117.00686624394177
-623.993133756056
1290.606866243902
2611.8068662439314
-906.9931337560794
-174.59313375605865
976.4068662439499
-317.1931337560534
-542.5931337560587
-469.593133756063
-1175.793133756093
-546.3931337560595
754.0068662439569
-1142.1931337560625
-1746.1931337561023
686.2068662439384
-76.19313375605935
38.60686624394073
-924.1931337560408
335.80686624393786
1032.0068662439296
-82.79313375606576
-1543.393133756064
-552.7931337560683
-16.3931337560635
-783.5931337560609
492.40686624394255
247.00686624394268
2012.8068662439362
-1088.3931337560932
-1038.7931337560688
2002.8068662439382
-363.9931337560643
540.4068662439408
-1428.3931337560914
-56.3931337560563
-1363.9931337560788
-394.59313375605706
626.0068662439418
1325.8068662439357
1001.4068662439493
1090.8068662439598
7.006866243936013
-1451.5931337560708
-1161.593133756064
-871.3931337560678
-844.3931337560264
741.8068662439287
781.4068662439468
-662.9931337560934
-526.5931337560548
-1816.9931337560151
64.80686624394292
1198.8068662439491
-1898.7931337560549
-1418.3931337560791
-1630.9931337560395
-1426.3931337560634
896.2068662439556
-178.19313375606413
-1031.7931337560838
661.2068662439467
652.4068662439474
447.6068662439345
109.40686624394095
947.4068662439523
-122.99313375605695
796.4068662439378
1033.406866243901
229.00686624394956
67.60686624394661
-522.5931337560505
-1106.993133756048
-827.593133756058
-1280.3931337560607
-262.99313375605544
-691.393133756064
-1284.5931337560296
-1524.9931337560902
-157.1931337560564
326.2068662439435
-1636.5931337560469
-1015.5931337560652
-708.7931337560599
630.4068662439386
-28.993133756057624
106.80686624393859
-339.59313375605046
-1903.7931337560783
-25.793133756068723
1110.2068662439463
-59.79313375605669
-320.79313375606705
628.2068662439206
-487.1931337560594
5.606866243944669
493.20686624395313
-1314.5931337560467
550.8068662439424
-257.39313375606224
797.806866243939
1324.006866243959
-36.993133756065504
1754.006866243929
-346.59313375606973
-603.1931337560552
-1653.193133756062
-535.5931337560708
-2276.593133756088
-1389.1931337560648
-461.7931337560635
995.2068662439223
840.0068662439646
-1974.7931337560667
-1290.9931337560724
-1358.7931337560676
-1612.3931337560236
-2131.3931337560184
1131.4068662439408
596.6068662439641
271.0068662439274
471.40686624394294
926.0068662439584
110.20686624393291
-128.19313375606723
49.6068662439413
-1571.3931337560246
-737.1931337560633
997.4068662439263
-1079.1931337560668
12.806866243934454
-2137.593133756115
-2373.393133756077
314.2068662439386
204.8068662439352
681.2068662439428
921.4068662439504
-444.7931337560564
-42.79313375603879
-715.9931337560291
-1148.9931337560702
-37.993133756068744
715.606866243947
442.20686624394597
944.0068662439716
496.20686624393727
-121.19313375605624
-591.7931337560618
-837.9931337560952
30.006866243937793
-450.1931337560534
-1193.5931337560485
2062.80686624397
1775.0068662439157
-749.7931337560416
169.60686624393827
-564.7931337560597
794.4068662439446
-764.9931337560251
847.4068662439639
-326.99313375605374
-853.1931337560433
-140.19313375607067
-984.7931337560815
-715.993133756066
-436.39313375605997
1131.0068662439528
916.2068662439374
675.2068662439476
-1337.393133756066
-501.9931337560649
-5.993133756058988
1152.8068662439716
-172.3931337560656
2167.606866243918
1717.2068662439158
-1120.5931337560523
-1522.5931337560753
-1564.9931337560704
-1057.9931337560402
-23.99313375605137
201.80686624395523
426.6068662439505
-1053.393133756072
744.4068662439397
471.60686624393276
-2731.993133756032
-482.1931337560559
-389.99313375606084
-408.7931337560614
412.20686624394267
518.606866243939
426.206866243944
32.60686624393333
-467.3931337560452
1452.6068662439452
2825.0068662439166
118.60686624394016
-654.7931337560732
1138.0068662439357
129.8068662439477
1087.6068662439386
1114.2068662439483
-1528.1931337560402
301.60686624394907
450.8068662439438
881.4068662439374
2292.4068662439427
-70.39313375606127
-583.1931337560414
-350.19313375606237
-1411.5931337560576
-592.1931337560669
754.0068662439503
1581.2068662439508
92.00686624393913
-1114.3931337560507
-918.3931337560579
342.6068662439324
-393.393133756058
447.2068662439521
105.60686624394319
1108.406866243914
-547.7931337560692
-461.59313375605325
1758.4068662439295
608.0068662439443
237.20686624394662
615.6068662439442
-765.5931337560631
-1289.793133756038
-1069.1931337560666
100.20686624394509
-199.59313375606882
912.2068662439403
-975.393133756041
1750.6068662439197
1063.406866243941
995.0068662439492
676.2068662439245
-1301.5931337560392
-856.9931337560466
-1975.3931337560527
-1095.5931337560585
-1041.993133756044
-638.3931337560621
-2040.193133756008
-1458.993133756087
-679.7931337560537
322.60686624393946
904.2068662439189
1500.2068662439601
1134.4068662439438
-25.19313375605423
-116.39313375605602
621.8068662439422
1150.806866243946
1246.4068662439145
181.80686624393968
423.8068662439345
-1199.393133756071
-1071.1931337560395
-1669.1931337560352
50.406866243933976
385.80686624393644
-667.1931337560565
542.406866243935
-1257.593133756074
-478.7931337560651
-545.5931337560601
245.8068662439452
1128.8068662439605
1329.0068662439364
389.6068662439532
-1648.7931337560542
3075.606866243861
-223.19313375605645
4.006866243938518
116.20686624394014
-1058.1931337560893
248.8068662439485
980.806866243909
145.60686624395197
910.6068662439377
199.6068662439317
-864.5931337560482
65.60686624394087
-516.3931337560527
-699.1931337560721
-1074.1931337560547
-409.593133756065
797.8068662439391
-655.3931337560408
1555.4068662439176
-1001.7931337560613
285.6068662439398
23.40686624393158
594.006866243937
160.00686624394314
-551.7931337560534
-665.9931337560623
530.6068662439377
2470.80686624392
519.206866243944
929.0068662439293
1358.806866243935
-1274.9931337560586
973.2068662439488
-1538.593133756049
-756.9931337560562
227.40686624393967
-468.7931337560708
-1725.5931337560485
116.60686624394415
1805.2068662439528
1333.806866243935
-1015.193133756065
-1778.793133756027
-120.3931337560545
-335.3931337560628
715.4068662439439
781.4068662439429
-627.7931337560575
-752.5931337560484
-909.7931337560562
-373.9931337560507
-675.193133756061
-452.59313375605603
1107.406866243948
648.0068662439461
-942.1931337560493
733.0068662439481
-476.7931337560537
-212.39313375605437
1030.4068662439372
-552.1931337560651
-819.5931337560594
351.60686624394924
-305.59313375607184
-534.1931337560576
-721.5931337560525
-444.3931337560632
-1552.7931337560624
-488.19313375606583
105.60686624394434
492.40686624395005
650.4068662439441
699.0068662439542
849.2068662439103
1307.606866243954
-846.1931337560496
-761.7931337560462
352.80686624394656
333.0068662439437
355.80686624393275
-747.3931337560463
-675.1931337560475
-765.9931337560635
-238.79313375604877
110.20686624392314
1378.0068662439703
622.8068662439298
-71.79313375605606
4.406866243935319
-395.7931337560445
-535.9931337560581
521.8068662439296
471.60686624395163
-287.1931337560596
-8.193133756052713
-1066.5931337560548
-578.1931337560604
-475.3931337560593
318.20686624395427
-50.39313375606092
-214.79313375605594
876.0068662439301
274.80686624393775
-286.79313375605994
1170.0068662439423
1470.8068662439139
698.8068662439408
-1918.993133756077
960.006866243946
-431.99313375603333
675.806866243945
-331.59313375604995
-971.3931337560617
806.2068662439375
-328.79313375605693
1280.8068662439157
1861.0068662439396
1970.2068662439524
2956.206866243917
2268.4068662438845
2067.006866243909
2274.60686624397
1061.0068662439369
-702.3931337560446
-1167.193133756053
-1544.3931337560673
961.80686624393
762.2068662439436
85.20686624394752
523.8068662439392
1746.806866243911
1180.4068662439645
-383.19313375605896
-335.1931337560559
-2604.593133756075
-1024.7931337560685
785.0068662439433
-436.59313375606104
-2095.193133756073
-258.5931337560534
390.0068662439331
-1102.5931337560687
766.8068662439518
-159.5931337560566
-1466.9931337560959
-83.59313375605369
96.40686624395
1983.406866243942
1070.4068662439645
333.80686624395196
2316.606866243969
792.0068662439772
-418.39313375605326
-863.1931337560752
1518.606866243967
440.40686624394806
281.2068662439455
-771.9931337560629
818.4068662439345
2448.006866243962
676.6068662439468
-509.19313375605105
-107.99313375605709
1494.0068662439933
604.8068662439222
1077.4068662439454
382.2068662439442
339.4068662439424
850.6068662439433
-522.1931337560377
-480.79313375605403
1597.2068662439594
-1318.393133756046
-15.193133756063883
-1815.993133756053
-1099.3931337560653
-1882.793133756098
904.2068662439499
639.8068662439098
968.4068662439408
1814.0068662439423
-403.1931337560527
88.20686624395107
5.006866243948476
-944.5931337560636
-914.9931337560565
2050.4068662439404
-282.5931337560718
2842.206866243942
1000.2068662439676
-285.99313375606215
-75.79313375606057
-1139.1931337560604
-134.79313375606839
-80.79313375605358
-43.59313375606281
-765.793133756054
141.00686624395956
-1297.5931337560887
-972.3931337560723
-465.1931337560652
-147.7931337560633
1178.0068662439191
1552.806866243969
-152.19313375606137
1178.4068662439447
-544.9931337560581
31.20686624394507
-895.193133756061
2377.0068662439467
1743.206866243931
-1880.3931337560778
1075.2068662439556
800.8068662439211
-1274.3931337560532
748.4068662439047
1178.6068662439393
-923.5931337560543
619.206866243939
-2256.593133756078
885.4068662439299
-603.1931337560632
-1529.9931337560765
-536.1931337560595
766.8068662439472
1243.6068662439404
699.8068662439425
1023.6068662439558
2539.406866243884
1969.406866243902
1085.006866243948
740.6068662439257
736.4068662439374
1273.4068662439404
177.60686624393585
766.8068662439478
-176.39313375605624
1406.0068662439426
-919.5931337560553
1179.80686624392
92.60686624394395
284.60686624394435
757.8068662439362
-2132.3931337560703
-600.1931337560609
1533.406866243909
1448.4068662439256
1182.806866243929
1798.2068662439187
372.6068662439444
418.60686624393804
-625.9931337560432
-1188.7931337560476
712.2068662439108
54.006866243934766
64.20686624394651
266.80686624394235
206.40686624394777
-1060.7931337560435
-913.5931337560424
-888.7931337560751
-74.39313375605897
1269.806866243955
-123.59313375606156
-229.59313375607894
-1920.1931337560336
-1722.9931337561013
-629.3931337560707
867.6068662439274
3152.4068662439686
-644.5931337560761
-158.59313375606047
-568.9931337560569
-1228.19313375605
-789.7931337560576
-1632.593133756075
453.8068662439589
609.8068662439584
227.60686624394052
250.00686624394282
245.0068662439404
889.6068662439428
771.8068662439492
570.0068662439404
177.80686624394735
855.4068662439378
-771.393133756056
529.6068662439491
-583.1931337560505
326.2068662439258
439.4068662439418
1584.8068662439716
294.8068662439483
-313.39313375604377
-968.193133756056
-345.1931337560624
-453.79313375607563
-1738.1931337560775
18.80686624393732
-230.5931337560637
-1378.3931337560398
773.4068662439571
-664.7931337560574
-819.5931337560547
480.00686624394376
-510.1931337560542
-824.7931337560686
-2941.5931337560996
-97.9931337560544
-273.9931337560475
-2116.9931337560424
464.0068662439311
18.406866243942996
996.2068662439311
241.60686624394623
-756.5931337560511
-1046.7931337560394
0.8068662439487397
882.6068662439745
1898.406866243968
1456.0068662439764
-1597.7931337560444
-929.1931337560501
352.8068662439617
-1256.993133756064
-883.393133756035
-356.5931337560545
1484.2068662439453
1446.4068662439167
-574.5931337560568
-876.3931337560357
-2307.393133755994
-891.5931337560497
489.8068662439445
33.006866243942724
-428.3931337560662
-264.593133756064
84.60686624394333
-646.3931337560556
1421.8068662439505
-730.1931337560712
1183.4068662438717
846.406866243957
35.80686624394178
-886.5931337560617
803.4068662439479
1966.806866243929
886.4068662439521
-51.793133756052036
-1193.7931337560656
778.2068662439546
1027.4068662439577
1065.606866243951
644.8068662439498
-1798.3931337560418
453.20686624395535
165.0068662439447
-1460.593133756058
-130.393133756051
-306.79313375606097
-1211.1931337560522
372.0068662439596
839.2068662439507
-1953.7931337560285
1899.80686624394
1857.6068662439434
343.00686624393995
494.80686624393013
-452.7931337560474
293.606866243943
-671.7931337560469
3268.606866243933
-316.39313375606343
-335.19313375605907
-598.7931337560387
-904.393133756055
1211.2068662439724
1263.606866243946
1460.4068662439252
37.606866243945376
61.40686624393078
711.2068662439383
2031.6068662439477
1174.806866243956
59.806866243941045
-643.5931337560597
-964.7931337560547
-1290.19313375605
-876.3931337560617
-2539.1931337560654
-1342.9931337560417
-49.593133756058116
-1312.793133756105
-1451.593133756064
-866.3931337560543
294.0068662439433
1145.2068662439324
1959.2068662439551
-1066.3931337560666
201.60686624394484
-1886.5931337560676
1036.0068662439246
462.8068662439518
364.6068662439432
-1222.1931337560418
-1319.3931337561019
-1253.7931337560854
1298.0068662439642
1440.8068662439493
-1332.3931337560862
930.4068662439381
799.006866243942
1770.606866243952
803.8068662439538
1401.6068662439732
1763.4068662439668
753.806866243944
1377.8068662439282
-1231.1931337560513
-516.1931337560484
-670.7931337560549
-1642.1931337560713
155.60686624394424
208.6068662439414
-1386.3931337560698
-596.7931337560883
-235.19313375604958
-316.793133756067
-1668.993133756066
2543.806866243893
1108.206866244
1789.8068662439182
632.2068662439375
-712.79313375605
-367.39313375606474
234.6068662439307
668.0068662439427
819.2068662439408
-1858.1931337560536
1235.2068662439344
1452.2068662439551
-678.7931337560707
-346.3931337560679
-1659.593133756064
-89.3931337560598
-1523.1931337560814
-1328.3931337560618
741.2068662439448
-531.1931337560817
-84.9931337560637
-1159.393133756042
-606.5931337560625
46.20686624394092
-1591.1931337560586
36.406866243939135
170.0068662439349
-1017.9931337560752
-406.19313375606805
1446.4068662439227
2287.006866243971
724.0068662439406
1406.8068662439464
353.60686624394003
412.2068662439482
1248.2068662439324
214.4068662439441
-199.99313375607323
-745.7931337560826
-76.59313375606493
1159.206866243942
-1489.1931337560698
-2320.3931337560675
-813.5931337560562
-831.5931337561032
-300.7931337560631
-1374.9931337560542
195.20686624394847
-299.3931337560507
100.40686624394843
177.80686624394386
-1697.1931337560811
-1579.9931337560413
-2230.79313375612
-2528.9931337560215
-2868.9931337560515
-2388.593133756059
-574.5931337560587
-338.59313375605893
809.0068662439297
219.6068662439419
-84.79313375605732
-563.1931337560558
1077.4068662439502
998.206866243938
507.806866243945
-947.1931337560442
525.4068662439481
1085.6068662439443
443.8068662439395
-284.793133756044
-226.59313375605905
-1015.593133756072
-877.9931337560655
-1218.993133756065
680.6068662439312
-1481.3931337560916
-637.7931337560617
-757.3931337560514
-1789.7931337560433
-2597.7931337560417
-166.19313375605293
1218.6068662439475
172.00686624393927
-439.19313375605765
109.40686624393068
-1550.7931337560717
-1761.5931337561092
-72.59313375605575
159.20686624394338
-1081.3931337560646
267.60686624393355
2234.606866243903
-638.5931337560716
-876.9931337560856
257.0068662439484
1349.2068662439376
526.4068662439514
1379.406866243927
752.2068662439215
1136.8068662439441
664.8068662439383
664.406866243953
565.2068662439445
-1490.993133756072
-1628.7931337560626
-1117.7931337560442
1374.006866243957
-2193.5931337560082
-1692.3931337560255
-366.7931337560247
-2150.5931337561033
-1721.1931337560625
-548.9931337560613
-905.1931337560469
1338.8068662439405
1980.606866243932
1198.6068662439473
-222.19313375606285
926.0068662439428
-1004.7931337560752
141.20686624394318
597.8068662439424
-793.7931337560617
-26.393133756053558
-609.7931337560578
-55.39313375605885
-664.1931337560613
741.6068662439536
-138.59313375606007
-1162.7931337560565
-1041.9931337560424
-157.393133756093
-1035.7931337560697
-949.5931337560587
-1750.9931337560124
-1507.393133756078
514.40686624392
-953.7931337560715
381.20686624394176
-651.5931337560665
-1584.3931337560846
-191.19313375606285
-897.193133756069
-362.79313375605733
456.4068662439421
5.406866243957452
558.0068662439471
-339.99313375604936
-440.39313375605116
915.6068662439375
-1346.9931337560322
-402.7931337560616
243.60686624393142
129.20686624393946
604.806866243947
-893.7931337560487
-597.9931337560475
-3067.993133756032
60.00686624395841
-404.7931337560645
-1126.1931337560443
-227.59313375605714
-985.193133756073
283.0068662439355
922.606866243944
151.40686624394564
264.8068662439342
-1643.5931337560849
-592.9931337560648
-44.793133756055305
-1290.1931337560654
1437.4068662439336
-196.59313375606277
-786.1931337560707
189.40686624394908
-1398.3931337560668
-619.1931337560646
-293.9931337560508
-359.3931337560436
23.206866243935842
-757.9931337560535
1598.4068662439392
-1798.5931337560494
1009.6068662439224
255.60686624392548
-400.3931337560576
833.0068662439419
-309.7931337560586
-614.393133756059
-624.5931337560467
778.6068662439397
-571.9931337560693
-1575.7931337561029
1070.2068662439306
-566.5931337560614
153.80686624393812
19.206866243942045
-92.59313375604862
-334.9931337560685
-693.3931337560622
81.40686624394652
-432.1931337560647
-712.5931337560605
-1478.1931337560745
-879.793133756043
-1627.593133756058
-1852.9931337560604
-465.19313375605566
-70.79313375605808
1038.6068662439338
330.8068662439476
537.2068662439603
-157.79313375605074
796.4068662439375
-1553.7931337560503
-913.5931337560543
459.406866243946
-603.3931337560747
-59.393133756052535
-855.9931337560635
-36.593133756056346
556.4068662439405
465.806866243942
-499.3931337560455
-1779.7931337560624
398.0068662439466
685.8068662439446
-381.1931337560781
309.6068662439487
-1171.99313375605
-2667.1931337560222
324.40686624394857
1173.8068662439484
-1391.3931337560336
-563.5931337560654
-1612.3931337560691
-637.393133756046
-247.19313375605472
-1490.393133756072
-6.193133756058868
-236.79313375605597
1398.4068662439397
201.8068662439482
425.0068662439396
429.0068662439135
-518.9931337560567
760.0068662439417
1633.606866243978
380.40686624394414
-974.3931337560464
1509.006866243951
-1174.3931337560375
-983.9931337560694
145.60686624394134
-1089.993133756061
4.806866243941748
1268.4068662439504
512.8068662439435
836.0068662439486
-747.3931337560625
-1345.7931337560449
-922.1931337560603
-512.3931337560597
192.80686624393852
841.2068662439734
-417.19313375606237
-638.193133756056
644.606866243922
-698.9931337560615
57.00686624394827
-104.79313375605213
807.4068662439324
-1006.7931337560537
76.00686624396648
199.0068662439519
-1024.5931337560553
2268.806866243972
-19.793133756053816
-725.7931337560625
901.4068662439361
-120.19313375605886
-48.99313375606104
2152.8068662439446
719.2068662439394
-479.5931337560567
1059.2068662439233
-1561.7931337560483
-667.1931337560621
1547.806866243923
-152.39313375605894
-238.9931337560568
-40.7931337560554
-1315.9931337560622
625.0068662439567
-831.9931337560748
-346.3931337560543
1142.8068662439518
-122.99313375605932
-1364.5931337560473
1394.0068662439533
-92.19313375605802
1546.0068662439505
-55.193133756063105
40.806866243942736
6.806866243933946
116.80686624394647
-28.393133756057182
-136.39313375606113
-7.193133756060778
1145.6068662439386
1058.0068662439623
-1123.9931337560615
-940.7931337560622
929.4068662439273
220.20686624394125
609.206866243936
1042.4068662439256
332.0068662439401
-302.7931337560516
-2000.1931337561157
-672.1931337560458
1517.806866243926
1751.806866243925
-1178.993133756043
-40.393133756061175
1726.6068662439704
0.40686624393868875
-799.9931337560754
-24.993133756059493
-773.5931337560919
-221.79313375606125
2189.4068662440177
1145.6068662439866
-127.7931337560594
231.00686624396027
-897.1931337560634
230.8068662439313
160.40686624393098
591.4068662439631
748.806866243925
723.4068662439136
343.20686624395177
836.6068662439376
388.6068662439354
-151.993133756054
-210.1931337560614
-917.3931337560638
1116.0068662439426
-1211.1931337561007
-1924.1931337560407
-355.7931337560568
-3027.9931337560715
-184.59313375606763
-636.593133756046
375.206866243948
-850.3931337560743
-46.59313375605464
605.2068662439415
765.2068662439202
1548.0068662439191
2262.006866243953
1024.8068662439298
-1520.7931337560558
201.00686624392023
1194.8068662439405
223.80686624393158
1236.2068662439654
677.006866243945
70.20686624393974
1165.4068662439342
-1413.5931337560592
-446.1931337560515
1612.806866243914
-103.79313375605606
1186.406866243953
-13.393133756058928
-443.1931337560627
1347.40686624393
-116.59313375605844
-2082.393133756032
654.2068662439395
394.00686624394325
-1829.593133756062
-2313.1931337560363
-228.99313375605215
651.4068662439507
968.4068662439275
334.8068662439325
-807.3931337560723
-640.193133756051
-1032.393133756063
-563.1931337560533
727.2068662439451
693.8068662439478
398.80686624394787
1246.4068662439397
1222.6068662439436
-744.5931337560758
33.40686624393546
1510.606866243938
126.40686624393612
1421.2068662439524
-75.99313375606661
630.0068662439797
143.0068662439416
207.80686624393164
870.2068662439614
-1213.5931337560692
346.20686624395034
1954.2068662439453
287.80686624394497
-1124.993133756064
-136.59313375606052
-1631.7931337560399
-937.1931337560625
-409.59313375606183
-1279.9931337560583
1138.4068662439574
-112.99313375605345
-111.19313375606323
-794.7931337560609
-802.5931337560619
958.2068662439378
-248.1931337560594
969.206866243945
397.40686624394635
1076.4068662439552
-349.7931337560599
1020.406866243947
-45.793133756060826
-131.7931337560507
1247.406866243992
-1019.9931337560442
396.0068662439528
-251.19313375605634
-280.5931337560658
-1038.1931337560432
883.806866243936
-172.59313375605836
-1784.193133756114
-1214.9931337560631
471.2068662439492
330.40686624394607
-393.39313375607185
-292.3931337560553
-2638.9931337561043
-1670.9931337560593
823.006866243931
-277.59313375605603
980.006866243957
-1287.393133756058
-1441.993133756037
-695.9931337560716
-858.5931337560646
-173.79313375606284
717.8068662439351
118.8068662439448
910.2068662439383
465.2068662439464
625.2068662439418
1337.0068662439153
781.4068662439561
-1526.3931337560653
785.0068662439444
1203.20686624392
835.0068662439013
256.80686624395213
-351.79313375604863
-140.79313375605722
-773.1931337560646
-1575.393133756053
359.0068662439353
1502.2068662439347
-161.99313375606351
1083.006866243942
-79.19313375606266
610.4068662439456
-1915.393133756045
-697.7931337560841
-1404.3931337561
-1242.1931337560545
174.8068662439509
-1072.1931337560466
110.00686624393785
-597.1931337560609
-27.393133756064373
-44.993133756056054
616.8068662439538
-1034.593133756048
-1147.7931337560683
538.0068662439446
2417.006866243882
-551.193133756059
909.2068662439463
-452.3931337560574
-2424.39313375601
-1186.3931337560477
-84.59313375605691
882.206866243948
1358.2068662439094
-57.19313375606394
-411.9931337560612
-1142.5931337560703
1311.4068662439392
2337.206866243906
-1277.393133756088
573.0068662439561
-325.5931337560561
-366.7931337560633
-483.9931337560528
-1355.3931337560782
-1295.7931337560406
-1548.3931337560257
-826.9931337560432
-123.79313375605341
1796.4068662438997
-52.19313375605327
-862.9931337560547
1100.4068662439424
547.6068662439708
1376.006866243925
122.20686624394673
-1068.7931337560567
354.4068662439568
-1002.9931337560504
-1264.1931337560713
806.8068662439417
-587.7931337560507
170.00686624396755
860.6068662439313
272.2068662439554
936.8068662439548
725.8068662439229
1383.8068662439214
821.6068662439291
-178.39313375605968
-20.393133756044804
638.6068662439363
221.40686624394337
-321.3931337560644
-91.79313375605915
98.60686624393772
-2516.393133756074
-1296.3931337560514
412.80686624394053
84.40686624394178
-541.5931337560565
146.80686624394647
-228.39313375605886
-260.3931337560536
-69.39313375606258
395.40686624393277
-823.5931337560345
-308.99313375606346
-601.9931337560471
1569.4068662439402
190.2068662439484
-247.7931337560629
-877.5931337560761
-2094.1931337560645
-88.39313375604834
-1227.593133756073
-834.9931337560558
329.0068662439376
1062.6068662439443
-44.79313375606064
681.4068662439441
-640.9931337560638
-545.5931337560637
-785.7931337560464
331.6068662439423
71.6068662439392
-374.79313375606654
-1275.7931337560499
-1061.193133756024
920.2068662439447
880.4068662439365
-2.3931337560584076
-578.5931337560587
-1171.193133756059
-191.1931337560539
-340.79313375605443
1693.4068662439568
894.806866243943
-1042.9931337560429
187.20686624394966
-1037.5931337560428
-531.7931337560402
-1176.3931337560578
-894.9931337560599
-764.9931337560485
350.80686624394593
801.8068662439412
-787.9931337560567
2173.6068662439097
639.206866243935
2347.006866243964
2155.406866243934
938.006866243929
1171.2068662439385
593.6068662439388
-894.5931337560601
-263.3931337560583
-141.5931337560441
-282.1931337560631
-683.7931337560522
-1605.5931337560396
-538.393133756057
-355.99313375605374
180.60686624394467
-317.19313375605617
-1168.3931337560844
1495.6068662439325
-987.9931337560353
172.80686624393897
-996.7931337560644
-150.1931337560571
-108.59313375605852
-920.1931337560691
-1309.1931337560432
237.80686624395292
1167.8068662439352
-1929.7931337560317
-29.193133756059293
1160.6068662439288
-538.5931337560548
707.6068662439347
-230.79313375606398
1135.0068662439317
980.2068662439445
500.6068662439495
-621.393133756058
76.2068662439386
139.60686624394552
-595.9931337560579
-1220.3931337560414
-1096.193133756063
-866.1931337560155
-753.193133756056
1158.406866243933
1482.006866243953
573.8068662439518
-306.79313375607023
-449.7931337560512
-53.993133756055634
-276.59313375605706
-681.1931337560644
-647.9931337560344
-695.7931337560517
-1264.9931337560247
625.6068662439396
-1562.3931337560384
-258.1931337560559
305.20686624394375
-1585.993133756061
-1391.7931337560676
-456.7931337560672
540.4068662439212
68.6068662439448
-50.39313375605388
-197.79313375605568
-1382.593133756049
-454.1931337560574
126.60686624394185
388.4068662439587
-1109.193133756062
-2093.793133756047
-396.3931337560557
846.4068662439623
-1913.7931337560074
-1215.7931337560688
-493.59313375605865
769.2068662439427
1465.606866243887
297.2068662439433
633.0068662439285
227.8068662439548
453.606866243937
234.60686624394725
-618.7931337560738
-2013.193133756043
-1879.3931337560464
-540.1931337560616
-1158.7931337560601
-251.7931337560642
1214.406866243932
1661.0068662439178
145.6068662439401
-867.5931337560635
-827.9931337560703
-1255.5931337560705
-1751.993133756024
-1510.7931337560512
-911.1931337560662
83.00686624394801
1137.4068662439547
904.4068662439511
243.4068662439392
67.60686624393905
845.806866243944
503.0068662439356
-2780.793133756121
-299.5931337560651
-1195.5931337560576
1178.8068662439414
73.20686624394415
-779.3931337560404
431.00686624394825
-1709.9931337559951
-991.5931337560496
295.0068662439534
-521.3931337560575
-820.393133756058
-1054.1931337560377
539.8068662439373
1248.4068662439709
522.2068662439494
-739.3931337560795
-712.5931337560606
-923.5931337560625
534.4068662439546
244.0068662439523
-720.9931337560553
-802.1931337560299
125.20686624394541
-241.19313375605742
-439.99313375604885
-383.19313375605736
-2334.7931337560576
-53.19313375605507
1391.0068662439407
-195.19313375604725
-2551.7931337561336
-902.3931337560651
-410.7931337560466
-815.193133756068
2205.006866243927
1313.0068662439442
-295.99313375605135
-603.9931337560591
-2245.993133756042
-1512.9931337560406
-1801.993133756027
-2824.793133756018
-1183.5931337560683
-996.593133756054
-1222.7931337560406
-1347.1931337560986
-176.1931337560521
-1709.793133756047
-881.3931337560552
-621.7931337560486
750.8068662439414
1934.4068662439424
-218.99313375605726
-1562.5931337560348
-666.393133756063
8.206866243947033
-834.7931337560626
878.0068662439261
518.4068662439486
823.0068662439395
1223.2068662439488
-944.3931337560705
-1786.5931337560635
65.60686624393557
-2186.7931337561527
-372.7931337560472
-970.9931337560662
610.6068662439533
-123.19313375605492
517.4068662439508
-494.99313375605027
-1047.1931337560584
-809.1931337560636
-2994.3931337560284
-1367.1931337560964
595.806866243942
19.80686624393386
413.8068662439417
2275.406866243935
-774.7931337560545
1869.80686624393
647.8068662439674
-159.1931337560608
411.00686624394467
-1176.9931337560408
-824.3931337560488
-611.7931337560917
-1193.3931337560525
-2786.5931337560482
-478.5931337560583
-1233.5931337560662
-823.1931337560562
113.8068662439425
-743.3931337560529
-333.1931337560609
325.2068662439395
-1471.1931337560948
286.40686624393646
-1283.1931337560814
588.2068662439528
-347.9931337560576
1766.0068662439699
1562.40686624395
-1865.1931337560625
-250.19313375605984
-1270.9931337560517
-2438.9931337560606
1020.6068662439309
1579.0068662439378
-141.39313375606164
2080.806866243971
-1273.3931337560539
1625.4068662439333
486.8068662439516
-1037.3931337560657
-322.39313375607526
269.80686624395264
1213.406866243938
316.60686624394305
54.206866243933106
678.4068662439385
421.60686624394566
166.60686624394455
220.20686624394057
996.6068662439461
1466.4068662439429
668.0068662439429
1681.60686624394
-2404.9931337560724
-370.1931337560556
-2068.993133756055
1814.6068662439825
309.2068662439426
-213.99313375605493
1289.0068662439467
-1380.3931337560748
-1249.3931337560707
-335.3931337560599
1029.4068662439352
1505.806866243924
1500.8068662439518
-10.593133756039045
1531.0068662439478
243.20686624393667
-103.59313375606071
2013.606866244006
511.60686624394356
-871.3931337560546
-590.3931337560628
1185.4068662439568
3.006866243940621
-645.5931337560845
-914.7931337560613
-670.9931337560512
199.60686624393207
-127.99313375605611
1247.4068662439588
-333.5931337560409
-375.1931337560545
120.20686624394388
-1960.7931337560526
1563.6068662439436
-1419.393133756056
334.6068662439449
142.60686624393833
-708.1931337560837
-117.99313375605473
-671.7931337560595
309.006866243936
-482.3931337560525
103.20686624394232
26.806866243942988
-737.7931337560498
-17.993133756040983
924.6068662439566
782.2068662439314
796.6068662439561
1205.006866243954
-1593.1931337560882
-879.5931337560316
-1703.3931337560448
413.40686624394135
759.4068662439448
1709.0068662439332
626.2068662439433
-194.5931337560488
-1100.1931337560814
273.80686624394593
693.2068662439459
-614.3931337560521
711.0068662439395
-404.5931337560714
-3464.9931337560815
40.40686624394634
-1174.7931337560783
-1419.3931337560641
-0.1931337560582591
-304.5931337560706
-195.79313375606048
-1707.3931337560698
301.20686624394915
-527.7931337560661
-1579.193133756033
1351.2068662439297
431.4068662439491
433.2068662439461
-456.59313375605507
-1509.3931337560355
-621.7931337560577
306.40686624394317
417.4068662439445
785.0068662439318
446.4068662439364
-2076.3931337560766
-1019.3931337560609
34.00686624395206
-803.5931337560544
-724.1931337560347
-711.5931337560755
1415.0068662439382
966.0068662439584
-1136.3931337560473
-1186.793133756005
-2778.3931337560252
-4348.393133755979
-1767.3931337560946
-1233.393133756023
-1008.3931337560371
321.8068662439394
1048.0068662439367
-19.79313375605279
1531.2068662439274
-1366.9931337560567
825.8068662439453
24.606866243939205
-425.9931337560541
-1657.1931337560873
-495.993133756052
48.206866243927905
-964.7931337560193
-2210.9931337560747
-3755.7931337560694
-796.3931337560674
-49.793133756058886
-516.5931337560595
463.80686624394207
-1048.3931337560803
872.4068662439224
-388.79313375604426
-2420.7931337560294
-883.5931337560723
-262.3931337560635
-1361.7931337560487
-166.59313375606231
-501.39313375606866
-4269.393133756057
-1225.3931337560348
-819.7931337560219
-1593.9931337560856
-737.5931337560507
-543.393133756084
1074.2068662439433
-14.593133756060169
3092.206866243986
-2.593133756067015
1093.406866243952
-548.3931337560433
-979.9931337560367
464.0068662439395
-188.79313375605682
-328.79313375604096
-1879.593133756079
-1764.1931337560436
-1386.7931337560155
823.4068662439444
332.0068662439547
-670.3931337560562
-663.1931337560528
639.0068662439389
297.00686624393677
463.40686624394255
-1086.1931337560684
-1039.1931337560627
36.60686624394656
-1537.3931337560289
-1769.5931337560494
-1823.7931337561022
-1569.7931337560833
-555.1931337560765
272.20686624394017
-2452.5931337560505
-1209.3931337560655
-2037.9931337560731
1417.8068662439368
617.8068662439417
277.4068662439396
-1248.7931337560394
-70.19313375605284
-658.1931337560544
1103.20686624395
1381.8068662439832
-1574.9931337560736
762.206866243942
523.206866243942
1838.0068662439392
671.0068662439539
555.2068662439365
464.6068662439362
326.00686624394064
2144.606866243966
827.4068662439391
975.0068662439447
707.8068662439342
138.8068662439493
533.2068662439352
407.006866243937
-900.1931337560757
-380.79313375603914
-530.9931337560679
-708.39313375607
-2520.99313375607
1374.4068662439242
-230.1931337560513
1174.206866243938
621.4068662439469
-1350.5931337560562
-1236.1931337560688
-289.3931337560376
165.6068662439369
1294.0068662439517
-2166.5931337560355
767.8068662439384
1764.2068662439146
-229.19313375606507
986.6068662439346
-329.5931337560623
1034.006866243944
-944.593133756055
-1956.1931337560586
-22.59313375606019
99.606866243942
1343.2068662439274
1074.0068662439305
711.6068662439676
689.0068662439278
-466.99313375605755
-59.39313375607303
97.00686624393751
-155.99313375606505
-457.9931337560662
1370.2068662439328
2785.406866243876
-82.19313375605913
68.80686624394997
-1238.3931337560725
-49.593133756053156
1298.8068662439437
-310.9931337560711
-924.7931337560427
-1284.3931337560766
201.00686624394618
2213.006866243948
-1665.7931337560303
-2399.393133756026
-561.1931337560669
11.006866243938262
2246.20686624399
891.0068662439398
1258.006866243939
-339.99313375605396
98.40686624393922
340.8068662439478
-567.5931337560547
550.80686624394
281.60686624394145
-658.5931337560897
-925.1931337560553
-827.1931337560558
-186.59313375605964
9.206866243951566
1229.2068662439408
-481.5931337560652
-157.39313375606318
-167.39313375606073
-169.793133756057
-583.3931337560579
-1043.9931337560656
-1452.9931337560658
56.40686624393848
1720.406866243918
1904.6068662439177
901.6068662439258
1058.0068662439576
1094.4068662439452
63.806866243942366
-1585.1931337561114
94.60686624395595
-621.7931337560565
1277.4068662439463
876.8068662439355
-29.393133756050712
-1741.1931337560354
382.40686624394164
1076.6068662439354
3.006866243948725
-93.19313375606049
1612.6068662439227
225.00686624394555
64.80686624394845
1094.006866243954
456.8068662439501
-1407.3931337560516
472.00686624394336
2017.0068662439628
-965.7931337560609
-630.1931337560604
-536.9931337560582
-220.993133756052
-1170.5931337560735
222.0068662439312
-349.19313375605486
770.4068662439144
1821.8068662439523
1539.8068662439841
1169.6068662439404
-338.593133756051
-1585.593133756061
-2988.193133756075
-1098.3931337560673
-2375.393133756057
-940.1931337560571
99.80686624394077
-990.1931337560732
-234.99313375605567
-32.393133756059115
-1610.193133756104
462.6068662439544
187.60686624393497
626.4068662439539
-155.99313375605925
168.80686624393962
-1119.193133756063
-673.9931337560413
-752.1931337560692
-764.993133756061
369.8068662439502
-876.9931337560557
481.00686624397537
-643.1931337560554
-493.79313375606455
-1386.9931337560458
-1392.9931337560547
-2001.79313375608
-1342.593133756025
-1004.3931337560447
-944.9931337560569
-1421.9931337560674
-748.3931337560391
-137.19313375606035
-1880.9931337560417
-1314.993133756082
-676.1931337560592
-804.9931337560447
321.2068662439395
-150.9931337560578
440.40686624394345
948.206866243945
-159.39313375607637
1116.6068662439388
-731.3931337560466
-1882.193133756029
-339.79313375606495
-2707.7931337560317
-544.1931337560621
89.806866243941
-575.3931337560567
246.2068662439383
-529.193133756053
1131.0068662439592
-804.1931337560605
1992.8068662439784
464.60686624394384
-531.5931337560562
1519.6068662439197
-485.59313375606763
-346.99313375605743
1137.0068662439594
293.4068662439412
677.8068662439391
-644.193133756045
-47.19313375606116
436.0068662439389
-971.5931337560521
1029.4068662439267
26.406866243951413
241.20686624394716
1264.2068662439315
-1063.5931337560494
-1042.7931337560622
-1128.593133756092
265.4068662439414
-190.1931337560728
-2112.1931337560695
576.4068662439364
-2110.1931337560413
1610.2068662439476
1207.0068662439128
525.8068662439209
1382.0068662439473
1073.0068662439362
2054.6068662439166
2111.406866243934
3207.606866243977
236.2068662439474
-792.193133756042
2935.2068662439897
-263.99313375606135
-131.59313375605876
1071.4068662439174
564.6068662439545
-1611.7931337560779
-1554.3931337560682
106.20686624394583
-160.99313375605664
-512.1931337560769
-2169.5931337561124
-373.59313375605444
827.6068662439393
-17.59313375606104
-80.79313375606563
-1295.1931337560625
-610.1931337560411
-692.9931337560687
-9.793133756051724
-1016.7931337560506
99.80686624394168
-1237.5931337560571
-571.9931337560738
1041.0068662439678
871.6068662439394
1097.606866243917
426.80686624394457
1359.2068662439044
1456.8068662440141
2375.006866243961
301.40686624393913
-1257.593133756051
1756.406866243942
184.60686624394503
-722.9931337560622
1763.0068662439692
1123.606866243952
-2853.59313375598
-2063.1931337560536
50.606866243941084
-1204.5931337560987
-566.1931337560432
-1816.7931337560733
-362.79313375605597
1147.4068662439274
-735.7931337560437
-715.1931337560567
-1766.9931337561006
-268.59313375606837
-926.7931337560628
0.006866243923900228
-141.5931337560531
-474.5931337560629
889.0068662439392
1186.6068662439473
-389.9931337560597
-639.593133756067
2132.8068662439364
-638.5931337560719
-810.9931337560517
-105.9931337560356
395.2068662439511
1293.4068662439654
1981.0068662439292
443.20686624394443
-345.5931337560507
-692.393133756073
698.206866243948
2109.806866243913
606.4068662439341
-1108.5931337560505
-795.793133756062
-325.593133756063
324.2068662439321
429.20686624394983
-1104.593133756046
406.00686624395024
168.20686624393372
-319.5931337560516
-2129.9931337561366
-713.7931337560573
-163.59313375606476
-1272.1931337560268
1256.206866243956
-148.99313375606081
-1163.993133756109
-85.59313375605451
-315.1931337560681
-165.39313375605317
1788.4068662439493
710.0068662439338
-152.19313375605572
1239.2068662439465
-1052.1931337560468
64.8068662439388
2020.8068662439764
-686.9931337560582
-1264.9931337560658
-160.3931337560502
-950.7931337560539
1715.0068662439635
-342.3931337560483
-666.3931337560324
-475.7931337560483
-1195.5931337560187
-1528.3931337560587
-145.593133756055
-1053.3931337560266
1262.4068662439656
-196.59313375605782
-400.99313375605846
211.8068662439629
674.0068662439476
57.20686624393651
-146.59313375605504
-299.99313375605425
504.006866243941
-334.99313375606624
-1779.7931337560385
-1082.393133756024
-341.1931337560581
-1767.393133756046
423.00686624393387
1420.0068662439398
682.4068662439274
362.80686624394235
-1231.5931337560519
-487.9931337560611
246.80686624394767
-10.193133756052363
-1361.393133756011
282.80686624393337
1676.4068662439656
-762.5931337560854
-2388.193133756069
-2491.193133756051
-1758.7931337561133
-622.9931337560519
443.60686624396317
245.20686624392985
-574.3931337560491
763.0068662439321
-1375.5931337560291
-725.5931337560514
-298.39313375606235
-473.39313375606764
-520.5931337560557
-322.1931337560581
-403.59313375605427
8.806866243938796
301.00686624394024
-834.5931337560665
-1992.5931337560967
-2302.7931337560794
759.6068662439359
-1214.9931337560693
-1051.7931337560683
2198.0068662439485
-940.9931337560498
234.80686624394815
-2306.1931337560536
-1545.79313375609
-1525.1931337560502
73.60686624394225
-177.79313375605417
-303.79313375605904
-108.59313375605547
432.2068662439501
696.4068662439374
-1543.1931337560736
-826.593133756067
642.6068662439318
89.00686624393745
1561.606866243943
238.80686624393698
-1457.3931337560643
102.0068662439381
-1678.593133756011
-1210.1931337560538
365.6068662439392
-612.5931337560562
1670.006866243939
931.0068662439461
-1585.7931337560476
-768.5931337560845
-236.99313375605925
-1299.1931337560534
2125.006866243959
2473.406866243953
789.0068662439147
357.00686624393524
673.2068662439563
-621.5931337560619
-182.59313375606925
-342.7931337560628
-326.99313375606187
-400.99313375604333
-1145.7931337560533
-482.1931337560613
-245.39313375606397
379.2068662439472
-608.1931337560554
-256.39313375604684
775.0068662439505
-828.9931337560752
-90.59313375605953
286.6068662439473
-1130.5931337560644
1756.4068662439606
1792.406866243941
1497.806866243962
84.60686624393327
158.8068662439486
1589.20686624392
-860.5931337560866
-1530.3931337560578
183.6068662439486
960.4068662439613
17.00686624394983
2008.2068662439538
1646.8068662438907
-5.1931337560647695
602.2068662439517
-442.99313375605465
943.4068662439458
-1145.5931337560592
-275.59313375606155
256.8068662439391
-1339.793133756085
415.40686624394726
-98.79313375606668
102.40686624394533
-130.9931337560606
92.60686624393516
-1996.1931337561055
293.60686624394197
-463.5931337560846
-1151.5931337560648
458.2068662439317
-1115.5931337560576
34.00686624393775
-539.7931337560678
-682.3931337560335
-1099.1931337560693
1027.2068662439492
616.0068662439274
-2251.793133756061
-3463.7931337560613
-1191.9931337560768
810.6068662439232
702.2068662439436
1467.4068662439404
698.2068662439049
686.4068662439659
3078.006866243967
2040.6068662439932
1620.4068662439734
-642.9931337560627
-84.39313375606065
696.0068662439488
-1153.7931337560608
-1030.9931337560538
312.00686624393126
271.4068662439345
366.2068662439479
169.806866243948
215.20686624393807
893.6068662439291
29.206866243934602
-2162.793133756036
2028.4068662439652
1985.4068662439265
-251.39313375605832
-1551.1931337560459
-1542.7931337560703
-951.5931337560609
-88.39313375606059
228.2068662439443
76.40686624393888
232.40686624394073
-1114.5931337560721
1461.4068662439524
540.006866243944
1712.2068662439135
1113.8068662439082
2516.206866244018
1354.0068662439628
748.4068662439539
1675.6068662439461
-74.19313375605489
984.8068662439365
795.2068662439372
-101.19313375607149
-708.9931337560594
562.0068662439376
-444.39313375605934
-636.1931337560511
1124.4068662439074
1830.4068662439383
-928.9931337560432
-321.7931337560589
-413.5931337560668
-722.1931337560543
-408.9931337560537
-718.9931337560699
158.20686624394324
703.2068662439438
-1529.5931337560726
-380.19313375606606
533.6068662439333
1390.6068662439404
1226.8068662439541
-2390.3931337560657
802.4068662439532
-601.3931337560609
-318.5931337560692
1856.2068662439547
354.00686624393893
-28.7931337560558
-1193.1931337560598
-200.59313375606436
235.60686624394125
1208.4068662439495
158.80686624394278
-1746.9931337560886
-821.1931337560334
-341.3931337560562
958.8068662439669
1105.2068662439515
-172.79313375605764
-389.1931337560605
-1490.3931337560755
-1652.3931337560684
600.8068662439402
-199.39313375605025
352.00686624394444
1135.2068662439383
775.4068662439469
1318.8068662439734
-1188.5931337560626
-633.3931337560604
1134.8068662439252
267.20686624394676
236.20686624393244
-812.7931337560605
-641.3931337560527
-1945.7931337560517
-949.7931337560547
905.8068662439257
-1147.393133756065
-1029.993133756063
60.60686624394271
430.8068662439435
70.20686624393917
163.2068662439457
380.6068662439471
-397.593133756067
-1066.993133756067
-145.59313375605373
-1153.7931337560613
468.4068662439446
251.20686624394514
2035.6068662439266
975.6068662439395
2039.0068662439523
685.8068662439481
-945.5931337560482
1062.2068662439574
267.0068662439458
-842.5931337560627
456.0068662439447
-408.1931337560697
-2834.5931337560596
-63.79313375605112
-92.19313375605843
239.2068662439416
-1264.9931337560713
-427.39313375604803
-735.7931337560194
-497.39313375606713
-708.5931337560617
1276.0068662439162
1750.806866243946
295.8068662439429
-556.7931337560688
-419.9931337560579
-257.19313375605583
1506.4068662439663
549.0068662439418
2401.606866243976
822.2068662439221
-862.3931337560552
2139.806866243997
869.8068662439366
1010.0068662439634
629.0068662439357
1019.8068662439518
-315.9931337560617
418.80686624394235
1427.0068662439298
-590.5931337560705
472.6068662439623
111.40686624394422
1104.0068662439478
599.4068662439358
578.0068662439356
1257.006866243956
908.4068662439599
-698.5931337560626
-118.99313375606324
223.00686624393458
523.8068662439408
1194.8068662439298
1715.2068662439478
638.8068662439438
-1325.993133756084
-1147.9931337560533
-926.9931337560607
-803.5931337560547
2213.2068662439247
-974.5931337560683
216.20686624394108
-494.3931337560643
429.00686624395075
2457.6068662439284
1781.206866243943
841.4068662439447
1612.006866243934
1216.206866243938
-1898.9931337560163
263.206866243936
1240.4068662439324
-1168.5931337560528
-449.5931337560578
-718.3931337560615
882.2068662439344
1076.2068662439658
652.8068662439392
-1248.1931337560482
-462.7931337560603
500.40686624394544
331.0068662439381
-385.7931337560651
618.0068662439415
1283.406866243948
2950.006866243992
2057.606866243912
564.6068662439496
-385.593133756056
-574.1931337560472
81.20686624394004
646.0068662439494
-249.39313375605755
-1030.593133756035
19.20686624393646
452.206866243949
1075.6068662439475
3042.4068662439204
672.0068662439496
796.0068662439452
468.40686624395823
-86.19313375606141
459.40686624393174
593.0068662439633
1602.2068662439358
709.2068662439546
184.00686624393833
47.4068662439422
-139.39313375607367
19.006866243945893
-608.3931337560535
-857.193133756054
-1824.193133756104
-1649.5931337560555
252.8068662439184
1805.0068662439244
-404.39313375606196
1710.4068662439208
-353.1931337560424
-561.7931337560497
-252.19313375605944
-535.3931337560565
1261.6068662439448
1445.206866243897
983.8068662439304
46.206866243946045
-395.7931337560688
-1881.993133756059
-1110.9931337560602
1029.0068662439512
-73.39313375605519
188.2068662439357
1944.2068662439433
2807.206866243915
472.20686624394796
-465.39313375605457
724.406866243946
265.4068662439371
-48.79313375605987
-849.3931337560689
-83.39313375606268
783.0068662439538
1390.2068662439706
52.60686624394751
-910.9931337560528
-229.1931337560407
833.006866243961
728.2068662439531
-1772.9931337560504
1159.0068662439537
-1681.193133756119
-619.7931337560557
-1693.3931337560443
-1261.1931337560588
1744.4068662439165
-134.19313375606137
-604.1931337560802
1230.8068662439478
-49.593133756056375
-1258.593133756065
-1120.7931337560644
789.4068662439527
1001.2068662439394
1058.406866243919
759.6068662439477
517.0068662439472
-1664.1931337560645
-612.5931337560589
-301.7931337560571
-1046.3931337560248
-651.1931337560504
251.60686624394378
64.40686624396368
-443.19313375604804
-7.593133756059008
-1886.7931337561054
232.40686624393456
1719.0068662439674
113.40686624395128
-2052.793133755993
355.60686624394543
424.20686624394335
-1453.5931337560548
1040.206866243929
1465.206866243901
552.8068662439326
651.2068662439466
-754.3931337560635
-1075.393133756067
-24.993133756067937
-764.393133756089
107.20686624394313
67.60686624394052
-818.9931337560453
-1443.9931337560618
-181.193133756058
-779.7931337560474
59.40686624394567
-1516.193133756066
-177.9931337560578
940.8068662439512
-337.1931337560546
-912.9931337560706
-431.19313375605634
616.0068662439328
-1076.9931337560554
888.6068662439463
1522.2068662439617
2010.0068662439494
2059.206866243949
-192.19313375605947
-1308.5931337560464
743.2068662439225
-1030.3931337560653
-608.9931337560699
-1275.9931337560747
1458.4068662439347
1062.0068662438823
775.6068662439325
-489.59313375604853
-927.7931337560532
790.6068662439427
-782.7931337560597
68.80686624394684
1708.2068662439247
507.2068662439344
269.4068662439439
1486.0068662439671
-1242.1931337560313
2107.6068662439175
1153.6068662439545
-111.7931337560623
81.00686624394595
-761.7931337560486
198.80686624394787
136.2068662439421
-244.7931337560565
-1864.1931337560795
462.60686624394367
170.806866243949
235.40686624394604
842.4068662439205
-177.99313375605777
-1342.3931337560455
-439.1931337560524
-210.79313375607416
1026.8068662439387
-1092.5931337560576
183.80686624393798
-684.3931337560593
989.8068662439432
919.0068662439501
-2115.593133756065
948.4068662439474
304.80686624394804
-1618.9931337560784
725.2068662439581
804.0068662439459
-966.5931337560678
346.40686624394334
-2400.393133756075
1803.6068662439648
1792.006866243911
-143.99313375606246
466.8068662439409
644.2068662439418
1342.4068662439533
497.40686624393595
-320.39313375605406
234.8068662439402
92.60686624394812
1325.4068662439633
999.6068662439529
948.2068662439376
856.8068662439572
-1176.5931337560785
474.00686624393376
-305.993133756058
1572.4068662439347
-456.7931337560546
1839.8068662439218
-871.7931337560669
-1569.993133756059
1485.8068662439437
-614.9931337560583
-455.79313375605614
346.0068662439482
425.6068662439333
2.8068662439451053
91.20686624393936
-656.1931337560874
257.80686624393053
-499.19313375604906
-268.79313375605227
2535.8068662439628
1042.2068662439349
-489.7931337560639
-931.7931337560566
-218.59313375605333
-793.3931337560617
-1536.5931337560571
-2113.193133756093
-1111.7931337560706
1116.2068662439258
731.6068662439625
1403.2068662439417
-604.7931337560561
-1306.793133756068
37.60686624394283
679.8068662439399
3014.8068662439096
-154.59313375605583
1531.2068662439103
-234.59313375605657
-1510.5931337560878
1321.8068662439723
2104.0068662439567
2042.406866243937
207.6068662439427
170.8068662439356
-595.1931337560562
-1945.7931337560556
-1246.193133756026
-320.79313375606625
657.6068662439463
115.20686624394892
267.4068662439435
-1971.1931337560532
-1338.593133756049
-1866.7931337560549
26.606866243938704
378.00686624394126
1148.0068662439603
1068.4068662439522
165.40686624394368
-779.9931337560686
721.8068662439699
1228.606866243898
150.40686624394732
1271.0068662439562
1242.8068662439357
-1085.19313375603
1400.206866243958
-125.79313375604931
-557.9931337560544
-182.3931337560504
710.6068662439337
2480.406866243913
1901.2068662439303
3433.406866244045
1849.4068662439636
414.2068662439515
2727.806866243891
709.4068662439427
32.80686624394446
-571.7931337560492
-969.1931337560545
-1344.9931337560645
35.00686624393259
843.4068662439335
233.6068662439281
657.6068662439421
-1425.5931337560835
-901.7931337560665
490.60686624393776
349.40686624394897
305.0068662439417
-239.39313375605892
2050.8068662439564
2067.206866243971
562.4068662439424
539.2068662439369
145.6068662439386
