-103.79313375605881
-968.9931337560702
-480.3931337560414
58.0068662439455
-528.1931337560635
-488.1931337560603
321.4068662439418
-328.9931337560532
202.40686624394905
-2002.3931337560712
474.2068662439457
800.0068662439635
133.20686624394062
-594.7931337560714
1022.0068662439596
1202.206866243923
1025.2068662439583
243.40686624394561
14.606866243947543
1331.4068662439413
519.606866243926
934.806866243936
283.40686624395363
-1034.3931337560546
2439.006866243927
2965.206866243973
1657.6068662439204
2320.60686624396
1056.6068662439336
215.8068662439508
1590.4068662439524
1209.606866243968
-1266.793133756063
1174.206866243948
762.0068662439153
89.2068662439516
1026.8068662439496
-314.99313375605766
-66.59313375605345
-861.9931337560492
2223.0068662439544
-659.3931337560703
-653.393133756064
-425.7931337560577
-1115.5931337560503
1097.6068662439257
986.0068662439365
562.4068662439494
90.4068662439445
92.00686624394066
893.2068662439467
1275.2068662439426
-1124.5931337560633
-1641.1931337560736
-1825.9931337560588
-598.5931337560526
149.40686624394183
966.8068662439334
45.206866243958785
1036.8068662439728
1469.2068662439838
-28.79313375606931
718.2068662439414
558.0068662439425
725.0068662439695
732.6068662439504
812.4068662439332
-1106.9931337560506
1169.8068662439196
-1124.1931337560718
862.6068662439598
453.6068662439445
354.2068662439391
-1222.993133756041
-1064.9931337560627
-1181.9931337560834
511.60686624395095
819.4068662439395
-2026.9931337560683
-491.59313375605944
119.60686624394765
642.6068662439552
465.40686624393936
1160.806866243978
-435.59313375606183
-686.9931337560589
1038.6068662439457
-309.1931337560656
1056.606866243936
582.0068662439587
-144.19313375605142
1837.6068662439404
1146.806866243949
106.80686624394845
1427.2068662439358
538.4068662439417
56.406866243957154
-1692.1931337560438
946.80686624395
217.80686624393348
2052.0068662439676
806.2068662439472
-33.393133756051434
668.4068662439477
593.2068662439439
1152.806866243942
2306.2068662439074
-696.7931337560602
548.8068662439482
578.4068662439552
-1064.7931337560792
-670.3931337560488
-1282.3931337560555
-681.593133756046
-552.593133756064
292.4068662439471
546.8068662439423
-490.79313375607074
484.2068662439443
471.20686624394426
1735.8068662439177
1315.4068662439643
-210.99313375605934
1515.6068662439154
635.40686624393
-961.7931337560508
-394.1931337560519
1262.2068662439578
2313.806866243936
-4.79313375605296
-477.5931337560589
-1404.9931337560542
243.00686624394544
1027.2068662439428
-185.99313375605055
430.00686624394496
-329.59313375605535
1506.806866243935
4093.8068662439464
1449.2068662439451
-1474.7931337560779
37.806866243948946
201.00686624393845
694.4068662439588
847.2068662439478
1346.006866243952
1786.4068662439429
2042.606866243913
75.60686624394569
-1849.793133756103
-1187.7931337560642
-270.793133756054
-98.59313375606544
-345.7931337560522
-647.9931337560549
727.4068662439481
145.6068662439279
-117.19313375605572
-1790.7931337560465
-862.7931337560624
-398.9931337560563
208.80686624393013
-510.3931337560642
-767.793133756059
-978.793133756066
-662.7931337560527
-1061.1931337560547
-19.193133756051182
-438.9931337560558
583.6068662439451
988.8068662439459
1891.4068662439515
149.40686624394323
2789.206866243958
908.8068662439531
658.4068662439461
924.0068662439186
245.2068662439476
-205.19313375605992
1471.6068662438936
825.6068662439478
-506.3931337560582
-655.3931337560554
1445.4068662439247
1073.6068662439277
1207.6068662439363
1286.6068662439275
788.8068662439547
-617.593133756055
-570.593133756051
-360.79313375605943
-1572.5931337560858
-487.1931337560579
-16.9931337560556
573.2068662439424
816.6068662439537
2067.0068662439535
220.40686624394726
-628.9931337560653
145.20686624394824
389.0068662439455
957.0068662439464
-50.593133756052936
327.20686624394443
42.40686624394708
3497.406866243948
895.8068662439342
-234.3931337560603
1057.606866243926
-109.79313375606114
-113.99313375605405
215.80686624394303
-1283.1931337560607
-98.19313375605788
1680.4068662439138
1815.6068662439222
1469.6068662439695
2564.606866243913
597.2068662439557
401.80686624395366
889.6068662439603
-892.193133756064
-1027.1931337560625
-624.9931337560595
656.6068662439343
-978.3931337560655
54.80686624393847
884.8068662439492
652.6068662439386
-205.99313375606027
-823.1931337560728
-887.1931337560582
90.0068662439344
-340.7931337560603
405.00686624392887
2273.4068662439254
395.40686624394596
1006.4068662439328
885.6068662439178
-866.5931337560588
636.8068662439501
-172.5931337560611
118.00686624392964
740.606866243941
-261.5931337560383
-1027.5931337560553
-1117.993133756081
-921.1931337560434
795.4068662439374
-851.1931337560662
-57.7931337560577
-194.79313375606424
-287.39313375606037
398.40686624394533
-858.7931337560544
243.20686624393826
-1377.593133756049
-947.7931337560574
-1216.59313375605
-604.7931337560585
699.4068662439458
-244.59313375605527
-15.79313375606067
1885.4068662438917
1573.8068662439216
1204.2068662438955
-595.9931337560714
189.00686624394743
967.20686624397
-470.3931337560611
2352.2068662439665
782.8068662439467
584.4068662439538
975.0068662439409
-35.9931337560667
989.4068662439345
616.8068662439384
-860.7931337560561
-1051.1931337560684
-1771.7931337560872
1224.8068662439346
-1765.3931337561005
757.6068662439397
274.20686624394705
-913.1931337560591
377.0068662439433
-324.1931337560528
-1124.9931337560633
-800.9931337560499
687.0068662439561
-801.9931337560535
-1226.7931337560808
1210.606866243936
-80.593133756061
289.2068662439413
1059.8068662439352
1083.6068662439313
1446.6068662439293
215.80686624394352
-349.3931337560524
78.60686624393377
963.4068662439497
-321.59313375605285
-425.99313375606084
-233.9931337560542
600.4068662439583
1587.0068662439437
1386.4068662439556
1250.2068662439433
-526.3931337560588
326.40686624394044
-828.9931337560577
676.4068662439655
-1291.5931337560614
-813.7931337560534
963.6068662439479
-1017.193133756084
-1292.79313375606
-1775.993133756025
-1312.593133756047
131.20686624394457
690.2068662439322
-912.9931337560649
-1798.3931337560846
283.60686624393776
994.6068662439313
127.60686624394512
1639.406866243952
824.6068662439055
84.60686624394299
1598.606866243952
676.4068662439205
-854.5931337560477
1815.4068662439454
182.00686624393396
-153.79313375605557
757.4068662439595
829.206866243938
1448.2068662439506
1367.2068662439317
1681.0068662439787
-482.5931337560557
36.6068662439435
-704.3931337560642
-776.1931337560603
1419.4068662439297
1846.4068662439424
689.6068662439327
-1077.1931337560532
377.0068662439457
-2184.5931337560037
-1432.3931337560537
841.4068662439377
-626.3931337560597
-343.39313375605434
525.8068662439389
171.4068662439433
1573.2068662438896
-937.9931337560948
-726.1931337560749
251.80686624394679
676.4068662439422
700.2068662439307
588.4068662439591
-573.193133756062
57.00686624394724
552.4068662439493
-1144.1931337560459
46.006866243944486
1172.206866243921
1479.2068662439465
-29.993133756056842
288.00686624393927
-59.393133756065
-1976.3931337561023
9.606866243941763
-347.79313375605994
36.60686624394651
1224.0068662439542
-172.59313375605424
-215.59313375605552
1245.2068662439394
-825.3931337560548
-402.5931337560609
2088.4068662439154
-421.39313375605707
532.8068662439418
944.806866243938
-413.79313375606546
961.8068662439356
-228.99313375605274
-1954.7931337560578
-499.9931337560554
-1403.5931337560667
340.6068662439371
1353.4068662439365
-467.59313375605933
-1522.1931337560507
-418.99313375606323
-2224.7931337561126
229.80686624393545
811.2068662439486
275.806866243949
-310.79313375605557
-991.3931337560554
-971.1931337560619
-772.1931337560702
-1698.593133756055
-91.79313375605626
272.00686624394
-1427.3931337560807
-2066.9931337560433
529.0068662439277
311.8068662439381
-227.39313375605678
468.20686624394125
1128.6068662439573
1570.4068662439481
93.2068662439408
-583.9931337560564
1366.8068662439107
2533.606866243929
-724.1931337560749
-361.1931337560563
636.006866243949
-149.39313375605352
-345.99313375606096
-39.393133756061715
-653.1931337560854
-293.79313375606023
771.0068662439566
-875.5931337560594
-1461.3931337560994
591.0068662439371
-14.593133756059547
-33.99313375605831
-907.193133756045
299.0068662439374
964.2068662439361
-377.7931337560658
-1779.7931337560617
-789.193133756065
-51.593133756062116
-612.9931337560621
418.2068662439446
229.8068662439422
2074.0068662439376
-853.5931337560836
-1092.1931337560623
1922.8068662439323
-371.5931337560627
318.0068662439417
-1311.1931337560845
-50.19313375605744
-1082.5931337560733
-532.5931337560595
58.60686624394336
878.2068662439376
997.2068662439465
1361.6068662439577
296.40686624393777
-1231.7931337560703
-878.1931337560626
-835.99313375607
-825.9931337560264
434.006866243932
456.40686624394795
-794.5931337560918
-489.9931337560544
-1534.9931337560192
185.2068662439446
795.6068662439485
-2136.5931337560596
-1746.9931337560802
-1835.9931337560442
-1203.193133756061
899.0068662439513
-60.79313375606166
-573.9931337560799
895.806866243945
576.4068662439485
487.00686624393563
237.0068662439398
685.0068662439544
-150.59313375605743
954.4068662439417
1196.206866243914
347.60686624394725
-304.59313375605404
-1098.7931337560487
-1393.3931337560477
-922.7931337560617
-1238.7931337560635
-319.9931337560567
-508.793133756063
-1327.1931337560402
-1611.7931337560867
-469.99313375605607
-49.59313375605695
-1884.593133756052
-969.3931337560641
-429.7931337560601
672.6068662439388
-219.59313375605902
-265.79313375606034
-706.7931337560512
-2125.7931337560776
-311.7931337560684
819.0068662439469
-148.19313375605734
-136.3931337560671
907.0068662439263
-347.79313375606176
-94.99313375605473
564.2068662439516
-1177.5931337560485
425.8068662439389
-147.99313375606027
885.8068662439434
1346.6068662439543
-17.993133756065042
1458.2068662439362
-511.19313375606845
-649.5931337560569
-1765.7931337560558
-863.3931337560651
-2316.393133756076
-1271.7931337560635
-452.99313375605914
698.8068662439246
528.4068662439605
-2035.3931337560566
-1153.793133756069
-954.5931337560684
-1278.1931337560284
-1906.1931337560286
788.2068662439416
369.00686624396144
97.80686624392581
329.6068662439434
828.8068662439556
-25.593133756065626
-63.39313375606666
392.20686624394125
-1310.1931337560281
-817.5931337560594
901.8068662439302
-905.7931337560711
-233.39313375606508
-2084.1931337561073
-2194.7931337560885
303.8068662439373
138.60686624393395
616.0068662439433
882.2068662439448
-293.5931337560579
-326.99313375603975
-1168.3931337560327
-1210.3931337560675
-153.9931337560661
551.8068662439471
194.00686624394467
673.4068662439668
382.00686624393495
-79.99313375605664
-267.7931337560607
-557.5931337560934
193.80686624393758
-508.59313375605234
-1380.7931337560483
1821.8068662439566
1735.0068662439157
-684.5931337560398
306.20686624393966
-281.19313375605503
862.0068662439456
-580.193133756032
481.2068662439575
-421.3931337560536
-851.5931337560478
-261.1931337560701
-887.1931337560751
-748.1931337560663
-499.79313375605784
981.8068662439482
727.8068662439423
401.60686624394634
-1240.393133756066
-790.7931337560655
-233.39313375605775
1008.4068662439676
-431.19313375606384
2088.806866243923
1677.6068662439172
-1136.1931337560557
-1425.1931337560732
-1231.7931337560724
-665.793133756047
51.60686624394784
165.20686624395034
195.40686624395016
-1196.393133756072
891.8068662439346
549.2068662439341
-2524.9931337560342
-216.19313375605753
-0.59313375606013
-193.5931337560623
449.60686624394197
297.8068662439422
318.60686624394407
-28.793133756067704
-532.993133756046
1161.0068662439355
2368.8068662439314
-63.79313375605929
-650.1931337560712
1012.006866243938
-39.59313375605137
684.0068662439362
660.8068662439434
-1434.3931337560446
397.4068662439506
452.60686624394174
1049.6068662439327
2326.0068662439485
-17.993133756060224
-428.39313375604115
-230.19313375606234
-1197.5931337560523
-520.193133756062
456.60686624395106
1223.8068662439484
-199.99313375606087
-1002.7931337560498
-735.9931337560577
277.2068662439333
-278.3931337560574
485.00686624395263
185.20686624394224
1129.4068662439258
-649.1931337560676
-295.59313375605603
1659.2068662439285
269.60686624394435
-62.39313375605323
468.2068662439454
-815.3931337560603
-1188.7931337560387
-608.1931337560638
193.60686624394546
-417.1931337560674
731.2068662439443
-839.1931337560441
1678.6068662439234
1168.0068662439426
984.8068662439471
655.206866243927
-1203.7931337560562
-762.7931337560503
-1795.7931337560533
-912.3931337560645
-932.1931337560449
-969.993133756066
-2237.7931337560226
-1721.3931337560819
-554.5931337560564
580.406866243939
851.0068662439229
1346.206866243957
752.2068662439416
72.00686624394406
87.40686624394479
411.00686624394166
1112.6068662439432
1168.0068662439244
-196.59313375606004
231.00686624393347
-990.3931337560747
-945.9931337560458
-1459.9931337560388
527.0068662439328
509.2068662439393
-717.3931337560524
421.8068662439353
-1297.9931337560674
-547.5931337560611
-567.3931337560576
301.20686624394597
1132.606866243959
968.0068662439359
195.40686624395363
-1637.5931337560542
2819.806866243876
-228.79313375605633
-138.1931337560612
-93.39313375606034
-1296.3931337560746
369.4068662439458
1315.4068662439156
494.2068662439531
1027.8068662439368
3.60686624393243
-792.9931337560514
64.00686624393958
-657.9931337560511
-916.1931337560668
-1226.7931337560624
-865.1931337560616
388.2068662439421
-631.793133756044
1423.8068662439293
-964.7931337560661
364.80686624394133
95.60686624393351
559.6068662439379
76.00686624394416
-849.3931337560531
-888.7931337560616
254.60686624393784
2152.40686624393
517.2068662439435
631.2068662439337
1101.406866243934
-1396.193133756056
625.8068662439485
-1447.7931337560537
-448.3931337560558
249.2068662439401
-748.1931337560725
-1631.7931337560465
331.2068662439438
1781.6068662439443
1289.806866243949
-1017.3931337560718
-1532.1931337560352
3.406866243944336
-241.1931337560616
559.2068662439424
577.6068662439441
-686.3931337560549
-809.9931337560497
-918.3931337560574
-403.793133756055
-447.19313375605583
-167.1931337560547
1275.4068662439447
811.4068662439413
-721.1931337560492
430.60686624394856
-592.3931337560539
-168.99313375605396
926.4068662439407
-354.5931337560633
-502.19313375605714
553.6068662439482
-260.5931337560706
-410.7931337560604
-285.39313375605354
193.60686624393708
-1194.5931337560583
-519.7931337560634
76.20686624394332
483.6068662439478
663.0068662439436
669.0068662439531
823.8068662439131
1563.4068662439495
-445.5931337560489
-600.5931337560498
469.8068662439471
527.8068662439431
658.206866243934
-323.19313375604753
-541.1931337560529
-715.7931337560613
165.4068662439512
527.6068662439247
1622.4068662439659
876.0068662439296
192.0068662439447
-73.19313375606448
-628.1931337560443
-551.793133756061
299.60686624392895
417.20686624395205
-80.39313375605883
250.40686624394655
-745.7931337560598
-108.3931337560607
91.20686624394091
743.4068662439536
68.40686624393837
-273.59313375605655
573.4068662439339
83.00686624393926
-202.5931337560612
1045.4068662439395
1626.8068662439223
1010.2068662439394
-1615.1931337560784
912.0068662439478
-124.39313375603263
918.6068662439479
-2.593133756051145
-658.5931337560609
726.8068662439404
-193.5931337560555
1570.2068662439233
2043.4068662439386
1763.8068662439537
2676.806866243918
2421.2068662438787
1906.2068662439128
1844.2068662439547
692.0068662439334
-1219.3931337560493
-1224.9931337560547
-1274.793133756065
849.8068662439327
685.6068662439422
278.6068662439475
1051.8068662439393
2167.606866243919
1503.4068662439577
-129.9931337560582
-457.19313375605594
-2612.9931337560733
-1049.3931337560628
471.20686624394307
-544.9931337560591
-1979.1931337560682
-177.39313375605298
485.006866243937
-756.3931337560657
994.2068662439551
175.00686624394373
-1088.1931337560848
15.606866243946733
276.00686624394785
2203.406866243941
1158.2068662439633
201.006866243952
2125.0068662439544
1167.8068662439732
-236.19313375605043
-845.9931337560723
1208.606866243966
22.20686624394677
218.20686624394554
-545.7931337560624
685.0068662439375
2260.6068662439593
757.4068662439471
-124.99313375605331
115.20686624394452
1549.4068662439822
701.0068662439244
985.6068662439533
132.40686624394465
198.40686624394243
418.80686624394207
-769.3931337560424
-286.5931337560555
1766.8068662439584
-938.5931337560487
199.2068662439353
-1436.9931337560554
-751.9931337560633
-1271.9931337560874
986.4068662439506
744.4068662439173
1253.4068662439493
1978.0068662439485
-260.39313375605184
271.8068662439504
233.60686624394907
-853.7931337560598
-771.3931337560587
1923.006866243944
-263.1931337560699
2738.206866243949
1085.4068662439588
-408.79313375605943
-95.39313375606014
-1091.993133756052
-110.39313375606777
-130.59313375605143
-66.19313375606211
-704.1931337560543
-25.393133756044154
-1509.3931337560782
-1079.1931337560695
-661.9931337560643
-161.19313375606322
1360.606866243922
1774.6068662439677
274.60686624393804
1335.806866243935
-370.3931337560569
193.20686624394523
-337.9931337560608
2369.0068662439753
1643.4068662439392
-1625.593133756072
1209.4068662439527
851.2068662439264
-851.9931337560611
862.4068662439101
1006.0068662439375
-821.9931337560498
625.4068662439405
-2146.9931337560724
1004.8068662439307
-372.5931337560642
-1696.3931337560743
-682.9931337560596
657.2068662439448
1219.8068662439414
582.6068662439425
754.6068662439557
2199.606866243908
1577.8068662439166
722.2068662439486
587.8068662439281
555.8068662439352
1160.6068662439436
203.8068662439365
757.406866243943
341.20686624394364
1602.4068662439433
-730.9931337560565
1176.6068662439213
212.20686624394435
148.40686624394456
618.4068662439395
-2056.793133756073
-495.7931337560618
1518.2068662439165
1642.606866243929
1116.2068662439324
1479.8068662439216
153.40686624394428
281.0068662439385
-764.5931337560475
-1041.5931337560507
602.4068662439157
-83.19313375606515
33.80686624394651
187.0068662439436
217.40686624394777
-986.3931337560564
-1134.5931337560464
-1188.793133756072
-376.19313375605833
922.4068662439556
-126.99313375605885
-361.9931337560772
-1831.7931337560196
-1552.793133756091
-567.7931337560623
1356.206866243929
3301.806866243956
-465.99313375607426
-147.79313375605923
-535.9931337560567
-1126.193133756053
-621.393133756058
-1367.1931337560693
468.4068662439589
786.8068662439574
475.20686624394193
212.80686624394122
149.20686624394108
689.6068662439424
509.40686624394874
289.00686624393876
93.60686624394701
636.2068662439365
-809.9931337560561
447.60686624394435
-504.7931337560521
360.80686624393024
244.60686624393855
1184.806866243969
-51.59313375605231
-490.5931337560465
-1045.79313375606
-364.19313375606157
-520.1931337560745
-1634.7931337560792
154.80686624393613
-82.99313375606255
-783.3931337560387
1074.4068662439572
-468.59313375605984
-673.3931337560545
513.0068662439437
-384.7931337560553
-705.5931337560663
-2638.593133756082
25.606866243945152
193.00686624395095
-1441.7931337560497
588.4068662439317
167.40686624394186
984.206866243929
115.80686624394495
-822.1931337560517
-961.5931337560418
27.206866243947676
780.2068662439682
1825.406866243969
1415.2068662439694
-1412.5931337560469
-977.793133756054
292.2068662439602
-1150.9931337560633
-783.7931337560408
-277.19313375605594
1397.2068662439497
1427.606866243929
-416.79313375606085
-780.7931337560416
-2010.5931337559919
-1186.5931337560476
71.80686624394383
-254.3931337560574
-574.5931337560623
-423.59313375606246
-32.99313375605773
-561.9931337560573
1278.2068662439583
-757.193133756069
999.206866243886
684.206866243958
-19.19313375605698
-855.5931337560584
593.2068662439457
1712.2068662439215
736.2068662439516
-229.79313375605312
-1213.5931337560705
668.4068662439521
840.006866243957
962.206866243951
616.2068662439505
-1654.1931337560493
610.4068662439524
478.60686624394526
-1246.5931337560567
-113.79313375605209
-409.3931337560608
-1110.1931337560563
435.8068662439571
833.0068662439443
-1815.9931337560308
1431.606866243943
1376.0068662439433
-55.99313375605934
195.4068662439334
-591.7931337560485
-12.793133756057657
-752.3931337560488
2991.8068662439427
-449.7931337560641
-586.9931337560597
-831.9931337560441
-982.7931337560544
952.4068662439671
922.6068662439448
1216.0068662439312
-13.793133756055663
-39.393133756067456
477.80686624393906
1764.2068662439488
842.0068662439539
-124.19313375605873
-625.9931337560612
-1059.9931337560533
-1106.3931337560493
-628.5931337560617
-2403.3931337560584
-1225.5931337560453
-187.39313375605835
-1532.1931337561011
-1516.5931337560635
-814.9931337560545
193.60686624394543
939.6068662439366
1680.6068662439504
-1051.193133756055
-60.993133756055265
-1868.3931337560682
730.6068662439264
222.40686624394988
301.4068662439435
-1436.393133756043
-1509.7931337560956
-1439.9931337560818
993.206866243963
1166.4068662439515
-1513.5931337560835
587.0068662439363
608.6068662439397
1606.406866243946
661.2068662439547
1165.4068662439668
1280.0068662439674
453.4068662439441
1311.606866243931
-1083.1931337560577
-475.9931337560464
-517.7931337560559
-1592.5931337560621
96.20686624394203
18.406866243940996
-1622.3931337560618
-721.7931337560861
-271.39313375604956
-430.19313375606544
-1469.3931337560618
2377.0068662439107
1124.0068662439917
1626.0068662439191
713.40686624394
-441.3931337560544
-450.1931337560659
44.40686624393203
422.80686624394156
653.6068662439402
-1764.393133756053
1044.0068662439355
1155.8068662439518
-937.9931337560699
-413.39313375606787
-1559.5931337560576
9.006866243940596
-1212.3931337560734
-1152.593133756059
479.6068662439424
-832.9931337560812
-186.59313375606405
-1096.5931337560412
-602.7931337560625
47.2068662439409
-1618.3931337560591
-215.7931337560602
-120.79313375606486
-1101.79313375607
-494.79313375606694
1340.2068662439226
1911.2068662439647
758.0068662439394
1262.806866243945
190.20686624394125
461.60686624394737
1426.8068662439337
238.00686624394396
-393.1931337560721
-860.5931337560771
-91.19313375606201
1228.406866243945
-1121.5931337560673
-1846.9931337560597
-601.993133756058
-747.3931337560958
-97.59313375605949
-1155.7931337560503
332.0068662439471
-68.19313375605203
228.20686624394824
169.60686624394398
-1815.5931337560787
-1905.5931337560519
-2294.993133756119
-2387.193133756022
-2658.593133756051
-2490.1931337560663
-767.9931337560597
-415.99313375605925
835.606866243932
263.6068662439442
37.20686624394263
-528.1931337560549
879.2068662439457
465.2068662439409
46.40686624394582
-939.993133756052
547.6068662439457
883.8068662439491
287.60686624394015
-472.3931337560506
-392.7931337560583
-856.393133756073
-652.7931337560674
-919.7931337560603
908.406866243937
-993.993133756084
-412.99313375605914
-733.1931337560534
-1735.593133756049
-2468.393133756042
-174.593133756053
1135.6068662439475
266.4068662439401
-492.99313375605504
59.606866243931336
-1366.5931337560653
-1605.3931337560973
-306.19313375605594
-111.99313375605837
-1202.793133756063
238.8068662439354
2108.8068662439123
-455.5931337560691
-748.9931337560811
298.2068662439481
1072.206866243942
382.406866243947
1358.4068662439306
708.0068662439271
964.4068662439432
700.8068662439391
571.2068662439491
338.4068662439482
-1429.1931337560677
-1513.5931337560673
-1148.9931337560479
1147.0068662439573
-1842.593133756021
-1505.5931337560273
-592.3931337560288
-2352.593133756113
-1913.9931337560595
-752.5931337560612
-969.9931337560503
1466.8068662439368
2190.2068662439324
1095.0068662439498
-320.9931337560614
699.6068662439397
-961.7931337560697
83.00686624394308
295.40686624394226
-751.1931337560596
-54.99313375605425
-473.99313375605817
13.406866243940321
-302.1931337560627
856.8068662439534
-79.79313375606
-936.5931337560563
-1141.9931337560474
-235.1931337560933
-621.593133756069
-678.193133756056
-1605.3931337560198
-1398.9931337560752
336.20686624392704
-927.193133756069
200.00686624394288
-600.7931337560667
-1490.9931337560809
-210.19313375606148
-824.1931337560665
-430.9931337560563
207.00686624394297
-210.19313375604327
601.8068662439453
-175.39313375605093
-638.1931337560501
712.206866243937
-1255.3931337560368
-215.59313375606283
481.20686624393073
-16.59313375605977
533.8068662439423
-731.1931337560466
-381.79313375604886
-2709.9931337560392
312.8068662439565
-374.79313375606114
-1151.3931337560473
-210.39313375605528
-1079.3931337560716
191.20686624393582
889.4068662439421
16.006866243945534
48.00686624393511
-1587.7931337560815
-508.5931337560636
-161.1931337560553
-1324.7931337560628
1360.6068662439397
-152.59313375606308
-660.5931337560683
133.00686624394862
-1221.393133756067
-696.7931337560603
-380.99313375605175
-439.5931337560472
-278.9931337560649
-1004.7931337560547
1547.206866243943
-1709.3931337560587
853.006866243935
244.40686624392498
-431.3931337560584
662.6068662439437
-249.1931337560575
-490.5931337560588
-744.5931337560495
1068.4068662439386
-440.3931337560689
-1515.7931337560947
992.606866243939
-672.3931337560603
-125.59313375606249
-158.7931337560584
-250.59313375604864
-540.393133756068
-678.5931337560612
77.60686624394715
-604.3931337560647
-565.9931337560594
-1281.1931337560743
-838.5931337560467
-1368.393133756058
-1755.9931337560524
-466.9931337560566
-126.99313375605749
964.806866243932
271.80686624394804
359.00686624395684
-239.79313375605173
678.4068662439406
-1585.5931337560482
-821.5931337560545
166.60686624394555
-889.1931337560727
-370.9931337560544
-932.9931337560552
-72.59313375605555
364.60686624394083
621.206866243939
-573.9931337560483
-1791.593133756063
261.8068662439455
368.406866243944
-520.993133756076
411.0068662439479
-1064.7931337560515
-2392.793133756032
556.4068662439466
992.2068662439426
-1334.7931337560335
-264.3931337560653
-1231.593133756065
-385.19313375604514
-106.79313375605477
-1300.3931337560691
-32.19313375605893
-223.19313375605756
1413.2068662439376
238.4068662439464
504.8068662439398
454.406866243916
-609.7931337560577
574.6068662439452
1577.8068662439669
175.60686624394472
-1215.5931337560437
1087.4068662439443
-1310.7931337560335
-991.3931337560649
29.60686624394102
-888.3931337560637
-8.593133756058258
933.0068662439412
248.4068662439431
706.8068662439435
-551.1931337560635
-1072.1931337560463
-625.7931337560609
-222.79313375606083
490.80686624393974
918.0068662439674
-281.9931337560619
-546.1931337560554
628.2068662439217
-520.993133756062
-30.593133756052225
-170.39313375605172
667.8068662439349
-946.9931337560573
337.8068662439635
334.6068662439511
-772.9931337560494
1944.606866243959
-194.99313375605337
-863.393133756061
821.0068662439401
-251.99313375605823
-287.5931337560598
1716.8068662439478
323.4068662439436
-548.3931337560572
800.0068662439254
-1329.193133756055
-496.9931337560591
1306.206866243932
-180.99313375605828
-4.993133756054839
123.60686624394452
-1230.9931337560652
634.0068662439536
-695.7931337560705
-378.99313375605493
1210.606866243955
-26.19313375605951
-1212.9931337560483
1220.6068662439502
-189.19313375605782
1243.606866243947
-85.59313375606115
10.606866243943227
-22.79313375606587
132.8068662439481
-143.193133756058
-107.19313375605996
-251.59313375606018
796.8068662439379
787.4068662439533
-1020.9931337560596
-971.9931337560631
484.20686624392994
-11.79313375605896
365.60686624393696
674.0068662439302
-61.193133756060305
-363.3931337560519
-1869.993133756106
-633.9931337560486
1578.2068662439278
1813.8068662439248
-954.9931337560479
-206.39313375606125
1365.60686624397
106.20686624393872
-602.7931337560719
427.00686624394075
-185.99313375608796
108.60686624394005
2102.606866244001
1248.6068662439782
112.00686624394089
335.6068662439591
-595.1931337560657
352.2068662439361
233.40686624393044
660.4068662439607
851.6068662439249
582.8068662439217
97.8068662439507
526.806866243938
161.40686624393797
-221.59313375605527
-419.19313375606197
-1083.3931337560598
947.4068662439431
-1241.3931337560912
-2194.793133756046
-365.19313375605634
-2821.79313375606
-235.99313375606803
-507.3931337560494
424.00686624394547
-559.5931337560737
-118.79313375605449
210.4068662439396
532.4068662439244
1591.2068662439221
2560.806866243954
1370.806866243931
-1152.9931337560538
460.6068662439221
1185.406866243943
423.60686624393304
1224.8068662439573
652.6068662439428
151.80686624393863
1192.806866243935
-1091.5931337560617
-70.59313375605105
1442.4068662439213
-319.79313375605693
731.4068662439445
-409.5931337560577
-389.5931337560628
1211.4068662439265
-171.7931337560588
-1814.9931337560424
648.0068662439444
21.006866243943172
-1719.3931337560575
-2016.1931337560407
-314.5931337560538
603.0068662439485
1174.4068662439288
649.6068662439321
-499.1931337560673
-754.1931337560532
-1337.3931337560648
-735.5931337560534
694.0068662439464
749.0068662439456
416.60686624394765
1337.006866243938
1095.8068662439396
-650.5931337560713
23.00686624393473
1227.8068662439393
-104.99313375606309
1363.206866243951
193.20686624393312
833.0068662439777
147.40686624394027
30.40686624393141
586.6068662439567
-1310.5931337560667
160.20686624394844
1628.4068662439408
71.80686624394366
-1135.7931337560651
-111.99313375605993
-1734.1931337560409
-1196.1931337560625
-445.9931337560615
-1191.9931337560652
979.8068662439498
65.4068662439464
111.80686624393726
-585.1931337560596
-638.193133756062
880.6068662439329
-276.5931337560573
975.0068662439483
319.6068662439446
724.2068662439491
-506.99313375605885
1062.606866243946
145.60686624393932
-102.39313375605106
1035.2068662439856
-989.7931337560485
510.60686624395055
71.80686624394299
-86.5931337560659
-928.3931337560488
654.4068662439342
-173.99313375605982
-1642.1931337561084
-1189.1931337560638
364.0068662439481
-4.993133756054309
-639.39313375607
-341.9931337560552
-2659.993133756099
-1912.9931337560597
523.2068662439351
-183.99313375605496
739.8068662439534
-1161.7931337560606
-1322.5931337560394
-678.3931337560659
-855.5931337560645
-148.79313375606316
781.8068662439371
491.20686624394546
863.4068662439377
118.80686624394833
483.60686624394634
1272.606866243922
805.4068662439533
-1400.393133756064
698.0068662439458
1216.606866243922
956.2068662439043
526.6068662439487
-170.79313375605003
-28.793133756057973
-781.19313375606
-1659.9931337560583
238.80686624393613
1315.4068662439356
-386.79313375606245
785.8068662439418
-315.1931337560608
206.60686624394629
-2008.3931337560448
-1169.9931337560806
-1628.99313375609
-1162.593133756054
133.80686624394932
-836.7931337560459
60.40686624393918
-719.7931337560588
-209.39313375606446
-240.99313375605752
445.6068662439518
-634.1931337560494
-985.393133756066
486.2068662439453
2228.8068662438836
-664.3931337560568
1052.2068662439447
-100.99313375605985
-2100.5931337560205
-937.3931337560455
298.20686624394324
1198.4068662439518
1269.4068662439101
-36.39313375606456
-352.9931337560607
-1079.993133756067
1421.2068662439399
2056.806866243912
-1458.3931337560773
414.2068662439532
-337.5931337560565
-621.3931337560634
-784.5931337560543
-1619.9931337560758
-1428.9931337560436
-1392.9931337560338
-702.1931337560445
-61.39313375605406
1571.6068662439093
-277.9931337560532
-1002.1931337560565
904.6068662439357
497.00686624396633
1336.8068662439246
126.80686624394605
-808.7931337560614
527.6068662439566
-771.7931337560548
-777.3931337560599
1140.0068662439398
-318.5931337560512
429.4068662439677
1117.0068662439357
506.606866243955
924.0068662439583
550.406866243923
1347.4068662439277
730.6068662439284
-86.79313375605936
-24.19313375604783
429.0068662439372
15.606866243943053
-570.3931337560637
-394.1931337560599
-177.99313375606124
-2523.5931337560696
-1100.793133756056
549.2068662439415
-8.393133756058358
-574.7931337560543
122.20686624394583
-343.5931337560578
-318.19313375605356
318.00686624393865
661.206866243935
-635.7931337560385
-55.793133756063064
-318.7931337560504
1581.2068662439399
461.80686624394684
26.806866243936433
-554.9931337560706
-1844.9931337560674
3.0068662439509852
-936.9931337560741
-525.3931337560546
355.60686624393736
688.0068662439433
-197.79313375606174
419.60686624394424
-480.99313375606266
-229.9931337560635
-677.7931337560481
165.20686624394162
-458.1931337560602
-544.3931337560666
-1228.9931337560479
-1161.1931337560284
891.006866243944
961.0068662439407
-184.3931337560578
-517.5931337560586
-933.9931337560618
-182.39313375605474
-307.1931337560546
2004.2068662439601
1082.80686624394
-864.1931337560424
282.2068662439487
-963.7931337560519
-469.59313375604347
-1012.1931337560591
-527.9931337560605
-375.3931337560508
60.40686624394578
484.8068662439429
-820.5931337560576
2115.8068662439027
611.2068662439372
2074.806866243977
1921.0068662439348
650.2068662439323
1236.4068662439427
908.8068662439346
-477.59313375606047
-95.993133756059
-432.993133756047
-471.99313375606226
-858.793133756051
-1780.7931337560412
-829.3931337560555
-497.3931337560565
-213.1931337560573
-440.59313375605655
-955.5931337560793
1348.806866243928
-1048.1931337560388
198.20686624393917
-826.9931337560728
5.206866243941975
17.606866243942584
-971.3931337560693
-1253.7931337560499
212.0068662439521
1250.4068662439329
-1504.193133756033
-294.9931337560597
783.4068662439313
-778.7931337560553
410.6068662439346
-265.3931337560636
1265.0068662439335
1033.806866243942
260.40686624394755
-595.3931337560583
162.00686624393828
152.40686624394306
-543.5931337560594
-1329.393133756052
-1122.7931337560638
-941.1931337560243
-823.1931337560576
824.0068662439401
1206.806866243945
383.2068662439491
-368.99313375607096
-429.9931337560524
-168.993133756055
-263.19313375605753
-538.9931337560638
-396.1931337560376
-447.19313375605043
-1004.5931337560288
424.806866243941
-1441.593133756035
-57.59313375605424
477.60686624394367
-1188.5931337560557
-1101.7931337560656
-314.3931337560663
455.2068662439258
95.60686624394572
233.40686624394556
307.00686624394353
-1005.393133756054
-355.1931337560579
189.20686624394182
333.6068662439548
-991.1931337560586
-1918.3931337560439
-490.9931337560565
888.4068662439563
-1670.793133756016
-1156.1931337560573
-407.99313375605635
819.2068662439407
1529.6068662438968
479.00686624394217
516.8068662439307
16.40686624395208
514.0068662439367
355.8068662439462
-374.1931337560717
-1717.793133756051
-1604.3931337560505
-663.7931337560611
-1353.9931337560581
-232.3931337560638
1075.0068662439348
1602.006866243928
338.40686624393993
-603.3931337560637
-607.993133756069
-793.9931337560699
-1232.3931337560316
-1100.3931337560532
-758.9931337560594
54.606866243945866
828.206866243952
547.4068662439453
166.2068662439391
-100.19313375606083
802.0068662439443
577.6068662439382
-2580.993133756118
-352.3931337560639
-893.193133756059
1269.4068662439402
217.00686624394396
-687.9931337560442
220.2068662439486
-1664.7931337560078
-841.7931337560464
318.4068662439519
-710.3931337560565
-941.3931337560607
-777.7931337560441
360.00686624393734
806.8068662439606
215.806866243947
-1156.3931337560743
-714.3931337560597
-690.1931337560594
385.20686624395074
87.80686624395217
-608.5931337560559
-401.7931337560358
436.00686624394507
50.40686624394462
-264.99313375604794
-657.793133756056
-2592.3931337560675
-394.39313375605445
827.4068662439448
-535.3931337560487
-2640.3931337561203
-985.1931337560635
-389.99313375604765
-577.7931337560651
2230.40686624393
1383.806866243941
-248.99313375605132
-644.7931337560602
-2081.9931337560447
-1259.1931337560427
-1700.3931337560355
-2866.393133756034
-1210.7931337560744
-618.1931337560545
-1140.3931337560398
-1406.593133756088
-368.9931337560535
-1933.1931337560516
-795.9931337560575
-450.393133756049
481.2068662439384
1621.006866243939
-237.7931337560568
-1282.993133756039
-548.3931337560639
100.00686624394733
-626.3931337560614
734.2068662439344
115.8068662439483
521.8068662439432
648.8068662439468
-1289.1931337560677
-1682.1931337560638
139.80686624393596
-1944.7931337561383
-328.3931337560485
-810.9931337560663
641.0068662439514
100.20686624394497
357.60686624394685
-552.9931337560519
-858.1931337560566
-645.9931337560637
-2823.1931337560327
-1241.9931337560906
615.6068662439444
-182.7931337560657
194.20686624394344
1990.8068662439298
-794.9931337560546
1841.206866243927
738.2068662439649
-383.99313375606124
231.00686624394478
-1213.393133756045
-785.7931337560549
-601.7931337560852
-1062.79313375605
-2418.593133756028
-492.19313375605867
-1421.7931337560585
-964.1931337560601
-213.59313375605853
-802.9931337560528
-190.39313375606142
460.6068662439411
-1218.1931337560936
298.0068662439376
-1164.5931337560796
610.0068662439522
3.8068662439420926
1539.2068662439603
1179.6068662439402
-1880.5931337560623
-185.19313375605904
-1200.5931337560544
-2072.7931337560644
995.0068662439359
1185.806866243939
-365.99313375605965
1832.006866243961
-1289.593133756056
1678.0068662439337
660.2068662439481
-1199.393133756062
-381.39313375607367
295.8068662439522
1277.4068662439438
361.00686624394257
-4.593133756067145
661.8068662439435
322.8068662439458
-69.59313375605616
71.4068662439409
723.206866243948
1234.4068662439488
482.4068662439437
1424.406866243937
-1990.793133756078
-225.5931337560577
-1911.3931337560598
1692.4068662439784
303.40686624394215
-521.1931337560532
806.4068662439415
-1619.7931337560708
-1275.9931337560604
-381.3931337560598
1062.2068662439385
1277.0068662439185
1039.6068662439466
-428.5931337560438
1183.6068662439461
39.406866243936676
11.006866243940589
1860.606866243998
403.00686624394496
-659.1931337560544
-416.3931337560628
1199.406866243947
40.2068662439397
-826.7931337560777
-1173.9931337560613
-893.5931337560484
-79.59313375606774
-154.39313375605613
918.0068662439505
-478.79313375604227
-451.5931337560548
-33.19313375605596
-1518.7931337560592
1629.4068662439443
-1312.193133756054
266.40686624394164
97.8068662439392
-751.5931337560801
-153.39313375605371
-675.3931337560571
141.00686624393634
-419.99313375605504
128.00686624394103
-161.79313375605736
-883.5931337560534
-259.5931337560455
605.8068662439534
485.60686624393304
658.2068662439519
999.4068662439473
-1502.5931337560837
-753.5931337560388
-1447.193133756046
415.6068662439415
495.40686624394425
1236.6068662439284
153.2068662439424
-526.1931337560493
-1303.193133756073
119.40686624394384
460.40686624394857
-711.793133756054
627.0068662439414
-457.3931337560691
-2989.793133756075
126.20686624394651
-1105.9931337560745
-1270.5931337560592
86.00686624394135
-212.99313375607028
-193.59313375606018
-1649.793133756067
238.60686624394737
-198.1931337560644
-1222.793133756045
1114.806866243927
291.60686624395083
263.60686624394606
-662.193133756056
-1629.7931337560335
-705.9931337560582
265.4068662439459
332.00686624394586
762.2068662439341
453.60686624393634
-1935.5931337560744
-1168.5931337560605
-129.59313375604938
-887.9931337560555
-801.3931337560404
-744.9931337560705
1211.60686624394
870.6068662439526
-1072.9931337560497
-1251.9931337560104
-2680.393133756028
-4381.993133755996
-2060.3931337560925
-1437.193133756023
-1095.3931337560448
147.00686624393947
882.4068662439447
38.20686624394726
1451.2068662439235
-1240.9931337560545
827.406866243942
59.00686624393946
-419.99313375605647
-1538.7931337560733
-660.1931337560552
-134.59313375606934
-1074.1931337560293
-2326.7931337560676
-3599.5931337560633
-820.9931337560663
-216.3931337560596
-532.3931337560591
415.2068662439425
-1010.7931337560775
861.2068662439306
-177.99313375604888
-2172.393133756041
-833.5931337560696
-417.793133756064
-1315.9931337560536
-121.79313375606202
-441.7931337560661
-3962.5931337560455
-1484.5931337560357
-1123.9931337560226
-1815.19313375608
-849.9931337560488
-555.79313375608
814.8068662439437
-36.793133756059945
3038.8068662439837
58.606866243934384
954.4068662439514
-563.593133756046
-925.1931337560419
350.40686624394124
-395.39313375605525
-391.39313375604354
-1786.9931337560804
-1788.79313375604
-1483.993133756022
614.0068662439462
42.20686624395307
-828.993133756058
-674.1931337560535
337.80686624394167
248.40686624393794
569.2068662439401
-994.7931337560661
-857.5931337560571
-30.593133756053717
-1663.7931337560349
-1687.5931337560537
-1642.3931337560934
-1534.9931337560736
-699.3931337560721
108.00686624393887
-2313.5931337560705
-1272.3931337560641
-1891.3931337560573
1217.8068662439432
529.4068662439407
457.6068662439395
-1164.9931337560452
-141.79313375605324
-718.7931337560539
966.2068662439459
1225.8068662439755
-1674.7931337560715
513.4068662439411
336.00686624394206
1584.6068662439468
463.20686624395233
289.40686624393646
17.406866243937134
4.806866243940796
1945.006866243965
741.4068662439403
891.8068662439447
827.2068662439362
164.00686624394748
561.0068662439362
285.80686624393604
-1093.1931337560707
-423.39313375603797
-521.393133756066
-876.1931337560695
-2354.993133756079
1264.6068662439295
-123.39313375605107
1115.606866243938
790.2068662439422
-923.3931337560523
-1077.993133756068
-204.99313375604055
216.00686624393825
1273.4068662439545
-1900.593133756035
673.2068662439393
1497.4068662439174
-454.5931337560638
851.0068662439346
-422.39313375606076
922.8068662439423
-775.9931337560512
-1860.7931337560753
-354.3931337560601
-338.1931337560573
1038.0068662439257
926.6068662439292
676.4068662439633
797.6068662439299
-433.7931337560557
-165.19313375607325
-104.79313375606264
-257.5931337560656
-489.19313375606765
1239.6068662439384
2276.2068662438837
-34.59313375605946
57.00686624395061
-1237.3931337560678
102.20686624394679
1572.4068662439422
-136.19313375607106
-928.9931337560456
-1152.1931337560743
356.40686624394607
2330.8068662439327
-1223.593133756032
-1935.7931337560249
-299.99313375606465
126.00686624393877
2257.6068662439775
837.2068662439406
1254.4068662439433
-67.39313375605455
246.60686624393895
292.2068662439477
-811.7931337560545
11.406866243939987
38.00686624394238
-578.9931337560841
-762.5931337560563
-957.3931337560574
-242.39313375605977
26.0068662439514
1276.0068662439444
-304.39313375606486
-56.59313375606264
-217.19313375606094
-230.39313375605775
-858.1931337560586
-1238.5931337560635
-1307.1931337560595
236.20686624393733
1550.60686624392
1682.0068662439216
740.8068662439282
918.2068662439547
1155.6068662439445
236.00686624394308
-1240.7931337561045
501.206866243953
-119.59313375605748
1380.2068662439365
735.8068662439335
-127.39313375605055
-1647.9931337560404
410.4068662439426
1088.606866243938
179.8068662439484
-131.79313375605972
1488.0068662439255
263.806866243942
93.00686624394831
819.6068662439546
265.20686624394784
-1375.3931337560487
467.6068662439404
1905.4068662439613
-763.7931337560556
-567.993133756057
-429.9931337560581
-268.193133756053
-1043.1931337560702
417.40686624393277
-175.1931337560545
750.2068662439216
1851.406866243951
1445.2068662439742
914.0068662439392
-325.1931337560493
-1469.9931337560636
-2817.7931337560653
-1002.3931337560654
-1947.193133756048
-764.5931337560553
-107.99313375605902
-1147.1931337560707
-390.3931337560541
-114.59313375605964
-1451.5931337560953
747.2068662439534
633.0068662439347
649.8068662439504
-280.59313375605836
15.006866243940273
-971.393133756063
-578.9931337560495
-830.3931337560703
-643.3931337560614
299.40686624395363
-687.5931337560571
523.4068662439755
-323.79313375605653
-252.19313375606566
-1134.3931337560527
-1063.9931337560524
-1878.5931337560844
-1173.7931337560326
-526.1931337560472
-662.7931337560585
-1374.3931337560603
-766.1931337560396
-246.19313375606163
-1750.3931337560484
-1349.9931337560856
-571.9931337560586
-639.7931337560482
381.2068662439402
69.00686624394176
471.40686624394255
727.4068662439398
-281.9931337560725
1135.8068662439418
-473.79313375604664
-1745.993133756036
-338.3931337560623
-2475.793133756048
-282.99313375606306
383.20686624394267
-594.5931337560583
316.4068662439371
-268.39313375605286
1302.406866243953
-553.1931337560604
2025.006866243975
394.80686624394315
-518.3931337560567
1469.2068662439262
-588.9931337560674
-346.59313375605836
1087.806866243956
107.60686624394208
310.0068662439391
-810.5931337560434
-13.193133756060332
356.0068662439383
-1049.7931337560528
1051.2068662439303
220.20686624395128
457.4068662439473
1234.6068662439288
-920.1931337560493
-1149.5931337560573
-1174.5931337560917
125.60686624394144
-437.1931337560701
-2064.7931337560694
736.6068662439387
-1945.7931337560415
1390.6068662439484
1086.4068662439133
453.00686624392506
1342.2068662439476
1211.806866243944
2116.406866243921
1904.4068662439452
3286.6068662439684
331.40686624394726
-712.7931337560481
2764.6068662439748
-337.79313375606165
-356.5931337560552
737.0068662439204
263.0068662439526
-1829.1931337560707
-1613.9931337560595
34.006866243945154
-325.3931337560558
-416.9931337560747
-1911.793133756101
-274.1931337560601
912.8068662439331
-174.99313375606158
-249.59313375606567
-1434.7931337560642
-737.3931337560407
-743.3931337560689
-133.1931337560526
-930.7931337560508
176.20686624394196
-1202.3931337560543
-520.5931337560733
741.0068662439625
596.2068662439341
952.806866243924
461.8068662439443
1402.6068662439136
1410.8068662440062
2397.606866243959
269.40686624394056
-1147.7931337560553
1629.4068662439436
67.00686624394515
-782.9931337560613
1571.4068662439627
824.4068662439461
-2675.1931337559927
-1697.5931337560507
-112.39313375605896
-1174.3931337560994
-256.39313375604456
-1487.5931337560658
-138.59313375605552
1139.0068662439357
-744.7931337560426
-807.9931337560517
-1852.993133756089
-418.3931337560678
-967.1931337560565
72.20686624392528
-34.193133756054124
-507.7931337560632
730.8068662439387
1148.606866243949
-433.19313375605765
-678.9931337560632
1953.2068662439394
-592.7931337560698
-609.3931337560578
78.40686624396506
505.2068662439493
1333.2068662439644
1884.6068662439463
428.8068662439433
-196.39313375605056
-461.19313375607277
641.6068662439471
1908.4068662439258
654.6068662439394
-813.1931337560544
-657.7931337560623
-206.99313375606383
405.80686624393434
457.0068662439477
-907.5931337560464
254.60686624395237
26.406866243934203
-410.99313375605124
-2157.393133756106
-722.3931337560555
-176.59313375606564
-1055.3931337560343
1027.8068662439534
-313.1931337560607
-1218.7931337560976
-74.39313375605433
-391.59313375606547
-198.99313375605408
1743.8068662439448
576.0068662439353
-63.39313375605501
1185.8068662439414
-799.7931337560514
344.8068662439395
2103.806866243954
-362.7931337560611
-770.9931337560619
70.80686624394976
-981.5931337560606
1446.606866243952
-435.5931337560488
-894.9931337560334
-368.1931337560506
-1033.993133756029
-1365.9931337560527
-103.7931337560556
-1053.1931337560325
932.6068662439659
-267.59313375605944
-450.59313375605825
13.206866243960508
343.2068662439468
-226.3931337560635
-137.19313375605554
-513.9931337560555
201.40686624394024
-446.99313375606374
-1551.5931337560364
-1043.993133756028
-529.1931337560591
-1533.7931337560492
445.4068662439335
1148.0068662439435
436.0068662439291
284.20686624394597
-1058.593133756053
-215.79313375605975
639.6068662439482
382.2068662439453
-1099.7931337560155
-33.39313375606653
1103.8068662439625
-814.7931337560829
-2261.3931337560675
-1942.1931337560493
-1184.1931337561018
-362.19313375605
505.00686624395786
358.2068662439367
-372.5931337560523
729.6068662439335
-1164.9931337560377
-692.9931337560538
-452.3931337560608
-535.3931337560648
-401.7931337560575
-438.5931337560585
-623.7931337560533
-192.59313375606047
198.00686624393995
-777.593133756064
-1917.593133756089
-2098.7931337560603
837.0068662439376
-1091.9931337560581
-1192.7931337560663
1962.2068662439656
-837.9931337560539
290.0068662439462
-1839.1931337560593
-1147.5931337560794
-1143.393133756047
-168.7931337560582
-756.5931337560527
-652.1931337560596
-112.79313375605552
752.0068662439496
948.4068662439372
-1236.5931337560721
-522.9931337560689
587.0068662439329
212.80686624393945
1458.0068662439483
140.60686624393804
-1360.393133756063
28.00686624393756
-1576.1931337560231
-941.9931337560583
248.80686624393883
-766.7931337560553
1266.006866243945
558.4068662439445
-1340.59313375605
-549.9931337560782
-39.19313375605877
-913.1931337560538
2113.806866243967
2095.4068662439417
698.0068662439145
444.00686624393626
654.2068662439553
-324.9931337560604
291.80686624393104
43.006866243937814
-256.19313375606015
-856.1931337560454
-1636.3931337560527
-771.3931337560584
-226.793133756064
382.20686624394403
-502.7931337560586
-66.39313375604927
599.8068662439513
-801.5931337560734
-173.7931337560582
72.00686624394721
-1285.993133756063
1570.8068662439555
1715.206866243937
1520.206866243957
117.2068662439337
104.20686624394897
1381.2068662439267
-877.3931337560806
-1350.5931337560578
306.4068662439477
1027.0068662439558
170.2068662439485
2066.40686624396
1465.2068662439017
-195.39313375606437
581.6068662439518
-270.19313375605174
986.8068662439456
-712.5931337560587
-38.99313375606187
164.60686624393807
-1407.993133756082
167.60686624394472
-261.59313375606513
208.20686624394548
-201.19313375606023
-215.99313375606494
-2079.5931337560974
307.0068662439439
-336.99313375608006
-1151.9931337560588
229.20686624393068
-1114.393133756057
188.4068662439387
-244.19313375606586
-495.393133756035
-970.593133756069
857.2068662439501
563.8068662439273
-2070.1931337560595
-3046.3931337560657
-801.5931337560727
835.6068662439292
730.2068662439433
1604.406866243936
658.006866243909
470.8068662439599
2769.2068662439597
2061.8068662439828
1450.8068662439655
-481.7931337560621
-141.79313375606012
378.60686624394424
-1354.9931337560586
-1133.3931337560557
325.80686624393405
687.6068662439363
463.4068662439492
-88.39313375605386
95.00686624393927
849.8068662439327
21.806866243934795
-2119.393133756046
1712.2068662439622
1945.8068662439273
22.006866243941463
-1163.9931337560524
-1320.7931337560665
-799.5931337560625
-140.7931337560612
-29.59313375605496
-68.19313375606092
215.60686624394026
-984.9931337560738
1523.0068662439528
613.4068662439435
1573.6068662439163
1070.6068662439166
2014.6068662440098
1130.8068662439653
863.0068662439539
1634.2068662439467
138.40686624394547
804.4068662439378
409.6068662439369
-385.79313375606915
-932.39313375606
363.4068662439378
-43.19313375605954
-429.1931337560535
1147.806866243915
1798.6068662439368
-1004.5931337560447
-185.19313375605805
-290.7931337560648
-687.9931337560535
-226.59313375605282
-270.79313375606785
446.8068662439457
564.8068662439413
-1445.7931337560713
-298.39313375606395
501.6068662439352
1540.8068662439443
1189.2068662439467
-2212.593133756065
994.0068662439522
-221.59313375605873
-216.79313375606785
1679.8068662439482
233.6068662439385
47.806866243943624
-801.7931337560575
17.406866243937596
384.8068662439406
1098.0068662439503
-91.99313375605773
-1770.793133756082
-864.993133756039
-364.3931337560567
980.6068662439615
1060.4068662439488
32.406866243942986
-208.59313375605913
-1367.1931337560716
-1331.1931337560734
700.0068662439405
-118.3931337560504
555.6068662439427
1300.0068662439442
849.2068662439452
1159.4068662439618
-1246.3931337560578
-462.3931337560631
1110.4068662439186
426.0068662439483
298.0068662439338
-740.5931337560584
-484.99313375605345
-1704.7931337560503
-908.993133756056
821.0068662439326
-997.9931337560632
-542.1931337560637
494.0068662439419
503.4068662439418
164.20686624393872
266.606866243945
209.00686624394606
-498.5931337560651
-694.793133756063
10.806866243946526
-1002.7931337560647
619.2068662439439
383.8068662439449
1804.006866243932
937.6068662439375
1852.0068662439512
648.8068662439478
-930.1931337560461
979.4068662439549
298.0068662439451
-629.19313375606
344.6068662439449
-791.3931337560687
-2777.39313375607
-233.39313375605076
29.806866243941638
444.8068662439426
-1078.1931337560632
-294.5931337560498
-842.5931337560249
-378.7931337560626
-442.3931337560601
1183.006866243927
1954.6068662439454
709.2068662439408
-434.7931337560655
-77.79313375605761
162.00686624394416
1471.6068662439588
476.00686624394126
2546.0068662439776
919.0068662439229
-735.7931337560559
1968.8068662439996
689.6068662439372
841.0068662439573
482.0068662439386
1098.8068662439516
-10.193133756059098
92.20686624394166
962.0068662439417
-784.9931337560678
464.20686624396006
-15.793133756055175
778.4068662439473
416.00686624393825
281.60686624393577
1300.006866243949
1192.0068662439573
-280.9931337560609
209.40686624393788
206.006866243934
565.4068662439386
1062.0068662439392
1407.8068662439464
498.60686624394265
-1108.7931337560658
-1148.5931337560583
-695.9931337560613
-264.1931337560553
2174.206866243915
-1052.3931337560632
187.00686624394058
-382.59313375606047
486.2068662439501
2199.206866243938
1381.2068662439399
617.606866243943
1384.8068662439287
1294.0068662439392
-1457.7931337560171
-55.993133756063585
737.0068662439415
-1535.3931337560534
-825.3931337560584
-824.1931337560626
951.006866243936
1062.8068662439644
363.20686624394074
-1186.393133756056
-282.3931337560604
572.0068662439438
476.80686624394076
-346.3931337560645
607.6068662439477
1112.0068662439564
2693.206866243983
1838.8068662439202
560.6068662439475
-273.9931337560564
-361.7931337560473
336.6068662439391
607.0068662439478
-262.79313375605886
-951.5931337560368
139.20686624393664
560.0068662439477
998.4068662439471
2508.2068662439215
498.4068662439436
867.2068662439468
672.2068662439598
194.00686624393848
567.0068662439348
577.2068662439574
1253.4068662439406
499.606866243954
356.40686624393885
482.80686624394286
85.80686624392685
118.40686624394539
-416.393133756055
-737.7931337560549
-1510.5931337560987
-1304.1931337560636
304.2068662439219
1866.2068662439244
-242.3931337560616
1625.0068662439312
-133.99313375604694
-261.3931337560505
104.20686624394149
-159.59313375605558
1208.0068662439417
1215.0068662439073
1035.2068662439333
158.60686624394577
-229.59313375606484
-1638.793133756062
-1043.793133756062
627.806866243953
-464.5931337560555
138.00686624393433
1818.2068662439358
2719.0068662439253
700.206866243945
-247.39313375605354
689.0068662439422
367.8068662439385
135.80686624393894
-585.7931337560644
-7.7931337560618665
825.2068662439495
1204.40686624396
-124.5931337560531
-732.3931337560533
-153.5931337560415
1008.4068662439558
905.6068662439578
-1616.3931337560537
1040.8068662439482
-1291.3931337561025
-333.5931337560563
-1358.9931337560477
-1077.5931337560585
1494.0068662439146
-188.19313375606046
-434.39313375607406
1144.2068662439474
-329.39313375605747
-1452.9931337560663
-997.5931337560655
515.4068662439498
593.4068662439416
732.0068662439176
237.6068662439446
467.2068662439463
-1293.793133756067
-625.5931337560601
-431.5931337560552
-1027.3931337560286
-434.393133756053
438.0068662439427
338.2068662439643
-127.59313375604755
-165.79313375605943
-2068.593133756103
68.00686624393533
1317.2068662439615
-66.79313375604991
-1988.793133756003
278.8068662439446
392.80686624394116
-1132.3931337560566
1196.0068662439323
1519.6068662439043
523.4068662439366
560.4068662439477
-683.5931337560609
-783.7931337560655
-60.19313375606761
-1020.7931337560863
-142.99313375605882
282.00686624394206
-650.7931337560505
-1313.793133756055
-195.79313375605741
-1014.7931337560508
60.80686624394539
-1238.1931337560634
-305.59313375605853
776.0068662439488
-313.99313375605533
-727.3931337560689
-365.5931337560564
699.8068662439356
-723.793133756057
900.2068662439546
1195.4068662439577
1833.206866243948
1676.6068662439432
-337.39313375606
-1016.5931337560482
955.4068662439306
-921.5931337560647
-532.9931337560663
-1057.793133756072
1391.006866243933
1091.6068662438956
627.606866243933
-501.79313375604795
-675.1931337560543
881.8068662439389
-757.79313375606
72.40686624394678
1722.2068662439262
500.6068662439352
316.8068662439445
1519.0068662439548
-1086.3931337560396
2095.2068662439315
1216.0068662439521
-241.79313375606264
55.60686624394639
-721.793133756051
216.00686624394658
184.80686624394198
-40.793133756057244
-1402.5931337560714
555.2068662439445
67.80686624394875
219.60686624394685
769.0068662439315
19.806866243940526
-849.3931337560476
-19.193133756049793
-238.59313375607215
824.0068662439403
-1087.3931337560534
90.806866243938
-538.5931337560603
694.2068662439399
512.4068662439515
-2131.593133756065
867.2068662439489
172.0068662439445
-1322.9931337560745
877.4068662439582
733.2068662439464
-822.5931337560661
561.0068662439435
-2111.9931337560865
1945.8068662439623
1916.8068662439155
-268.1931337560623
505.6068662439423
792.8068662439404
1507.0068662439508
706.0068662439388
-93.79313375605471
522.8068662439409
320.8068662439468
1226.4068662439618
992.0068662439519
975.4068662439362
997.8068662439598
-916.3931337560684
599.2068662439357
-392.79313375605904
1257.406866243938
-694.7931337560539
1455.0068662439212
-1031.393133756058
-1937.1931337560613
877.2068662439436
-964.7931337560595
-652.5931337560559
68.00686624394739
422.00686624393336
22.206866243943466
1.4068662439381106
-747.3931337560862
271.0068662439325
-440.59313375604995
1.8068662439470806
2431.806866243966
1018.4068662439379
-153.79313375606282
-613.7931337560543
17.606866243946005
-527.9931337560616
-1411.9931337560567
-2019.7931337560879
-1043.793133756066
962.0068662439277
844.4068662439632
1358.6068662439357
-427.59313375605774
-1022.1931337560706
157.8068662439431
570.6068662439443
2705.006866243918
-333.19313375605736
1173.0068662439178
-395.3931337560551
-1557.993133756076
1068.4068662439631
1767.606866243972
1634.2068662439337
62.40686624394182
98.20686624393693
-667.3931337560556
-1825.9931337560456
-1167.1931337560206
-330.5931337560655
563.8068662439439
242.8068662439488
311.4068662439442
-1693.3931337560543
-1056.9931337560472
-1513.9931337560581
127.80686624394127
252.80686624394178
920.8068662439591
733.006866243952
-30.79313375605749
-862.5931337560654
696.6068662439656
1190.2068662439024
201.40686624394652
1313.4068662439488
1192.0068662439392
-1023.5931337560367
1257.0068662439573
-199.1931337560487
-556.7931337560588
-127.99313375605018
654.6068662439332
2184.8068662439114
1555.006866243937
3000.406866244021
1857.6068662439607
517.606866243952
2360.606866243908
606.6068662439413
38.80686624394444
-586.9931337560538
-955.5931337560583
-1167.9931337560631
196.60686624393148
894.0068662439418
430.00686624392927
753.6068662439474
-1257.3931337560757
-984.5931337560656
382.20686624393574
314.80686624394866
309.4068662439422
-153.99313375605803
1926.80686624396
2046.8068662439791
575.8068662439407
409.60686624393725
37.60686624393814
