-901.6464342435899
-968.0464342435317
-598.4464342435159
-1078.646434243526
259.9535657564876
27.35356575647444
-6.246434243516767
-48.44643424351784
290.5535657564801
-956.2464342435331
-2570.046434243518
-2071.8464342435013
-70.24643424352016
-100.64643424351321
-9.446434243517212
-241.84643424351646
-1100.84643424351
-594.046434243511
239.5535657564856
324.95356575647764
-644.446434243496
-410.8464342435391
-918.4464342435442
-728.0464342435318
-218.0464342435254
-171.0464342435191
-345.04643424352116
612.5535657564955
1784.3535657564976
595.953565756487
145.35356575647592
798.7535657564636
1593.753565756403
1210.753565756486
1355.9535657564736
-52.24643424351827
1880.5535657564885
2319.953565756513
65.35356575648915
60.353565756475255
701.5535657564885
-239.64643424352067
-578.0464342435115
-455.24643424354434
1732.153565756476
1226.5535657564976
1532.7535657565145
2706.753565756467
1818.1535657564848
1566.9535657564907
1479.7535657564915
2031.5535657564694
851.7535657564835
1074.553565756486
96.75356575647066
527.5535657564618
139.7535657564937
-655.4464342435247
-767.2464342435271
-1715.8464342435013
-450.4464342435193
1709.5535657564908
312.75356575648163
634.3535657564727
2003.1535657564868
-565.8464342435263
1012.9535657564769
676.7535657564807
875.9535657564755
2597.3535657565058
-83.84643424351451
-953.6464342435124
-1438.4464342435283
-129.046434243522
-1067.6464342435168
-1811.246434243512
140.75356575648016
-1163.8464342435186
-1630.0464342435635
305.5535657564816
-185.44643424352924
-477.04643424353134
-1553.646434243547
-92.24643424352126
-1042.8464342435254
-1142.046434243493
-2454.8464342435072
52.95356575647358
323.15356575648207
-1201.046434243529
-2004.0464342435316
-703.8464342435186
1304.5535657564355
333.15356575648707
-829.2464342435102
-635.046434243538
2038.7535657565231
-1611.246434243513
1031.3535657564823
845.1535657564876
774.1535657564812
324.3535657564789
338.55356575649233
1364.3535657564908
644.9535657564705
211.3535657564836
-1383.6464342435186
-341.4464342435216
831.9535657564874
77.1535657564794
202.95356575648404
334.35356575648586
-0.846434243522225
-169.24643424352703
268.55356575648085
513.3535657564877
-1554.246434243527
-564.046434243527
1573.1535657564948
1076.9535657564809
-77.84643424351792
-912.4464342435385
-2029.2464342435385
-756.246434243513
127.75356575648661
-1909.246434243493
-1758.846434243461
-674.8464342435055
1787.3535657565071
-675.6464342435031
-291.8464342435241
362.7535657564932
971.1535657565189
2219.5535657565306
12.553565756482614
-1465.4464342435106
-459.64643424352
-510.24643424351933
-1937.6464342435165
-868.646434243514
1284.9535657564893
1053.1535657564825
1470.9535657564688
1249.5535657565001
-1396.0464342434873
-2503.4464342435235
-1433.6464342434706
-879.8464342435304
490.9535657564893
1005.7535657564842
796.7535657564913
1934.5535657564749
1043.7535657564592
513.5535657564669
390.95356575648424
867.7535657564748
964.9535657564899
-1176.6464342435138
-384.44643424353046
-96.04643424352162
69.15356575648516
-689.446434243517
-1181.4464342435347
-291.6464342435192
463.1535657564663
1744.3535657565196
143.95356575648407
-1255.6464342435054
-744.046434243527
-1965.8464342435136
492.15356575648036
-609.4464342435163
1699.553565756479
1616.9535657564686
640.3535657564798
539.7535657564772
-1282.046434243488
-1620.8464342435204
-928.8464342435651
-1318.446434243581
-2182.04643424355
551.9535657565067
-877.8464342435155
465.5535657564739
-489.846434243516
-2187.646434243562
157.35356575649104
1675.5535657564735
91.95356575648513
180.95356575648805
-532.2464342435256
138.55356575648005
39.35356575648699
-197.04643424352332
613.1535657564747
-1062.2464342435248
587.7535657564906
1570.5535657564799
1257.3535657564914
899.1535657564788
-218.2464342435163
-1759.6464342435168
962.3535657564698
-250.44643424352302
1589.9535657564554
1930.3535657565003
93.55356575648395
-651.4464342435091
-2068.4464342435194
1498.5535657564762
1104.3535657564908
-817.2464342435445
-897.6464342435253
-96.04643424351637
-656.2464342435215
-1252.0464342435225
-2155.8464342435373
-1894.0464342435373
584.15356575648
646.953565756481
677.1535657564768
-502.4464342435198
-690.0464342435216
56.353565756483235
-1255.2464342435162
860.3535657564771
402.5535657564765
836.5535657564801
-744.046434243517
606.7535657564579
1428.1535657564618
697.7535657564733
1102.1535657565319
-664.6464342435168
83.15356575648391
-1613.8464342435414
-392.4464342435279
819.9535657564929
-513.8464342435152
456.75356575648533
-239.24643424352257
-613.446434243481
-1205.6464342435372
429.15356575647877
1320.3535657564662
697.9535657564803
-1555.4464342434949
-1657.6464342435472
-1690.6464342435104
-250.84643424352566
1553.5535657565044
1104.9535657564581
1476.5535657564774
-1750.8464342435184
-432.04643424353475
107.1535657564833
127.7535657564802
428.55356575648005
-1098.8464342435343
-984.8464342435316
-2031.2464342435255
131.95356575648026
-324.2464342435151
-329.44643424352074
1504.953565756501
2255.3535657565
820.7535657564728
-1565.8464342435275
-657.4464342435377
646.7535657564722
629.9535657564653
803.7535657564919
666.1535657564834
-1295.0464342435555
-1597.846434243535
24.553565756487146
-709.8464342435242
-154.4464342435199
-2203.0464342435926
-1267.0464342435466
-1277.0464342435262
73.75356575648169
-1036.0464342435212
-884.4464342435245
738.3535657564892
10.753565756476576
728.5535657564806
-54.24643424352205
1633.1535657564707
-69.24643424351727
295.3535657564848
455.9535657564881
896.7535657564794
947.5535657564872
-1029.2464342435167
-1234.6464342435004
-750.0464342435432
114.75356575648271
870.7535657564551
-431.4464342435245
-1145.846434243541
-1795.4464342435233
-217.64643424353756
-1354.8464342435066
-54.646434243536696
279.553565756481
-832.046434243504
-2738.4464342434035
-2853.6464342435
-616.8464342435288
-760.2464342435055
-1014.446434243544
-2657.8464342435313
-1615.8464342435204
927.1535657564723
740.9535657564505
906.9535657564718
158.15356575648025
1033.5535657564892
-198.24643424352033
537.1535657564943
-89.24643424352418
683.3535657564839
2046.9535657565104
2779.953565756443
388.9535657564894
1540.7535657565004
2633.953565756511
54.553565756482186
464.1535657564695
1875.953565756489
-1490.2464342434869
296.9535657564873
-275.44643424352927
-1054.2464342435326
-1149.6464342435268
-419.0464342435201
-350.84643424352
-312.2464342435148
-1782.0464342435312
-1080.446434243516
-1875.4464342436006
-1566.446434243472
1053.1535657564618
-171.64643424351132
-2733.846434243443
428.7535657564856
2914.3535657564253
1414.9535657564709
670.9535657564866
451.55356575647676
-629.4464342435281
-91.04643424352102
-981.4464342435175
-805.2464342435248
-50.84643424352136
2000.3535657564871
-410.6464342435295
-931.0464342435096
1056.753565756469
502.35356575648893
476.55356575647323
-557.2464342435243
-1479.646434243452
64.15356575647607
-788.2464342435017
-666.246434243539
-213.44643424352358
398.7535657564756
-1757.0464342435957
-2468.2464342435824
-981.0464342435222
71.55356575647646
-2882.246434243466
-1029.8464342435705
2125.7535657565245
819.1535657564748
143.5535657564783
105.95356575647975
1618.5535657564874
2456.5535657564683
1382.5535657564888
-1038.8464342434922
1521.3535657564798
234.95356575648427
-836.0464342435201
693.9535657564801
384.3535657564837
3747.5535657564997
3120.953565756492
-446.8464342435222
-958.8464342435294
-972.4464342435177
-102.04643424351801
733.7535657565046
-612.6464342435005
1833.5535657564892
267.1535657564735
-2850.0464342434993
-449.04643424351764
-420.4464342435332
-1277.6464342435224
-1110.2464342435626
-30.246434243521815
-1341.4464342435308
1816.1535657564698
1591.7535657564788
1204.5535657564444
981.9535657565257
3027.1535657564905
29.553565756476473
2927.953565756475
3647.1535657565173
537.1535657564793
-782.8464342435306
876.9535657564838
-1931.8464342435348
-2178.646434243524
-761.0464342435397
341.75356575648186
1496.7535657564438
1826.7535657565138
428.1535657564823
-3160.846434243566
-2588.6464342435484
-2437.2464342435896
118.3535657564853
-2144.0464342435253
-1001.6464342434812
-2189.8464342435364
-3404.246434243547
-4459.446434243483
-2497.846434243494
-1447.2464342435517
-2591.64643424354
-2979.6464342435306
-984.6464342435372
-293.04643424351775
-1663.646434243522
-176.44643424351773
-969.0464342435364
330.7535657564805
340.7535657564897
2364.7535657564435
3395.3535657564885
740.1535657564932
940.3535657564641
1769.1535657564857
-690.2464342435144
-619.4464342435006
-920.6464342435193
1159.353565756487
2147.5535657564837
967.9535657564388
696.5535657564413
-566.0464342435198
-11.84643424352305
-1974.2464342435298
-1009.0464342434954
1164.7535657564918
-1715.6464342435033
-3203.4464342434726
772.5535657564848
-3667.646434243511
-3562.8464342434195
-701.2464342435105
-132.0464342435161
-164.24643424351413
-2152.846434243496
-1288.8464342435414
-526.0464342435066
272.353565756485
-513.646434243522
-1873.846434243549
1538.1535657564725
2557.9535657565093
913.7535657564786
1546.3535657564864
2810.953565756541
-832.2464342435136
-2492.8464342435364
-781.2464342435429
-1670.8464342435088
162.9535657564807
1206.5535657564585
643.1535657564812
1791.353565756478
989.7535657565143
-244.64643424352357
-1266.84643424352
-2565.2464342435273
-859.8464342435346
-2180.2464342435374
-3790.6464342435693
1104.7535657564877
-248.64643424351638
-1982.046434243489
-2444.0464342435216
-2566.8464342435223
942.55356575647
-315.04643424351576
1385.3535657565048
1318.9535657564825
-1372.2464342435437
-1863.4464342434974
-1626.0464342435153
921.1535657564772
471.5535657564485
-740.6464342435197
346.153565756478
2834.7535657563744
-1538.2464342435178
-2635.446434243606
-684.2464342435203
-1566.046434243511
-735.6464342435197
-283.24643424353144
1737.5535657565322
3155.353565756558
1502.953565756411
236.95356575649367
232.75356575648027
60.953565756477815
622.7535657565024
428.3535657564752
-125.8464342435162
1600.7535657564572
-1019.846434243493
-1675.0464342434939
-1106.8464342434954
-2709.2464342435073
568.7535657564873
348.55356575648005
-164.24643424350415
-232.24643424351427
-1402.6464342435045
-1590.6464342435265
909.9535657564716
-166.64643424350692
-2429.446434243526
101.1535657564982
2802.753565756446
3835.3535657563298
1498.9535657564643
148.9535657564721
-252.44643424353447
-584.8464342435193
-303.84643424351844
739.1535657564749
833.1535657564677
2263.1535657565455
3326.953565756542
1095.1535657564748
324.55356575648045
455.9535657564861
-1593.646434243539
-1900.8464342435366
-837.0464342435059
274.55356575647824
872.7535657564833
-488.0464342435028
-2510.8464342435545
-2154.2464342435555
-1663.2464342434887
-2305.446434243569
-2260.0464342435357
999.7535657564737
1284.753565756475
-988.6464342434954
-498.64643424351726
-1093.6464342435263
-1312.646434243527
2105.353565756464
664.7535657564983
-840.0464342435296
-703.8464342435112
-2276.2464342434637
175.3535657564765
1281.3535657564569
-393.84643424351896
-674.8464342435083
-2899.2464342436083
-2244.8464342435277
1357.9535657565068
959.3535657564787
784.7535657564791
752.1535657564839
470.1535657564874
-2272.446434243505
-2468.846434243526
-483.44643424353586
62.15356575647182
-2149.846434243517
-1556.8464342435173
-639.6464342435256
-1176.4464342435183
-469.44643424352444
-720.0464342435392
1650.3535657564737
1236.953565756488
-913.0464342435146
-755.8464342435266
302.95356575648054
226.75356575647822
364.9535657564795
-1238.6464342435152
266.55356575647687
81.95356575649086
-1669.046434243531
573.3535657564829
2119.7535657564604
861.3535657564779
439.3535657564761
-1645.4464342434953
-22.24643424351456
977.5535657564789
-618.2464342435012
-3633.0464342434466
-3292.8464342435814
1313.5535657564699
-743.0464342435113
-483.84643424353305
-329.6464342435197
-631.4464342435094
-660.8464342434912
-457.04643424352054
-464.84643424356045
-1838.4464342435645
468.15356575647036
-345.64643424355427
257.7535657564953
180.95356575647838
594.5535657564881
1744.9535657564702
742.5535657564868
1564.953565756465
1318.3535657564669
412.9535657564818
954.5535657564955
1613.3535657564835
-717.2464342435154
561.9535657564825
933.9535657564912
714.3535657564705
663.9535657564738
-1585.4464342434976
-2006.8464342435395
-1477.8464342435261
17.15356575647397
-140.04643424351414
-597.0464342435157
-2157.6464342435015
-1841.6464342435158
-547.8464342435177
-2419.6464342435197
-2180.8464342435136
-1924.6464342435504
-1452.8464342435134
-1055.6464342435256
-810.2464342435286
868.9535657564737
222.9535657564795
-782.2464342435305
114.55356575647897
2241.3535657564858
3063.553565756463
1505.7535657564697
-561.8464342435217
-1348.246434243509
100.1535657564811
1201.753565756487
1739.1535657564727
1779.5535657565426
2423.3535657564903
3265.553565756502
470.3535657564695
-916.6464342435142
-1033.2464342435253
-231.6464342435287
1295.5535657564674
847.5535657564851
548.7535657564679
295.9535657564888
-1870.246434243499
-3772.446434243512
-1214.6464342435443
-1522.246434243528
399.75356575647805
-1556.0464342435403
-486.2464342435026
-895.0464342435291
-3148.046434243542
1101.7535657564845
-114.04643424352535
-797.6464342435169
-15.446434243524125
-751.8464342435063
-1528.0464342435503
-1647.0464342434489
-266.046434243513
-11.046434243523155
1442.1535657564827
-70.44643424352142
-36.44643424351995
1185.153565756446
321.9535657564752
273.55356575648466
831.5535657564853
793.7535657565259
1277.3535657565187
2134.1535657564436
-370.446434243514
-1163.8464342435216
355.35356575648694
-879.6464342435239
-659.4464342435332
362.9535657564794
-54.04643424351843
-347.24643424352354
100.35356575647947
-1589.2464342435562
-2913.0464342434125
-2438.8464342434945
-2952.24643424354
-786.2464342435236
-301.0464342435281
-2462.84643424345
-1363.246434243538
-152.24643424351336
-976.4464342434969
-3422.646434243469
-889.2464342435343
-1526.846434243527
-482.0464342435187
-699.6464342435166
-1663.4464342435124
225.3535657564838
2920.553565756458
4.3535657564778845
1453.353565756463
692.9535657564733
-190.04643424352207
-323.64643424352494
-1518.2464342435155
-577.4464342435241
-586.0464342435362
-1501.0464342435537
-15.246434243526382
735.1535657564635
1292.3535657564964
-156.44643424351767
-157.84643424351378
-1685.8464342435257
-2028.2464342435542
-964.846434243513
677.3535657564895
869.5535657564814
789.5535657564712
-53.64643424352387
342.55356575649387
-636.4464342435159
-290.44643424351506
-1394.246434243533
363.95356575648384
-396.4464342435223
-1294.8464342435202
-768.846434243513
-15.24643424351063
1000.1535657564804
2658.1535657564687
876.7535657564741
966.7535657564789
477.7535657564889
-1258.646434243535
-369.0464342435157
-671.246434243518
743.5535657564815
1059.7535657564574
-620.8464342435162
-1092.8464342435022
1274.7535657564829
-833.84643424349
-1353.6464342435256
-1250.8464342435511
-1620.2464342435214
-2180.0464342435416
-971.6464342435061
-509.84643424351947
-1031.2464342435387
143.95356575647392
-146.2464342435123
383.35356575648655
1552.5535657564571
-1658.8464342435443
-1080.446434243572
-1730.4464342435233
-1266.8464342435336
1165.9535657564738
753.3535657564678
1899.1535657565244
1378.5535657564612
-624.2464342435212
-2185.2464342435833
-873.4464342435249
1096.7535657564613
-1433.6464342435063
-1263.6464342435142
888.3535657564697
1167.7535657564913
1489.1535657565266
-1301.8464342434697
-284.4464342435224
1043.5535657564863
-30.246434243496967
-759.6464342435369
-988.6464342435379
-2266.246434243558
-298.6464342435248
248.353565756476
-1305.6464342435006
194.95356575648162
685.3535657564797
325.35356575648143
-774.4464342435208
1852.3535657564962
-117.24643424350887
1057.1535657564805
5.553565756479749
116.15356575648266
1684.3535657564782
1417.3535657564057
2670.553565756491
1341.1535657565084
678.5535657564858
592.1535657564825
1513.5535657564835
701.7535657564823
-642.246434243522
-1875.246434243494
88.75356575647996
90.55356575647478
1919.9535657564784
-505.84643424352436
158.55356575647846
605.9535657564784
-1419.2464342435233
-1185.4464342435292
1230.353565756505
-1217.2464342435203
-591.0464342434982
-576.4464342435301
-558.4464342435249
-68.24643424351251
-1917.046434243538
-1772.846434243486
-258.8464342435269
-2149.0464342435316
-1376.0464342434818
-491.04643424352673
1649.3535657564323
-788.0464342435258
1174.5535657564992
1174.5535657565033
-218.04643424352648
-1630.2464342435019
2431.953565756486
684.753565756492
754.3535657564834
-236.64643424352337
-1963.046434243488
-1490.846434243516
59.5535657564591
297.1535657564853
901.9535657564765
-1088.8464342435432
-438.0464342435078
284.9535657564825
529.75356575648
-586.6464342435175
806.9535657565013
-974.8464342435345
-985.4464342435178
-433.84643424351344
-914.246434243517
-1367.6464342435258
-1279.846434243531
629.9535657564729
661.1535657564735
-833.0464342435309
265.35356575648365
-1525.8464342435457
-497.4464342435145
-1337.446434243453
312.5535657564909
587.5535657564712
507.55356575648744
900.7535657564839
1594.5535657564667
-885.2464342435175
483.9535657564595
-1138.446434243515
-2079.646434243507
779.1535657564697
727.3535657564753
-1950.6464342434947
166.15356575648048
81.35356575648052
787.9535657564905
-873.4464342435018
469.3535657564751
1130.5535657564849
620.5535657564621
-1197.2464342435308
926.1535657564845
1456.5535657564844
807.3535657564742
-946.6464342435269
-361.64643424351266
867.3535657564707
-691.4464342435409
-1245.4464342435097
-1439.2464342435119
-2241.246434243545
-2204.6464342435347
-1094.0464342435353
-384.24643424351166
-1773.846434243509
-521.0464342435287
2732.3535657564607
-92.44643424352414
-659.0464342435218
209.95356575647523
235.95356575648373
1816.353565756464
-78.64643424352421
-232.4464342435303
-2358.8464342435736
-411.4464342435185
1803.35356575649
766.1535657564805
465.75356575648277
524.5535657564856
211.75356575647746
-8.2464342435184
-186.44643424352188
1590.1535657565043
-194.84643424351765
1375.7535657564629
-103.84643424352197
-2670.2464342435196
179.15356575647652
-394.6464342435156
139.55356575648602
397.95356575647276
674.3535657564728
57.35356575648535
-1081.6464342435365
-1310.8464342435243
-873.446434243518
-788.4464342435201
1879.9535657564802
-406.44643424352483
-310.2464342435229
-755.4464342435285
1250.7535657564615
1256.3535657565035
-872.2464342435255
1017.7535657564832
-294.4464342435283
-1047.846434243501
-14.646434243521348
-1464.0464342434977
-383.0464342435243
149.353565756478
-1543.246434243546
-722.8464342435265
745.7535657564795
1761.753565756481
-626.8464342435244
576.1535657564759
282.7535657564756
-223.2464342435237
1992.7535657564624
-23.846434243517713
1324.153565756465
-257.8464342435194
744.953565756482
1538.9535657564438
-951.2464342435269
-1158.0464342435123
155.35356575646313
410.55356575649785
1826.5535657564803
41.75356575648358
1118.5535657564794
674.753565756489
763.3535657564681
-920.8464342435182
-837.8464342435149
805.953565756484
193.95356575648574
110.7535657564813
931.7535657564794
304.9535657564769
-291.4464342435231
-945.2464342435017
-2739.2464342435214
-1173.0464342435073
-615.4464342435335
-247.84643424351816
-656.4464342435288
-465.24643424351723
-1973.0464342435862
-12.246434243525496
569.1535657564802
-1935.4464342435247
-576.0464342435029
-1550.846434243542
-803.6464342435085
-552.0464342435238
645.1535657564835
2986.1535657564245
212.55356575647147
-1085.8464342435238
628.9535657564904
-807.0464342435396
-893.2464342434833
-1288.4464342435226
-76.84643424352659
83.35356575648161
106.95356575648114
392.9535657564887
-125.64643424351709
-1458.2464342435435
-1567.046434243549
-1571.446434243517
-335.2464342435083
-505.2464342435166
-1079.846434243512
-1990.4464342435579
-2489.446434243552
-1417.8464342435072
-129.2464342435072
137.7535657564763
-947.0464342435238
-874.2464342435356
-1521.6464342435117
-1562.0464342435057
-833.8464342435242
264.7535657564763
-156.4464342435028
-162.44643424351935
257.5535657564888
-366.0464342435134
-715.2464342435227
-623.4464342434961
-76.24643424351416
1372.7535657564745
613.1535657564766
-1003.646434243534
55.35356575647559
349.1535657564877
-1227.2464342435321
-444.84643424352043
-390.6464342435223
-697.6464342435139
1102.9535657564727
257.55356575648585
1310.553565756511
1093.7535657564918
886.5535657564724
1091.1535657564948
-195.24643424352553
-415.64643424351505
743.3535657564772
2276.9535657565075
921.5535657564834
773.5535657564827
-717.6464342435208
-234.44643424351966
-71.04643424351477
339.3535657564682
158.5535657564808
-1144.2464342435435
-800.2464342434972
1331.753565756494
-430.44643424351597
-897.4464342435169
-81.24643424351959
-38.646434243514655
321.353565756463
-721.246434243535
-1598.6464342434404
347.3535657564778
-1540.8464342435232
-1025.0464342435591
-987.8464342435191
983.9535657564721
1690.353565756482
53.35356575649229
323.1535657564791
-818.6464342434956
-1131.4464342435274
-25.84643424352091
-363.2464342435091
-970.8464342435248
-1123.6464342435224
802.9535657564805
-631.6464342435332
-860.2464342435095
-3116.4464342435194
-142.44643424352276
620.1535657564662
106.95356575648422
-491.44643424353296
797.7535657564763
1375.953565756463
308.5535657564873
-1094.046434243534
-2438.2464342435437
-454.6464342435363
-166.2464342435237
1129.5535657564863
-43.84643424352392
-1390.0464342435666
-1529.2464342434876
-770.646434243544
1262.3535657564732
1027.1535657564734
1298.1535657564762
629.3535657564761
629.9535657564821
-186.04643424351246
-1085.4464342435062
-209.64643424352164
-118.84643424352097
840.5535657564712
888.9535657564564
1639.9535657564843
1679.1535657564593
-1457.2464342435667
-883.8464342435029
27.553565756480044
306.3535657564848
-114.64643424352109
171.35356575648362
-1204.6464342435136
427.353565756486
601.1535657564776
-853.046434243539
-1308.4464342435633
-2051.8464342435227
-148.64643424351996
939.3535657564803
125.35356575647705
-8.846434243517795
-357.04643424351457
1524.1535657564825
12.55356575647312
-1219.846434243526
-224.44643424351938
431.95356575648105
-212.84643424351944
-428.84643424353055
-357.0464342435143
-1501.6464342435443
-315.44643424352705
932.753565756485
150.15356575648244
-190.8464342435098
666.5535657564793
445.3535657564796
1151.5535657564765
623.9535657564771
-631.8464342435184
1189.7535657564445
894.1535657565014
1268.353565756487
296.953565756487
211.95356575648566
410.35356575648507
-286.2464342435297
525.5535657564745
-485.8464342435213
-771.8464342434995
947.3535657564755
-1248.4464342435242
-652.8464342435133
-43.446434243515924
1816.9535657564766
-255.84643424352097
-973.8464342434836
13.153565756460846
-1175.4464342435026
1230.153565756488
-1061.6464342435263
-212.04643424352645
-1071.4464342435285
-1210.0464342435198
912.5535657564809
804.5535657564851
785.9535657565027
1224.753565756487
524.7535657564772
-523.2464342435165
1098.7535657564763
137.7535657564806
1313.5535657564974
1248.5535657565351
-402.046434243522
406.153565756488
531.9535657564829
-792.2464342435105
860.5535657564652
79.55356575647724
176.15356575647303
-143.64643424351584
1064.9535657564772
721.5535657564865
-777.8464342435162
33.75356575648007
1049.9535657564873
663.1535657564899
1761.953565756488
1347.353565756458
-1454.046434243533
890.1535657564897
-1953.8464342435145
-1097.4464342435326
-382.0464342435181
-735.2464342435259
-822.0464342435274
-1179.2464342435212
2122.1535657565464
1904.9535657564898
118.5535657564805
-170.2464342435193
541.5535657564595
897.7535657565012
289.75356575648277
42.95356575647837
31.353565756476826
1108.9535657564882
-285.6464342435172
-895.8464342434988
-131.6464342435244
-804.4464342435241
-146.4464342435132
-1605.4464342435597
1627.5535657564662
1081.3535657564737
1081.1535657564814
-2053.0464342435266
-785.64643424351
695.5535657564799
1111.35356575648
1688.3535657564864
-1150.046434243534
-808.6464342435238
-2739.8464342436046
-1624.0464342435548
-1429.446434243494
-2422.4464342435335
-926.6464342435098
-381.24643424351825
40.353565756480364
-429.4464342435136
479.15356575648343
1301.3535657564635
1884.5535657564594
-3.446434243524191
-616.2464342435117
-849.6464342435273
1330.1535657564789
2180.553565756491
571.3535657564917
190.9535657564746
-2000.8464342435489
-544.8464342435166
-537.8464342435233
-797.4464342435032
762.7535657564819
-1275.6464342435308
-1733.4464342434883
-3460.046434243557
-789.446434243509
-684.8464342435126
-204.6464342435176
1424.753565756487
1474.1535657564725
-24.84643424352165
-1191.0464342435318
63.75356575648193
-442.8464342435106
-475.4464342435162
472.7535657564899
891.7535657564733
15.953565756479964
132.1535657564823
1117.153565756489
717.3535657564771
1894.3535657564594
-1227.0464342435073
-216.24643424352325
636.3535657564831
2173.5535657564515
-317.24643424351416
-1611.6464342435434
-113.44643424352083
-421.8464342434902
-277.4464342435189
-862.8464342435045
874.7535657564772
-184.84643424351532
-709.2464342435185
-1270.6464342435363
-1566.0464342435475
-949.6464342435271
-2317.44643424354
-1816.446434243533
-952.2464342435215
265.1535657564791
1173.1535657564984
-119.04643424352409
-1019.4464342435028
-1756.4464342435451
265.75356575648374
-1480.8464342434931
282.9535657564817
1537.1535657564577
1357.9535657564697
-1096.8464342435082
-1073.2464342435421
1028.153565756476
103.15356575648144
881.7535657564761
139.35356575648552
445.15356575648
341.55356575648847
-1317.246434243528
-614.2464342435186
-853.6464342435062
-934.6464342435314
-640.2464342435206
586.1535657564841
48.95356575647564
-781.8464342435249
-312.2464342435017
188.55356575648347
-2050.8464342435086
-890.8464342435082
939.7535657564855
-356.8464342435096
704.7535657565036
2545.5535657564583
-915.6464342435264
153.1535657564898
-111.64643424352033
-548.4464342435292
-469.2464342435213
831.1535657565149
1601.553565756512
2221.153565756443
376.15356575649633
591.153565756486
-903.0464342435237
-458.84643424351214
2767.3535657564453
1844.5535657564833
-1257.6464342435092
-155.24643424351814
-249.44643424351742
-1839.6464342435265
-1366.6464342434997
-2322.246434243525
-2122.846434243495
-262.8464342435296
-209.4464342435266
-1369.2464342435633
-2073.8464342435655
-786.2464342434996
-3126.2464342435087
-3516.8464342435286
-415.64643424352005
525.1535657564949
580.5535657564924
681.3535657564604
167.95356575647807
402.35356575649564
-735.6464342435182
-154.24643424351916
619.7535657564578
1229.353565756527
-151.04643424351798
-2.8464342435083125
496.55356575647363
1727.3535657565396
-1535.0464342435077
-143.44643424350932
2807.153565756495
853.1535657565106
-500.2464342434997
-2492.246434243552
-3636.6464342434856
-2767.846434243544
-2015.2464342434937
-3697.646434243581
-93.84643424351701
316.3535657564853
528.9535657564869
299.7535657564838
-1131.6464342434995
411.15356575648406
-762.0464342434982
-3577.046434243529
-1633.4464342435228
627.3535657564737
1550.5535657564312
2401.153565756519
1090.1535657564827
2566.1535657564814
1691.1535657564384
-815.6464342435174
2006.5535657564508
1026.5535657564947
255.55356575649262
1229.9535657565134
1728.9535657564334
-226.44643424353563
2101.353565756501
1879.1535657564832
252.9535657564863
-1003.8464342435165
506.7535657564699
-3724.0464342434643
-2149.6464342435274
-796.8464342435149
-3058.0464342435025
-3305.6464342435193
506.35356575647677
-447.0464342435232
-461.2464342435257
-714.6464342435136
159.1535657564783
-838.4464342435191
-798.8464342435213
-834.0464342435282
-2543.0464342435453
-957.6464342435252
-624.6464342435207
1464.5535657564526
-581.2464342435176
850.3535657564844
422.7535657564944
-575.4464342435047
-716.8464342435005
1507.7535657564608
2714.7535657564404
1453.5535657564794
57.75356575648986
814.1535657564805
569.7535657564865
-612.046434243531
769.5535657564959
-804.0464342435121
-924.2464342435178
-1335.8464342435523
-698.0464342435545
423.5535657564941
-1624.2464342435737
-1418.6464342435236
1750.7535657564927
1384.9535657564577
874.3535657564754
-645.0464342435121
1457.75356575648
142.15356575648295
-664.0464342435297
506.1535657564925
91.15356575647677
874.3535657564694
-671.0464342435248
-27.64643424352073
2654.153565756452
1015.7535657564817
-63.44643424353014
3715.953565756467
796.9535657564635
1928.1535657565214
4178.153565756579
2629.7535657565854
2988.9535657565134
1611.3535657564917
468.15356575648184
787.7535657564623
2334.7535657564276
1010.3535657564598
-2124.8464342435273
-563.8464342435226
-495.24643424352706
-2124.046434243569
-868.4464342435169
978.5535657564762
-1482.646434243552
-651.2464342435319
54.55356575648007
-1504.446434243482
1030.5535657564674
-180.04643424352332
-880.8464342435017
382.5535657564925
394.95356575647946
1569.9535657564402
952.3535657564656
-2029.046434243511
-415.84643424351833
-1241.84643424353
-1470.646434243515
2873.95356575646
2685.953565756515
1641.3535657564532
1651.7535657564765
-1771.8464342435525
2582.753565756536
1587.1535657564648
1978.5535657564685
2362.953565756482
657.1535657564789
-429.2464342435204
-2444.6464342434933
308.5535657564872
763.5535657564794
-2028.4464342435858
-647.0464342435398
2033.9535657564745
-1989.0464342434998
-333.6464342435133
-510.2464342435056
-2032.8464342434881
-439.6464342435056
-1466.246434243534
-960.2464342435002
19.553565756487714
-1385.046434243482
-67.84643424352437
441.553565756482
-245.84643424352683
970.153565756456
933.3535657565003
-259.64643424352676
1335.353565756475
-723.0464342435066
41.95356575648076
2189.753565756445
-2173.2464342435364
686.9535657564965
1132.9535657564397
-313.44643424352813
-868.0464342435042
-613.246434243517
-1604.0464342435257
-154.84643424351756
817.7535657564662
106.75356575647899
881.1535657564879
2516.153565756488
3216.553565756594
1044.9535657564804
1956.7535657564813
-1149.4464342435508
-1139.246434243511
15.353565756477114
1116.9535657564622
988.953565756491
1379.3535657565023
965.3535657564794
-687.2464342435316
-1287.4464342435308
-459.84643424351316
-1158.0464342435216
-540.2464342435215
460.5535657564837
912.3535657564915
1355.7535657564592
2504.1535657564555
2020.5535657564478
875.1535657565
791.7535657565094
148.55356575648116
-1460.4464342435315
663.5535657564774
1551.7535657564888
-321.2464342435224
147.15356575648798
1120.1535657564775
665.5535657564817
2355.753565756487
273.1535657564747
-1124.646434243506
-480.84643424352606
-213.24643424351265
-1171.8464342435382
644.7535657564825
-682.8464342435188
-27.246434243516738
-531.4464342435426
-826.246434243517
700.9535657564558
-673.446434243509
95.15356575648337
610.7535657565027
84.55356575647953
-814.4464342435157
-787.4464342435222
-396.4464342435177
1631.1535657564486
652.7535657564814
804.9535657565061
975.5535657564674
957.3535657564643
23.353565756480428
-1357.0464342435084
-307.2464342435269
-549.0464342435305
-566.8464342435143
-714.4464342435258
264.9535657564778
-466.4464342435227
-613.6464342435142
-1747.446434243562
-401.04643424353355
-947.6464342435299
-1434.4464342435278
-2068.046434243465
-300.64643424351715
-1158.4464342435115
-367.8464342435265
-248.6464342435519
1263.9535657564802
1437.553565756477
-118.64643424351459
-2498.046434243542
-1394.4464342435174
2029.7535657564954
1091.9535657564616
1580.753565756372
1180.1535657564991
2116.7535657565168
1594.7535657564752
1135.553565756468
1383.153565756474
-95.04643424352533
1044.3535657564912
-354.6464342435206
-1006.8464342435269
-2422.846434243559
-1499.646434243507
-1098.6464342435202
-1333.8464342435298
280.1535657564788
528.7535657564736
-766.4464342435251
-545.2464342435263
-0.8464342435203847
-1587.6464342435306
-2493.646434243546
-1254.4464342435192
-232.44643424351872
690.7535657564764
-562.4464342435439
-774.2464342435346
-729.0464342435157
980.3535657564815
557.753565756458
-542.0464342435176
-906.6464342435171
719.5535657564905
2442.1535657565014
-272.8464342435186
-945.4464342435107
-1082.0464342434882
-275.44643424351204
175.95356575648606
-36.246434243492665
1196.5535657565101
-433.6464342435133
-2022.0464342435196
-2163.2464342435587
-654.4464342435256
-260.6464342435213
371.75356575648317
-1300.4464342435106
-1878.4464342435424
-1344.2464342434937
-366.0464342435259
229.35356575647637
-34.246434243518706
-486.6464342435097
1489.953565756458
551.353565756479
-70.04643424351622
189.55356575648335
791.153565756473
1287.7535657564624
-16.04643424352158
223.1535657564525
78.15356575646416
-1221.4464342435137
-1798.8464342435018
878.9535657564869
-90.04643424351727
1410.7535657564802
-497.44643424351636
1987.1535657564784
2729.3535657564885
-290.04643424351485
2141.95356575648
-6.846434243512828
-17.046434243520974
575.9535657564804
-249.4464342435212
-991.4464342435383
-502.0464342435116
668.7535657564791
872.3535657564815
1847.5535657564537
946.7535657564807
-345.6464342435078
-612.6464342435374
-2872.2464342435023
-1228.8464342434947
1422.3535657564737
1164.9535657564713
930.353565756483
1457.5535657565022
-1692.846434243527
-3115.046434243563
-110.44643424351177
-261.64643424352084
-318.6464342435201
1287.7535657565293
-31.64643424351803
-374.24643424351655
668.5535657564835
607.3535657564654
468.35356575648575
443.1535657564714
-417.4464342435182
200.1535657564892
525.3535657564933
-208.44643424352475
807.353565756509
1932.7535657565495
1002.753565756488
-1131.04643424352
787.3535657564664
-349.8464342435176
1372.953565756502
826.7535657564671
-1525.846434243552
-1218.0464342434923
-333.2464342435593
-1881.6464342435156
976.1535657564834
762.9535657564811
-715.8464342435295
-729.8464342435138
-1935.8464342435323
-1472.2464342435528
-1837.4464342435297
-1719.446434243527
139.1535657564813
1317.3535657564746
1001.7535657564358
-120.84643424351198
708.9535657564813
1775.3535657565055
1505.953565756449
446.3535657564856
1391.7535657564797
716.3535657564478
-154.24643424351598
-988.6464342435382
231.95356575646935
-18.046434243514785
1191.3535657564664
542.5535657564744
1603.5535657564396
292.35356575649894
517.9535657564663
-239.64643424352445
-319.04643424352713
-521.4464342435106
314.75356575648357
-388.0464342435273
-48.24643424352331
-165.84643424351574
-1397.4464342435222
236.75356575646902
-1412.0464342435248
-736.8464342435177
-1200.2464342435242
-2142.8464342435805
-2216.6464342435015
-108.24643424351537
-1169.046434243518
-48.64643424352093
826.953565756472
1748.1535657565175
1107.5535657564913
771.9535657564834
209.95356575647864
-954.6464342435005
-716.4464342435227
-1871.0464342434993
-747.046434243518
867.3535657565152
-1338.2464342435371
-432.04643424351354
-327.44643424351784
-1150.446434243502
475.1535657564785
-758.8464342435199
-15.246434243515484
-1340.246434243546
-1970.2464342435203
-2847.646434243545
-1195.246434243518
1632.5535657564621
-464.0464342435233
-315.2464342435202
107.75356575648684
-228.8464342435189
659.3535657565066
-2064.646434243564
-1716.446434243511
-643.4464342435001
-449.04643424351326
683.1535657564943
1433.15356575647
712.3535657565208
2071.1535657564077
1699.75356575651
-578.446434243517
935.3535657564904
890.553565756498
455.55356575648125
-654.8464342435117
1480.3535657564528
-162.04643424350974
1427.5535657564726
1724.1535657565073
202.15356575649952
174.15356575646274
-807.0464342435181
-90.04643424351816
-1852.6464342434974
-858.0464342435164
-384.2464342435174
1451.3535657564946
1543.7535657564808
915.5535657564966
-122.04643424352548
966.1535657564837
11.553565756478427
2044.1535657564714
-54.04643424351512
59.353565756472165
469.15356575648525
-1553.246434243509
-602.2464342435252
2581.153565756454
324.9535657564966
336.5535657564893
-34.246434243516475
12.353565756477305
364.953565756463
-1328.246434243522
-631.0464342435323
705.1535657564868
-962.2464342435184
-359.2464342435224
569.9535657564774
3094.5535657564574
-131.64643424352113
1122.553565756506
-110.64643424352175
-1460.2464342435378
-3369.8464342434545
864.9535657564824
143.3535657564909
1183.9535657564918
409.15356575648394
-839.8464342435332
338.95356575649635
1671.7535657564563
1341.9535657565207
1798.7535657564672
-507.24643424351694
66.35356575647997
842.5535657564731
685.7535657564575
-843.4464342435227
1526.1535657565134
-240.64643424351783
-832.4464342435323
485.55356575649455
506.15356575646564
72.1535657564651
-22.64643424351757
990.9535657564775
1116.7535657564897
407.1535657564559
1951.3535657564757
-80.24643424352028
984.7535657564757
187.15356575647724
1489.953565756489
495.95356575648015
211.35356575648768
-380.4464342435276
-26.246434243531237
-1328.6464342435352
1147.3535657564742
-219.24643424351666
-1392.6464342435347
1531.9535657564986
1691.7535657564756
-279.2464342435093
1089.953565756477
127.15356575648094
540.7535657564681
-1292.646434243516
-4.046434243516352
396.55356575647767
38.953565756480124
-2019.4464342435056
-602.6464342435271
512.7535657564811
972.5535657564548
-79.44643424351491
589.1535657564765
621.5535657564856
-558.2464342435198
36.35356575648271
139.15356575647036
-732.6464342435455
-410.24643424353206
844.5535657564852
1388.153565756471
-1535.44643424353
-1169.4464342435228
666.7535657564885
-1474.0464342435234
-525.6464342435186
1152.7535657564777
654.7535657564825
2359.9535657565084
274.15356575648224
461.15356575648514
-630.6464342435262
486.15356575648843
1789.7535657564351
284.5535657564867
8.35356575648218
137.35356575648447
28.753565756474934
-679.2464342435171
-1305.8464342435368
241.3535657564858
-1256.2464342435126
999.553565756471
263.7535657564793
-2049.6464342434756
87.55356575648351
-494.0464342435206
1173.15356575648
1520.9535657564882
1217.1535657564773
1003.9535657564714
128.55356575648244
105.15356575647974
-486.44643424351347
-1313.0464342435118
-250.6464342435187
-1229.0464342435516
-1019.2464342435247
-461.0464342435264
1602.553565756494
1579.1535657564793
-686.8464342435353
924.7535657564836
469.7535657564838
-378.6464342435194
687.7535657564716
-1117.646434243536
221.35356575648467
375.9535657564775
-927.2464342435231
-190.0464342435192
1050.35356575648
2231.3535657564667
-484.2464342435173
628.753565756459
81.5535657564855
-575.4464342435141
1505.1535657564668
-386.0464342435223
1043.7535657564679
-592.0464342435088
-104.24643424352087
811.3535657564819
-1310.0464342435444
-980.8464342435233
139.95356575648546
-390.2464342435189
-302.04643424352633
-498.84643424351515
375.95356575648486
254.7535657564797
932.9535657564799
-629.2464342435127
-730.4464342435226
-176.84643424352353
-573.0464342435165
-626.4464342434894
381.9535657564811
-150.84643424351174
106.35356575647512
-520.8464342434993
-1853.6464342435377
-361.8464342435119
-392.0464342435374
418.7535657564795
-29.846434243523884
667.7535657564889
-1814.8464342434943
-592.0464342435107
641.9535657564873
-1829.446434243534
-880.4464342435158
-2434.8464342435163
-2374.2464342435055
-1225.6464342435254
-171.04643424349527
2331.1535657564655
5.753565756477336
-1944.6464342435322
-920.6464342435303
1003.7535657564794
556.5535657564745
52.953565756485965
612.1535657564802
1195.7535657564802
2093.5535657564546
1896.3535657564903
942.9535657564843
-332.64643424352204
-127.44643424352586
-495.04643424351286
518.5535657564623
518.1535657564509
-237.04643424351755
-1456.8464342435177
-1961.6464342435363
-1008.0464342435291
1046.353565756513
1037.7535657564745
-8.846434243510902
873.1535657564793
173.3535657564848
-748.6464342435198
7.1535657564914885
1792.153565756449
257.553565756491
-1393.0464342435394
-938.6464342435148
-633.046434243509
-370.64643424351993
278.9535657565005
1052.7535657564965
2227.5535657565415
904.5535657564918
-1147.646434243539
-862.446434243524
696.3535657564639
208.35356575649752
493.55356575645266
-307.0464342435208
-1089.4464342435224
691.9535657564779
-137.84643424352316
916.7535657565059
950.7535657565213
673.1535657564704
626.1535657564767
-1062.446434243525
-1407.2464342435303
108.15356575647235
1358.3535657564898
1018.7535657564877
1837.9535657564895
664.3535657564863
603.1535657564805
576.7535657564671
1461.953565756525
1180.953565756489
-1381.4464342435158
-1396.6464342435315
1196.3535657564817
488.5535657564929
411.9535657564718
1283.9535657564943
-17.8464342435096
-555.846434243519
-1754.8464342435202
-2984.446434243462
-162.04643424351997
-19.846434243522655
473.3535657564829
-418.24643424352683
790.9535657564882
1190.9535657564716
-909.0464342434947
-349.2464342435139
-927.646434243517
-1443.0464342435234
-127.246434243516
-711.8464342435236
-1237.4464342435153
-1976.0464342435353
-318.4464342435288
-781.2464342435142
243.1535657564793
-1648.2464342435446
568.7535657564791
1264.5535657564676
1053.753565756451
189.15356575648218
1193.1535657564925
1055.753565756477
82.9535657564879
-441.8464342435182
-701.2464342435243
860.5535657564508
-360.6464342435252
701.3535657564798
-544.8464342435075
-2079.0464342435084
-1877.4464342434978
697.3535657564776
2496.1535657564677
1458.1535657564837
1624.153565756426
988.353565756461
59.55356575647849
-1223.846434243529
-1636.8464342435263
-805.4464342435289
-167.0464342435189
883.5535657564992
1425.3535657564641
1646.1535657565269
1408.1535657564964
-1491.8464342435027
-327.04643424352247
313.1535657564816
36.95356575649594
-778.0464342435182
-361.84643424352384
-1718.4464342434765
-130.2464342435219
-185.24643424351717
-1174.2464342435126
-484.64643424350874
178.1535657564811
1703.7535657564954
1355.5535657564935
309.1535657564858
534.3535657564879
-249.44643424352097
1341.1535657564718
681.7535657564761
129.3535657564875
602.5535657564803
1357.3535657564778
1029.7535657564913
20.75356575647956
-717.4464342435325
-1685.4464342435247
-222.64643424351877
741.5535657564852
-241.24643424352587
-602.0464342435235
874.7535657564976
1096.1535657565082
704.7535657564907
-95.2464342435195
-1413.646434243494
-207.8464342435155
-448.4464342435262
884.153565756476
-655.8464342435167
-1249.2464342435153
-258.0464342435121
35.9535657564801
1803.9535657564547
2014.1535657564393
1813.1535657564807
1280.5535657564587
-862.4464342435213
932.9535657564684
886.5535657564833
976.9535657564855
-1632.6464342435663
-1677.046434243519
649.5535657564876
-234.84643424351884
2025.9535657565114
-619.4464342435167
87.55356575648565
-435.4464342435134
-811.64643424351
-139.0464342435098
-384.24643424351234
-89.84643424351373
828.5535657564448
458.7535657564954
-1998.4464342435176
-20.44643424351594
-564.84643424352
-714.6464342435148
-1150.4464342435397
-1197.4464342434856
-871.6464342434995
-1239.646434243529
-781.4464342435151
1522.353565756517
789.1535657564541
1258.9535657564836
949.5535657564562
299.55356575647505
-220.4464342435129
-285.64643424352363
160.5535657564959
-61.646434243515074
-1324.6464342435083
-921.6464342435282
184.95356575648708
-1394.646434243505
1523.7535657565022
-1058.6464342435224
451.1535657564793
2025.1535657565319
810.1535657564957
-736.4464342435224
-1391.2464342435271
2124.353565756411
1915.1535657565087
198.9535657564775
-575.8464342435171
750.553565756453
1375.9535657565102
-694.0464342435212
-1363.0464342435218
-134.64643424352295
123.95356575649035
-992.6464342435271
-215.0464342435193
956.353565756472
325.5535657564907
473.55356575648756
-1092.046434243535
950.9535657565043
157.55356575649583
1405.5535657564672
-1868.4464342435492
-863.6464342435138
671.5535657564893
-205.44643424352566
-496.04643424351957
-2462.4464342435053
-104.64643424351374
-528.8464342435162
1424.1535657564748
1974.7535657564997
-712.8464342435226
-277.046434243512
-553.4464342435082
-978.6464342435174
-943.2464342435258
403.3535657564641
1527.5535657564928
2770.553565756483
392.5535657564845
-1162.846434243558
-1778.4464342435556
188.55356575649367
86.15356575649069
-363.64643424351635
197.75356575649613
-1849.2464342435117
1049.153565756468
859.5535657564706
989.7535657564572
1705.9535657564832
-416.8464342435243
70.55356575647652
-2156.8464342435204
-20.246434243516028
1057.1535657564832
622.3535657564801
33.75356575647996
-1006.0464342435183
-92.2464342435076
1006.1535657565196
3151.9535657564834
2326.153565756485
1170.3535657565055
1202.1535657564903
269.7535657564702
-1449.446434243512
-859.8464342435266
1033.9535657564902
1144.5535657564656
2830.3535657564403
-383.2464342435233
-133.6464342435232
-232.44643424351128
1368.9535657564893
-957.0464342435141
-2180.246434243543
-480.24643424351376
-895.046434243521
563.5535657564807
672.7535657564757
3131.3535657564457
1853.9535657565157
1107.5535657565424
740.1535657564548
-460.0464342435209
67.35356575648504
-600.6464342435197
-375.24643424350745
-1779.2464342435528
-2102.846434243477
-6.846434243513368
1099.5535657564853
801.953565756466
-97.84643424350912
2450.1535657565023
212.35356575648248
-72.24643424351174
-378.44643424351585
-5.84643424350827
-1161.6464342435145
-483.6464342435135
1623.5535657564715
1119.5535657564892
1086.953565756489
6.753565756484768
1273.1535657564827
2241.153565756461
-459.8464342435189
-98.84643424352262
-82.0464342435167
768.5535657564895
110.95356575647686
2193.3535657564853
2248.753565756427
959.553565756452
652.3535657564992
870.7535657564426
49.55356575648315
1555.1535657565003
2450.9535657564506
-1087.6464342435024
-1504.446434243526
367.353565756468
-1001.4464342435012
-507.24643424352007
940.753565756494
2101.353565756523
1329.1535657564575
706.7535657564573
565.3535657564905
1769.953565756443
1252.7535657564665
2026.3535657564532
-633.6464342435302
119.55356575647114
2417.553565756454
1117.7535657564847
-471.4464342435116
2551.153565756487
1777.3535657564555
-270.44643424352154
278.15356575648644
-353.8464342435217
-1178.246434243533
1716.9535657565175
1855.3535657564862
-449.2464342435148
-2048.246434243524
-993.846434243533
-2125.246434243574
-1026.446434243527
1456.9535657564609
629.9535657564835
-1150.4464342434956
-1711.2464342435103
-1048.4464342435144
-1682.2464342434935
-1550.6464342435243
989.7535657564626
1272.1535657564852
-281.8464342435323
-1739.6464342435308
-762.2464342435181
558.1535657564696
1781.7535657564842
-2278.4464342434617
-1240.8464342435002
1065.5535657564756
-407.6464342435206
-253.44643424351912
-593.4464342434931
-1454.6464342435122
53.15356575648323
567.9535657564861
-1950.646434243575
1800.9535657564984
4185.953565756493
3381.353565756339
1484.353565756485
-938.0464342435287
-528.0464342435216
-417.04643424350843
-769.0464342434982
647.5535657564909
833.7535657564689
993.9535657564381
909.9535657564822
-682.6464342435257
114.75356575649027
264.35356575647813
-892.8464342435149
1766.9535657564534
-1051.2464342435246
-2135.2464342435196
-692.4464342435351
-241.44643424352535
-1236.4464342435474
1381.5535657564865
-714.4464342435014
-2677.2464342435283
-2398.446434243477
696.9535657564858
-2571.4464342435413
-284.046434243527
2473.1535657565387
240.55356575647585
-1453.8464342435336
2756.7535657565168
4190.353565756508
3428.353565756483
1173.3535657564632
80.55356575648682
-2929.6464342435183
-963.2464342435082
1719.3535657564971
-726.4464342435292
-269.4464342435248
417.15356575648264
1162.55356575649
-1895.0464342435291
-591.846434243539
424.9535657564883
-493.04643424353753
-1751.2464342435321
-746.4464342435211
-84.84643424351569
-862.8464342435166
-2761.0464342435166
-908.6464342435254
-466.4464342435147
-2420.0464342435544
-1204.6464342435113
-1373.046434243524
-94.44643424351337
-94.64643424352806
-126.44643424351398
2319.153565756475
796.9535657564763
-23.4464342435123
2980.7535657564504
4745.7535657565995
3675.5535657565715
666.1535657564672
1465.953565756508
-1672.2464342435308
-1760.246434243534
1409.7535657564806
360.95356575647986
-136.44643424351935
-556.846434243522
-767.0464342435109
1465.9535657564768
297.15356575648434
1471.9535657564622
4589.953565756517
24.55356575649062
-292.6464342435155
1255.3535657564398
355.3535657564431
497.7535657564789
-658.8464342435218
-1500.6464342435245
-844.246434243545
1564.5535657564878
1606.7535657565109
-1216.846434243502
-27.84643424352515
-1130.6464342435233
-1948.2464342436601
-1036.8464342435248
-144.6464342435285
-2801.4464342435263
584.5535657564966
2703.553565756464
15.753565756478581
2089.553565756532
-272.2464342435286
-1875.2464342435003
-1022.4464342435068
-2169.0464342435553
-367.0464342435209
1483.9535657565373
-2216.0464342434752
-1607.6464342435065
-2429.4464342435163
-1580.4464342435153
2220.553565756533
591.9535657564987
-1707.246434243517
-223.2464342435178
-2410.8464342435705
1505.3535657564664
240.75356575647524
476.55356575647505
1289.553565756491
673.7535657564745
444.953565756486
-1293.0464342435068
116.15356575648681
-349.6464342435185
-3469.246434243657
-3206.84643424362
-742.8464342435108
-3888.8464342436314
579.353565756474
1935.7535657565102
-685.0464342435408
-862.246434243524
-2552.2464342435305
-1755.2464342434826
-2093.2464342435173
-3793.0464342435084
-946.4464342434878
2100.153565756474
1681.3535657564923
1526.1535657564768
978.35356575649
-740.2464342435003
129.75356575648254
-2957.446434243565
-3238.0464342435216
-47.44643424352531
-3663.8464342434827
-784.44643424353
1290.1535657564839
-777.4464342435209
-1101.8464342435293
-852.6464342435136
-1376.2464342435348
-22.24643424351456
-117.0464342435171
-1044.2464342435146
-709.4464342435025
975.1535657564746
1594.1535657564914
-41.246434243514145
3274.7535657564486
1737.153565756456
541.3535657564992
-181.04643424352122
727.5535657564831
1316.953565756493
-132.44643424352117
-598.8464342435234
-1354.2464342434912
-879.2464342435119
712.5535657564741
-780.8464342435163
281.3535657564811
637.7535657564775
-521.0464342435224
-1369.0464342434946
214.1535657564593
419.3535657564699
-744.2464342435337
243.35356575648098
949.9535657564847
-962.8464342435117
1465.7535657564993
1888.5535657564847
-748.2464342435352
-987.6464342435299
-245.6464342435189
-796.0464342435398
1006.1535657564963
-306.2464342435193
-888.64643424352
-695.0464342435165
1140.9535657564475
1909.1535657564773
2964.953565756478
-98.24643424350937
1221.353565756499
1395.7535657564688
-1257.646434243512
-563.8464342435122
-818.2464342435346
388.1535657564777
1070.9535657564716
-469.24643424352183
-426.84643424351225
-210.84643424352186
-1622.8464342434893
-1292.2464342434923
-667.8464342435061
162.55356575648074
-151.04643424352656
487.15356575648093
289.15356575648065
-534.6464342435244
1045.1535657564702
1689.753565756429
541.953565756473
-1384.8464342435157
-724.6464342435311
-888.6464342435082
-258.0464342435238
-1073.2464342435067
1097.153565756487
463.95356575648964
982.753565756473
-86.04643424352088
835.1535657564731
-619.6464342435029
258.9535657564794
1324.5535657564885
2593.9535657564543
1550.353565756449
179.9535657564755
-1879.0464342435082
-573.446434243511
2263.353565756502
1219.9535657564497
1450.7535657565084
422.75356575648647
130.3535657564767
-261.64643424352835
-406.246434243537
-363.04643424352844
-1280.0464342435353
816.3535657564822
62.553565756473034
777.5535657564842
71.95356575648475
601.1535657564874
295.5535657564827
-816.046434243505
1050.5535657564858
1912.9535657564625
284.15356575647326
2045.1535657564862
1982.5535657564794
542.1535657564623
-1103.2464342435362
-536.0464342435241
193.15356575648897
412.153565756473
-544.6464342435088
240.153565756481
-46.44643424352617
715.1535657564746
282.55356575648125
-704.8464342435223
-948.6464342435111
580.1535657564904
2120.5535657564355
-1072.8464342435084
-2726.8464342435177
-3352.0464342435153
-2194.246434243497
-1138.2464342435517
-1212.8464342435122
-423.04643424351883
-525.6464342435124
-304.84643424352237
68.15356575648437
1658.9535657564863
1430.9535657564693
2025.1535657564848
423.1535657564808
-1109.2464342435214
-1187.4464342435076
1044.3535657564853
503.75356575649516
783.5535657564926
27.953565756491848
1874.3535657564735
920.3535657565078
-428.44643424352375
293.5535657564831
1264.7535657564506
735.7535657564794
-622.8464342435163
-843.0464342435264
-759.046434243518
-1994.8464342435655
-2525.6464342435593
398.5535657564942
-802.4464342435195
-132.84643424351844
-1661.6464342435174
321.55356575647306
341.75356575648044
-2318.646434243538
-663.6464342435256
-1985.4464342435308
108.5535657564811
93.75356575648178
-804.2464342435153
-474.4464342435224
619.5535657564807
2136.353565756479
985.153565756486
1381.1535657565064
-64.24643424352135
-1051.0464342435448
-454.0464342435218
-3570.6464342435297
-1345.646434243585
1354.5535657564828
1232.3535657565199
2144.9535657564543
2708.953565756453
-1535.646434243506
-2523.846434243558
120.95356575648425
55.95356575647334
72.75356575648478
821.9535657564668
-1007.6464342435124
-1109.4464342435385
266.75356575648993
-68.04643424352
-964.8464342435274
-1298.6464342435183
-1495.446434243541
-1128.0464342435146
-1336.6464342435293
-654.4464342435173
-141.4464342435238
556.753565756472
880.9535657564749
-264.0464342435188
2583.753565756524
1088.5535657564749
2261.7535657564777
1168.353565756469
-2108.4464342435026
-1409.0464342434445
-1416.8464342435022
-1900.646434243578
852.1535657564772
876.753565756478
518.7535657564741
1631.753565756514
136.35356575648848
923.1535657564665
1434.7535657564727
1115.3535657564764
1642.3535657564967
1282.7535657565181
834.7535657564537
-276.6464342435151
252.95356575647938
1630.9535657564725
1424.9535657564559
373.753565756482
1730.3535657564494
1247.3535657564762
560.7535657564813
-601.0464342435217
527.7535657564916
-483.24643424352547
634.5535657564227
961.1535657564741
2597.9535657565516
1474.9535657564772
2082.5535657564437
917.5535657564797
-776.8464342435228
-1526.4464342435929
-919.246434243509
-282.84643424350975
692.3535657564618
150.35356575649018
-392.8464342435133
2402.553565756464
210.9535657564767
1309.753565756495
1698.1535657565419
796.1535657564689
-465.0464342435175
-154.44643424351807
-1039.6464342435258
-284.4464342435213
-88.84643424351955
1192.9535657564932
1389.953565756451
536.9535657564699
-388.4464342435214
-1522.0464342435419
-113.64643424351769
-1622.646434243524
-493.8464342435127
1088.1535657564593
-1239.2464342435237
-453.2464342435065
-973.2464342435143
-1111.6464342435154
442.55356575647437
-1407.0464342435064
-1033.2464342434882
-2900.046434243448
-3975.246434243462
-3426.2464342434996
-707.4464342435047
1274.5535657564217
-674.4464342435238
322.9535657564796
-472.6464342435183
-874.0464342435197
693.7535657564666
-769.2464342435277
-427.6464342435293
-297.04643424351815
70.75356575647788
29.353565756480265
-165.0464342435159
-1010.246434243525
1043.1535657564775
253.7535657564785
-2733.0464342435453
-531.6464342435183
942.9535657564916
368.9535657564735
-296.04643424352105
1691.953565756475
-303.04643424352554
623.5535657564551
188.15356575650245
-1018.8464342435138
-817.2464342435187
-2023.446434243545
-842.6464342435218
-2193.2464342435374
-3023.2464342435205
-1665.2464342435323
732.553565756486
1085.153565756455
917.5535657564694
199.75356575648112
-263.24643424352064
-1425.4464342435538
1390.5535657564487
-32.64643424351948
327.7535657564925
957.7535657565145
-431.4464342435257
-287.64643424350714
1611.3535657564871
-895.046434243518
-50.84643424352072
54.753565756477066
-537.846434243519
803.5535657564717
-102.04643424352166
-582.2464342435148
1133.9535657564882
-654.046434243517
-607.0464342435214
-136.6464342435257
2055.353565756514
-756.2464342435171
352.3535657564894
-1074.4464342435276
-2045.24643424345
-3331.04643424339
-894.6464342435105
-635.4464342435137
873.9535657564749
1017.1535657564948
303.75356575648635
1099.5535657564585
1236.9535657564995
720.3535657564777
1253.953565756458
-776.2464342435192
356.35356575646523
1517.7535657564774
1875.753565756487
6.953565756476557
1381.9535657564807
-423.0464342435185
-1200.646434243519
296.1535657564904
874.1535657564764
1432.5535657564913
1200.9535657564554
1141.353565756487
1290.753565756421
-183.6464342435256
1097.5535657564794
-480.2464342435167
996.3535657564711
468.15356575648303
1634.9535657564672
202.75356575649025
-311.04643424353577
-1426.2464342434737
-1511.8464342435661
-1608.6464342435336
1417.3535657565192
43.75356575648844
-802.4464342435192
1550.953565756467
1220.9535657564657
-963.4464342435231
-24.046434243514664
-35.24643424351467
1335.7535657564779
-25.44643424351392
1327.3535657564644
1352.9535657564686
373.7535657564763
-1525.0464342435255
-986.8464342434897
254.55356575648597
1620.753565756432
909.5535657564848
1176.7535657564858
455.7535657564838
-807.6464342435202
-655.246434243522
-550.0464342435214
-1417.4464342435274
112.1535657564817
1410.7535657564756
1022.1535657564706
-1385.4464342435028
-1191.6464342435172
-296.6464342435168
-2596.046434243508
-1093.2464342435198
589.1535657564762
-420.6464342435258
1233.9535657564716
-980.2464342435253
-720.4464342435145
-1577.4464342435372
-797.8464342435434
1096.3535657564655
984.7535657564499
1120.9535657564861
1443.9535657564677
963.5535657564576
19.753565756483276
-758.8464342435284
212.95356575647793
-1321.6464342435104
1046.5535657564667
82.75356575649171
-2651.8464342435345
-510.4464342435189
-497.6464342435199
1059.5535657564542
1053.9535657564459
725.5535657564851
1328.753565756476
567.553565756476
310.1535657564753
-207.24643424353576
-1265.4464342435526
-680.0464342435254
-2037.646434243513
-2013.0464342434834
-2039.6464342435181
-317.24643424351217
539.3535657564959
-1049.0464342435246
371.95356575648333
38.75356575648857
-1021.8464342435215
186.3535657564838
24.55356575648699
1648.7535657565045
1048.753565756469
-306.8464342435147
297.95356575649464
1563.153565756457
2808.1535657564623
126.55356575647953
802.1535657564993
515.7535657564976
-644.0464342435246
665.353565756476
-716.8464342435178
1175.5535657564799
-425.2464342435173
-95.44643424352367
937.9535657564888
-1091.0464342435362
-618.2464342435024
483.1535657564766
-478.24643424352394
-286.64643424352687
-1406.446434243501
-764.2464342434989
-1416.2464342434992
-328.84643424351185
-504.64643424351885
146.15356575648988
436.5535657564794
-282.64643424352573
-733.2464342435151
390.9535657564904
977.3535657564832
1131.7535657564804
-561.846434243526
-1536.8464342435193
282.5535657564836
908.9535657564973
1908.3535657564678
1573.1535657564882
1880.353565756494
-139.44643424352373
947.753565756476
1207.9535657564861
-1045.2464342435235
476.9535657564913
-1032.6464342435202
-1740.646434243497
-1089.6464342435374
-620.8464342435342
1859.3535657564737
293.75356575648294
-2004.0464342435257
-1943.6464342435459
