-114.64287542906344
80.15712457093825
-441.6428754290631
12.957124570936706
225.55712457093662
150.7571245709387
118.95712457093856
263.3571245709369
289.3571245709374
-127.2428754290624
91.15712457093827
601.5571245709378
327.7571245709365
-281.8428754290616
-357.2428754290614
-371.4428754290621
-665.0428754290689
-1067.6428754290566
-308.2428754290647
-732.8428754290622
-465.24287542906296
293.95712457093634
267.5571245709383
86.35712457093857
-141.6428754290616
-25.842875429064847
-486.8428754290624
-201.84287542906165
-35.842875429061955
315.35712457093837
614.157124570944
327.55712457093966
-628.6428754290619
175.35712457093763
-740.0428754290649
-506.2428754290597
-150.4428754290633
428.15712457093923
323.5571245709372
133.35712457093948
130.75712457093925
14.357124570941828
-427.44287542906216
381.15712457093497
559.5571245709356
349.557124570942
-63.842875429059994
-83.44287542906255
208.75712457093624
52.35712457093804
284.35712457093615
10.357124570937955
359.1571245709401
888.1571245709392
57.35712457093708
-433.64287542906123
-432.6428754290599
47.95712457093735
-270.0428754290631
322.1571245709374
509.35712457093905
334.157124570938
906.3571245709369
535.7571245709349
147.15712457093767
71.75712457094103
-361.8428754290629
-374.44287542906204
-330.0428754290589
950.1571245709322
878.35712457094
36.757124570938004
48.55712457093696
29.55712457094026
-259.4428754290618
413.35712457093587
211.5571245709379
448.1571245709396
294.9571245709355
324.1571245709399
314.95712457093725
-78.84287542906252
515.5571245709393
169.55712457093588
479.7571245709409
414.15712457093895
-623.6428754290613
-517.8428754290634
-494.24287542906194
-246.64287542906246
-514.0428754290615
-225.84287542906307
-197.24287542906336
-88.64287542906133
203.15712457093716
38.55712457093804
101.75712457093712
826.7571245709378
188.35712457093973
360.75712457094005
299.3571245709395
701.957124570939
744.5571245709377
-40.642875429062805
-227.04287542906386
-198.24287542906285
-501.24287542906546
-10.442875429058972
394.15712457094
536.5571245709398
643.3571245709408
674.5571245709375
211.15712457093963
-200.04287542906044
359.557124570939
357.9571245709412
710.9571245709388
159.3571245709373
-853.2428754290609
-1020.842875429063
-656.642875429064
-252.24287542906112
-147.84287542906134
-251.44287542906218
-475.04287542906457
496.5571245709369
579.1571245709353
1.9571245709362515
82.95712457093997
515.1571245709354
-132.84287542905957
-226.24287542906555
311.5571245709375
-6.242875429062671
68.55712457093982
35.15712457093968
9.357124570940943
-22.442875429062234
230.35712457093945
8.15712457094125
322.757124570939
1147.9571245709371
1008.1571245709368
464.75712457094164
560.3571245709406
386.3571245709359
26.957124570932443
127.75712457093854
538.5571245709348
-12.242875429062835
-325.6428754290623
-172.44287542906252
-434.24287542906154
-213.04287542906235
714.3571245709403
-441.04287542906314
-1129.442875429067
525.7571245709389
893.1571245709367
455.7571245709371
293.3571245709393
-548.8428754290625
-898.6428754290627
-938.8428754290542
99.55712457093746
-121.6428754290643
-479.44287542906136
210.55712457093804
-191.04287542906215
-109.24287542906123
314.15712457093923
204.5571245709395
-325.0428754290626
360.3571245709376
1264.9571245709283
767.7571245709358
765.3571245709363
822.3571245709336
10.757124570940407
-294.0428754290629
40.35712457093829
294.35712457093706
419.9571245709408
-185.84287542906137
-289.64287542906425
-97.84287542906316
510.55712457093796
20.157124570939175
-885.0428754290635
-159.04287542906323
496.557124570934
369.55712457094023
519.1571245709388
196.7571245709389
78.55712457093924
-58.84287542906333
127.35712457094016
-66.84287542906004
-308.4428754290588
62.35712457093934
-359.24287542906376
-393.2428754290637
413.55712457094035
834.9571245709408
1100.7571245709378
1117.1571245709372
704.7571245709404
838.7571245709344
493.3571245709364
828.1571245709451
812.9571245709324
236.75712457094153
656.757124570939
710.5571245709414
260.5571245709393
98.95712457093845
-75.44287542905992
-60.04287542906191
61.35712457093661
280.5571245709391
-286.0428754290635
213.35712457093854
191.55712457093736
-215.0428754290623
88.15712457093761
179.5571245709375
2.357124570937742
220.75712457093857
-195.24287542906228
-348.0428754290624
653.9571245709368
486.3571245709381
-775.8428754290635
-477.84287542906196
615.3571245709359
1293.9571245709333
1029.9571245709383
784.9571245709394
599.157124570943
672.5571245709385
441.5571245709393
779.3571245709405
756.7571245709445
68.15712457093989
493.75712457094033
855.7571245709313
570.357124570935
800.7571245709411
-284.64287542906317
-78.8428754290613
94.1571245709405
752.5571245709378
15.157124570936542
626.7571245709391
130.757124570939
-790.6428754290605
194.95712457093708
-29.442875429060237
-199.64287542906195
349.7571245709371
-600.2428754290598
-469.44287542906176
921.5571245709367
877.1571245709363
339.357124570939
-70.64287542906342
216.95712457093916
1071.957124570938
-245.84287542906517
-33.64287542906569
806.7571245709353
652.3571245709387
828.557124570936
950.1571245709391
999.55712457094
640.1571245709408
-153.44287542906235
1095.757124570935
1490.157124570941
862.7571245709375
126.95712457093857
5.957124570937221
290.55712457093904
822.7571245709378
235.95712457093867
294.1571245709359
-126.44287542906278
-807.2428754290637
48.557124570940545
214.1571245709385
226.7571245709387
328.3571245709403
-352.8428754290638
-180.6428754290616
334.3571245709383
535.9571245709402
646.5571245709394
563.3571245709433
577.9571245709373
729.3571245709389
43.757124570939155
760.9571245709443
944.9571245709376
216.95712457093717
504.9571245709365
859.7571245709368
426.5571245709383
504.75712457093533
-260.0428754290589
879.1571245709388
1482.3571245709416
783.3571245709397
325.35712457093854
1043.1571245709388
889.5571245709393
511.5571245709359
-74.04287542906324
-679.4428754290632
-541.6428754290625
-597.4428754290589
-261.64287542906106
-443.84287542906293
32.95712457093815
275.5571245709374
291.15712457093804
392.15712457093815
744.3571245709413
423.7571245709383
-356.0428754290581
334.35712457093814
755.3571245709372
221.35712457093965
528.3571245709384
297.9571245709396
-123.44287542906184
543.9571245709433
549.9571245709348
314.3571245709398
-306.4428754290633
738.7571245709364
621.1571245709406
617.3571245709369
166.75712457093627
159.957124570938
324.15712457093844
747.1571245709341
335.7571245709386
34.35712457093817
78.55712457093723
-839.0428754290594
-450.2428754290621
-19.642875429061554
278.9571245709394
-615.8428754290649
-34.84287542906366
-112.84287542905892
2.9571245709368554
194.55712457093696
269.75712457093704
157.55712457093944
130.95712457093697
473.9571245709367
212.95712457093472
-101.84287542906284
642.1571245709391
562.1571245709373
-246.8428754290612
495.75712457094033
723.1571245709364
350.3571245709372
-226.4428754290621
1039.1571245709333
1239.3571245709338
1613.3571245709275
554.9571245709379
159.55712457094037
-110.84287542905948
-291.24287542906166
-343.8428754290665
-57.242875429060284
344.9571245709406
-14.04287542906205
-487.2428754290583
-908.0428754290652
-361.24287542906313
-22.242875429061385
642.7571245709369
48.157124570939764
91.55712457093895
-91.6428754290582
614.55712457094
653.1571245709362
493.15712457094224
102.3571245709365
-477.04287542906314
-16.842875429063238
513.1571245709368
364.75712457093647
-439.242875429065
-167.4428754290627
218.9571245709418
-131.64287542906004
-438.8428754290643
102.35712457093678
1194.35712457093
1208.1571245709408
373.55712457094324
525.9571245709417
-125.4428754290635
73.55712457093694
206.55712457094413
-227.442875429062
124.35712457093909
258.75712457094164
-31.64287542906201
-974.0428754290646
12.15712457093894
798.9571245709342
1027.5571245709386
-195.84287542905952
171.9571245709411
-118.44287542906324
120.75712457093891
369.75712457093874
92.55712457093821
-728.6428754290608
-702.4428754290584
208.75712457093724
194.3571245709364
-495.8428754290628
192.55712457093748
-0.04287542906403985
-259.8428754290615
-534.0428754290585
-647.0428754290641
-321.8428754290606
1381.9571245709355
357.95712457093845
-216.64287542906075
608.3571245709318
178.75712457093712
726.3571245709368
845.9571245709353
-7.6428754290659064
175.3571245709393
337.75712457093783
-240.64287542905916
-884.2428754290655
-99.44287542906042
349.35712457093587
460.35712457093956
-317.0428754290607
89.75712457093542
-9.642875429061917
165.3571245709378
116.15712457093852
-249.4428754290637
-821.0428754290598
-186.04287542906184
552.1571245709406
-71.24287542906087
-456.2428754290572
62.95712457093762
-21.642875429062318
201.95712457093705
-163.4428754290587
-65.04287542906467
84.35712457093769
637.9571245709391
307.3571245709412
-261.64287542906294
597.1571245709407
-46.44287542906475
248.35712457093874
374.35712457094013
261.3571245709375
257.15712457093707
-146.84287542906205
-693.6428754290636
4.557124570939106
451.95712457093504
-38.042875429062754
412.5571245709395
-465.44287542906187
-329.4428754290631
-345.6428754290612
-660.642875429062
-649.2428754290571
-13.24287542906297
218.5571245709391
192.55712457093856
-407.84287542906003
-840.6428754290661
-126.04287542905972
286.55712457093637
-158.24287542906256
143.357124570937
-786.042875429053
-646.0428754290565
-70.44287542906278
-799.0428754290575
-815.842875429057
-400.6428754290608
72.35712457093695
348.5571245709394
195.7571245709398
-93.04287542906303
-135.44287542906218
188.75712457093928
84.95712457093903
-961.6428754290683
372.7571245709393
1140.5571245709366
221.75712457093957
-16.242875429061066
-1395.4428754290627
-324.8428754290628
-448.44287542906477
-1013.6428754290639
-509.2428754290624
827.7571245709387
937.9571245709394
313.55712457093813
214.55712457094123
-438.2428754290633
-77.44287542906362
195.95712457093697
-907.4428754290611
-808.6428754290623
-1563.0428754290583
-1092.442875429067
-40.04287542906146
-674.0428754290651
-511.04287542906025
119.35712457093832
-194.8428754290595
-198.24287542906347
565.9571245709385
95.1571245709383
-366.0428754290586
-358.04287542906167
-83.64287542906197
-1172.0428754290688
39.15712457093808
1385.7571245709428
589.95712457094
587.3571245709417
-681.2428754290631
-324.04287542905786
-333.642875429066
-43.64287542906388
149.55712457093824
-10.242875429061232
423.7571245709378
69.15712457093878
36.55712457093932
120.95712457093845
394.7571245709393
82.35712457093067
-755.0428754290633
-585.6428754290615
-1118.0428754290583
-409.042875429059
339.5571245709378
-293.4428754290607
-75.84287542906254
722.9571245709445
548.7571245709378
-199.44287542906216
772.9571245709307
308.3571245709374
-285.4428754290639
-1081.4428754290684
-818.0428754290633
-1481.2428754290654
-592.8428754290658
628.5571245709391
-658.2428754290665
-541.4428754290636
-841.4428754290625
-559.2428754290687
125.55712457093841
368.75712457093704
29.75712457093534
-809.0428754290639
-352.44287542906466
-43.64287542906165
319.75712457093823
174.95712457094004
-282.44287542906216
3.5571245709408554
-103.04287542906219
-40.44287542905957
-1132.6428754290614
-457.24287542905944
762.5571245709414
69.3571245709378
-892.4428754290642
117.35712457093877
561.7571245709406
-194.4428754290632
-4.842875429060701
53.55712457094074
116.95712457093322
-654.4428754290714
-551.2428754290634
-734.4428754290592
-553.2428754290613
557.1571245709391
-809.0428754290601
-246.24287542905702
-270.4428754290612
-425.64287542905987
-153.4428754290623
22.757124570937563
271.7571245709385
801.9571245709325
-120.4428754290609
-278.24287542906285
324.95712457094146
263.1571245709367
-357.64287542906203
275.7571245709386
-254.04287542906286
-671.6428754290725
-1042.8428754290587
-345.8428754290618
-109.84287542906104
212.35712457093712
553.9571245709391
207.55712457093756
253.75712457093564
291.5571245709376
288.15712457093935
252.5571245709378
268.1571245709392
156.55712457093793
231.75712457093897
338.35712457093956
-97.84287542906286
326.7571245709365
-254.6428754290641
796.7571245709374
501.95712457093896
-63.04287542906222
-19.44287542906077
-399.8428754290601
278.75712457093596
684.7571245709448
-538.4428754290611
-481.6428754290634
336.1571245709385
50.35712457093999
-92.24287542906234
479.55712457093864
-552.8428754290659
-675.8428754290643
157.15712457093846
369.5571245709403
252.75712457093832
815.1571245709382
1802.5571245709334
1235.5571245709352
1107.5571245709395
638.5571245709418
-282.04287542906127
5.157124570938798
253.35712457093868
-212.44287542905985
-206.2428754290669
-122.4428754290602
-363.04287542905723
-414.0428754290627
-60.04287542906286
387.5571245709377
-56.842875429063426
-456.6428754290622
-227.84287542906236
98.55712457093756
21.557124570938775
-176.44287542906127
-1089.042875429066
-647.2428754290592
63.55712457093634
332.15712457094037
638.5571245709374
115.75712457093913
-571.8428754290659
-803.2428754290602
-268.6428754290604
422.7571245709358
278.35712457093865
82.3571245709377
514.9571245709403
612.557124570938
88.15712457094003
-250.2428754290616
59.757124570941315
-459.4428754290593
-243.24287542906308
-601.4428754290622
-770.0428754290637
-157.04287542906414
-472.6428754290624
-701.0428754290674
-754.4428754290627
33.55712457093888
-164.2428754290628
-215.8428754290623
-313.6428754290667
267.7571245709366
246.35712457093638
579.7571245709345
74.15712457093701
212.95712457093867
-410.2428754290636
671.3571245709319
793.1571245709372
125.55712457093824
-185.84287542906358
-474.0428754290575
-217.2428754290642
830.5571245709408
419.55712457094023
-189.04287542906286
104.55712457093765
-74.04287542906123
-409.8428754290646
244.9571245709403
1151.5571245709355
294.3571245709421
70.75712457093692
350.15712457093946
-519.0428754290641
235.957124570936
-144.8428754290634
-717.8428754290619
-1041.242875429063
-532.4428754290633
-485.4428754290609
-305.24287542906353
-397.04287542906206
246.55712457093722
290.3571245709369
505.7571245709371
93.55712457093884
426.75712457093874
115.15712457093619
126.75712457093631
-19.842875429061966
135.55712457093884
277.55712457093847
76.95712457094086
26.357124570938623
203.55712457093793
638.5571245709359
-36.24287542906208
749.35712457094
-79.64287542906112
-353.84287542906304
656.1571245709358
1221.1571245709397
600.1571245709397
95.35712457093983
484.5571245709401
-521.0428754290618
205.3571245709371
-35.242875429061144
-613.0428754290676
-696.6428754290572
-937.4428754290643
-594.8428754290587
0.7571245709383163
312.95712457093794
250.75712457093687
-345.642875429062
128.35712457093942
-462.442875429061
-35.24287542906097
712.757124570937
101.75712457094161
490.3571245709388
472.7571245709418
612.1571245709387
413.75712457093806
78.75712457093604
-440.2428754290631
248.15712457094185
-462.2428754290613
3.157124570939538
-125.64287542906315
-284.84287542905616
-319.2428754290612
463.1571245709412
815.7571245709389
-180.6428754290635
-398.24287542906404
-902.2428754290596
-583.8428754290628
-974.2428754290638
-666.642875429061
-696.2428754290708
-1198.84287542907
-495.242875429064
896.9571245709346
206.35712457093766
-303.842875429066
231.35712457093584
206.55712457094066
-108.8428754290609
-166.24287542906333
-367.84287542906213
-480.042875429062
411.35712457093933
824.9571245709413
751.9571245709396
544.1571245709401
643.3571245709426
-259.4428754290626
-407.8428754290629
-1055.6428754290603
-542.0428754290643
-194.84287542906137
-97.0428754290632
160.35712457093757
297.5571245709372
104.15712457093889
-43.04287542906275
674.7571245709353
789.5571245709367
-68.4428754290611
-993.4428754290615
-937.2428754290585
-1020.2428754290676
-1335.6428754290687
-422.442875429061
454.75712457093795
395.957124570935
-86.44287542906112
16.75712457093851
544.5571245709415
450.75712457093863
499.35712457094087
45.95712457093896
299.55712457093983
724.3571245709381
1329.3571245709427
643.3571245709367
378.15712457093935
675.3571245709385
118.35712457093948
114.1571245709408
177.5571245709386
451.7571245709361
255.95712457093893
-130.24287542906103
692.3571245709337
281.5571245709409
-117.24287542906228
221.55712457093722
400.95712457093776
345.3571245709375
-51.64287542906206
-799.8428754290628
-371.4428754290613
-558.6428754290606
-1053.4428754290668
-554.0428754290631
310.3571245709391
608.1571245709424
188.55712457093566
-241.04287542906127
115.9571245709403
266.55712457093836
863.7571245709398
1340.5571245709389
998.1571245709396
1063.3571245709359
1433.9571245709335
374.7571245709347
423.75712457093925
711.7571245709402
388.55712457093665
440.1571245709415
126.35712457093697
478.1571245709394
113.3571245709415
-328.0428754290609
690.157124570938
281.5571245709386
191.35712457093794
510.1571245709395
797.3571245709381
584.9571245709373
375.55712457093887
-383.44287542906125
-919.8428754290669
-810.8428754290637
-747.6428754290658
-318.4428754290613
222.5571245709374
590.1571245709398
577.5571245709406
315.7571245709407
502.5571245709387
588.1571245709414
900.1571245709442
697.9571245709411
310.75712457093925
712.3571245709377
693.1571245709407
715.1571245709414
435.7571245709399
871.9571245709392
363.1571245709391
236.7571245709379
-5.842875429061543
266.35712457093746
236.35712457093607
582.757124570938
860.7571245709349
339.15712457093895
236.15712457093926
562.7571245709378
432.5571245709398
454.35712457093564
602.7571245709306
9.15712457093948
-879.642875429064
-1035.4428754290611
-832.642875429069
-231.64287542905748
12.357124570937984
-147.6428754290611
23.95712457093829
570.1571245709378
645.1571245709314
673.3571245709342
203.9571245709384
-48.64287542906109
152.95712457093833
33.7571245709378
319.35712457093956
1180.3571245709386
669.7571245709364
582.7571245709366
162.3571245709403
395.15712457093906
549.7571245709387
167.35712457093834
519.75712457094
273.95712457094254
84.15712457093929
-47.6428754290602
652.3571245709377
690.357124570938
-413.2428754290659
-128.24287542906424
267.75712457093874
-656.042875429062
-770.8428754290645
-698.6428754290608
-596.6428754290656
-103.4428754290623
114.1571245709373
36.95712457093903
-378.6428754290624
319.15712457093827
506.757124570942
622.3571245709405
248.15712457093792
738.9571245709449
1242.9571245709328
539.1571245709382
457.75712457094323
627.7571245709439
366.9571245709384
-282.84287542906503
-601.2428754290645
-341.2428754290611
250.35712457093757
562.957124570943
538.9571245709378
24.157124570937288
234.75712457093718
-210.04287542906357
270.1571245709393
688.3571245709351
-259.64287542906425
-362.04287542906127
248.5571245709387
-377.8428754290623
33.15712457093737
-601.242875429073
216.35712457093894
535.757124570939
236.7571245709376
-67.04287542906197
-529.0428754290663
70.75712457093972
267.5571245709388
137.5571245709369
-283.84287542906105
-175.44287542906113
119.95712457094203
-247.04287542906224
-326.2428754290619
-394.6428754290639
-281.4428754290613
-636.4428754290643
-1040.6428754290662
-812.8428754290637
-402.2428754290618
-274.8428754290618
85.75712457093917
259.95712457093697
76.3571245709399
-93.64287542906078
-503.24287542906353
-73.84287542906245
-247.04287542906113
-488.24287542906063
-364.2428754290637
57.75712457093663
1032.9571245709426
9.357124570936946
-553.8428754290661
-92.84287542906196
316.55712457093847
332.55712457093864
-39.442875429060905
-189.44287542906204
28.957124570935793
-490.8428754290603
-443.4428754290605
251.55712457093534
210.75712457093906
-501.0428754290649
-393.04287542906263
-368.84287542906077
-346.04287542906354
-804.8428754290621
-219.0428754290616
-688.2428754290661
-791.0428754290623
-238.4428754290633
-156.04287542906195
104.35712457093902
256.75712457094005
284.9571245709416
-812.6428754290658
-833.4428754290599
-577.2428754290675
206.75712457093599
735.557124570933
199.95712457093833
-702.642875429067
223.1571245709378
-734.6428754290622
-590.8428754290654
-174.04287542906047
440.957124570938
89.95712457093866
-206.44287542906216
-31.842875429062005
-284.24287542906313
-766.0428754290623
188.15712457093306
314.1571245709339
-219.24287542906268
-660.2428754290623
-520.8428754290627
147.3571245709403
114.75712457093809
383.5571245709358
25.757124570939432
92.15712457093854
644.5571245709377
112.35712457093793
-73.24287542906096
269.9571245709388
523.757124570943
-517.0428754290637
-113.4428754290627
322.35712457093825
345.957124570938
988.5571245709407
421.5571245709374
226.7571245709374
424.3571245709387
-70.64287542906187
-251.44287542906176
-385.0428754290619
770.3571245709347
603.5571245709397
-291.0428754290641
-191.4428754290606
-230.84287542906316
-476.0428754290608
286.55712457093796
-71.84287542906208
-358.24287542906086
-793.442875429065
-556.0428754290631
-217.4428754290642
-242.64287542906044
467.55712457094086
8.557124570939894
133.9571245709346
372.15712457093673
-292.44287542906176
-106.24287542906282
118.95712457093904
266.35712457093706
-351.64287542905754
-41.242875429062266
176.15712457093673
230.3571245709359
297.15712457093764
55.95712457093827
597.3571245709377
1175.9571245709265
453.35712457093774
354.55712457093784
175.95712457094015
387.1571245709358
383.1571245709416
-473.042875429062
-497.8428754290613
-205.24287542906376
-588.2428754290626
-115.24287542906126
91.95712457093825
-355.84287542906384
-669.442875429061
-779.2428754290625
-894.2428754290598
-716.2428754290618
147.3571245709372
-59.04287542906172
150.95712457093805
-159.4428754290624
-594.2428754290634
-748.8428754290638
-443.04287542906235
15.757124570937885
199.95712457094055
311.9571245709403
186.5571245709359
930.3571245709369
794.5571245709359
134.1571245709398
650.5571245709388
728.5571245709297
170.55712457093716
-138.2428754290631
179.55712457093796
-267.6428754290619
-332.24287542906205
-518.842875429066
-293.04287542906087
101.35712457094075
171.75712457093732
-207.4428754290622
-55.84287542906071
128.3571245709358
-388.0428754290617
-1055.0428754290663
-892.6428754290617
-532.6428754290633
-305.64287542906186
-300.2428754290635
-167.84287542906165
-694.64287542906
-580.0428754290607
-326.642875429064
-642.8428754290628
-263.84287542906316
829.9571245709417
-115.0428754290634
-741.0428754290559
743.1571245709395
783.757124570936
243.55712457093836
407.95712457093794
-348.0428754290635
-592.8428754290601
-627.8428754290601
128.15712457093684
-129.64287542906382
-682.0428754290677
-369.8428754290621
-611.2428754290611
-157.64287542906123
-19.44287542906302
-415.44287542906505
-1150.2428754290618
-679.0428754290618
122.35712457093726
-375.2428754290632
-515.842875429064
-367.4428754290629
-673.8428754290633
-892.0428754290666
-731.2428754290605
-484.2428754290604
-37.84287542905857
-502.04287542906314
-476.4428754290612
-204.642875429062
435.7571245709369
61.35712457093865
-497.2428754290588
161.35712457093905
364.1571245709385
188.15712457093812
619.5571245709366
219.75712457093957
259.9571245709386
240.7571245709396
265.5571245709372
157.75712457093897
-300.04287542906536
-538.0428754290613
-901.0428754290627
-653.6428754290625
-234.6428754290602
-27.042875429061542
104.75712457093786
105.3571245709378
-342.84287542906173
-255.2428754290623
-605.8428754290576
-498.0428754290628
-123.44287542906591
-236.8428754290603
33.15712457093871
-57.24287542906403
-277.44287542906153
-294.4428754290631
-174.84287542905923
-54.842875429060584
-12.042875429063074
227.55712457093884
57.95712457093845
568.557124570938
410.5571245709386
111.35712457093854
441.55712457094006
258.5571245709373
200.9571245709362
464.757124570938
185.95712457093774
-104.64287542906126
661.7571245709419
3.757124570938444
-1201.4428754290636
-829.6428754290608
-197.8428754290636
167.55712457093924
-262.4428754290616
-307.2428754290615
-143.2428754290624
-194.8428754290617
-595.442875429064
-539.6428754290629
-391.24287542906416
-434.0428754290618
-68.24287542906296
-61.04287542906171
-246.44287542906164
87.75712457093839
-655.242875429062
-489.8428754290587
-368.84287542906117
469.9571245709372
43.55712457093846
875.5571245709406
573.9571245709392
-96.64287542906243
836.3571245709358
-0.042875429061624004
-172.6428754290634
653.9571245709394
-157.24287542906066
-248.04287542906212
843.5571245709446
397.55712457093864
-237.04287542906317
-608.8428754290601
-555.0428754290576
-66.64287542906243
-1691.6428754290625
-1229.0428754290624
322.75712457094306
126.35712457093834
-133.84287542906054
-418.0428754290617
-199.64287542906263
-73.24287542906504
-819.6428754290646
20.957124570940135
506.3571245709393
-84.64287542906337
-511.0428754290596
-819.042875429064
-587.2428754290655
318.55712457093585
312.3571245709375
672.5571245709327
405.75712457093516
-151.64287542906334
788.9571245709333
28.157124570936908
-55.242875429062
377.5571245709408
-105.04287542906377
6.357124570936698
304.95712457093896
64.55712457093709
293.35712457093956
186.35712457093766
-41.24287542906115
-225.84287542906233
-1413.8428754290696
-661.8428754290667
114.15712457093848
-417.6428754290612
-313.0428754290633
-337.2428754290596
-722.8428754290611
-228.24287542906094
-863.4428754290617
-48.442875429063086
554.357124570937
-245.24287542906174
-320.0428754290627
221.9571245709375
-63.04287542906029
48.55712457093588
-85.84287542906347
-432.4428754290629
-83.64287542906213
-8.042875429060906
406.55712457093694
-368.84287542906236
-51.24287542906218
200.7571245709368
185.55712457093716
334.15712457093707
594.757124570938
-87.84287542906563
-608.8428754290599
79.95712457093832
292.757124570936
-497.84287542906037
-728.2428754290629
-1155.6428754290623
-1052.8428754290537
-227.04287542906047
-177.64287542906249
-635.6428754290669
-1302.4428754290611
65.75712457093927
-224.44287542906252
-632.8428754290602
-835.0428754290552
-941.842875429064
-503.2428754290609
-48.04287542906322
-462.44287542906096
-286.0428754290632
-21.242875429060206
-755.2428754290636
-138.24287542906168
721.1571245709365
1063.7571245709394
-197.84287542905952
202.55712457094086
-90.64287542906152
-136.64287542906132
81.75712457093887
-138.64287542906155
-485.0428754290644
-492.44287542906136
23.75712457093886
14.557124570936836
-584.042875429061
-131.6428754290609
-415.64287542906254
-890.0428754290616
-247.8428754290621
210.55712457094083
-114.84287542906071
-823.0428754290608
404.5571245709395
191.15712457093701
116.15712457093844
-528.2428754290668
-848.0428754290667
-797.4428754290711
-876.6428754290748
-846.6428754290612
-444.0428754290603
309.9571245709389
254.55712457093762
-24.642875429063736
-153.04287542906064
353.15712457093696
349.55712457093944
798.1571245709333
-3.6428754290649934
-36.64287542906254
-217.24287542906143
226.75712457093695
17.357124570937227
-25.042875429060615
-7.242875429060312
-240.44287542906204
-214.64287542906538
281.9571245709387
111.35712457093985
-602.8428754290615
-563.4428754290644
-80.84287542906172
-338.0428754290635
-668.6428754290607
-447.64287542906186
323.5571245709384
33.35712457093726
-433.6428754290626
102.15712457093697
-450.44287542906324
-299.4428754290653
-30.442875429060962
-434.44287542906363
46.75712457093911
473.1571245709337
389.3571245709379
-496.2428754290639
291.5571245709394
937.9571245709427
1147.7571245709416
-114.84287542906436
160.7571245709408
-360.8428754290652
-202.84287542906128
-66.4428754290615
-295.44287542906466
-433.6428754290624
-403.64287542906254
11.557124570937301
32.55712457093569
-408.44287542906716
170.3571245709395
-163.84287542906267
-183.84287542906372
-350.04287542906076
-608.8428754290669
-752.2428754290592
612.7571245709371
-582.4428754290635
-961.8428754290641
268.5571245709387
-297.6428754290618
407.9571245709384
760.1571245709385
54.55712457093624
57.957124570937395
271.75712457093823
-136.6428754290624
-673.4428754290599
-42.44287542905981
324.35712457093837
524.1571245709398
-101.84287542906122
330.55712457093836
165.15712457093727
77.75712457093827
-280.2428754290642
-709.2428754290632
-606.2428754290626
-86.6428754290642
472.3571245709366
62.95712457093815
-177.2428754290655
121.55712457093702
-82.84287542906215
589.9571245709388
579.5571245709361
597.5571245709368
254.5571245709373
247.75712457094082
-94.44287542906264
-725.8428754290619
24.95712457093988
-448.8428754290625
2.557124570936204
301.9571245709376
442.5571245709384
281.7571245709376
-276.84287542906196
-697.242875429059
261.95712457093583
627.1571245709341
30.357124570936875
627.557124570938
95.95712457093896
225.15712457093989
170.5571245709398
-546.8428754290657
-832.8428754290597
-270.04287542906246
242.7571245709368
177.95712457093595
-415.4428754290574
-417.84287542906367
224.15712457094077
365.5571245709355
12.7571245709363
576.7571245709399
166.95712457093902
287.75712457093965
526.5571245709383
-573.0428754290691
-739.8428754290588
-680.2428754290601
-374.84287542906645
326.35712457093825
206.55712457093748
-179.84287542906242
239.95712457093865
475.15712457093633
242.3571245709343
-535.4428754290631
760.7571245709299
1186.7571245709405
16.557124570938143
18.157124570937658
-666.4428754290644
447.1571245709396
197.75712457093832
-1003.0428754290609
-539.0428754290605
593.3571245709397
584.9571245709376
112.35712457093732
131.55712457093648
-244.2428754290638
72.95712457093668
4.7571245709372265
-756.2428754290635
-177.44287542906275
-522.4428754290607
87.95712457093526
1012.1571245709351
118.75712457093833
-205.2428754290618
131.7571245709379
-417.2428754290657
-232.64287542906348
597.557124570941
280.15712457093747
192.55712457093898
132.95712457093558
119.15712457093612
-728.8428754290629
302.55712457093665
1085.9571245709346
588.5571245709501
824.1571245709363
-21.8428754290613
570.9571245709387
496.357124570937
142.35712457093786
109.15712457094459
-118.64287542906058
127.55712457093773
-50.24287542906214
-70.64287542906257
-202.6428754290621
-12.242875429063387
-510.8428754290616
-791.2428754290625
-21.442875429060532
-232.0428754290608
770.7571245709331
1349.3571245709352
271.357124570935
-6.2428754290606205
911.3571245709304
550.3571245709342
-397.442875429062
791.1571245709328
602.3571245709371
190.55712457093907
-451.44287542906216
-361.4428754290625
-905.6428754290605
-460.4428754290623
182.15712457093807
-284.442875429061
-33.64287542906003
-119.04287542906309
169.1571245709381
765.1571245709354
548.1571245709371
70.35712457093742
-563.0428754290627
-286.0428754290643
-200.6428754290628
85.15712457093763
-222.2428754290615
-715.6428754290633
-608.842875429062
-78.04287542906243
508.55712457093415
-479.8428754290633
234.35712457093928
1321.5571245709405
304.95712457093856
-949.2428754290576
160.75712457093857
518.7571245709391
-515.642875429061
-74.84287542905979
192.35712457093996
434.3571245709385
53.757124570939546
259.9571245709358
186.7571245709404
-21.84287542906144
474.75712457094033
-615.0428754290634
103.15712457093849
328.95712457094066
314.75712457093914
458.95712457093816
58.15712457093753
205.55712457093887
908.9571245709408
173.75712457093698
-112.64287542906153
82.15712457094033
-22.642875429060638
-777.4428754290628
-216.64287542905885
-122.04287542906589
24.157124570932066
-404.4428754290617
-17.24287542906264
33.357124570935476
132.1571245709377
5.357124570934288
-455.0428754290606
-355.2428754290651
-359.6428754290639
110.75712457093654
134.55712457093856
387.5571245709394
571.5571245709364
991.1571245709404
1171.3571245709325
484.95712457093805
448.5571245709377
-22.44287542906072
1039.3571245709386
1045.957124570936
944.5571245709373
956.5571245709382
-94.84287542906029
314.95712457093674
812.9571245709373
-226.24287542906248
-107.8428754290611
204.35712457093902
-34.84287542906547
-140.84287542906176
248.95712457093828
-156.64287542906115
74.15712457093947
644.9571245709374
324.5571245709361
-152.24287542906436
304.5571245709376
854.957124570942
66.35712457093764
130.95712457093762
29.55712457093722
-288.6428754290626
105.35712457093777
436.5571245709359
264.35712457093683
546.1571245709367
414.95712457093816
39.55712457093796
-103.44287542906325
90.75712457093826
489.9571245709356
241.5571245709381
213.75712457094014
557.1571245709407
522.5571245709389
341.55712457093375
136.55712457094106
-1106.0428754290651
-521.4428754290595
-29.242875429062842
218.35712457093751
542.7571245709356
-85.84287542906365
-291.84287542906355
-291.84287542906077
-105.24287542906268
-29.242875429064462
-362.44287542906113
-287.44287542906847
-110.8428754290634
-85.24287542906211
-565.0428754290631
-804.2428754290642
-100.24287542906085
-284.4428754290651
-43.24287542906213
-48.64287542906161
-147.6428754290605
76.75712457093832
-147.24287542906265
-297.0428754290628
-526.6428754290608
194.7571245709377
-107.24287542906202
-214.84287542906236
-235.84287542906227
247.55712457093776
241.1571245709387
447.5571245709337
-403.0428754290604
-290.64287542906203
-986.4428754290612
151.15712457094307
204.5571245709391
-698.842875429062
-582.8428754290583
-557.4428754290589
-413.04287542905877
179.3571245709383
-187.64287542906465
-599.8428754290588
-320.0428754290608
-352.6428754290603
-925.0428754290657
-529.0428754290588
728.7571245709406
185.35712457093913
-36.642875429061085
540.3571245709392
-7.642875429061579
534.7571245709405
110.95712457093748
-385.8428754290664
-532.8428754290549
5.957124570937644
-238.04287542906016
-494.0428754290619
-445.24287542906376
176.5571245709384
-56.04287542906173
-89.64287542906291
-673.4428754290593
-161.0428754290631
-659.6428754290621
-787.6428754290664
-805.2428754290645
-911.8428754290657
-683.0428754290647
-426.64287542906567
-306.04287542906025
-361.8428754290613
144.55712457094054
-425.84287542906554
271.35712457093854
-167.44287542906125
-748.6428754290608
-57.842875429062104
630.5571245709456
359.55712457093904
-120.64287542906322
334.35712457093524
-244.8428754290625
645.157124570938
379.75712457093664
-191.44287542906204
55.757124570937336
-38.04287542906085
-124.24287542906194
-126.84287542906257
163.75712457093883
328.1571245709397
-285.44287542906267
-89.84287542905787
-934.4428754290625
-330.8428754290606
14.157124570938908
-719.6428754290627
-265.84287542906236
-509.642875429063
-499.44287542906176
-236.0428754290621
-435.842875429068
-909.6428754290624
4.357124570937188
-618.2428754290597
-273.2428754290624
-73.442875429063
-210.24287542906097
-320.0428754290614
328.35712457093507
774.1571245709399
31.157124570936638
-326.8428754290642
-792.4428754290584
-80.04287542906278
-313.8428754290626
39.55712457093759
194.15712457093767
-243.84287542905912
81.35712457093426
1038.557124570935
207.95712457093757
-231.24287542906436
382.5571245709381
155.7571245709377
-731.2428754290607
-530.2428754290635
-837.4428754290609
-1055.2428754290618
-503.0428754290608
-200.44287542906417
-68.44287542906046
170.5571245709394
354.55712457093904
-338.4428754290616
-464.44287542905977
-1199.8428754290678
-819.6428754290652
-249.04287542906
76.55712457093435
439.75712457094
371.55712457093847
165.7571245709371
117.75712457093961
614.357124570941
620.1571245709429
237.15712457093508
-432.24287542906336
-405.4428754290681
-285.8428754290623
-574.2428754290612
68.957124570939
447.95712457093157
132.15712457093815
-389.4428754290643
-267.84287542906065
350.55712457093676
-344.4428754290657
-230.4428754290624
-515.242875429062
-502.04287542906144
-606.042875429065
9.757124570935694
-81.24287542906207
106.55712457093934
676.3571245709372
213.35712457093726
128.35712457093672
30.357124570937934
2.957124570936246
-85.8428754290622
-364.8428754290603
497.7571245709385
77.95712457093784
-370.2428754290617
-36.84287542906266
27.35712457093844
-22.64287542906164
119.35712457093774
-399.84287542906696
5.3571245709396536
-34.64287542906408
-388.0428754290597
-160.44287542906352
98.95712457093865
33.1571245709368
-360.64287542906504
-667.4428754290626
-164.04287542906326
-465.2428754290633
102.15712457093777
645.7571245709364
-34.042875429061446
-362.8428754290633
88.1571245709376
-283.0428754290637
45.15712457093919
496.55712457093915
513.757124570938
571.5571245709389
67.15712457093755
174.35712457093803
-240.24287542906293
-609.8428754290628
239.75712457093775
-243.24287542906373
-323.64287542906106
27.557124570936242
231.75712457093854
79.95712457094098
222.957124570941
-304.0428754290658
-734.2428754290717
-152.442875429061
-216.44287542906332
-40.6428754290586
-167.44287542905732
-124.24287542906212
-19.642875429061462
-42.242875429061314
140.35712457093808
-134.0428754290612
31.357124570938964
-94.64287542905754
-472.84287542905275
-476.4428754290638
-293.2428754290629
205.55712457093688
-91.24287542906579
116.35712457093743
-76.04287542906143
194.95712457093848
-229.0428754290664
-282.2428754290652
-426.24287542906285
173.55712457093756
278.75712457093783
-357.04287542906167
-357.04287542906417
98.75712457093786
-105.84287542906142
-124.24287542906302
181.7571245709386
-465.04287542906076
-1005.6428754290632
-65.24287542906193
-175.24287542906288
29.357124570936502
-297.642875429061
-727.6428754290611
-521.4428754290649
13.957124570938692
12.957124570938293
-237.84287542906233
-749.0428754290592
-797.8428754290603
-499.84287542906367
-897.6428754290696
-405.6428754290617
528.5571245709419
-319.84287542906395
-624.4428754290623
-803.8428754290665
-70.44287542906228
196.75712457093886
-400.4428754290619
-260.0428754290632
-107.64287542906303
-351.24287542905984
-622.8428754290596
108.35712457093969
310.75712457093636
-793.242875429065
-524.8428754290562
-185.64287542906203
-1115.2428754290625
-842.6428754290655
173.55712457093864
87.75712457093823
123.75712457093869
-4.64287542906183
-223.04287542906263
-656.8428754290674
-210.04287542906022
-286.84287542906196
-228.04287542906482
-472.84287542905764
168.15712457093866
774.5571245709393
-21.842875429061152
-194.2428754290629
64.35712457093751
-368.84287542906003
-1102.8428754290603
-1274.442875429061
-739.4428754290632
-11.042875429063063
180.75712457093547
-144.2428754290617
-323.2428754290614
-104.44287542906244
-661.6428754290594
-103.84287542906401
350.15712457093895
-490.0428754290594
-398.24287542906046
13.557124570937436
-403.8428754290646
196.55712457093728
-11.642875429062304
518.957124570934
457.35712457094115
185.15712457093994
-79.84287542906182
-823.8428754290535
-655.4428754290556
-610.2428754290653
-582.242875429065
-651.4428754290625
-253.44287542906372
-86.44287542905997
-727.642875429062
-760.8428754290658
-455.64287542906214
-116.04287542906309
-433.2428754290625
-1011.4428754290593
-897.4428754290609
-560.0428754290618
-645.2428754290619
-536.2428754290627
-221.6428754290669
-277.64287542906305
-579.6428754290621
-848.4428754290644
-281.0428754290616
-273.64287542905885
-287.84287542906236
-213.2428754290588
317.15712457094077
1228.1571245709342
-595.2428754290748
-1067.642875429069
-943.8428754290696
-836.4428754290735
-935.842875429061
-1136.6428754290607
-856.8428754290708
-66.84287542906314
-477.0428754290681
-376.2428754290622
615.1571245709363
638.1571245709318
18.95712457093986
175.357124570939
223.557124570937
107.1571245709353
-520.0428754290657
-425.8428754290642
-1023.2428754290709
-1054.042875429065
-786.042875429066
-954.6428754290591
-486.44287542906704
-26.842875429064584
-243.44287542906326
-1103.2428754290531
-969.0428754290632
-1014.6428754290584
-519.64287542906
-169.84287542905759
-671.6428754290645
-1589.6428754290575
-327.84287542906816
-1583.042875429084
-1879.8428754290653
-1475.4428754290836
-1001.2428754290736
-1124.0428754290642
-1040.2428754290565
-401.84287542906134
-494.64287542906436
-826.0428754290648
145.75712457093957
137.55712457093577
-112.24287542906603
-213.4428754290611
-230.24287542906058
321.3571245709385
495.75712457093897
606.1571245709389
154.15712457093883
-4.442875429061516
463.15712457093946
-201.04287542906036
-546.6428754290645
-40.84287542906198
-55.04287542905907
-1080.6428754290569
-702.8428754290551
-462.8428754290586
-470.6428754290598
161.35712457093845
-422.6428754290628
-835.2428754290579
-4.24287542906135
-700.6428754290602
-927.6428754290573
-804.6428754290613
111.55712457093837
-99.84287542906189
-488.8428754290601
-171.4428754290613
-397.8428754290642
-575.6428754290625
94.1571245709354
-460.24287542906114
-512.242875429059
-541.4428754290653
-353.4428754290648
189.15712457093764
628.1571245709403
1339.757124570943
548.3571245709356
243.35712457093578
581.5571245709436
28.957124570938362
55.95712457093882
259.5571245709374
245.15712457093824
-519.0428754290613
-600.0428754290623
-396.24287542906654
-169.04287542906613
-83.44287542906456
-421.24287542906086
-278.4428754290618
840.1571245709335
146.75712457093886
224.1571245709374
184.55712457093742
-9.44287542906283
156.5571245709368
-152.84287542906156
-192.64287542906243
-284.2428754290612
-922.042875429069
-325.8428754290607
13.757124570936007
-241.44287542906386
-394.0428754290611
-394.84287542906236
-383.442875429064
87.15712457093925
1035.7571245709364
476.55712457094114
262.5571245709364
48.95712457093887
-228.04287542906368
-271.8428754290601
38.75712457093795
174.95712457093822
90.95712457094017
-144.44287542906213
-391.44287542906477
430.95712457093924
412.75712457093744
-251.24287542906512
30.95712457093605
509.75712457093704
189.75712457093695
4.157124570939725
170.15712457093682
-701.44287542906
-520.2428754290669
-300.0428754290614
44.757124570936135
211.7571245709355
-25.442875429060667
-229.84287542906293
223.7571245709399
526.9571245709377
28.757124570938487
-591.2428754290625
-411.44287542906443
186.35712457094127
501.95712457094055
132.95712457093987
104.15712457093714
-420.64287542906095
-300.24287542906177
66.55712457093756
-437.44287542905965
-342.64287542905964
448.75712457093834
-453.6428754290584
-1118.6428754290637
-109.44287542906204
148.15712457093792
-250.84287542906108
-221.6428754290608
-327.64287542905976
-371.6428754290608
-391.8428754290585
170.757124570937
-331.6428754290588
-819.6428754290611
-180.64287542906268
-298.0428754290609
95.55712457094072
117.55712457093667
-256.24287542906137
-665.8428754290658
-272.84287542906145
632.7571245709354
39.75712457093724
-336.24287542906177
157.95712457093776
-111.04287542906292
-710.4428754290587
-486.242875429063
-312.84287542906384
141.15712457093855
-201.6428754290606
-258.84287542906304
-62.84287542906225
451.75712457093863
205.15712457093818
-696.0428754290645
-530.0428754290631
-140.24287542906345
-327.44287542906255
-164.0428754290629
534.9571245709361
416.15712457093775
239.55712457093847
260.757124570939
60.75712457093719
-549.0428754290629
-331.04287542906144
-450.24287542906035
-299.04287542906303
148.55712457093804
358.3571245709359
540.7571245709393
434.55712457093887
-61.04287542906317
127.15712457093719
-537.242875429061
-292.0428754290624
186.357124570935
-66.64287542906038
42.15712457093898
75.55712457093665
77.95712457093943
91.15712457093788
303.35712457094246
463.55712457093557
475.55712457093756
597.5571245709351
0.15712457093756527
386.75712457093766
226.95712457093794
-448.04287542906434
-499.84287542906117
257.55712457093915
-25.442875429060052
258.55712457094245
193.35712457093786
-120.04287542906215
315.95712457093873
-23.642875429059742
-941.2428754290703
-558.4428754290653
68.55712457093875
398.3571245709372
83.55712457093627
-273.44287542906176
-406.84287542906463
-323.04287542905985
-827.2428754290555
-788.642875429061
-366.44287542906244
-295.64287542906465
-148.24287542906202
-63.442875429061225
256.9571245709368
642.7571245709385
-0.04287542906009634
343.5571245709372
279.5571245709352
754.3571245709386
18.957124570931065
821.7571245709382
346.357124570938
-586.6428754290666
-86.04287542906079
-321.0428754290606
-640.0428754290634
428.5571245709389
-61.04287542906196
-274.44287542906466
489.35712457093797
276.9571245709372
-271.64287542906254
-489.2428754290581
-431.8428754290689
162.7571245709373
-1484.2428754290704
-1511.4428754290657
-384.04287542906343
-427.04287542906513
-387.44287542906585
-458.2428754290618
10.357124570937717
102.15712457093639
-643.4428754290601
62.35712457093906
774.1571245709404
254.35712457093672
194.5571245709378
66.95712457093558
48.957124570938234
729.9571245709361
306.7571245709401
535.357124570937
303.75712457093766
-489.84287542906446
105.95712457093848
-278.8428754290606
-432.04287542906206
160.95712457093728
-118.84287542906128
-147.0428754290618
-159.44287542906346
-369.24287542906137
1.357124570939245
163.7571245709397
113.1571245709382
-8.242875429068373
-1133.242875429057
-677.8428754290595
-156.6428754290628
-519.4428754290619
-185.0428754290616
35.757124570938345
-206.44287542906085
65.55712457093648
-420.84287542906264
414.1571245709397
1069.3571245709395
174.35712457093882
191.55712457093927
696.7571245709385
435.1571245709348
720.1571245709349
400.95712457093856
-240.442875429064
-88.64287542906129
-107.64287542906044
205.75712457094
-733.2428754290668
-395.8428754290615
181.35712457093894
345.7571245709373
183.55712457093645
360.95712457093873
-291.2428754290644
-669.8428754290618
288.3571245709387
776.557124570941
-29.842875429063252
-424.6428754290587
-835.6428754290639
-778.0428754290645
-33.242875429060156
114.15712457093646
-234.44287542905442
-815.442875429065
705.1571245709396
435.55712457093665
70.95712457093721
-101.04287542906233
-250.0428754290598
108.55712457093915
148.5571245709367
-332.2428754290607
170.55712457093844
793.1571245709384
-153.6428754290602
-145.44287542906275
568.1571245709354
1121.5571245709339
-450.64287542906754
-101.64287542906203
79.75712457093873
136.9571245709395
159.95712457093842
83.75712457093873
-215.24287542906166
-226.44287542906264
587.7571245709393
946.5571245709328
-197.44287542906008
-87.4428754290631
-11.242875429062751
-491.84287542905906
140.15712457093838
770.7571245709356
446.957124570935
-136.6428754290617
1277.7571245709403
887.7571245709399
701.5571245709388
153.1571245709379
-192.84287542906037
-240.44287542906577
-861.4428754290719
-983.4428754290617
-395.2428754290622
583.1571245709412
431.7571245709378
-357.8428754290621
-466.64287542906027
448.15712457093724
24.557124570936658
371.1571245709371
-90.44287542906433
183.75712457093698
-24.84287542906263
405.5571245709395
262.35712457093786
35.7571245709388
548.9571245709402
654.9571245709384
29.357124570937064
473.5571245709391
796.9571245709382
-198.44287542905982
-105.24287542906013
486.15712457093343
88.55712457093829
-199.2428754290615
2.757124570936636
291.9571245709363
-71.44287542906115
46.15712457093556
655.3571245709396
-221.4428754290614
-288.24287542906444
-91.84287542906215
-622.8428754290624
-214.64287542906257
138.957124570941
-259.24287542905944
-1116.6428754290685
-65.64287542906146
871.7571245709368
981.1571245709397
-128.242875429062
454.7571245709366
-329.6428754290679
-514.0428754290639
-260.0428754290619
-262.4428754290655
52.55712457093857
144.95712457094024
249.55712457093938
306.75712457093886
104.15712457093731
517.5571245709411
65.95712457093735
-36.44287542906406
-113.442875429063
-369.8428754290654
-632.8428754290605
492.9571245709387
-952.6428754290639
-971.2428754290638
542.9571245709332
-221.24287542906043
124.75712457093877
294.5571245709387
-359.8428754290627
-372.8428754290607
-267.0428754290658
-745.8428754290636
-1172.6428754290691
-346.2428754290636
421.1571245709399
409.55712457094154
-231.24287542906185
542.3571245709401
59.157124570936766
-352.24287542906194
-362.0428754290627
-624.6428754290638
-228.44287542906295
100.55712457093736
345.7571245709374
92.95712457093904
-172.24287542906518
-4.242875429062231
-113.24287542906389
520.9571245709368
688.1571245709389
842.5571245709369
378.55712457093813
233.157124570938
-419.0428754290664
-919.4428754290685
190.75712457093803
-388.8428754290642
-304.4428754290653
-313.2428754290636
-129.04287542906187
-365.24287542906313
-796.2428754290607
-1140.2428754290647
-120.64287542906163
666.7571245709419
-24.842875429060214
160.15712457093767
-212.2428754290628
224.95712457093984
84.75712457093928
-441.8428754290622
-479.8428754290628
-369.44287542906113
266.35712457094036
186.357124570939
-798.6428754290633
-806.2428754290662
-78.04287542906111
-68.84287542906094
-112.04287542906206
648.5571245709367
568.1571245709384
631.3571245709367
469.95712457093794
-629.8428754290677
-592.2428754290615
-609.4428754290636
-357.4428754290611
151.75712457094016
-136.84287542906407
-712.042875429059
-236.0428754290623
-109.84287542905986
-139.84287542906162
-775.2428754290639
360.35712457093405
1270.9571245709437
-13.442875429061296
-324.24287542906325
-1044.0428754290645
257.5571245709397
274.7571245709392
-662.2428754290643
-309.44287542906005
500.1571245709355
305.55712457093796
-138.24287542906083
-160.44287542906318
-570.4428754290614
-9.642875429063736
-5.442875429060555
-454.84287542906264
391.9571245709362
306.7571245709368
548.957124570935
1040.9571245709446
301.15712457093724
-8.84287542906178
-48.24287542906148
-581.0428754290638
-406.8428754290597
349.35712457093973
66.35712457093808
-2.242875429061119
-314.84287542906014
-258.24287542906114
-1089.042875429064
-189.04287542906235
891.1571245709416
623.9571245709408
639.3571245709296
-474.04287542906246
153.75712457093874
393.5571245709361
121.7571245709389
48.35712457093905
-71.24287542906058
-9.842875429060708
-240.44287542906375
-99.6428754290627
-85.64287542906064
366.95712457094265
34.157124570932936
-35.64287542906158
870.757124570939
777.157124570936
1485.5571245709316
1697.15712457094
495.55712457093756
38.7571245709372
784.5571245709352
476.9571245709346
-521.2428754290619
693.3571245709372
505.5571245709361
150.5571245709401
-584.4428754290627
-680.8428754290608
-1426.6428754290612
-893.8428754290641
177.15712457093784
-160.84287542906296
-185.84287542906236
-439.04287542906593
-108.24287542906366
479.75712457093624
-11.442875429061374
-66.64287542906166
-492.24287542906137
-531.8428754290636
-481.4428754290623
-4.042875429062551
-160.64287542906342
-488.64287542906146
89.15712457093822
896.7571245709394
1661.5571245709364
832.3571245709386
1336.7571245709257
1990.1571245709388
691.7571245709388
-795.842875429062
281.9571245709401
679.1571245709368
-690.8428754290637
-249.64287542906246
32.557124570938676
176.75712457093888
-271.2428754290609
-37.84287542906348
-386.84287542906156
-630.0428754290629
373.75712457094045
-506.8428754290621
-202.4428754290601
-384.44287542906164
-143.64287542906112
42.15712457093798
-634.8428754290642
36.357124570941046
1099.5571245709352
-94.04287542906373
-459.8428754290613
39.55712457093739
-2.842875429062044
-583.4428754290662
430.3571245709397
1047.757124570933
1206.9571245709417
787.5571245709382
960.9571245709363
665.1571245709364
552.9571245709392
232.9571245709393
-261.44287542905863
-134.24287542906404
-491.44287542906415
-262.64287542906175
-373.44287542906216
-228.44287542906355
-52.84287542905966
603.5571245709383
647.757124570938
-233.64287542906416
105.15712457093858
-68.44287542906284
534.5571245709392
76.15712457093653
107.95712457093654
261.15712457093866
-709.2428754290637
9.757124570938622
903.557124570937
-281.2428754290612
-193.24287542906256
314.757124570936
301.7571245709387
214.55712457094276
891.157124570936
944.7571245709412
994.5571245709375
1467.5571245709386
960.1571245709338
240.3571245709402
610.3571245709378
957.557124570939
170.15712457093912
230.55712457093864
-211.24287542906407
-656.4428754290603
-517.8428754290626
-260.0428754290639
-126.44287542906085
382.757124570938
53.757124570937535
-708.0428754290621
-424.6428754290638
-402.2428754290627
-271.04287542906303
-646.2428754290611
-543.0428754290621
-55.842875429062516
201.95712457093543
168.75712457093348
267.5571245709388
-763.642875429062
-244.24287542906552
322.55712457093847
652.3571245709422
1143.9571245709476
709.1571245709393
775.9571245709345
603.7571245709383
665.3571245709383
441.957124570938
84.55712457093732
73.757124570938
-145.0428754290613
-84.44287542906173
-453.24287542906086
-858.4428754290634
-391.64287542906237
-652.4428754290589
-449.2428754290613
-393.44287542906403
-261.4428754290626
-390.24287542906194
-933.2428754290662
-679.8428754290661
-1020.6428754290637
-561.0428754290632
-748.8428754290636
-686.4428754290628
-835.242875429062
-210.4428754290623
168.3571245709373
676.357124570951
31.157124570935913
253.1571245709344
-385.4428754290625
734.7571245709395
799.9571245709429
-32.0428754290604
279.55712457093756
336.15712457093747
295.75712457093795
647.3571245709412
391.557124570939
-59.842875429062204
-62.24287542906281
-192.44287542906147
-901.0428754290583
-717.042875429065
531.357124570938
250.15712457094014
-92.84287542905658
188.75712457093596
-362.64287542906254
-49.4428754290641
-453.44287542906204
-475.2428754290644
-886.0428754290639
-343.04287542906405
-495.04287542906354
-802.2428754290552
-1025.6428754290666
-423.04287542906417
-201.64287542906123
88.75712457093543
-167.24287542906336
512.1571245709405
9.557124570937663
-80.04287542906286
52.55712457093826
-142.0428754290617
159.1571245709394
371.75712457094016
514.357124570937
465.7571245709368
976.357124570945
303.3571245709395
778.3571245709355
158.55712457093358
-559.6428754290648
-145.24287542906444
767.9571245709427
776.1571245709246
65.1571245709392
315.75712457093306
-561.6428754290608
237.15712457093807
175.15712457093832
-63.04287542906305
-115.04287542906037
-104.64287542906388
-334.04287542906224
-339.042875429064
-204.04287542906152
-287.8428754290633
-400.44287542906216
213.75712457093707
-225.64287542906345
376.75712457093823
680.9571245709369
-15.642875429062006
546.9571245709391
296.7571245709374
141.15712457093912
470.1571245709388
495.7571245709392
50.557124570938406
947.9571245709409
435.5571245709373
484.95712457093305
221.7571245709371
-167.84287542906182
-478.4428754290628
415.75712457093704
1273.957124570939
330.75712457093834
-212.24287542906188
-800.0428754290648
-225.2428754290621
-599.4428754290635
63.55712457093745
137.75712457093817
-177.242875429063
158.95712457093575
773.357124570941
-128.04287542906138
-418.6428754290615
668.9571245709396
862.1571245709385
37.55712457093829
242.95712457093737
56.55712457093721
-199.0428754290627
258.1571245709388
361.957124570938
231.95712457093794
694.5571245709398
1123.55712457094
293.9571245709387
261.9571245709354
-245.4428754290645
4.557124570939808
135.3571245709402
99.95712457093902
202.55712457094046
426.3571245709397
566.5571245709378
156.3571245709386
381.7571245709358
489.35712457093814
-5.2428754290597865
-763.2428754290617
-392.04287542905945
-143.44287542906156
-218.6428754290624
422.75712457093357
516.5571245709334
114.15712457093679
-69.44287542906218
513.5571245709368
1284.3571245709381
378.3571245709371
441.15712457093963
179.15712457094043
170.5571245709428
65.75712457093734
448.35712457093985
-41.242875429060675
266.3571245709425
772.3571245709406
476.5571245709406
714.9571245709371
731.5571245709367
540.3571245709354
202.55712457094157
-303.64287542906277
287.357124570939
309.3571245709375
165.35712457093976
75.95712457093727
-314.64287542905987
-345.64287542906317
-290.44287542906443
-788.2428754290612
-195.442875429064
277.9571245709387
-36.042875429061446
103.55712457093735
299.1571245709426
205.95712457093816
201.5571245709386
148.15712457093912
815.3571245709405
280.7571245709372
594.5571245709352
1107.157124570932
452.75712457094005
65.35712457093602
432.5571245709379
-219.64287542906231
-17.84287542906266
409.55712457093875
841.3571245709358
1343.9571245709478
787.9571245709385
908.3571245709377
192.75712457093846
-384.64287542906123
200.35712457093905
-9.442875429064639
165.3571245709382
191.5571245709379
97.15712457093827
37.55712457093804
148.95712457093344
-424.6428754290605
-739.2428754290639
124.55712457093844
-88.84287542906043
12.957124570938412
263.3571245709399
311.95712457093913
313.75712457094033
347.15712457093696
865.5571245709406
587.9571245709467
475.35712457093666
368.35712457093894
-25.842875429061696
-282.84287542906134
-359.64287542906027
59.55712457094122
-152.24287542906308
182.55712457093887
228.95712457094018
850.7571245709388
296.9571245709363
134.55712457093873
24.957124570937186
489.55712457093824
404.1571245709382
-222.24287542906202
29.55712457093886
436.5571245709414
177.1571245709365
196.3571245709383
527.9571245709357
-160.64287542906172
-692.6428754290623
284.7571245709395
-117.24287542906113
-85.24287542906247
-100.04287542906141
-458.4428754290621
-604.8428754290618
44.35712457093441
454.3571245709365
250.35712457093783
-446.4428754290613
-480.24287542906484
-222.04287542906238
-855.6428754290639
-806.0428754290645
153.757124570938
-462.8428754290634
-632.4428754290633
-418.4428754290612
427.3571245709385
473.15712457093974
-357.24287542906217
153.9571245709386
311.1571245709363
73.55712457093925
-149.44287542906335
677.957124570938
857.9571245709409
-133.84287542906384
-111.44287542906301
162.95712457093464
-875.6428754290602
-568.0428754290631
414.55712457093875
52.35712457094108
-193.24287542906197
-102.0428754290603
-214.2428754290625
-804.842875429057
-144.6428754290614
35.957124570939826
-22.642875429060048
-344.04287542906144
345.1571245709371
946.1571245709391
-95.84287542906036
-617.6428754290619
-99.64287542906281
-210.04287542906235
-704.6428754290605
-478.24287542906103
-60.84287542906234
487.7571245709334
335.95712457093805
66.95712457093961
54.95712457093763
410.55712457094097
-176.04287542906098
576.5571245709381
1000.3571245709404
42.15712457093737
-129.24287542906234
247.35712457093894
-292.8428754290608
262.95712457093697
320.75712457093624
764.1571245709341
615.1571245709363
585.5571245709398
381.3571245709384
-411.2428754290618
9.157124570935945
216.7571245709403
-92.44287542906409
-296.24287542906075
219.15712457093753
348.7571245709395
-380.24287542906114
-514.6428754290645
-156.6428754290635
459.95712457093384
556.3571245709381
317.55712457093904
298.95712457093833
353.3571245709389
59.557124570937404
-24.64287542906156
501.9571245709364
595.7571245709458
194.35712457093865
122.75712457093911
674.1571245709331
416.35712457093547
84.3571245709389
132.75712457093888
626.5571245709364
1454.75712457094
