-595.6788792173786
-198.27887921738034
-323.27887921737715
-789.6788792173819
138.12112078262413
172.1211207826238
148.72112078262603
-46.07887921738056
46.5211207826147
-957.8788792173802
-2462.6788792173934
-2153.87887921738
46.5211207826248
2.921120782623838
41.32112078262011
-286.6788792173788
-1440.4788792173817
-615.2788792173791
86.3211207826285
182.92112078262576
-751.4788792173697
-647.0788792173893
-930.4788792173912
-584.0788792173798
-19.87887921737901
-447.07887921738046
-484.27887921738017
480.92112078262295
1234.9211207826258
440.12112078262726
-169.07887921737898
519.3211207826159
1591.921120782569
1153.7211207826363
905.9211207826016
-0.07887921737599868
1434.5211207826244
1892.5211207826467
419.72112078263166
293.1211207826199
191.52112078261902
-292.0788792173772
-771.6788792173772
-341.6788792173787
1718.1211207826084
1212.721120782617
1462.9211207826404
1969.1211207826395
704.5211207826234
1065.3211207826198
1078.1211207826154
1332.321120782618
716.5211207826285
908.92112078263
-173.67887921738213
54.321120782627204
-32.878879217373765
-398.0788792173773
-831.2788792173845
-1196.8788792173746
-34.87887921737635
1044.7211207826278
135.5211207826205
622.9211207826216
1799.5211207826271
-521.8788792173864
177.5211207826227
25.32112078261696
486.9211207826226
1744.7211207826304
1.3211207826232254
-493.8788792173817
-1288.0788792173837
-217.27887921737943
-1059.878879217377
-1370.4788792173792
194.92112078262454
-519.278879217381
-868.4788792173687
160.32112078261983
-554.6788792173783
-810.4788792173908
-1145.878879217388
-340.87887921737354
-826.2788792173865
-853.2788792173808
-1936.078879217381
-70.67887921737774
298.52112078262235
-731.0788792173814
-1278.0788792173785
-394.67887921737815
1081.9211207826095
-103.07887921738038
-1204.6788792173766
-837.4788792173875
1442.3211207826334
-1404.278879217378
362.12112078262396
417.92112078262124
761.321120782626
407.32112078261855
376.7211207826273
952.7211207826194
121.92112078262531
-231.47887921737515
-1527.878879217383
-488.87887921737945
295.1211207826255
-135.6788792173807
-105.07887921738148
204.92112078261772
-334.07887921737995
-530.4788792173907
419.72112078263086
-224.0788792173786
-1512.2788792173772
-426.0788792173845
867.5211207826121
1077.72112078262
188.7211207826255
-652.4788792173914
-1434.2788792173842
-7.4788792173819445
392.5211207826283
-1258.0788792173666
-1298.2788792173487
-416.47887921738317
1587.7211207826253
-684.2788792173752
-121.47887921737957
553.3211207826201
1022.9211207826417
2079.7211207826495
80.52112078262584
-1344.4788792173701
-910.2788792173809
-605.4788792173825
-1318.0788792173807
-554.6788792173663
763.1211207826258
670.521120782618
689.1211207826185
445.7211207826319
-1587.678879217363
-2429.4788792173995
-1436.8788792173586
-1546.4788792173722
-99.27887921737741
665.3211207826346
436.7211207826228
1939.321120782601
1331.7211207826024
1024.1211207826202
563.3211207826276
542.1211207826343
438.3211207826323
-1214.2788792173722
-464.47887921738516
298.5211207826195
417.5211207826229
-590.2788792173787
-857.8788792173757
-434.6788792173816
927.9211207826103
1734.7211207826629
-310.6788792173711
-1282.8788792173746
-953.0788792173734
-1645.0788792173712
580.9211207826211
-418.2788792173762
907.7211207826251
1278.1211207826152
887.721120782626
33.12112078262124
-1588.8788792173737
-1460.678879217375
-1446.8788792174018
-1247.27887921742
-1367.6788792173927
259.3211207826196
-645.8788792173774
872.921120782624
-42.47887921737697
-1247.4788792173795
590.1211207826319
1283.7211207826103
221.32112078262304
169.32112078262088
-193.67887921738395
255.1211207826287
252.52112078262127
-370.67887921738463
156.32112078262762
-1260.0788792173862
591.1211207826236
1100.3211207826294
672.721120782632
490.521120782624
-224.27887921737653
-1404.278879217386
457.52112078261894
-1.278879217376499
1519.9211207826042
1749.7211207826256
574.1211207826223
-593.0788792173762
-1702.878879217393
1075.5211207826167
756.9211207826208
-664.0788792173876
-770.878879217375
211.32112078261935
-511.87887921737996
-986.8788792173809
-2147.878879217386
-1461.278879217379
691.1211207826084
742.1211207826218
534.9211207826182
-138.8788792173803
-397.87887921738667
-400.4788792173832
-792.0788792173839
724.9211207826227
38.72112078261963
535.5211207826247
-809.278879217373
632.7211207826255
1389.3211207826228
602.9211207826232
869.721120782624
-466.0788792173808
-601.0788792173793
-951.6788792173901
190.52112078263124
869.5211207826296
-232.47887921738186
98.72112078262208
-362.878879217374
-716.2788792173574
-607.4788792173815
246.32112078262486
991.9211207826165
641.3211207826213
-1277.8788792173782
-1295.878879217383
-1651.478879217383
-670.4788792173774
827.5211207826233
1117.3211207826166
1405.3211207826234
-577.2788792173732
-282.8788792173805
-501.27887921737357
120.32112078262531
311.12112078262044
-1222.8788792173793
-359.67887921738446
-1470.0788792173646
-0.07887921737907533
-260.4788792173762
-464.2788792173808
906.3211207826242
1230.921120782633
411.72112078262626
-800.078879217373
-136.67887921737892
972.7211207826236
324.52112078262013
154.7211207826253
448.921120782625
-1371.478879217402
-1295.0788792173753
101.12112078262606
-18.078879217388465
99.92112078262275
-1596.478879217405
-628.8788792173835
-820.2788792173762
-416.2788792173818
-956.6788792173753
-171.67887921738173
1065.321120782627
573.721120782616
849.5211207826218
-223.87887921737962
1223.3211207826232
-96.4788792173774
-212.07887921737588
302.9211207826192
546.321120782618
693.5211207826285
-529.2788792173744
-946.8788792173759
-1121.2788792173874
-77.07887921738414
1357.1211207826088
-149.67887921738165
-739.2788792173958
-1170.4788792174036
-371.8788792173898
-1432.878879217378
-359.2788792173917
69.32112078262605
-320.87887921737075
-2179.4788792173376
-2377.0788792173807
-840.078879217373
-961.0788792173696
-345.87887921737905
-1345.878879217388
-1193.0788792173748
449.72112078261057
1090.3211207826191
1440.9211207826088
464.5211207826252
889.5211207826266
-41.07887921737465
565.1211207826258
-274.47887921737725
167.7211207826271
1351.7211207826263
1760.32112078263
747.7211207826184
1323.321120782642
1956.3211207826103
-235.0788792173742
641.3211207826132
1683.3211207826268
-925.0788792173677
921.5211207826146
-144.87887921738505
-1536.8788792173743
-1824.0788792173896
-915.6788792173877
-814.8788792173812
-339.67887921737463
-1601.2788792173778
-1138.478879217371
-1601.4788792174354
-1501.4788792173426
792.1211207826174
140.72112078262734
-1649.8788792173775
208.3211207826278
2358.721120782586
1484.9211207826233
677.7211207826253
291.121120782618
-477.27887921738863
21.521120782621125
-795.6788792173834
-402.878879217379
516.5211207826235
1561.1211207826198
-74.87887921737962
-1028.2788792173649
1022.3211207826283
538.7211207826291
427.12112078261435
-690.0788792173754
-1379.6788792173538
43.12112078262463
-667.8788792173648
-1314.8788792174005
-387.47887921738084
276.52112078262354
-1855.878879217424
-2402.2788792174074
-1093.6788792173777
-364.8788792173771
-2143.2788792173724
-819.2788792173944
1617.9211207826454
662.321120782624
511.9211207826234
273.52112078261894
1724.321120782621
2028.3211207826255
828.3211207826196
-1105.0788792173487
644.7211207826182
-157.47887921737356
-632.4788792173803
849.7211207826156
653.5211207826151
2800.3211207826125
2353.521120782633
-310.8788792173831
-629.0788792173837
-592.6788792173811
81.72112078262073
540.3211207826307
-481.6788792173711
576.1211207826308
131.12112078261362
-2803.2788792173874
-800.8788792173773
-448.67887921738543
-1120.2788792173667
-1611.4788792173858
-444.47887921737635
-634.6788792173809
1113.9211207826268
651.3211207826213
564.5211207826137
898.9211207826364
2666.7211207826313
116.92112078262338
2203.7211207826217
2700.321120782608
318.12112078262186
-666.4788792173819
459.52112078262644
-1215.4788792173865
-1621.2788792173667
-450.8788792173718
573.921120782611
1125.7211207826194
1473.521120782634
84.12112078262012
-2365.078879217388
-1793.0788792173987
-1954.0788792173937
578.9211207826198
-1535.0788792173723
-1570.8788792173746
-1810.6788792174086
-2733.6788792173766
-3954.0788792173935
-1992.878879217387
-747.4788792173879
-2018.678879217391
-2597.878879217379
-713.4788792173667
-431.0788792173857
-1742.2788792173899
-805.2788792173732
-315.2788792173753
768.5211207826286
249.32112078262531
1656.1211207825647
2825.9211207826547
1039.1211207826107
1059.3211207825993
1197.3211207826214
-414.278879217376
-751.4788792173736
-939.4788792173889
1148.921120782619
1624.5211207826235
854.1211207826107
9.721120782625434
-331.8788792173793
142.72112078262498
-1804.878879217382
-951.2788792173718
318.3211207826165
-1719.878879217368
-2972.6788792173725
592.5211207826198
-2849.878879217354
-2488.6788792173593
-336.8788792173707
-490.87887921737735
-237.27887921737616
-1388.4788792173688
-657.4788792173879
-164.47887921737666
96.12112078263259
-87.07887921737134
-1146.6788792173854
1166.32112078262
1922.1211207826307
792.321120782614
483.92112078261835
1486.9211207826204
-942.4788792173728
-2333.6788792173866
-705.0788792173788
-1332.0788792173682
69.5211207826201
885.5211207826173
444.52112078262985
1393.9211207826208
938.1211207826375
551.7211207826133
-521.6788792173751
-2272.8788792174078
-1006.6788792174034
-1710.0788792173958
-2990.6788792173934
1044.121120782615
35.32112078262698
-1450.8788792173762
-1589.478879217368
-2027.8788792174093
493.3211207826248
-96.07887921737684
1297.5211207826296
1060.7211207826224
-602.6788792173819
-1121.6788792173518
-976.8788792173694
839.7211207826048
476.32112078259837
-459.07887921738177
369.12112078261686
2159.7211207825712
-927.6788792173792
-1993.8788792174123
-1064.078879217389
-1331.8788792173766
-381.2788792173784
24.921120782614253
1485.9211207826304
2607.121120782615
1552.521120782582
871.5211207826242
234.92112078262346
-540.8788792173775
-49.67887921737543
139.9211207826212
-465.2788792173909
1194.3211207826243
-871.4788792173708
-1632.2788792173706
-728.2788792173593
-2389.2788792173633
-379.6788792173847
-208.0788792173905
-764.478879217366
-930.2788792173831
-1256.6788792173807
-1291.2788792173965
540.9211207826245
15.921120782625799
-1990.2788792173797
108.12112078263563
2734.721120782639
3414.121120782515
1057.1211207825986
-313.2788792173807
-532.4788792173833
-445.0788792173727
331.12112078263846
891.1211207826226
1171.5211207826283
1823.1211207826689
2558.9211207826393
1014.121120782621
296.5211207826192
0.9211207826237455
-1582.4788792173895
-1592.4788792173908
-795.278879217355
291.5211207826185
321.7211207826117
-711.2788792173698
-1769.2788792173997
-1958.8788792173916
-1526.0788792173532
-1793.4788792173777
-1981.8788792174164
449.52112078261723
894.3211207826196
-639.8788792173586
-179.07887921737495
-585.0788792173832
-1515.278879217376
1197.3211207826168
501.3211207826335
-484.0788792173815
-1151.678879217377
-2178.2788792173574
235.92112078262588
1093.32112078261
207.52112078262147
-257.678879217379
-2184.078879217402
-1837.0788792173942
551.9211207826186
452.3211207826231
466.5211207826239
453.7211207826169
511.1211207826219
-1880.4788792173822
-1874.2788792173942
-778.0788792173845
-236.07887921738939
-1608.6788792173952
-957.2788792173774
-317.87887921738877
-813.6788792173896
-165.07887921739015
-726.6788792173963
1030.9211207826215
1345.3211207826193
-619.0788792173713
-961.0788792173853
-117.87887921737794
-86.07887921738086
247.9211207826201
-1541.678879217377
-238.8788792173735
-300.0788792173775
-1679.0788792173803
378.7211207826246
1790.9211207826152
753.9211207826168
415.92112078262164
-1169.0788792173676
-126.0788792173755
585.1211207826179
-676.4788792173727
-2899.6788792173475
-2600.078879217407
1106.3211207826207
-514.4788792173797
-242.0788792173821
-340.07887921737125
-240.8788792173792
-594.878879217374
-753.8788792173858
-514.6788792173968
-1462.678879217407
547.9211207826139
-388.6788792173722
-168.27887921737107
175.92112078262045
317.9211207826254
844.521120782628
282.9211207826199
1679.9211207826079
1151.9211207826277
-3.478879217381858
704.5211207826345
1382.3211207826303
-517.4788792173781
526.3211207826189
929.321120782631
1040.32112078262
987.5211207826163
-1416.6788792173666
-1627.6788792173718
-890.8788792173813
14.521120782615506
-434.47887921737635
-1102.878879217377
-2306.6788792173734
-1538.6788792173754
-323.0788792173745
-1851.8788792173798
-1298.6788792173852
-1899.2788792174035
-1724.8788792173743
-1462.8788792173846
-1095.2788792173885
611.121120782615
367.12112078262146
-868.8788792173815
-243.27887921737693
1418.121120782625
1882.5211207825942
862.9211207826136
-339.87887921737814
-805.8788792173641
-221.67887921737602
841.1211207826238
1222.521120782626
1422.3211207826264
1809.9211207826334
2393.921120782605
1090.3211207826062
-307.67887921737486
-751.6788792173786
102.1211207826177
1066.921120782616
507.92112078262164
207.7211207826198
-294.27887921737215
-2100.8788792173477
-3389.6788792173784
-1072.0788792173935
-1356.878879217387
231.52112078261922
-1563.6788792173904
-535.6788792173687
-796.4788792173775
-2914.0788792173726
571.1211207826223
-609.6788792173835
-1118.078879217361
-48.07887921738382
-456.2788792173713
-1233.8788792173953
-1365.078879217338
-541.0788792173697
118.72112078262212
999.9211207826289
381.7211207826193
70.12112078261967
822.7211207826224
178.321120782621
152.72112078263456
1105.521120782643
826.3211207826541
1101.121120782639
1721.5211207826108
-91.87887921737675
-1022.4788792173786
263.5211207826199
-996.6788792173834
-886.0788792173861
2.121120782618118
-437.278879217377
-515.4788792173829
-228.0788792173776
-1514.4788792173945
-2225.2788792173055
-1483.078879217353
-2437.6788792173884
-651.4788792173822
-640.2788792174023
-2254.8788792173605
-1228.278879217387
-73.87887921738105
-841.2788792173619
-2537.2788792173283
-577.6788792173759
-999.8788792173723
-114.47887921737663
-9.278879217381945
-1052.078879217369
-362.6788792173788
1963.7211207826306
268.12112078260674
1583.9211207826013
717.521120782617
39.32112078262451
12.121120782622558
-1395.2788792173862
-577.6788792173833
-722.8788792173867
-1810.8788792174028
15.521120782624601
1029.721120782622
703.1211207826227
-500.8788792173709
-682.0788792173756
-1621.6788792173784
-1793.4788792174081
-1000.4788792173787
235.5211207826282
295.3211207826255
458.1211207826179
0.7211207826306874
228.9211207826261
-34.078879217376354
-138.2788792173797
-1189.2788792173717
614.3211207826257
-202.07887921737722
-913.4788792173852
-512.4788792173744
201.521120782619
743.1211207826333
2063.921120782637
999.9211207826153
1520.9211207826409
198.52112078261916
-1188.0788792173973
-200.27887921737997
-488.2788792173822
505.1211207826137
618.5211207826173
-932.8788792173801
-1116.4788792173729
715.1211207826282
-849.6788792173495
-1423.6788792173795
-1145.078879217387
-1096.6788792173754
-989.878879217384
-736.8788792173692
-1017.6788792174083
-1618.2788792173958
-171.87887921737862
-58.478879217373546
420.32112078262077
1292.3211207826225
-1242.4788792174058
-1163.8788792174098
-1333.4788792173908
-560.8788792173799
1313.321120782607
1296.521120782601
2060.7211207826417
1733.3211207825975
-325.0788792173804
-1465.4788792173986
-26.678879217377126
650.5211207826247
-1319.4788792173824
-1233.8788792173825
297.1211207826222
595.7211207826247
1057.5211207826244
-1107.8788792173605
-654.27887921738
374.32112078261974
-348.87887921737297
-692.0788792173889
-860.4788792173902
-1312.0788792173994
435.92112078261755
377.9211207826157
-1128.2788792173635
-370.67887921737446
-72.87887921738171
18.72112078262433
-312.8788792173796
1322.1211207826136
-252.47887921737177
843.7211207826133
15.121120782619121
321.1211207826238
1460.721120782625
1690.5211207825892
2239.3211207826103
1017.5211207826069
818.1211207826241
669.9211207826208
1221.521120782623
534.1211207826154
-353.47887921738095
-1188.8788792173718
274.5211207826249
38.32112078261757
1095.5211207826353
-669.4788792173773
-421.6788792173884
111.32112078261673
-1163.478879217378
-803.2788792173803
634.9211207826115
-801.8788792173784
-283.878879217361
-444.2788792173782
-254.07887921738228
3.521120782618439
-1811.4788792173895
-1504.4788792173608
-111.87887921737958
-1509.2788792173915
-1004.8788792173725
-191.47887921738558
1187.3211207826118
-723.8788792173796
481.12112078262356
685.7211207826144
-59.67887921738017
-1161.4788792173795
2224.3211207826034
1087.1211207826295
841.3211207826253
83.72112078262413
-1193.878879217388
-668.0788792173697
657.1211207826001
239.52112078262195
435.3211207826197
-1103.8788792173834
-395.07887921737387
-67.47887921738061
41.32112078261834
-750.8788792173815
609.5211207826372
-684.2788792173827
-529.0788792173875
210.92112078261724
-195.27887921738068
-540.8788792173812
-748.4788792173864
123.52112078262164
12.321120782619392
-1012.6788792173846
23.921120782618242
-1202.478879217396
-120.87887921737786
-538.2788792173794
188.92112078262824
478.92112078261886
692.321120782633
1074.7211207826306
1579.721120782617
-25.878879217381908
513.5211207826134
-777.8788792173858
-1276.678879217381
585.9211207826137
410.5211207826141
-1373.278879217369
-171.67887921737517
-273.67887921737827
424.92112078262653
-823.6788792173712
86.92112078262198
476.7211207826143
398.72112078261824
-1481.478879217392
469.72112078262273
1377.5211207826287
780.9211207826175
-803.8788792173756
-257.8788792173775
295.5211207826218
-1046.8788792173966
-1190.0788792173753
-1134.0788792173876
-1603.4788792173872
-1268.2788792173806
-581.6788792173908
-498.87887921737774
-1327.0788792173796
-666.2788792173889
1906.521120782621
136.72112078262515
-123.27887921737951
255.12112078262808
258.52112078262445
1120.1211207826154
-63.678879217376846
-388.87887921738866
-1733.0788792173848
-170.2788792173812
1231.121120782633
425.7211207826243
360.9211207826205
277.1211207826186
-37.07887921738047
111.52112078262296
-538.8788792173749
940.7211207826298
-283.67887921737906
741.3211207826287
-225.2788792173775
-1759.6788792173802
6.121120782623265
-370.07887921738194
647.5211207826221
660.921120782623
444.9211207826255
250.92112078262394
-1068.078879217373
-1105.678879217388
-520.4788792173811
-786.8788792173767
854.3211207826286
-373.07887921738853
110.92112078262292
-160.8788792173782
1027.721120782604
933.7211207826135
-302.87887921738076
769.1211207826185
-112.07887921738346
-684.0788792173784
-36.67887921738334
-906.678879217375
126.32112078261935
50.121120782621034
-1291.478879217397
-165.27887921738153
566.3211207826263
1114.7211207826097
-420.47887921738584
734.1211207826228
819.9211207826164
310.9211207826202
1339.121120782627
-382.8788792173753
1149.321120782618
8.321120782623282
682.3211207826259
1187.5211207826328
-873.4788792173827
-763.0788792173767
346.7211207826231
262.52112078263275
606.7211207826263
-67.87887921737811
1096.3211207826118
916.1211207826065
599.7211207826243
-358.27887921737977
-446.2788792173739
527.7211207826134
315.721120782629
-60.078879217381015
373.92112078262306
-77.07887921738173
-395.878879217372
-876.4788792173902
-2094.8788792173614
-740.8788792173682
-301.678879217383
-236.47887921737856
-743.078879217386
-324.0788792173803
-1203.4788792173947
40.32112078262088
231.52112078262516
-1684.8788792173755
26.921120782621646
-415.8788792173761
-75.27887921737428
-433.2788792173835
248.12112078263323
2280.321120782617
145.7211207826216
-1055.4788792173879
-1.478879217375681
106.92112078262014
-373.0788792173687
-885.0788792173994
-132.47887921738965
110.12112078262223
217.12112078262172
155.92112078262284
-231.27887921736834
-1248.6788792173809
-1953.0788792174064
-1817.0788792173867
-253.87887921737425
-456.67887921738134
-766.8788792173636
-1553.4788792173892
-2457.67887921739
-1096.8788792173905
117.72112078262333
278.521120782622
-863.8788792173759
-886.0788792173819
-1248.2788792173715
-940.0788792173686
-273.67887921738287
-93.27887921738116
-367.47887921737885
85.1211207826207
373.9211207826236
-106.07887921737927
-818.8788792173794
-740.478879217368
-43.87887921737853
1330.3211207826055
279.12112078262385
-767.4788792173746
-36.87887921738266
209.92112078262525
-527.4788792173779
-63.078879217378784
-580.278879217375
-681.278879217379
82.92112078261684
-75.47887921737808
1051.5211207826446
669.7211207826302
817.7211207826208
758.3211207826282
-656.6788792173899
-94.078879217382
977.1211207826134
1674.7211207826335
693.1211207826259
591.5211207826255
-818.8788792173884
-400.2788792173752
-136.87887921737814
243.52112078261985
-232.47887921738266
-741.4788792173744
-179.07887921738234
736.9211207826224
-510.4788792173766
-651.8788792173863
38.521120782624635
-280.2788792173824
-609.078879217382
-1176.4788792173824
-1433.878879217349
-219.07887921738018
-1154.2788792173849
-575.47887921739
-1006.6788792173862
495.5211207826136
734.3211207826197
-271.4788792173688
4.521120782622411
-602.6788792173769
-646.8788792173686
-79.67887921737419
-518.2788792173711
-749.0788792173795
-391.87887921737746
411.12112078262345
-661.0788792173822
-935.6788792173631
-2587.678879217398
-156.27887921738008
587.721120782621
270.5211207826226
-222.67887921738802
572.3211207826215
1161.321120782628
-180.6788792173751
-1591.2788792173835
-2226.078879217385
-484.6788792173943
-543.278879217382
172.32112078261983
-503.8788792173873
-942.2788792174067
-1188.2788792173615
-519.8788792173842
968.9211207826163
433.52112078261905
703.121120782615
181.92112078261806
383.32112078262196
-302.07887921737273
-756.6788792173802
-113.07887921738097
199.32112078262242
694.7211207826241
743.9211207826254
1790.9211207826133
759.7211207826215
-1327.8788792174068
-581.6788792173744
-196.87887921737646
411.52112078262326
131.12112078262024
236.12112078262206
-778.0788792173713
739.5211207826269
820.321120782623
-533.0788792173869
-1333.6788792174054
-1680.278879217372
32.52112078262027
332.1211207826188
-143.47887921737927
-130.27887921737943
-349.67887921737406
951.1211207826168
-440.87887921738394
-1346.2788792173833
-748.2788792173839
208.32112078262412
124.32112078262065
-160.07887921738973
-242.07887921737813
-959.6788792173894
-262.47887921738214
871.7211207826252
251.12112078262294
-211.47887921737689
380.3211207826185
-480.87887921738195
518.7211207826242
621.5211207826195
-652.4788792173749
968.7211207826126
798.9211207826179
1249.7211207826276
251.32112078262102
-126.27887921737955
-66.27887921737701
-786.878879217378
-280.6788792173869
-470.47887921739044
-448.07887921736784
433.12112078261947
-1147.4788792173774
-1029.0788792173794
139.1211207826194
1149.3211207826096
-1084.2788792173865
-1213.2788792173558
-368.4788792173932
-899.8788792173901
1207.9211207826245
-664.6788792173876
-293.47887921738504
-447.67887921736985
-83.47887921737575
826.5211207826201
540.3211207826284
808.7211207826315
445.1211207826267
258.92112078262284
-68.07887921738116
735.1211207826333
-156.47887921738305
1046.721120782631
820.9211207826297
-221.47887921738217
328.5211207826235
100.5211207826157
-645.2788792173803
222.12112078262007
-259.4788792173831
-153.4788792173852
-120.67887921737973
552.1211207826213
247.12112078262066
-1108.67887921737
74.32112078261737
447.9211207826231
68.92112078262079
1076.921120782612
1013.921120782613
-816.4788792173819
733.1211207826215
-1113.8788792173739
-296.4788792173771
275.3211207826318
224.3211207826233
-449.6788792173751
-795.6788792173877
1784.721120782609
1576.121120782616
446.7211207826216
193.72112078262694
863.7211207826078
629.121120782632
-116.47887921737609
-604.8788792173815
61.521120782623235
906.7211207826309
-227.27887921738082
-810.6788792173662
-289.2788792173785
-776.278879217382
-736.0788792173828
-1051.4788792173958
1209.121120782626
454.5211207826281
709.5211207826273
-1824.6788792173813
-603.4788792173802
717.5211207826261
804.5211207826231
1470.92112078262
-339.0788792173805
-939.6788792173633
-1885.4788792174113
-1188.0788792173962
-893.0788792173689
-1477.6788792173784
-780.2788792173775
-576.4788792173792
-313.2788792173813
-56.67887921737952
700.521120782621
1312.7211207825976
1547.7211207826163
-162.87887921738272
-860.8788792173727
-1192.6788792173757
447.7211207826225
1072.321120782622
294.32112078261855
172.72112078261944
-1218.6788792173747
-729.8788792173763
-1015.2788792173767
-345.2788792173799
426.32112078262037
-1365.4788792173924
-885.0788792173709
-2567.878879217379
-900.2788792173815
-648.078879217377
-447.8788792173762
1019.1211207826292
964.3211207826099
-142.8788792173787
-843.0788792173828
-361.478879217378
-199.4788792173742
-482.6788792173737
19.52112078262897
743.7211207826145
-337.4788792173791
-127.87887921738056
1076.721120782632
1036.3211207826262
1458.521120782613
-802.4788792173713
-77.07887921737117
177.32112078261923
915.9211207825867
-714.6788792173792
-1184.8788792173852
245.1211207826152
-222.47887921736208
-405.07887921738484
-994.6788792173842
875.9211207826158
-119.07887921736881
-815.278879217394
-740.0788792173811
-1033.8788792173832
-769.8788792173772
-1564.0788792173726
-1361.8788792173893
-1055.0788792173703
137.32112078261653
1351.521120782644
-306.87887921737956
-1145.2788792173667
-1324.4788792173808
140.9211207826216
-1045.07887921737
473.52112078262047
1388.521120782607
1482.9211207826147
-678.8788792173816
-982.8788792173851
428.7211207826224
38.121120782626114
887.1211207826169
231.32112078262492
-82.07887921737986
-340.47887921737254
-824.6788792173829
82.52112078261753
-702.8788792173766
-927.678879217404
-540.6788792173734
618.3211207826262
-113.67887921738668
-883.6788792173849
-217.07887921738148
-109.47887921737652
-1236.2788792173835
-544.2788792173728
925.921120782618
-131.878879217381
1122.3211207826228
2193.5211207826164
-792.678879217379
670.721120782624
-12.678879217373229
-652.4788792173805
-560.278879217377
728.5211207826286
1250.9211207826297
2071.7211207826153
484.52112078263167
433.52112078262303
-597.6788792173824
-195.67887921737733
2129.7211207826413
1442.3211207826212
-1114.2788792173753
-663.4788792173814
-306.4788792173743
-1011.278879217382
-931.4788792173666
-1731.0788792173657
-1319.0788792173541
188.52112078262115
-267.2788792173865
-1151.2788792173883
-1175.4788792173933
-709.2788792173689
-2273.2788792173887
-2804.6788792173675
242.92112078262105
960.9211207826231
825.9211207826237
321.521120782628
-126.87887921737914
608.5211207826185
-333.8788792173758
-382.47887921738123
898.1211207826075
1349.1211207826507
-47.07887921739008
-41.27887921736996
334.7211207826258
1144.3211207826512
-960.8788792173751
90.72112078262592
2201.721120782596
591.7211207826468
-516.4788792173659
-2159.678879217381
-2592.0788792173453
-2068.0788792173607
-1795.4788792173645
-2985.4788792173986
-204.47887921737905
270.3211207826256
240.9211207826235
-70.07887921737873
-1074.0788792173703
-80.67887921738117
-738.4788792173634
-2488.8788792174005
-1028.6788792173802
596.9211207826188
1282.1211207825916
1889.3211207826134
1051.5211207826221
1656.7211207826238
1645.92112078261
-764.2788792173881
1470.3211207826312
870.1211207826133
503.7211207826305
452.3211207826206
1094.3211207826039
395.72112078259846
1460.121120782644
1049.121120782615
-195.278879217374
-835.0788792173813
380.72112078261546
-3178.8788792173623
-1968.0788792173748
-954.0788792173743
-2471.4788792173595
-2429.8788792173764
417.7211207826223
196.72112078262228
-596.2788792173707
-1093.2788792173867
-107.47887921737794
-1087.8788792173798
-824.4788792173836
-886.4788792173864
-2092.0788792173857
-710.678879217378
-457.0788792173792
2039.121120782618
118.52112078262469
377.12112078261686
605.1211207826267
54.92112078262596
-344.4788792173788
1469.1211207826182
2960.1211207826027
1538.921120782634
61.121120782631266
879.9211207826125
350.52112078262087
-750.4788792173786
-229.0788792173803
-464.67887921737866
-491.07887921738035
-1386.2788792173885
-1010.6788792173915
169.32112078262622
-962.0788792173873
-609.678879217388
1317.521120782626
1307.1211207826093
207.72112078262768
-1112.078879217378
1132.721120782622
16.721120782622563
-591.0788792173882
-340.6788792173762
-130.67887921738196
691.3211207826135
-491.8788792173727
560.321120782622
1970.7211207826133
610.1211207826188
-327.4788792173759
3403.5211207825887
1082.3211207826205
1813.121120782639
3619.1211207827187
2090.321120782613
2669.721120782635
1399.521120782618
554.1211207826228
848.7211207826039
1591.921120782598
787.9211207826166
-1636.8788792173882
-696.4788792173821
-905.87887921739
-1886.2788792174135
-1445.2788792173765
27.121120782617695
-1629.4788792174027
-1051.6788792173802
-351.8788792173782
-1679.678879217348
282.9211207826206
-225.67887921737474
-807.2788792173766
63.121120782626896
-23.878879217382476
1180.3211207826116
1068.9211207826008
-1344.678879217376
-256.67887921738117
-758.4788792173783
-1059.6788792173759
2718.9211207825797
2524.9211207826143
1588.5211207825992
1820.7211207826185
-699.0788792173756
2487.9211207826465
1722.3211207826182
2103.721120782617
2079.7211207826217
928.1211207826377
-186.2788792173774
-1790.4788792173754
-143.8788792173754
-269.07887921738177
-2167.07887921737
-832.0788792173983
1193.721120782618
-1629.6788792173795
-551.4788792173715
-1211.0788792173755
-2173.0788792173753
-782.2788792173734
-1125.878879217375
-433.67887921737787
314.52112078262604
-695.8788792173651
238.92112078262494
327.5211207826201
-513.6788792173796
727.5211207826212
986.3211207826183
-138.87887921738405
1598.3211207826214
58.721120782620225
256.12112078262203
2124.5211207826146
-1260.4788792173938
637.3211207826265
1045.9211207825936
-180.07887921737859
-941.2788792173753
-429.6788792173684
-1259.478879217374
-457.87887921738235
268.52112078261945
-811.4788792173844
195.5211207826222
2204.9211207826243
2786.321120782623
523.9211207826235
905.5211207826311
-1199.6788792173904
-1059.0788792173855
210.32112078262014
853.3211207826267
1243.3211207826303
1296.5211207826246
1015.9211207826231
-177.07887921738094
-696.2788792173926
-551.6788792173785
-823.4788792173807
-214.67887921738128
441.3211207826236
1600.121120782625
1605.5211207826064
1912.5211207826073
1646.3211207826
406.12112078263834
644.3211207826298
117.52112078261347
-1233.278879217377
543.3211207826158
1273.7211207826158
-262.67887921738463
-86.27887921737559
690.1211207826178
-197.67887921738014
1570.1211207826216
358.7211207826181
-661.4788792173711
-1050.0788792173948
-678.4788792173885
-884.4788792173755
304.52112078262246
-261.47887921737805
-120.27887921738198
-615.2788792173855
-646.67887921738
323.521120782611
-546.0788792173779
84.12112078261738
346.5211207826285
495.32112078261827
-535.6788792173762
-405.0788792173799
-11.478879217379838
1497.5211207826087
874.9211207826246
1185.9211207826336
1080.521120782625
940.5211207826171
-116.67887921737852
-1529.6788792173763
-373.8788792173799
-45.47887921738305
-745.4788792173792
-1061.4788792173772
-91.07887921738354
-412.4788792173737
-198.47887921737802
-1716.4788792173931
-584.0788792173852
-949.4788792173872
-1310.0788792173914
-1626.2788792173535
-321.078879217382
-901.4788792173686
-493.2788792173733
-426.87887921739946
821.3211207826225
701.5211207826267
-507.67887921737656
-2116.478879217359
-1140.0788792173823
1841.9211207826559
1201.7211207826167
1622.121120782565
1176.9211207826147
1966.3211207826514
1504.9211207826268
1156.1211207826134
1473.321120782626
335.7211207826181
1090.9211207826302
-390.8788792173757
-892.0788792173772
-1552.8788792173768
-1317.4788792173667
-1049.878879217382
-1030.0788792173764
903.3211207826148
783.921120782623
-735.4788792173877
-312.47887921738214
112.72112078261917
-1004.6788792174002
-1716.6788792173952
-905.6788792173813
34.12112078262022
625.7211207826197
-921.6788792174042
-796.4788792173858
-641.4788792173798
588.5211207826062
164.72112078262134
-639.2788792173758
-1034.8788792173739
677.9211207826319
2338.721120782632
159.92112078262207
-137.8788792173799
-825.678879217368
-53.07887921738437
170.12112078263007
150.92112078262994
1435.1211207826268
439.12112078262777
-1228.8788792173857
-1414.8788792173762
-472.27887921737243
-442.07887921738353
-55.278879217377636
-941.4788792173833
-960.2788792173945
-929.278879217371
-169.2788792173787
-26.478879217375646
286.72112078261847
-466.8788792173558
708.5211207826258
393.9211207826279
-352.67887921738344
-169.07887921738285
746.3211207826209
938.1211207826124
-85.87887921737638
28.521120782609767
-52.87887921739157
-1172.8788792173802
-1463.0788792173805
1001.7211207826284
195.72112078261372
1376.9211207826336
-206.27887921737772
1881.7211207825937
2238.5211207826464
-549.2788792173773
1593.7211207826101
-134.4788792173736
-155.27887921737965
749.9211207826186
-76.47887921737973
-963.278879217381
-714.6788792173722
163.3211207826302
994.9211207826271
1507.9211207826172
1055.7211207826226
-398.87887921738667
-403.47887921738936
-2284.278879217355
-1388.6788792173647
852.7211207826058
639.9211207826187
812.9211207826183
1282.7211207826406
-1210.4788792173847
-2481.678879217386
-1.4788792173711496
-138.07887921737483
-159.67887921738256
1037.9211207826227
74.5211207826228
-13.678879217370916
807.521120782617
682.3211207826083
645.3211207826283
790.7211207826152
-329.2788792173757
537.1211207826292
324.5211207826275
-471.07887921738495
574.5211207826186
1620.3211207826337
722.5211207826171
-832.2788792173724
798.9211207826105
-51.478879217378285
1045.1211207826243
885.9211207826097
-1312.8788792174146
-1488.078879217365
-522.6788792174101
-1407.8788792173843
953.5211207826277
604.9211207826232
-313.0788792173757
-197.6788792173789
-1651.0788792174035
-1069.078879217401
-1216.4788792173797
-1377.2788792173762
475.1211207826211
1614.5211207826121
775.5211207826118
-12.278879217378154
665.1211207826238
1497.321120782634
1198.321120782636
300.52112078262894
1363.3211207826173
976.3211207826098
149.52112078261928
-353.6788792173791
348.5211207826131
594.3211207826181
1096.321120782619
401.3211207826154
1704.1211207826193
340.92112078262477
104.52112078262073
-524.4788792173745
-506.4788792173792
-454.0788792173832
159.32112078262435
-77.67887921738131
742.921120782627
-232.07887921737682
-1356.6788792173777
198.32112078261642
-854.6788792173813
-256.47887921738027
-501.0788792173788
-1470.8788792173893
-1655.8788792173584
-43.47887921737102
-797.8788792173755
-80.27887921738012
820.3211207826107
1893.7211207826517
1728.5211207826344
778.3211207826074
45.92112078261731
-1002.0788792173815
-568.6788792173785
-1076.8788792173787
-221.8788792173786
902.7211207826401
-949.678879217382
-580.0788792173671
-256.87887921737797
-466.0788792173709
541.5211207826186
-296.67887921737633
276.7211207826239
-377.2788792173834
-1585.6788792173738
-2037.8788792173839
-225.87887921738673
1192.921120782615
-653.6788792173753
-623.2788792173772
-223.27887921737843
-225.27887921737943
796.9211207826239
-1260.2788792173956
-1331.2788792173728
-377.6788792173684
-189.8788792173795
704.921120782619
1060.9211207826215
1000.7211207826531
2256.121120782569
1517.7211207826301
-253.47887921738064
514.7211207826259
263.32112078262315
117.5211207826188
-192.4788792173777
1196.1211207826025
-84.07887921737961
1266.3211207826216
1295.3211207826444
540.1211207826361
478.9211207826074
-73.27887921737948
92.521120782622
-1398.87887921736
-651.4788792173814
-306.87887921738223
1004.1211207826173
1028.7211207826115
453.1211207826334
-207.87887921737726
822.3211207826273
116.72112078262097
1432.3211207826093
-16.478879217374757
-70.27887921737799
440.9211207826193
-873.8788792173765
-79.8788792173782
1829.5211207826483
427.1211207826317
423.72112078261716
-13.078879217381887
328.1211207826152
584.1211207826099
-1137.278879217378
-729.478879217387
611.9211207826312
-507.47887921737635
-28.27887921737763
710.9211207826289
2301.92112078262
-95.27887921737735
742.3211207826249
-6.078879217384209
-925.2788792173848
-2455.878879217359
592.1211207826282
111.92112078261931
676.3211207826195
278.5211207826279
-646.478879217379
383.3211207826258
1733.321120782611
1171.1211207826386
1464.5211207826185
-184.47887921737995
590.7211207826207
843.3211207826223
604.7211207826132
-538.4788792173813
1400.1211207826436
-63.47887921738041
-415.4788792173758
843.321120782623
844.1211207826193
532.521120782618
256.72112078262575
518.3211207826247
538.7211207826233
150.92112078262625
1619.321120782617
187.12112078262288
1133.1211207826134
668.72112078262
1219.9211207826197
572.5211207826214
544.9211207826216
88.92112078261977
-92.47887921738395
-1140.6788792173854
405.92112078262085
-320.2788792173771
-810.8788792173729
1138.721120782625
1082.321120782618
-172.07887921737859
823.9211207826182
316.3211207826242
849.3211207826123
-641.6788792173771
192.72112078262262
359.1211207826171
313.32112078262224
-1858.0788792173707
-465.6788792173792
941.7211207826247
1155.5211207826142
-34.87887921737682
586.1211207826234
408.1211207826246
-705.078879217377
-191.27887921737954
252.32112078261827
-159.27887921738284
249.52112078262087
1033.921120782627
824.1211207826244
-1206.4788792173922
-1063.878879217379
503.9211207826253
-1263.4788792173815
-811.478879217385
348.5211207826256
363.3211207826186
1456.121120782633
124.92112078262682
84.92112078262193
-550.8788792173868
586.1211207826224
1609.121120782606
523.1211207826243
410.9211207826248
302.92112078262153
-4.8788792173783975
-154.87887921738093
-1100.6788792173918
220.72112078262714
-675.8788792173734
751.3211207826058
134.1211207826216
-1293.6788792173688
71.32112078262492
-436.47887921737833
1209.921120782613
1290.9211207826252
790.5211207826289
899.9211207826253
-146.0788792173802
-112.67887921738233
-386.0788792173697
-1273.2788792173787
-595.6788792173853
-1138.8788792174103
-844.4788792173792
-395.27887921737823
1005.3211207826228
1181.1211207826145
-127.67887921738446
804.521120782624
386.5211207826191
-237.87887921737254
561.3211207826204
-375.67887921738213
855.1211207826191
476.1211207826148
-630.0788792173809
504.921120782623
974.9211207826166
1567.1211207825963
-183.27887921737073
855.7211207826022
778.7211207826233
105.12112078262855
1088.521120782609
-628.0788792173748
905.121120782615
-353.67887921737844
-90.478879217377
604.3211207826223
-1147.2788792173862
-686.6788792173778
251.9211207826229
-378.67887921738003
-849.6788792173842
-327.27887921738346
428.92112078262454
307.92112078262164
399.7211207826249
-272.67887921737736
-450.2788792173789
-102.87887921737672
-295.87887921737547
-560.2788792173708
110.52112078261689
-86.2788792173696
134.52112078261393
-433.6788792173731
-1248.0788792174
142.72112078262103
51.92112078262052
269.9211207826169
-340.87887921738115
319.12112078262106
-1214.6788792173709
-459.0788792173709
290.3211207826252
-1646.6788792173888
-329.0788792173747
-1172.878879217381
-1269.2788792173708
-926.6788792173938
-165.8788792173597
1910.1211207826207
93.12112078262177
-1466.0788792174017
-817.8788792173829
1682.7211207826085
806.1211207826175
142.12112078262405
537.7211207826232
1019.321120782622
1815.9211207826377
1496.5211207826078
761.5211207826211
-37.47887921738234
-459.0788792173755
-600.0788792173714
467.12112078262044
110.52112078262618
-295.47887921737606
-1441.2788792173865
-2097.4788792173786
-804.4788792173844
960.321120782631
901.3211207826232
23.921120782624556
641.9211207826248
245.12112078263777
-152.47887921737473
343.32112078262634
868.7211207826194
-300.6788792173728
-935.4788792173842
-612.4788792173748
-494.0788792173761
-836.0788792173767
-262.2788792173751
739.1211207826452
2137.1211207826577
608.9211207826363
-831.6788792173851
-390.27887921737687
699.1211207826192
838.7211207826226
1100.121120782605
-114.27887921737192
-621.0788792173727
54.921120782625486
-24.878879217375115
880.521120782643
445.12112078264283
580.7211207826189
224.12112078261848
-1372.0788792173728
-850.2788792173831
464.5211207826073
959.3211207826324
793.5211207826222
1371.1211207826213
225.72112078263103
386.5211207826185
403.52112078263156
1053.7211207826324
407.92112078261187
-1070.278879217382
-717.0788792173777
521.9211207826157
-52.2788792173817
212.32112078262082
1091.9211207826174
54.52112078262732
-984.8788792173805
-1647.078879217378
-2132.67887921736
-374.6788792173776
167.52112078262488
759.7211207826226
-414.4788792173772
480.32112078262463
398.5211207826146
-909.0788792173598
-511.67887921737866
-820.4788792173775
-1031.8788792173839
-492.0788792173796
-972.8788792173682
-1086.6788792173825
-1151.8788792173789
-453.27887921737494
-712.6788792173726
-168.27887921738258
-1590.6788792173859
307.1211207826227
909.1211207826241
980.3211207826057
339.72112078262427
869.5211207826266
1090.921120782624
-122.07887921737068
-1018.4788792173706
-1026.2788792173756
581.1211207826237
-53.87887921737323
332.72112078262074
-373.07887921737887
-1096.0788792173619
-1239.2788792173849
745.5211207826125
2091.5211207826214
1056.921120782636
1204.1211207825695
573.9211207826027
20.521120782622397
-1036.8788792173837
-1279.6788792173782
-685.0788792173821
-168.67887921738475
626.7211207826131
1129.7211207826003
1739.9211207826465
621.9211207826286
-1024.8788792173643
63.92112078262218
-38.87887921737826
-108.87887921737597
-626.2788792173745
-177.0788792173827
-1140.6788792173556
354.92112078261795
555.9211207826269
-331.67887921737974
-446.0788792173891
-25.678879217376647
1381.5211207826014
1186.5211207826403
340.92112078262664
660.3211207826155
54.92112078262241
1140.9211207826158
468.92112078262306
21.72112078262996
274.1211207826179
1122.1211207826127
989.3211207826281
162.9211207826234
-352.8788792173796
-1174.278879217375
-292.47887921738135
712.3211207826236
46.1211207826177
-345.27887921737846
535.9211207826311
19.321120782620312
531.9211207826193
401.12112078261987
-1230.2788792173783
-158.67887921738136
-204.87887921738175
1019.321120782613
-321.4788792173702
-1023.8788792173735
-303.8788792173762
-280.07887921737915
899.121120782614
1610.5211207826148
1568.3211207826173
1184.3211207825955
-650.8788792173756
226.1211207826162
899.1211207826245
804.321120782618
-1652.278879217388
-1397.87887921736
267.32112078261844
-103.47887921737944
1718.7211207826367
-326.27887921738113
83.12112078262368
-157.07887921737608
-161.87887921737655
-45.67887921737612
-129.8788792173772
399.72112078261654
275.3211207826018
333.92112078261766
-987.4788792173681
53.52112078262579
-605.878879217376
-215.67887921737804
-584.8788792173789
-557.8788792173816
-492.8788792173789
-1165.2788792173817
-620.6788792173738
743.3211207826199
494.3211207826131
1011.7211207826394
1007.5211207826205
709.7211207826109
92.52112078261985
-512.678879217376
225.52112078262775
-93.87887921737594
-919.4788792173731
-571.278879217371
369.3211207826222
-507.2788792173736
1337.7211207826088
-418.4788792173774
814.5211207826189
1675.7211207826385
819.5211207826429
-773.2788792173797
-884.2788792173842
2095.1211207826
1896.321120782644
616.1211207826186
-126.27887921736998
959.5211207826151
907.3211207826267
-724.4788792173836
-1293.0788792173596
198.92112078262343
29.121120782624317
-986.278879217381
-330.4788792173782
418.32112078261844
146.9211207826291
87.12112078261742
-297.678879217376
1390.1211207826418
341.32112078263754
1199.3211207826166
-1517.278879217397
-383.2788792173742
1067.1211207826318
233.32112078262043
402.92112078261636
-870.2788792173789
-53.87887921737978
12.72112078261997
1069.121120782623
1497.1211207826552
-480.078879217381
-647.6788792173742
-688.6788792173734
-630.4788792173757
-71.87887921737553
642.7211207826147
1480.9211207826315
2277.5211207826296
305.9211207826177
-1232.2788792173947
-1663.0788792173948
-93.27887921736456
-318.6788792173712
-472.8788792173767
202.92112078262863
-1002.4788792173665
440.9211207826274
65.72112078262644
1218.921120782595
1392.9211207826227
-481.6788792173771
459.121120782615
-1725.2788792173662
-416.0788792173814
441.5211207826227
293.72112078261955
490.32112078262367
-358.4788792173796
-4.878879217372109
824.9211207826318
1875.121120782593
1732.3211207826125
796.121120782608
519.3211207826328
228.32112078261338
-1262.0788792173807
-486.27887921738744
1218.1211207826263
1532.5211207826114
2363.1211207825986
38.12112078262989
16.321120782621485
-287.27887921737937
611.3211207826272
-946.67887921737
-1528.4788792173836
126.72112078262688
-251.47887921737873
332.72112078262575
11.921120782627774
2595.3211207826002
1436.121120782644
447.9211207826522
512.1211207826155
-464.67887921738503
-300.4788792173779
-695.8788792173659
-388.8788792173771
-1432.4788792173842
-1359.4788792173729
452.7211207826267
347.7211207826246
-47.07887921738337
-184.67887921737702
1997.521120782643
210.12112078262078
183.9211207826182
63.12112078262163
716.5211207826278
-450.27887921738323
-231.47887921737407
1117.521120782611
920.9211207826263
1063.3211207826294
239.32112078262298
801.9211207826198
1202.9211207826168
-26.678879217380597
803.7211207826148
303.32112078262634
577.3211207826245
92.92112078262338
1955.521120782636
1480.7211207826322
155.9211207826254
132.9211207826195
33.521120782607966
39.12112078262148
762.9211207826094
1813.5211207826042
-467.87887921736336
-365.47887921737305
411.1211207826242
-1264.2788792173528
-82.27887921737528
867.5211207826376
1729.1211207826436
869.1211207826019
593.9211207826215
401.92112078263216
1749.9211207826017
1221.521120782625
1608.5211207826037
-334.87887921737587
25.321120782622287
1586.1211207826077
778.521120782627
-545.8788792173729
1201.9211207826122
1275.3211207826073
335.3211207826232
478.1211207826168
-154.4788792173816
-389.0788792173749
1882.52112078263
1604.7211207826397
-326.87887921737547
-1259.8788792173739
-1011.478879217378
-1501.678879217378
-1111.6788792173916
1439.1211207826213
1079.321120782628
-318.678879217376
-1630.478879217378
-1552.0788792173773
-1299.6788792173745
-1147.6788792173834
562.1211207826216
1302.5211207826062
-13.278879217384414
-1358.2788792173762
-685.4788792173791
311.1211207826198
1155.3211207826355
-1603.4788792173663
-970.878879217376
695.9211207826193
-486.2788792173798
-492.0788792173772
-1053.8788792173627
-1213.2788792173817
-192.87887921738647
58.92112078262393
-1565.6788792174068
1525.5211207826399
3429.7211207826763
2841.12112078254
1302.9211207826208
-738.6788792173819
-715.4788792173895
-405.8788792173721
-299.2788792173684
493.7211207826216
665.1211207826221
1097.3211207826048
735.3211207825998
-580.4788792173822
-433.4788792173726
49.921120782614366
-1160.8788792173798
1018.921120782601
-947.8788792173758
-1463.0788792173798
-1046.4788792173786
-446.8788792173826
-450.4788792173784
801.5211207826216
-907.878879217386
-2544.078879217391
-2039.0788792173453
418.32112078262674
-2521.0788792173885
-852.8788792174
1079.7211207826035
-140.07887921737924
-874.078879217378
2613.921120782644
4276.721120782648
2846.9211207825997
931.5211207826285
417.12112078263067
-2313.8788792173686
-863.2788792173774
1031.7211207826163
-840.6788792173743
-273.2788792173809
475.3211207826299
1965.3211207826396
-828.8788792173777
-909.878879217396
89.52112078262417
-295.07887921737563
-1401.0788792173787
-482.87887921738394
608.3211207826249
-412.07887921737586
-2236.478879217371
-693.6788792173778
-638.6788792173758
-2075.0788792174117
-1692.2788792173774
-893.8788792173766
276.92112078262346
-392.07887921738535
-425.4788792173713
1375.3211207826325
620.9211207826237
427.3211207826297
2933.721120782628
4729.321120782666
3000.521120782665
574.9211207826237
1756.3211207826416
-953.078879217383
-1285.0788792173907
257.7211207826213
-193.07887921737793
-345.67887921737446
-558.2788792173819
55.92112078261998
1029.921120782622
-184.07887921737554
408.5211207826288
3675.3211207826025
-6.078879217378237
-248.07887921737867
1168.7211207826037
95.52112078262222
456.12112078261794
-838.8788792173742
-1178.0788792173819
-441.8788792173881
1043.1211207826275
1156.7211207826147
-807.078879217364
-113.27887921738078
-1088.878879217384
-1781.278879217431
-1609.0788792173585
-636.4788792173869
-1760.8788792173589
916.3211207826351
2221.721120782608
-95.07887921737645
1390.92112078264
-125.27887921737789
-1552.8788792173805
-1164.4788792173783
-2223.8788792173873
-837.4788792174108
758.7211207826194
-1816.2788792173606
-1249.878879217356
-1785.8788792173748
-1480.8788792173852
1866.5211207826248
374.5211207826312
-1314.2788792173912
113.32112078262281
-1520.4788792173986
1155.9211207826188
167.52112078262064
693.3211207826192
1131.921120782629
842.5211207826205
428.5211207826163
-867.2788792173756
-163.8788792173778
-1016.8788792173816
-3384.278879217462
-2834.8788792174196
-681.8788792173735
-2382.678879217397
832.121120782622
1197.5211207826264
-869.6788792173897
-871.6788792173834
-1935.078879217392
-1208.4788792173645
-1369.878879217391
-2807.878879217372
-1068.6788792173531
749.1211207826163
493.3211207826233
987.1211207826196
812.9211207826369
-759.8788792173591
524.1211207826276
-2051.878879217423
-2613.4788792173476
103.12112078261688
-2455.2788792173565
-559.8788792173793
797.3211207826299
-612.0788792173752
-1024.6788792173868
-580.4788792173749
-856.8788792173801
-121.27887921737495
-94.07887921738181
-1324.0788792173803
-840.6788792173751
932.9211207826121
1652.5211207826328
185.12112078262797
2403.9211207826206
1466.721120782622
539.5211207826346
156.12112078261742
490.3211207826251
1365.121120782635
245.5211207826179
-306.8788792173798
-998.8788792173771
-703.2788792173694
261.32112078261974
-512.2788792173725
308.1211207826173
411.12112078262624
293.7211207826166
-796.2788792173533
-175.47887921739485
54.92112078262276
-1028.8788792173655
136.9211207826206
594.5211207826203
-713.6788792173725
1221.721120782632
1525.5211207826496
-192.8788792173893
-501.4788792173838
162.7211207826258
-751.8788792173788
1055.921120782638
238.1211207826212
-396.07887921738336
-879.4788792173828
759.7211207826135
1707.121120782629
2331.921120782607
397.1211207826263
952.721120782631
997.7211207826241
-607.4788792173802
-310.47887921737197
-544.8788792173866
373.5211207826154
844.9211207826199
323.9211207826179
-356.07887921737307
-381.47887921737384
-1266.6788792173593
-1104.278879217364
-529.2788792173618
292.5211207826179
83.72112078262032
550.9211207826207
61.32112078261788
-922.0788792173745
584.5211207826261
1716.3211207826112
566.1211207826193
-1031.2788792173785
-251.67887921737838
-211.87887921737584
570.3211207826167
-737.2788792173739
705.9211207826257
187.92112078262616
730.9211207826205
99.92112078262092
669.9211207826104
-242.0788792173725
202.72112078262546
898.321120782623
2053.321120782613
1048.3211207826141
-104.478879217378
-1551.0788792173676
-299.2788792173707
2252.121120782628
1138.1211207825993
1035.9211207826136
44.72112078262457
-120.87887921737358
-337.07887921737574
-305.8788792173923
115.32112078261915
-562.6788792173845
767.3211207826232
-375.27887921738085
95.32112078261997
305.9211207826226
573.9211207826273
253.12112078262635
-274.47887921737856
1783.7211207826488
2107.92112078262
324.7211207826187
1717.9211207826327
1693.7211207826288
767.521120782616
-423.4788792173739
-261.878879217382
418.92112078262386
515.721120782617
-768.2788792173762
192.12112078262572
-4.878879217379179
482.32112078263555
173.32112078262227
-369.8788792173789
-760.8788792173716
643.7211207826272
1761.5211207826324
-912.478879217357
-1948.278879217386
-2866.8788792173964
-1751.8788792173752
-1009.8788792173768
-810.4788792173705
152.52112078261413
110.52112078262284
-232.478879217382
42.12112078263459
1385.921120782623
881.9211207825921
1220.9211207826368
317.32112078261997
-417.47887921737646
-596.87887921738
1000.721120782634
432.5211207826245
956.1211207826309
214.72112078262052
1100.7211207826347
530.3211207826378
-589.6788792173784
83.12112078262359
1267.7211207826044
595.3211207826275
-577.8788792173747
-625.878879217376
-485.4788792173781
-1608.4788792173977
-1974.6788792173968
355.92112078263125
-652.4788792173739
128.5211207826218
-1221.2788792173922
361.1211207826215
347.1211207826186
-1980.078879217384
-353.4788792173768
-1512.0788792173703
-51.27887921737859
317.7211207826208
-493.87887921737934
-673.2788792173761
-182.87887921737945
811.521120782632
897.1211207826226
1215.321120782634
235.12112078262012
-1059.0788792173869
-590.6788792173814
-2431.2788792173865
-1312.4788792173997
732.7211207826185
700.9211207826577
1748.9211207826022
2093.121120782614
-1283.0788792173682
-2290.278879217391
99.12112078262825
101.52112078262512
23.92112078262479
465.7211207826179
-942.0788792173793
-976.4788792173766
110.12112078262993
-112.07887921737564
-924.6788792173775
-784.0788792173792
-1224.8788792173852
-427.67887921737895
-960.6788792173802
-719.878879217378
-93.27887921737806
798.921120782613
786.3211207826158
-222.67887921737406
1822.7211207826408
816.3211207826236
1598.1211207826245
941.5211207826168
-1966.2788792173694
-1932.2788792173521
-875.0788792173748
-1282.6788792174154
981.5211207826183
889.1211207826228
602.5211207826076
1396.1211207826555
-120.87887921737759
639.5211207826208
1238.9211207826208
960.121120782634
1667.1211207826289
1457.7211207826308
560.1211207826145
-442.87887921738076
89.92112078261998
1154.1211207825997
587.921120782615
-99.07887921737768
1510.5211207826083
1260.121120782618
568.1211207826223
-105.27887921737604
684.3211207826167
625.52112078261
1175.1211207825856
965.5211207826102
2431.121120782662
1114.7211207826253
1060.3211207825987
52.3211207826285
-1159.8788792173796
-1494.878879217387
-443.67887921737156
-19.478879217373702
1284.1211207826173
201.32112078262358
-479.67887921737184
1818.3211207826444
471.72112078260324
1344.721120782631
1929.9211207826704
1156.521120782603
-23.878879217373402
97.92112078262562
-611.0788792173746
-328.47887921738175
57.721120782618854
1313.72112078262
1532.1211207826175
347.3211207826154
-471.0788792173901
-1653.2788792174072
-494.87887921737524
-1036.6788792173788
171.52112078262493
1311.9211207826168
-570.0788792173765
-293.27887921738113
-496.07887921737705
-490.278879217386
232.32112078261915
-1205.0788792173746
-980.4788792173645
-1946.6788792173597
-2888.478879217372
-2433.678879217397
187.5211207826236
1256.7211207826292
-406.27887921737914
69.32112078261684
-377.07887921738086
-353.678879217381
1257.9211207826158
2.5211207826233526
-112.67887921738138
-54.878879217387045
85.32112078262531
228.72112078262256
-172.07887921737554
-331.67887921737577
1290.5211207826194
382.92112078261994
-1890.8788792173973
-854.8788792173833
16.321120782621676
74.52112078261835
247.9211207826345
1430.3211207826084
-251.47887921738206
733.9211207826086
388.12112078263647
-276.6788792173811
-414.8788792173744
-1284.678879217389
-918.2788792173516
-2291.4788792173968
-2141.278879217371
-1225.6788792173893
507.7211207826175
1015.921120782615
810.7211207826214
168.32112078262014
183.52112078262098
-670.6788792173834
1052.9211207826143
-39.67887921737696
151.1211207826248
749.5211207826261
-250.87887921737962
40.32112078263489
1110.921120782625
-533.4788792173736
-62.07887921738423
-66.2788792173829
-55.2788792173815
787.121120782602
-280.6788792173798
-531.4788792173795
1123.5211207826162
-82.47887921737501
-323.8788792173778
-24.478879217375674
1561.121120782628
-651.4788792173771
-134.47887921737657
-1048.0788792173921
-1923.4788792173445
-3266.878879217311
-789.6788792173746
-707.478879217369
174.5211207826239
602.921120782627
89.92112078262299
807.5211207826285
1415.721120782623
641.3211207826213
974.3211207826205
-387.47887921737737
737.7211207826078
1270.5211207826285
1334.3211207826062
-42.87887921737018
1266.9211207826327
-297.47887921737913
-962.8788792173704
353.5211207826254
940.5211207826185
1317.3211207826173
1198.9211207825917
838.9211207826218
748.3211207826122
-193.6788792173775
838.3211207826128
-382.67887921737645
797.721120782615
537.7211207826194
934.9211207826221
-56.67887921737737
-314.07887921738757
-1297.4788792173408
-1219.6788792174066
-1375.8788792173812
475.9211207826196
-275.678879217377
-499.67887921737974
970.3211207826198
597.7211207826147
-774.6788792173849
73.32112078262563
258.5211207826243
1369.7211207826235
78.72112078262626
937.3211207826366
895.1211207826067
458.521120782615
-1631.6788792173782
-1031.2788792173708
322.72112078262575
1335.7211207825987
454.7211207826265
1004.5211207826251
408.12112078262174
-956.4788792173845
-917.4788792173771
-625.4788792173766
-1074.2788792173792
145.9211207826199
1043.921120782628
303.12112078262317
-1347.0788792173687
-1256.2788792173696
-637.0788792173727
-2098.8788792174037
-1198.8788792173777
-12.078879217377644
-456.47887921738084
655.7211207826152
-928.2788792173801
-1057.2788792173712
-1394.078879217385
-330.07887921738285
1094.3211207826162
995.3211207826082
1207.9211207826204
1121.5211207826203
587.921120782614
254.5211207826273
-736.8788792173825
54.121120782621716
-1043.0788792173641
719.5211207826245
79.12112078262429
-1526.4788792173779
-110.4788792173788
-350.27887921737647
960.3211207826022
618.9211207826185
169.12112078262544
874.32112078262
3.521120782619054
-155.47887921737566
-189.07887921738478
-1139.8788792174082
-1110.6788792173868
-1894.6788792173818
-1720.0788792173687
-1635.278879217371
-517.2788792173766
339.521120782632
-613.4788792173847
60.52112078262104
-113.87887921737222
-701.4788792173805
224.3211207826193
418.1211207826341
1722.32112078263
700.3211207826238
-274.67887921737554
764.3211207826208
1432.5211207825907
1942.3211207826475
15.32112078261622
1057.5211207826235
1221.5211207826271
151.9211207826285
620.5211207826086
-731.8788792173731
930.1211207826263
-393.6788792173759
-182.678879217379
527.3211207826253
-1058.078879217392
-492.87887921737547
420.9211207826224
-387.67887921737935
-954.878879217383
-1290.0788792173685
-777.4788792173771
-1210.2788792173792
-839.2788792173777
-490.87887921737945
-155.87887921737595
-83.67887921738084
-490.6788792173859
-890.2788792173782
-58.078879217376645
469.5211207826232
485.5211207826209
-925.678879217377
-1429.278879217381
300.32112078262605
838.1211207826285
1232.1211207826311
700.5211207826266
1306.7211207826424
70.52112078261689
676.3211207826232
574.7211207826282
-1315.4788792173863
295.5211207826299
-463.478879217377
-1078.0788792173882
-1020.8788792173938
-611.6788792173962
1568.9211207826204
72.72112078262599
-1637.4788792173656
-1638.8788792173693
