-83.42738242992574
-176.22738242993208
1517.3726175700735
1544.1726175700894
-125.42738242992056
-205.22738242993043
1528.7726175700561
458.7726175700608
857.1726175700666
466.37261757007815
-709.4273824299275
-27.02738242992372
702.9726175700669
-1033.6273824299228
-364.4273824299312
-485.22738242993046
1732.3726175701102
537.172617570076
-533.0273824299403
-1517.6273824299558
458.57261757007643
-80.42738242992607
-238.42738242992647
420.7726175700771
-566.8273824299299
439.97261757007584
192.1726175700817
-1402.0273824299388
191.5726175700766
1314.5726175700759
1097.9726175700791
792.1726175700812
-590.8273824299205
-317.0273824299191
1026.372617570057
1805.7726175700861
829.1726175700918
-472.02738242992115
360.5726175700706
-85.82738242992141
-7.4273824299186835
-456.4273824299225
-12.827382429921997
455.5726175700749
722.3726175700758
-1413.027382429927
111.77261757007915
-67.82738242992377
-870.6273824299366
-734.8273824299265
447.3726175700855
-686.2273824299511
-591.4273824299283
-941.8273824299442
-462.8273824299268
-214.02738242992243
-554.6273824299319
476.9726175700815
-1330.2273824299286
-1157.0273824299081
476.9726175700758
1053.1726175700653
980.3726175700591
1938.9726175700628
281.9726175700689
-192.4273824299242
-353.4273824299309
-732.4273824299248
-379.42738242992374
-383.22738242992216
-81.22738242993037
1212.7726175700568
779.172617570086
76.57261757007751
1433.3726175700867
1179.1726175700699
1487.9726175700619
1078.1726175700555
-33.42738242992779
-661.6273824299177
-353.027382429929
-461.22738242992654
174.172617570075
388.9726175700822
321.1726175700753
-223.82738242993165
58.172617570078756
-456.82738242992076
-1321.627382429928
-460.42738242992147
-1012.4273824299319
747.5726175700685
-323.82738242993696
-1214.6273824299237
-102.62738242993125
1334.1726175700535
339.1726175700715
1790.772617570075
-466.2273824299211
-2334.027382429934
-1584.6273824298717
-1605.6273824298946
-1546.627382429957
117.37261757007974
139.3726175700709
667.7726175700777
1195.5726175700777
431.77261757007506
863.3726175700772
710.9726175700814
-288.2273824299291
-313.0273824299286
420.57261757006427
126.57261757007342
-679.6273824299356
626.9726175700638
747.9726175700704
1592.9726175700805
1423.5726175700943
-225.42738242992993
-762.0273824299201
-1748.427382429942
-136.42738242992633
653.3726175700698
34.572617570075174
-23.62738242992222
261.97261757006834
255.77261757007602
-402.42738242993397
317.97261757007374
-146.42738242991732
-731.2273824299331
-785.2273824299278
-77.22738242991686
643.3726175700727
1168.772617570116
-151.6273824299264
-175.6273824299303
549.1726175700774
385.77261757007193
651.3726175700638
359.57261757006006
-11.22738242992861
-1313.2273824299157
-262.42738242992544
-276.8273824299361
-1418.0273824299327
-552.2273824299234
-1439.0273824299186
454.3726175700862
126.57261757007674
-969.227382429922
-186.62738242992137
511.9726175700723
0.7726175700813158
-985.427382429934
81.77261757007653
-342.8273824299294
-186.02738242992487
196.97261757007982
1161.7726175700868
-1457.4273824299366
62.972617570082754
309.7726175700674
-222.82738242992673
538.3726175700778
-98.42738242993039
807.7726175700659
621.9726175700667
320.17261757007617
-485.22738242992807
-176.027382429927
368.97261757008295
502.77261757008455
341.7726175700711
-2009.8273824299424
-715.4273824299149
-176.42738242992783
-109.0273824299201
934.9726175700591
1179.1726175700862
-142.22738242992097
-512.227382429945
-181.22738242992511
-341.6273824299272
-591.8273824299262
-1069.6273824299208
533.7726175700769
1623.3726175700726
12.972617570074902
-539.4273824299263
-480.2273824299282
1299.5726175700909
-785.8273824299348
-1723.627382429935
-1468.6273824299199
-339.62738242992975
24.772617570070658
461.772617570072
-492.6273824299275
-1380.8273824299192
-232.027382429924
-1063.8273824298992
-999.2273824299223
-1220.2273824299161
-346.42738242992624
3952.7726175700354
2498.7726175700886
-1111.4273824299034
406.57261757006165
1127.5726175700845
1843.9726175700735
263.5726175700519
372.1726175700629
528.5726175700705
507.77261757006863
-315.2273824299253
-1887.4273824299553
-877.8273824299265
670.37261757007
911.7726175700893
-268.2273824299249
-209.6273824299272
183.77261757006798
1054.1726175700594
-1306.427382429925
-342.62738242992697
-925.2273824299197
-232.62738242993387
-1719.6273824298878
366.5726175700752
238.77261757007528
-1499.2273824299168
635.1726175700734
-220.02738242992467
-3276.627382429943
-557.0273824299359
416.9726175700751
2350.972617570112
2953.7726175700764
264.77261757007557
1216.1726175700903
-663.6273824299224
-172.82738242992482
-1660.22738242996
703.1726175700697
362.1726175700808
-241.6273824299266
706.9726175700745
110.57261757007511
1107.3726175700647
1236.1726175700508
323.77261757007903
-316.0273824299299
-1419.8273824299258
-244.42738242992718
213.57261757007635
1724.1726175700562
1563.7726175700682
-999.0273824299154
-657.4273824299335
-2289.4273824299253
-971.6273824299244
18.17261757007548
-34.42738242992463
-649.6273824299143
360.97261757007317
-1147.2273824299384
-415.6273824299222
581.5726175700785
1066.3726175700724
1230.9726175700805
2744.1726175700173
2198.1726175701265
-614.2273824299233
-373.2273824299279
624.1726175700782
699.9726175700717
289.77261757006806
252.77261757006738
-541.2273824299326
68.97261757008053
1040.5726175700786
-306.2273824299344
-663.4273824299279
-428.2273824299266
-793.4273824299311
-530.0273824299261
-772.4273824299188
90.77261757007395
-880.427382429923
-1165.2273824299068
-206.22738242993364
-242.4273824299296
-961.8273824299507
-428.82738242993
969.7726175700661
-940.0273824299177
-1278.0273824299447
-791.0273824299346
-1648.8273824299247
-266.22738242992455
698.772617570078
1336.7726175701034
1109.9726175700594
-19.227382429924138
-1277.8273824299229
-489.2273824299242
586.1726175700679
-175.42738242993394
-2259.82738242994
-166.627382429921
-207.02738242992555
-561.2273824299294
272.17261757007884
-1962.2273824299766
-1317.627382429902
-550.8273824299315
-988.6273824299337
-324.62738242993106
-287.22738242992295
-1145.6273824299255
-1194.6273824299444
-180.22738242992136
-361.027382429932
-99.62738242993666
-784.0273824299388
-1130.0273824299413
-30.22738242992293
518.7726175700761
-1107.8273824299256
-457.6273824299028
-556.0273824299088
-589.4273824299221
-377.4273824299369
2098.9726175701285
-223.42738242992488
609.1726175700545
2236.9726175700575
953.7726175700733
-378.8273824299181
370.1726175700789
-532.8273824299428
491.17261757006406
459.3726175700704
-922.8273824299317
-310.6273824299258
-1342.6273824299203
-793.8273824299301
-316.22738242993205
-243.42738242992235
501.97261757007664
-658.8273824299249
301.57261757007996
671.372617570079
673.3726175700718
-1305.627382429939
-660.2273824299298
-354.62738242992776
-709.8273824299152
-1196.2273824299223
-379.227382429926
-1146.6273824299135
-58.62738242992452
-729.8273824299465
938.1726175700678
-599.4273824299171
790.5726175701126
897.3726175700621
2939.9726175700334
2059.7726175701355
1241.1726175700535
-570.4273824299239
-833.22738242993
-514.2273824299198
-241.2273824299255
37.972617570075656
-1590.8273824299354
178.17261757007972
-521.4273824299383
765.1726175700608
594.1726175700741
-1537.0273824299163
-794.0273824299106
-1819.8273824299192
-508.82738242992946
-68.22738242992615
-729.227382429925
-1101.8273824299279
-738.4273824299182
-1188.8273824299317
-208.4273824299313
-504.0273824299358
-1011.6273824299542
-2080.627382429948
-1389.0273824299163
-778.0273824299277
1238.972617570055
-143.2273824299224
-76.82738242991411
1685.1726175700817
2557.972617570125
1967.97261757004
-220.22738242991647
-796.2273824299195
-53.227382429927324
-883.8273824299342
-1440.2273824299205
27.572617570074506
705.7726175700753
36.772617570070196
-2043.4273824299223
-140.02738242991924
722.3726175700746
530.1726175700751
1624.7726175701057
-370.8273824299287
779.3726175700814
408.7726175700603
835.372617570074
-123.42738242992895
-951.8273824299035
543.5726175700753
1848.3726175700779
215.9726175700656
-477.0273824299466
-1801.6273824299026
-2285.027382429931
-210.2273824299263
1749.9726175700462
1545.5726175700604
771.9726175700973
2192.7726175700277
1005.3726175700699
2094.3726175700886
-428.827382429909
-1130.6273824299005
209.57261757006603
-909.227382429935
-2251.62738242992
-659.4273824299124
-374.62738242992384
-931.6273824299258
-1972.8273824299267
-630.427382429931
126.17261757007404
-460.0273824299309
816.7726175700614
841.1726175700784
1210.3726175700704
2106.7726175700273
2627.1726175700833
282.37261757006814
-322.42738242991425
-249.62738242992427
-1047.2273824299034
-2397.227382429927
-881.4273824299285
665.1726175700744
-1213.0273824299036
-169.42738242992755
933.5726175700637
1724.3726175700667
1308.7726175700618
3256.7726175700914
209.9726175700759
-304.6273824299353
6.372617570074848
318.5726175700701
913.7726175700806
-117.82738242992906
-1635.627382429932
-1913.027382429906
-1256.4273824299073
-1896.2273824299073
-262.62738242992265
161.57261757006216
-11.42738242992171
-602.6273824299183
-553.027382429936
-255.82738242992863
126.17261757007626
2067.97261757006
925.572617570081
-555.4273824299207
-365.2273824299168
-1567.4273824298994
-817.6273824299258
-846.4273824299318
-1762.6273824299424
-1476.0273824299295
-877.0273824299426
278.1726175700771
428.9726175700768
-938.6273824299307
-723.4273824299197
419.77261757006346
1248.3726175700742
-619.2273824299305
200.17261757006415
335.9726175700692
434.77261757007443
-1339.4273824299485
-1475.827382429937
-1555.8273824299115
-1969.627382429984
-1551.227382429976
106.37261757007717
-265.42738242992874
399.37261757007167
2306.772617570077
677.572617570071
186.37261757007272
-949.62738242991
1301.3726175700867
594.1726175700853
354.3726175700621
262.17261757007435
-275.227382429931
-478.22738242993245
-632.427382429915
195.57261757006887
-847.627382429947
-78.6273824299258
-257.42738242992374
-130.027382429917
-392.0273824299323
-931.827382429925
-661.4273824299354
916.7726175700805
176.17261757007927
324.37261757007764
97.17261757007334
900.5726175700712
-160.4273824299133
404.1726175700838
-863.627382429975
-1594.2273824299332
-1128.4273824299078
-569.8273824299229
-426.62738242993214
-837.0273824299251
40.572617570072694
-590.027382429929
-362.62738242992384
-850.8273824299212
1251.3726175700403
970.7726175700699
1071.172617570066
-148.62738242992907
-481.8273824299279
-1807.0273824299186
-1516.6273824299235
-562.8273824299024
-1073.4273824298962
-1113.2273824299261
-1470.6273824299255
-1131.0273824299195
-1213.6273824299524
-1678.427382429902
218.972617570078
-63.427382429928116
-539.8273824299251
1357.3726175700697
966.3726175700721
-146.62738242992162
-351.02738242993524
276.7726175700713
-16.42738242991134
-517.8273824299297
-199.82738242992525
-1804.8273824299508
-1591.4273824299603
-840.2273824299292
-357.6273824299269
445.1726175700754
1097.772617570071
-1442.22738242993
-115.42738242992604
170.57261757007518
773.5726175700783
-931.8273824299167
-1594.027382429901
-1872.6273824299108
-1077.62738242992
-78.62738242993625
-437.22738242993546
-2859.827382429865
-1216.2273824299666
-331.02738242993644
-1425.6273824299433
77.97261757008337
-278.62738242992924
-331.62738242992793
668.5726175700746
520.3726175700837
880.9726175700683
-938.0273824299225
-1551.427382429951
17.372617570070854
-380.82738242993116
136.97261757008374
-71.22738242992558
-1098.2273824299193
-570.4273824299356
451.17261757008004
559.3726175700801
1446.3726175700617
436.7726175700812
-652.2273824299245
508.5726175700788
-388.82738242993247
1592.9726175700894
-157.82738242992377
-374.62738242992486
-776.0273824299286
-671.0273824299207
290.57261757007944
24.772617570064774
-1836.4273824299648
-1128.0273824298906
-365.2273824299251
544.5726175700754
1202.9726175700732
437.3726175700751
-160.2273824299248
1635.3726175700715
-85.42738242993848
69.37261757007288
331.3726175700766
-1548.0273824298774
-1136.8273824299358
-823.4273824299394
-303.22738242992483
638.9726175700723
-115.62738242992006
-768.8273824299243
-921.4273824299239
-410.4273824299277
453.5726175700689
-106.02738242993195
728.1726175700451
-173.22738242992264
-296.02738242992945
963.5726175700644
-192.22738242992665
814.5726175700735
-1060.0273824299284
-802.0273824299409
-761.427382429922
-206.22738242992577
142.37261757007553
-1613.0273824299763
-297.2273824299267
-805.4273824299358
-819.0273824299055
161.37261757007025
-622.0273824299251
-1066.8273824299238
-352.427382429921
690.9726175700735
-1015.0273824299311
222.17261757007208
-634.8273824299337
289.5726175700699
-677.4273824299263
-1645.8273824299436
-2476.6273824299456
-1674.2273824299136
-713.8273824299299
209.37261757006792
-167.82738242992613
-2018.027382429892
-427.0273824299262
-1246.6273824299242
6.572617570075376
-13.827382429927813
-1139.6273824299294
-168.22738242993142
-813.2273824299212
959.3726175700675
-780.0273824299128
-174.22738242992403
1.3726175700790577
-2380.2273824299086
1593.9726175700841
931.3726175700726
-1094.2273824299327
57.97261757006387
1340.7726175700814
-694.4273824299245
-91.62738242992351
380.17261757008026
-1263.0273824299306
-441.0273824299332
1250.5726175700777
1095.7726175700552
637.5726175700727
-226.6273824299284
-764.6273824299362
-282.62738242992407
666.7726175700699
1702.9726175700691
1593.57261757009
-1420.2273824299189
-1532.4273824298987
-907.4273824299221
682.172617570064
-602.2273824299293
-108.22738242992472
-812.6273824299269
-1091.227382429913
-46.82738242993251
-315.0273824299278
-663.4273824299215
-994.6273824299171
-1255.627382429892
373.5726175700812
1457.9726175700964
524.1726175700709
-860.8273824299208
-570.2273824299403
-1114.6273824299058
-341.42738242992823
-1085.0273824299281
930.1726175700869
-191.82738242992676
-1218.4273824299557
-159.22738242992494
-244.82738242992198
1912.5726175700445
831.5726175700728
-886.4273824299352
485.57261757007655
194.3726175700798
1492.9726175700616
-2059.227382429938
-1010.0273824299574
566.5726175700759
-1084.2273824299234
198.9726175700628
736.1726175700717
-1095.2273824299264
-329.0273824299266
-880.4273824299213
272.5726175700781
-320.82738242992184
-2182.427382429921
-289.6273824299237
-222.02738242992396
-1332.2273824299436
44.97261757007442
1194.7726175700755
-174.62738242993092
-196.62738242992532
-457.02738242992956
-864.6273824299038
150.77261757007832
305.1726175700732
-1118.0273824299206
452.1726175700768
-2586.627382429888
-604.2273824299298
-881.2273824299258
-524.0273824299258
188.77261757007457
-815.427382429934
762.572617570067
-2049.027382429921
-984.2273824299216
895.7726175700677
-1627.827382429955
675.3726175700668
1097.9726175700987
-1145.6273824299321
-501.4273824299193
-724.2273824299215
238.9726175700688
-331.42738242991095
-1950.0273824299106
1551.3726175700644
43.372617570077786
-1430.4273824299532
333.9726175700773
247.17261757007702
-772.2273824299277
429.1726175700679
-533.6273824299362
263.3726175700775
47.572617570075195
-176.02738242992643
-211.0273824299356
-595.427382429924
-3224.2273824298886
-1146.2273824298977
-460.62738242993277
-180.02738242992584
883.9726175700636
326.17261757007674
606.3726175700809
-1301.427382429931
-1498.0273824299836
261.97261757007306
452.1726175700674
-1293.2273824299282
176.5726175700751
650.5726175700881
218.7726175700706
-1275.6273824299299
-424.4273824299188
-443.2273824299297
-2334.227382429937
-441.2273824299226
-1044.8273824299317
926.9726175700738
738.9726175700698
221.77261757007142
-472.22738242992335
-765.6273824299212
-2192.227382429919
1980.5726175701052
491.1726175700803
-803.6273824299177
-965.4273824299534
-791.0273824299245
-1412.2273824299307
-1145.4273824299578
-1222.6273824299415
-1168.0273824299156
208.77261757007273
265.3726175700758
1301.7726175700898
991.9726175700773
-513.2273824299203
679.1726175700724
-840.0273824299242
-1948.0273824299484
645.5726175700826
1405.7726175700673
-14.027382429922573
-19.627382429929384
632.3726175700701
997.3726175700658
999.772617570077
990.7726175700857
-279.62738242993305
1241.9726175700846
-428.62738242992464
759.3726175700778
1375.372617570067
320.97261757007914
-951.2273824299424
1403.9726175700678
-958.4273824299485
535.7726175700567
353.37261757006735
-1321.2273824299239
-607.027382429934
-524.8273824299226
-1995.627382429908
-340.82738242994105
-821.4273824299098
-990.2273824299336
-121.42738242992475
100.9726175700784
-219.62738242994024
140.57261757007285
-1112.227382429932
-577.6273824299209
-313.82738242992355
-309.8273824299246
-329.4273824299329
715.172617570069
279.1726175700737
502.5726175700753
784.1726175700702
927.772617570097
513.1726175700716
556.9726175700767
-612.8273824299235
756.1726175700783
1975.9726175700791
2253.9726175700985
1572.1726175701176
86.57261757007063
26.372617570076784
1832.9726175700557
1282.1726175700733
202.97261757007735
-822.2273824299311
-446.62738242992816
-803.6273824299432
-228.42738242992996
367.57261757006916
-604.4273824299329
-2457.427382429913
-230.42738242992968
309.17261757007697
681.1726175700571
-335.62738242992646
975.972617570059
-113.62738242991277
227.1726175700745
-472.82738242992684
419.5726175700754
1723.372617570067
1215.3726175700822
137.77261757007327
409.5726175700853
1702.1726175700644
636.972617570077
765.5726175700772
1559.972617570098
1025.1726175700612
2103.7726175700514
1598.1726175700696
857.972617570062
435.7726175700663
1733.5726175700722
-247.82738242992536
-709.2273824299261
-663.6273824299277
-778.8273824299199
-1618.4273824299655
76.97261757007495
431.1726175700745
189.77261757007707
-1356.2273824299314
1153.1726175700717
949.5726175700646
1286.9726175700591
-77.22738242992384
182.57261757007828
218.97261757007422
-445.8273824299236
-1199.4273824299264
465.97261757006845
1377.9726175700907
429.5726175700736
1617.1726175700655
1073.9726175700619
773.3726175700737
484.17261757006844
934.1726175700721
606.9726175700932
2341.972617570089
1062.5726175700834
-317.42738242991754
1508.3726175700626
-268.02738242992694
-944.6273824299182
-1122.627382429931
-612.2273824299285
-462.4273824299292
19.572617570074346
-500.6273824299247
-595.4273824299213
-584.0273824299327
-773.0273824299283
1836.772617570069
1739.3726175700488
67.77261757007645
773.7726175700817
-216.42738242993332
-162.6273824299331
-427.8273824299243
-896.0273824299206
-1158.0273824299275
162.57261757006765
-38.827382429928406
706.9726175700629
2289.37261757009
1055.5726175700677
1861.972617570071
2224.572617570039
570.3726175700554
353.3726175700834
2852.372617570154
1031.5726175700584
-17.22738242992429
1098.3726175701224
965.772617570069
-883.8273824299323
1331.1726175700555
732.7726175700883
-1392.0273824299127
-822.227382429933
1048.7726175700584
-780.0273824299298
-829.2273824299226
-138.62738242992816
-395.0273824299336
-1042.0273824299306
-84.42738242993241
258.97261757007493
-79.42738242992615
-201.4273824299255
19.972617570083372
-260.0273824299284
-418.42738242992857
1398.1726175700423
563.5726175700809
62.17261757007245
403.57261757006324
-453.02738242993524
1088.1726175700717
1541.7726175700761
192.77261757007767
-504.02738242994224
-629.8273824299281
277.1726175700823
145.37261757007917
-289.0273824299257
-797.4273824299264
-468.6273824299315
1774.9726175700966
1344.972617570064
1007.5726175700877
-1376.4273824299364
43.372617570070695
-62.627382429928694
719.1726175700605
2511.572617570086
1591.7726175700413
283.37261757007235
-721.0273824299283
1156.5726175700727
1783.372617570085
-52.827382429934204
387.9726175700782
1691.7726175700882
505.1726175700683
972.7726175700828
568.5726175700743
180.17261757007145
1328.7726175700882
702.3726175700709
-39.42738242993282
981.5726175700722
566.9726175700823
2999.7726175700327
1722.9726175700525
1348.7726175700611
94.77261757007435
1715.5726175700788
1286.1726175700792
1571.572617570095
2076.572617570096
1579.1726175700505
1905.5726175700768
1834.9726175700837
372.77261757007125
851.3726175700702
1524.1726175700924
643.9726175700862
791.5726175700653
14.172617570075111
-612.2273824299152
966.3726175700513
2293.9726175701126
784.9726175700738
-738.4273824299215
49.372617570078006
-974.2273824299328
-956.2273824299172
-1396.2273824299302
-1064.0273824299297
-220.82738242992727
-364.2273824299222
-1552.6273824299228
-147.62738242992086
176.97261757007388
204.77261757007497
-354.62738242992646
729.7726175700732
-1392.2273824299248
-1772.2273824299211
-1196.2273824299161
-379.4273824299253
-123.22738242992324
185.77261757007386
669.9726175700773
-417.22738242991875
-138.02738242992262
729.5726175700872
577.3726175700533
262.9726175700631
1241.9726175700796
644.7726175700782
524.7726175700692
535.3726175700809
606.5726175700746
350.5726175700901
-117.6273824299159
-128.8273824299244
347.5726175700961
-156.02738242992717
-842.2273824299245
-530.0273824299213
-877.0273824299393
-413.4273824299183
9.372617570071625
-321.4273824299246
-452.6273824299293
560.5726175700734
237.5726175700747
626.172617570083
-207.02738242992797
-1162.2273824299264
-758.0273824299277
359.37261757006934
292.17261757007486
-803.6273824299046
-549.2273824299363
-392.02738242992365
1644.7726175700693
472.17261757007543
-1147.6273824299265
-386.0273824299202
491.37261757006445
762.172617570081
2554.372617570064
255.57261757007296
-911.0273824299377
143.17261757006966
-326.0273824299201
-568.627382429925
-764.2273824299289
-667.6273824299202
-76.22738242992172
-1114.4273824299294
-1795.6273824299344
-1039.42738242993
-467.6273824299254
-624.8273824299158
-181.82738242993463
811.5726175700903
353.1726175700778
-597.0273824299339
750.9726175700766
458.9726175700849
1412.3726175700874
1665.7726175700877
47.97261757007792
-294.22738242992153
-1223.227382429918
655.9726175700624
1212.1726175700703
485.3726175700753
452.57261757007444
460.17261757007077
-556.4273824299315
-640.2273824299263
1146.772617570093
309.3726175700783
6.972617570077375
267.9726175700745
637.3726175700809
774.3726175700734
-27.02738242992655
-959.4273824299215
-259.22738242992335
-257.82738242992787
-263.82738242992315
25.772617570071652
112.97261757007644
-24.42738242992709
-1107.0273824299104
-145.227382429928
-1196.8273824299467
-2402.427382429892
-1186.4273824299496
-1835.027382429919
14.17261757007661
-397.6273824299193
-1289.8273824299306
529.3726175700778
1857.9726175700612
1017.3726175700722
-986.8273824299063
-410.02738242993615
-139.22738242992682
-391.6273824299213
-933.6273824299133
502.1726175700836
-680.4273824299162
406.1726175700737
562.7726175700764
-154.82738242992636
339.7726175700769
-596.0273824299278
172.17261757007537
618.9726175700762
1533.172617570084
330.7726175700773
183.37261757007326
-141.6273824299288
-196.62738242992216
-621.4273824299288
-2567.8273824298803
-341.2273824299371
-980.2273824299474
-1769.6273824299174
-324.8273824299357
-78.42738242992411
-1128.4273824299255
-1969.827382429883
-700.4273824299271
707.772617570065
1204.372617570086
-533.0273824299151
-402.2273824299233
353.5726175700745
-471.82738242993275
-1001.0273824299278
-1417.4273824299275
612.5726175700667
-334.62738242992185
-859.8273824299309
38.572617570073
537.9726175700774
396.1726175700758
1176.5726175700834
27.172617570071353
-684.4273824299192
902.1726175700744
-532.4273824299281
-30.227382429919395
-1810.2273824298775
-1875.627382429901
1987.7726175700786
674.1726175700676
-1763.0273824299238
-522.8273824299343
-700.0273824299243
-91.22738242993185
-1064.827382429934
-565.02738242992
-1399.4273824299396
-666.0273824299327
316.97261757007925
-721.8273824299313
-769.2273824299418
88.37261757007516
462.7726175700734
-482.4273824299213
-288.8273824299242
-739.2273824299217
83.97261757006812
-1055.027382429918
566.97261757004
831.3726175700986
1307.772617570093
-285.82738242992707
1811.9726175700766
929.1726175700704
-1284.2273824299045
1376.572617570072
974.572617570062
-1164.8273824299183
65.77261757007597
-1192.027382429925
-293.82738242992326
736.9726175700772
-1322.227382429955
224.37261757007278
-1563.827382429933
-1052.8273824299297
-1631.6273824299278
-134.02738242992558
-1264.0273824299318
-500.62738242992555
1239.1726175700596
59.172617570071935
752.1726175700699
959.1726175700519
750.7726175700806
601.3726175700826
-427.6273824299283
-443.62738242992987
-84.62738242992705
1435.5726175700709
1930.9726175700243
353.7726175700566
764.3726175700733
-646.8273824299174
-193.82738242992528
109.17261757006881
-281.8273824299258
-463.4273824299301
1419.9726175700837
1048.9726175700766
898.3726175700715
-30.82738242992825
-363.0273824299282
-999.4273824299312
-98.42738242992715
617.7726175700767
-1086.6273824298873
-714.2273824299281
249.57261757006967
-46.02738242992719
797.172617570073
1843.1726175700599
667.3726175700706
609.9726175700819
1351.9726175700562
-226.82738242991462
273.77261757007807
1785.372617570081
938.3726175700544
188.37261757007153
18.572617570072538
61.97261757007877
-498.62738242992583
412.3726175700849
1402.9726175700796
871.3726175700532
-378.4273824299264
41.172617570073356
1069.772617570083
-506.82738242992986
8.97261757007535
1620.972617570084
-172.62738242993237
-132.02738242993536
643.7726175700781
-539.2273824299293
-1867.427382429938
-2019.627382429917
-2542.8273824299367
-1260.4273824299319
-289.4273824299197
-400.6273824299338
-591.0273824299422
1923.1726175700508
822.3726175700897
425.57261757006836
1824.5726175700695
-180.82738242992497
595.7726175700765
2072.3726175700485
816.5726175700846
304.77261757006903
857.5726175700878
-1323.4273824299307
-950.2273824299165
995.772617570064
986.9726175700794
472.1726175700877
-39.427382429920854
-268.4273824299262
847.3726175700651
1464.9726175700662
467.772617570089
1837.3726175700542
520.5726175700705
-577.0273824299207
183.5726175700707
928.9726175700855
-2468.427382429968
-2116.627382429935
-788.627382429924
-847.4273824299273
-1216.627382429928
130.97261757007078
41.57261757007429
1635.9726175700619
969.7726175700546
-188.227382429924
1262.9726175700607
500.172617570076
1156.9726175700573
1087.372617570066
456.7726175700859
111.37261757008237
-102.22738242992781
39.972617570076736
429.37261757007104
1265.1726175700644
-37.2273824299278
205.57261757007842
628.7726175700668
-288.02738242992757
-1006.6273824299273
511.37261757007866
1242.7726175700514
2933.972617570089
53.57261757007433
-297.6273824299244
-1350.0273824299227
-785.0273824299298
-2024.6273824298999
-705.2273824299125
-838.6273824299316
-498.027382429902
-1252.2273824299548
-279.82738242992923
917.7726175701011
1310.5726175700904
651.5726175700809
-1542.4273824299216
706.5726175700727
367.7726175700691
1568.5726175700781
1396.572617570067
-846.4273824299094
-565.827382429929
-1013.4273824299199
-737.0273824299244
-160.02738242993695
211.77261757007483
420.172617570078
711.1726175700662
-156.62738242993174
-607.2273824299252
-620.2273824299233
775.9726175700644
1376.3726175700815
2503.9726175700384
574.1726175700715
-299.2273824299292
-989.4273824299186
-2008.427382429929
-1894.6273824299142
-1321.0273824299425
-308.2273824299282
-992.4273824299265
-1116.4273824299223
1165.7726175700748
2049.3726175700663
1048.5726175700818
1751.9726175700316
768.172617570074
412.5726175700835
-1231.627382429921
303.17261757007265
1128.7726175700795
664.1726175701109
1935.3726175700779
373.17261757009624
143.9726175700745
-489.4273824299262
892.9726175700567
676.7726175700747
185.1726175700716
811.9726175700656
1502.7726175700927
778.172617570075
1441.9726175700687
609.3726175700667
1045.5726175700818
928.3726175700665
297.57261757007456
413.7726175700743
-786.627382429941
-1141.427382429934
-2498.4273824299758
-400.8273824299089
-889.2273824299375
-795.6273824299416
1235.1726175700696
1847.7726175700889
-82.027382429907
1483.9726175701096
723.3726175700757
527.9726175700652
-101.42738242992705
455.17261757006713
86.77261757007777
-731.6273824299336
673.3726175700772
826.1726175700747
-146.22738242993188
87.57261757006832
1269.5726175700588
420.3726175700745
487.1726175700594
-39.42738242993015
-633.4273824299235
-864.827382429936
990.9726175700395
1717.3726175701054
1051.3726175700626
150.1726175700657
-884.2273824299314
252.37261757007647
-492.6273824299439
900.3726175700792
-2448.8273824299818
-2618.427382429933
-1495.0273824299402
-106.02738242992532
1401.5726175700624
2075.3726175700926
867.372617570086
1170.172617570089
1518.7726175700825
771.172617570073
1748.7726175700222
1000.172617570072
-337.2273824299314
-1077.2273824299002
-963.627382429915
-434.4273824299326
-736.227382429928
168.37261757008065
-388.82738242992195
-510.62738242992623
633.7726175700889
-2.627382429925582
886.5726175700709
1175.1726175700915
429.7726175700581
109.3726175700818
1045.3726175700542
615.9726175700813
-1755.227382429923
-1844.0273824299045
-1470.0273824299122
-215.8273824299239
-242.82738242992406
-1532.6273824299176
-1121.4273824299223
-1180.0273824299215
231.37261757007855
-70.02738242992933
847.1726175700611
1650.5726175700472
1700.9726175700646
1760.7726175700739
2491.3726175700554
838.5726175700693
605.9726175700648
1609.1726175700862
-484.227382429929
-616.8273824299223
-1102.4273824299137
434.97261757007885
-84.22738242992837
143.9726175700743
1300.3726175700622
1718.1726175700937
1626.372617570054
1292.1726175700503
2223.372617570032
352.7726175700768
1668.1726175700696
984.1726175700754
-1036.6273824299303
-177.42738242992746
-524.2273824299207
-502.0273824299289
791.5726175700745
1006.5726175700695
605.1726175700826
-324.8273824299291
1032.5726175700759
196.77261757007435
1534.9726175700578
952.9726175700883
1097.572617570063
1506.7726175701173
2358.172617570064
1904.7726175701057
467.3726175700784
-90.02738242992416
-1883.4273824299532
-1592.227382429922
-990.4273824299258
829.9726175700793
586.3726175700737
177.5726175700839
913.5726175700528
1975.7726175701127
715.7726175700648
963.3726175700604
1238.3726175700776
-406.8273824299248
875.1726175700875
725.9726175700437
-585.6273824299132
377.5726175700718
204.5726175700692
1204.772617570065
1512.1726175700933
559.1726175700651
1448.7726175700654
1107.3726175700588
904.1726175701147
-188.0273824299255
-142.62738242993143
340.7726175700694
802.5726175701
1223.572617570086
673.9726175700767
932.3726175700904
426.97261757007067
-728.4273824299327
-939.0273824299258
-212.2273824299224
-1282.427382429925
-531.0273824299364
-129.02738242992785
78.57261757007548
227.5726175700812
1463.572617570044
672.5726175700746
1003.9726175700796
974.3726175700727
97.37261757007694
122.5726175700801
1678.972617570074
734.5726175700745
-869.4273824299379
720.372617570092
332.7726175700692
472.3726175700813
38.3726175700778
-799.0273824299431
616.7726175700788
-241.02738242992785
-1483.0273824299004
-183.82738242992124
-214.42738242992584
572.3726175700805
329.57261757008433
34.77261757006832
1471.5726175700781
1576.1726175700833
-56.02738242992826
-85.62738242992735
-1135.8273824299354
-351.42738242992516
-0.8273824299201422
-731.0273824299275
1288.5726175700977
602.5726175700607
1516.1726175700896
815.3726175700668
-91.62738242992233
480.17261757008384
84.57261757007427
447.372617570069
1330.1726175700883
1022.7726175700873
326.57261757008047
771.9726175700764
-157.82738242992383
-1075.6273824299308
865.772617570076
-1190.227382429941
-1016.6273824299225
1141.1726175700621
-571.8273824299271
83.17261757007282
-158.42738242993016
212.77261757008128
1053.7726175700961
1073.7726175700539
1844.5726175701072
986.9726175700898
304.1726175700836
-489.027382429939
-1082.4273824299205
1326.1726175701142
-1011.027382429909
-304.0273824299232
1057.372617570052
164.17261757008515
2008.5726175700854
361.37261757007144
29.572617570076233
287.77261757008506
892.972617570065
2171.7726175700905
562.1726175700906
1208.9726175700505
-1422.0273824299152
-1653.8273824299067
-307.4273824299286
-987.2273824299242
-847.227382429921
-306.02738242992973
258.5726175700768
-99.2273824299249
1342.572617570045
395.5726175700873
801.572617570067
-268.8273824299279
-764.6273824299274
-688.627382429924
845.97261757007
1305.372617570069
1213.5726175700652
-359.6273824299274
-1659.6273824299246
523.7726175700753
-1326.6273824299233
921.3726175700639
746.7726175700898
-3.027382429919925
1071.7726175700882
-33.62738242992894
700.772617570075
-211.82738242992536
1219.5726175700893
2308.1726175700587
-1.2273824299296194
2370.972617570088
360.17261757007384
-915.2273824299416
-411.0273824299147
762.7726175700637
-309.42738242993073
761.9726175700764
677.7726175700686
-231.82738242991442
510.97261757006237
1677.1726175700614
1221.3726175700901
1297.7726175700743
288.3726175700855
410.7726175701035
1085.372617570084
1839.3726175701127
1479.7726175701098
950.57261757005
-1284.2273824299534
-444.8273824299295
-712.8273824299295
1635.7726175700557
168.57261757006904
647.7726175700802
569.9726175700672
-66.22738242992423
-623.2273824299315
-511.2273824299291
-399.62738242993214
97.57261757008031
555.5726175700748
770.3726175700727
785.972617570077
245.97261757007652
-1485.8273824299552
-1687.2273824299161
-888.6273824299344
668.1726175700677
-587.0273824299258
1857.9726175700487
1035.7726175700736
-149.82738242993204
1353.5726175700966
1297.9726175701078
2358.3726175701186
1445.5726175701
-391.6273824299293
704.7726175700723
-513.4273824299339
633.9726175700654
-2129.4273824299494
-1194.2273824299143
429.77261757006795
-497.4273824299292
910.1726175700852
1248.9726175700698
163.5726175700748
864.1726175700677
131.172617570078
1859.9726175700862
1054.5726175700722
-906.4273824299408
651.972617570079
-486.0273824299221
-1939.6273824299333
-481.2273824299313
762.3726175700784
-1308.2273824299066
26.97261757005657
645.7726175700717
-243.22738242993287
928.1726175700564
1472.97261757008
20.57261757006829
2655.5726175700966
65.57261757007129
1195.9726175700646
613.3726175700884
1098.1726175700744
1330.972617570051
-903.4273824299191
771.3726175700529
-1326.427382429905
-1901.8273824299424
438.77261757006977
-1570.4273824299394
1317.3726175700797
1194.7726175700802
-1186.627382429922
124.5726175700714
681.5726175700568
2134.5726175700934
1497.572617570094
17.97261757006558
2652.3726175701026
312.37261757007116
-1109.2273824299161
415.7726175700751
61.37261757007477
-1306.2273824299186
1437.3726175700622
1250.7726175700855
386.5726175700667
279.7726175700788
358.5726175700744
480.9726175700725
1148.5726175700715
-263.227382429926
1523.5726175700684
1235.9726175700823
1449.7726175700363
2337.7726175700523
445.97261757007016
601.1726175700858
-710.8273824299188
-2298.027382429921
-493.8273824299242
194.57261757006762
-734.2273824299191
427.17261757005906
631.5726175700806
602.3726175700765
-501.4273824299302
246.7726175700782
626.1726175700538
-505.02738242992194
62.57261757007782
-956.0273824299421
652.9726175700699
237.1726175700782
-294.0273824299302
-1212.62738242994
435.9726175700728
-409.4273824299224
1923.572617570084
962.37261757006
191.3726175700742
-39.827382429935156
1121.172617570071
1438.7726175701227
1694.7726175700536
483.1726175700701
-217.22738242991986
403.1726175700787
-178.4273824299272
701.9726175700646
338.37261757007946
-1325.42738242996
285.7726175700708
-498.2273824299217
-965.2273824299322
1274.5726175700368
994.7726175700616
385.77261757006835
457.17261757008276
238.37261757007678
316.7726175700765
1226.5726175701025
399.17261757007475
-868.4273824299376
5.772617570073294
-1244.2273824299282
-583.2273824299381
-664.227382429914
-407.42738242993534
-1449.8273824299285
805.1726175700773
-1378.627382429938
389.7726175700744
481.17261757005843
-459.0273824299253
1410.5726175700545
1740.572617570078
-313.62738242992435
802.1726175700721
-460.62738242992845
-1034.0273824299172
-269.42738242992834
-561.0273824299261
-747.6273824299495
-143.82738242992946
-234.62738242992884
858.7726175701054
892.1726175700718
-91.8273824299236
7.172617570069942
966.9726175700854
-854.4273824299459
-899.4273824299481
155.1726175700803
-170.0273824299285
-614.0273824299285
-1304.227382429911
-2253.427382429921
-1698.8273824299083
-1077.8273824299151
180.57261757007836
-20.82738242992698
-958.2273824299215
-1597.0273824299325
697.9726175700962
690.1726175700967
831.5726175700809
665.3726175700632
959.7726175700581
621.5726175700662
934.1726175700657
509.3726175700753
-591.4273824299182
-2530.4273824299303
-600.027382429919
230.97261757007425
415.17261757008197
358.17261757007304
2095.172617570118
1124.7726175700798
598.3726175700787
-36.02738242992582
861.572617570088
1113.5726175700806
76.77261757008323
-663.027382429931
-1077.8273824299292
31.372617570068165
-999.4273824299304
-901.8273824299849
-1089.8273824299356
-2648.427382429915
-911.2273824299284
-674.4273824299142
-138.02738242992123
-278.82738242992514
1590.9726175700766
78.37261757008173
288.9726175700793
361.1726175700783
451.9726175700731
-339.42738242992743
1076.5726175700738
304.37261757006263
-65.22738242992409
-1857.0273824299131
445.9726175700688
793.3726175700687
1195.3726175700708
-234.62738242992532
459.1726175700782
790.3726175700731
-217.4273824299258
-855.227382429933
926.5726175700713
854.7726175700749
-903.8273824299238
-280.6273824299304
-1077.0273824299366
-1547.6273824299171
-1536.627382429918
-863.4273824299408
-2053.6273824299556
-1191.427382429902
-1951.0273824298959
-2720.427382429901
1.972617570067655
-1156.6273824299367
-956.6273824299147
-529.8273824299309
99.37261757006792
191.972617570072
638.1726175700703
397.57261757006
554.1726175700786
-127.2273824299268
-541.4273824299203
1260.1726175700505
1264.1726175700642
-64.82738242992357
565.9726175700735
-253.42738242993101
-167.42738242991976
-584.2273824299333
-701.227382429931
-692.4273824299521
-136.62738242992154
-1123.2273824299398
-890.6273824299318
-161.82738242992352
-1652.627382429923
-624.8273824299097
132.97261757008295
-1357.827382429931
-2485.627382429928
-1031.4273824299305
-1726.8273824299235
-1506.627382429918
-452.2273824299285
-71.42738242992326
-1124.627382429946
610.9726175700782
106.57261757007528
-1672.2273824299068
-912.6273824299158
813.1726175700738
-732.6273824299161
-1085.4273824299394
-458.02738242991137
-835.0273824299184
-1288.6273824299237
93.37261757007394
661.7726175700751
560.9726175700831
293.57261757007575
421.97261757007306
707.3726175700718
623.5726175700745
883.7726175700913
-741.8273824299278
-1297.4273824299025
-1892.0273824299336
-3732.027382429893
-2103.4273824299557
-1419.8273824299465
-2631.027382429951
-3673.4273824298675
-4639.427382429902
-3012.027382429925
-1753.8273824298838
-2142.4273824299394
-1899.0273824299531
-1028.4273824299366
330.77261757007676
90.97261757007652
198.97261757007686
-1486.4273824299512
-866.4273824299057
-1204.0273824299177
-403.2273824299269
1298.572617570097
690.1726175700849
158.17261757007637
-3468.2273824299014
-1647.4273824299278
-807.0273824299315
-2086.0273824299384
-1889.4273824299382
124.97261757007627
193.17261757007512
721.3726175700754
-184.22738242994828
-956.8273824299283
168.97261757006822
-469.0273824299321
-2061.0273824299293
-1332.627382429957
-1869.4273824299698
909.9726175700807
172.772617570074
-383.227382429925
-1418.4273824299173
-210.22738242992722
105.97261757007483
187.77261757007176
240.17261757007032
-953.6273824299196
-11.027382429936615
98.37261757006952
-1375.627382429922
-1272.6273824299406
-676.4273824299289
-1507.6273824299158
-2194.027382429962
-2982.22738242987
-1812.227382429963
-488.4273824299154
846.5726175700796
-140.8273824299226
-1864.6273824299114
-689.4273824299198
-554.4273824299314
-341.82738242991854
-784.8273824299295
-274.8273824299369
696.5726175700675
440.7726175700783
-1960.027382429909
-527.2273824299193
-491.2273824299188
235.17261757006906
77.97261757007857
1086.1726175700928
-1580.4273824299255
-2000.2273824299364
-911.027382429929
318.3726175700751
238.97261757007766
-1387.4273824299253
220.5726175700697
-269.0273824299368
-175.82738242994023
-224.42738242993357
-889.6273824299365
-1229.6273824299324
-1266.8273824299142
-2043.82738242994
-400.22738242993375
-527.6273824299403
-778.4273824299308
-256.6273824299318
-758.2273824299216
-852.4273824299386
115.37261757006956
529.372617570076
-75.42738242992517
554.9726175700681
1346.572617570075
2228.1726175700937
1490.3726175700563
999.7726175700827
368.3726175700687
1043.7726175700798
748.9726175700813
748.7726175700741
211.97261757007198
-367.02738242993354
-46.227382429921654
761.9726175700786
460.5726175700715
-1528.8273824299395
208.17261757007395
522.7726175700764
1769.7726175700711
309.7726175700746
-1208.427382429907
-421.8273824299199
-228.8273824299336
-536.6273824298976
1130.1726175700915
-1083.02738242994
-2012.4273824298969
-573.8273824299162
-558.8273824299349
-904.8273824299149
-883.0273824299264
-799.8273824299202
-406.82738242992843
-1495.0273824299431
-1021.2273824299277
634.5726175700764
885.1726175700628
427.9726175700671
888.772617570065
1879.772617570072
781.5726175700826
-481.6273824299302
662.1726175700778
714.3726175700543
1952.9726175700737
1238.7726175700816
-480.62738242992594
-837.827382429927
-143.027382429925
1685.3726175700822
1191.972617570083
666.172617570076
1205.3726175700845
1587.972617570059
-135.2273824299258
-700.0273824299046
191.37261757008002
-154.22738242992426
-443.22738242990897
-1033.4273824299164
-472.6273824299277
-100.82738242992566
-651.8273824299265
-1805.2273824299152
-992.6273824299179
-1308.4273824299228
-727.2273824299375
762.9726175700782
1673.7726175700643
1168.3726175700572
139.97261757007746
2510.5726175701025
469.1726175700761
-1341.627382429925
-767.0273824299321
-1791.6273824299055
-458.0273824299185
-913.0273824299377
-808.0273824299305
499.9726175700769
1811.9726175700732
1212.7726175700743
-1224.627382429937
-668.627382429931
188.57261757007197
840.7726175700815
-288.0273824299304
730.9726175700732
-654.827382429913
639.5726175700665
272.9726175700697
-950.2273824299251
-255.02738242992564
-1348.6273824299258
-1352.027382429925
-1000.0273824299373
163.97261757007448
-211.22738242993123
140.77261757008066
524.3726175700804
1258.3726175700874
377.1726175700769
-2390.227382429969
1166.1726175700826
1100.5726175700802
127.5726175700716
984.1726175700836
527.3726175700531
-644.2273824299177
-660.8273824299376
470.9726175700679
974.5726175700579
1114.9726175700748
-170.8273824299309
-396.42738242993505
-74.22738242992747
-612.2273824299324
-3.8273824299240076
-696.827382429919
1063.9726175700564
543.3726175700726
-432.82738242992764
-265.4273824299289
219.5726175700798
403.97261757007846
1025.7726175700686
-263.8273824299229
-1453.6273824299303
20.772617570076967
-511.62738242992657
1031.3726175700658
-700.4273824298924
-1060.8273824299256
1871.7726175700495
-155.42738242993016
-1903.427382429904
954.3726175700681
1095.772617570038
1278.7726175700711
-75.82738242992242
192.17261757007813
-246.42738242991643
-78.62738242992702
489.7726175700683
-769.0273824299331
-1030.4273824299246
-827.4273824299202
-439.8273824299236
-759.8273824299254
217.3726175700726
-171.02738242992575
1161.5726175700916
422.1726175700781
1166.3726175700608
508.97261757008107
761.7726175700757
-1274.4273824299198
1478.1726175700705
916.3726175700764
-1793.2273824299627
1027.172617570098
1173.7726175701093
-512.0273824299237
433.17261757007986
-608.227382429925
-819.8273824299299
-499.02738242992143
-2230.8273824299126
566.3726175700768
253.37261757005567
945.7726175700838
-237.2273824299202
43.37261757007313
-2016.4273824299007
-570.6273824299185
1478.9726175700655
148.1726175700692
-71.22738242992713
-609.2273824299259
-742.6273824299254
-49.22738242992052
215.57261757007643
-394.22738242992995
618.3726175700625
2339.572617570024
2143.772617570034
144.57261757007467
-236.827382429926
-1299.2273824299252
75.17261757007762
-310.4273824299238
-1119.8273824299201
-767.4273824299279
1047.5726175700763
209.57261757007893
233.37261757007315
-99.42738242992195
-726.8273824299168
-1885.827382429935
-1138.8273824299342
595.5726175700814
1215.9726175700812
1960.7726175700484
2239.9726175700953
1009.9726175700731
-40.42738242990951
940.5726175700846
-130.6273824299289
217.5726175700733
274.1726175700797
-1643.827382429955
-1662.6273824298812
860.1726175700641
1355.1726175700614
233.37261757007263
451.57261757008047
511.57261757008234
-1038.6273824299358
-755.2273824299222
375.97261757007567
1260.3726175700854
247.77261757007392
398.1726175700851
480.77261757009376
-995.4273824299468
-506.8273824299343
986.77261757007
-1001.2273824299117
-1029.8273824299372
350.97261757007516
-469.02738242992564
-1935.8273824299467
-1014.2273824299258
272.1726175700677
1249.1726175700937
1930.1726175700815
1328.1726175700753
-653.6273824299012
704.5726175700777
-1128.0273824299193
-714.427382429927
486.1726175700802
-1572.2273824299011
-1263.0273824299225
691.7726175700728
29.57261757007342
-529.6273824299308
380.57261757008416
-1131.2273824299434
-1897.4273824299416
-653.4273824299346
-162.82738242992136
304.77261757007375
-238.02738242992464
-301.62738242992185
229.97261757007857
1063.7726175700682
-87.62738242992745
1554.5726175700697
523.1726175700728
-534.4273824299185
1188.5726175700538
2128.77261757007
-1346.4273824299128
-656.6273824299276
356.37261757007866
-118.22738242992189
-79.42738242991777
684.972617570083
-840.6273824299321
383.1726175700705
-741.0273824299292
-659.0273824299342
426.37261757006934
-520.4273824299337
-673.4273824299247
-667.8273824299281
-917.8273824299098
-1238.227382429947
-982.2273824299264
-156.2273824299216
-283.0273824299253
1048.9726175700616
183.77261757008097
-63.42738242992641
814.7726175700748
424.572617570073
-683.6273824299149
308.7726175700619
41.172617570076014
1818.572617570057
-56.22738242992514
236.7726175700708
258.97261757007584
-267.4273824299275
-1822.6273824299078
131.17261757007213
-1033.0273824299272
-129.8273824299343
-69.22738242992989
-246.6273824299161
-708.8273824299323
-200.6273824299273
-510.6273824299265
-1188.8273824299158
1514.3726175700629
-87.82738242992494
-399.8273824299268
-421.2273824299337
-1921.2273824299282
-1521.2273824299325
-1443.6273824299403
-257.4273824299289
192.77261757007315
98.17261757007807
941.1726175700791
719.7726175700759
714.1726175700778
793.7726175700631
-539.4273824299315
-468.4273824299213
-437.62738242993566
1361.7726175700648
173.9726175700775
-1045.4273824299235
-469.827382429911
-1288.8273824299324
-2682.8273824299
-1526.6273824299144
-24.22738242992454
158.37261757006766
1009.7726175700732
1733.57261757005
-8.027382429933091
-516.0273824299383
1581.7726175700625
1040.772617570117
1320.5726175700952
-1077.6273824299326
-1100.8273824299292
-180.42738242992925
463.57261757007154
2152.172617570034
564.1726175700545
33.37261757007027
-1271.4273824299348
-422.2273824299292
505.1726175700762
-424.22738242993216
873.9726175701011
1479.1726175700978
-172.82738242992698
32.77261757006954
-565.2273824299317
-546.427382429928
-1029.6273824299367
-2206.627382430024
-553.2273824299344
-370.4273824299137
-1988.227382429963
-3070.227382429878
559.3726175700688
890.7726175700718
821.7726175700758
1711.1726175701065
277.97261757006856
-1509.027382429937
1118.3726175700508
1248.9726175700841
996.372617570071
29.372617570074283
60.57261757007738
-240.4273824299362
55.972617570071414
1587.9726175700566
1404.172617570071
-87.02738242993323
-708.4273824299328
-100.02738242993195
-572.6273824299313
-589.0273824299393
-88.02738242992444
-515.4273824299288
-871.2273824299273
556.9726175700771
1135.772617570067
-464.82738242992076
-1888.6273824299415
-2549.0273824299516
-277.4273824299226
-535.8273824299422
123.37261757008099
-2233.2273824299427
-1528.0273824298838
-119.02738242992413
-42.82738242992643
615.3726175700746
1435.3726175700554
-55.02738242991562
-31.62738242992269
890.1726175700686
275.1726175700796
968.7726175700745
289.3726175700823
-710.6273824299356
-609.0273824299221
-343.2273824299239
-281.8273824299268
-252.62738242993518
-364.22738242991306
-1947.427382429936
-1555.0273824299745
-75.82738242992716
-401.62738242993436
1313.7726175700805
1121.3726175700854
385.7726175700851
52.57261757007871
81.77261757008644
-344.8273824299283
-1291.8273824299458
138.57261757007484
-305.227382429924
308.37261757007315
871.172617570066
-497.8273824299201
-378.82738242991866
-2079.027382429885
-1189.8273824299163
-370.02738242991614
533.5726175700703
256.17261757008316
268.5726175700666
-330.4273824299254
-207.8273824299299
-1148.8273824299235
-246.82738242993426
1081.372617570072
-350.4273824299433
-200.62738242992705
105.37261757007248
183.57261757007882
-1649.42738242993
-1052.427382429939
-151.82738242992647
-142.82738242992502
832.9726175700661
105.57261757007774
1854.5726175701268
356.17261757007225
442.5726175700705
-197.2273824299207
-119.62738242992778
1287.5726175700756
816.9726175700824
200.9726175700791
159.5726175700817
131.372617570077
108.17261757007827
-1883.227382429873
-571.4273824299191
438.17261757007304
2049.9726175700775
302.3726175700771
-25.827382429929308
-335.2273824299167
284.3726175700875
643.9726175700829
151.37261757006652
178.37261757006948
-795.0273824299138
-120.42738242992363
176.37261757007067
212.97261757007823
-640.0273824299248
-640.6273824299262
-705.8273824299278
-147.62738242991765
-450.62738242993055
27.372617570076834
927.9726175700607
-677.4273824299308
-531.2273824299249
-879.6273824299359
-1047.2273824299157
768.772617570077
1165.7726175700623
1048.9726175700873
-342.2273824299368
-1515.8273824299538
206.17261757007896
-585.2273824299175
215.97261757007215
1019.5726175700738
813.572617570069
137.5726175700716
-191.62738242992057
-299.8273824299229
151.7726175700779
921.9726175700832
629.9726175700685
361.17261757007776
833.7726175700835
2344.772617570097
-53.82738242992835
-441.6273824299281
-252.0273824299419
-42.02738242992356
-1340.0273824299195
-497.22738242992097
-390.02738242992064
379.1726175700765
421.5726175700796
-893.6273824299126
-727.4273824299426
624.572617570071
-67.62738242992546
-751.6273824299429
1026.1726175700876
33.37261757007674
-648.4273824299053
-1539.027382429926
-1160.027382429872
333.772617570077
355.37261757007786
-391.62738242994874
-214.82738242992804
-58.827382429926935
830.3726175700729
-298.02738242992524
-878.0273824299276
919.3726175700696
264.97261757007743
127.7726175700746
1306.1726175700765
956.5726175700678
605.7726175700786
668.1726175700736
-1108.0273824299165
664.1726175700828
-1533.8273824299374
-675.0273824299321
-717.4273824299299
-837.6273824299279
-537.8273824299298
-682.6273824299348
309.3726175700748
1364.3726175700776
1060.7726175700832
-106.22738242992389
1456.172617570109
487.17261757007344
-1171.2273824299193
794.1726175700743
-771.0273824299333
-1243.8273824298997
1497.372617570073
-144.2273824299339
235.77261757007463
194.7726175700754
1508.572617570062
2081.9726175700503
885.3726175700684
324.57261757007547
-2038.027382429937
-863.4273824299295
548.9726175700763
596.3726175700733
2561.772617570079
-813.6273824299177
-1572.8273824299233
-92.227382429924
-1139.2273824299177
153.17261757006798
-1365.427382429907
-1014.4273824299325
-442.82738242992224
-32.227382429925285
1091.1726175700956
-579.0273824299315
333.7726175700779
-2082.227382429892
-913.2273824299309
-351.62738242991986
-974.8273824299046
-190.8273824299276
613.3726175700738
923.172617570076
94.1726175700764
712.9726175700793
-70.02738242992305
667.9726175700813
-198.62738242993083
-934.2273824299078
-434.2273824299358
210.57261757008297
-1659.8273824299108
-609.0273824299261
461.5726175700807
453.97261757007533
1620.772617570072
-1513.2273824299218
-674.4273824299366
-437.62738242991867
-642.227382429923
-115.4273824299277
-873.8273824299355
197.57261757007322
-664.6273824299243
479.9726175700611
1271.172617570058
-2146.4273824299144
1355.972617570087
446.17261757007964
-581.0273824299172
-1357.6273824299
582.372617570073
682.972617570085
1877.572617570085
1651.5726175700868
-587.0273824299197
-951.0273824299283
-48.42738242992383
4.772617570077074
-419.2273824299336
-2194.8273824299313
-1515.427382429974
269.7726175700775
-104.02738242993381
614.3726175700713
1368.7726175700732
602.7726175700741
673.5726175700743
-462.0273824299285
370.9726175700777
-389.62738242992293
1024.5726175700775
483.37261757007303
455.57261757007325
-42.22738242992658
255.97261757006626
211.97261757006618
765.3726175700684
-228.82738242992127
155.17261757007734
997.5726175700696
800.5726175700797
-1843.0273824299466
-795.0273824299205
521.372617570074
1291.1726175700644
-108.42738242992678
1219.1726175700894
193.1726175700806
-1090.8273824299117
581.9726175700919
84.17261757007655
-429.02738242992694
-1186.4273824298984
-1623.427382429884
-25.02738242992529
-193.62738242992268
1399.7726175700568
153.77261757007733
-102.8273824299238
417.17261757009413
-1563.4273824299232
62.37261757007337
1186.9726175700687
-253.42738242993434
1130.3726175700663
169.97261757007627
1619.3726175700576
551.3726175700685
-485.6273824299264
710.572617570073
-1222.6273824299178
-2137.827382429887
-575.62738242993
564.9726175700692
-475.22738242992466
-6.227382429926934
-348.02738242992916
-612.6273824299382
-94.0273824299242
730.5726175700773
-1221.8273824299326
1226.1726175700467
-1179.8273824299279
-1037.0273824299056
-1719.0273824299256
-595.8273824299258
426.7726175700759
-750.0273824299438
912.3726175700925
522.1726175700752
-758.2273824299315
838.572617570077
-1779.2273824299307
985.3726175700494
796.9726175700721
-1606.4273824299282
-42.22738242992325
-310.8273824299234
-139.82738242992409
-524.2273824299268
-343.82738242993094
1822.77261757007
-806.8273824299317
-606.8273824299234
582.9726175700764
482.37261757008906
523.9726175700786
1196.3726175700751
-129.22738242992685
-273.42738242992107
-675.2273824299328
-314.6273824299401
-749.827382429911
-740.8273824299392
-2058.627382429894
-225.42738242991845
-759.2273824299133
393.9726175700838
1763.3726175700644
240.9726175700659
472.97261757007436
1156.5726175700631
190.1726175700757
1625.3726175700976
1615.1726175701071
-192.62738242992518
-141.42738242992365
142.17261757007915
544.3726175700717
-1293.627382429927
-946.6273824299352
-809.6273824299199
-951.427382429924
-350.22738242992466
-1391.8273824299242
1947.7726175700673
926.9726175700838
691.7726175700809
1007.7726175700784
723.7726175700768
-764.2273824299203
2021.9726175700912
1555.7726175700386
306.572617570068
-694.4273824299017
261.97261757007044
1301.372617570058
1027.572617570079
-218.6273824299196
-531.4273824299215
214.17261757007526
-38.62738242992107
893.5726175700772
2136.1726175700805
895.772617570066
1913.1726175700467
361.5726175700726
-1318.4273824299166
343.1726175700713
-248.82738242992536
-820.6273824299253
-294.02738242992143
294.3726175700857
522.5726175700726
1312.3726175700808
745.172617570069
-597.4273824299241
1451.5726175700897
846.7726175700701
1185.5726175700847
1170.1726175700803
-185.22738242992222
-1594.0273824299159
1613.5726175700806
461.57261757007893
714.9726175700824
-342.4273824299267
-1363.6273824299183
1504.7726175700934
1904.5726175700718
-865.8273824299362
-867.227382429939
-1329.827382429956
-1062.0273824299243
409.57261757007956
1072.9726175700741
-414.0273824299241
-363.8273824299269
-851.4273824299289
-1046.6273824299296
-587.8273824299306
-1210.627382429917
-572.8273824299332
45.77261757007628
-1085.4273824299469
-523.62738242993
392.3726175700773
-23.027382429925826
-364.6273824299249
-224.62738242992444
398.9726175700745
680.7726175700761
699.9726175700698
751.1726175700628
-603.0273824299287
-576.8273824299288
-838.827382429936
201.37261757007147
-924.2273824299282
-310.4273824299241
462.57261757007706
939.3726175700735
-289.8273824299219
60.772617570074644
61.37261757008043
-756.2273824299269
-1713.2273824299673
879.1726175700757
-485.02738242991177
-979.8273824299345
-1074.0273824299243
999.5726175700368
1113.1726175700705
811.772617570078
409.57261757007836
-81.0273824299241
68.17261757007093
-479.82738242994054
-583.8273824299363
-569.8273824299276
421.972617570073
-19.027382429919097
1537.1726175700683
785.7726175700627
-1027.427382429923
582.9726175700747
-534.6273824299183
-9.827382429925418
-24.62738242991786
1015.5726175700717
-1060.6273824299362
364.97261757007766
583.7726175700691
117.77261757008027
-1513.2273824299239
271.1726175700664
275.1726175700835
257.7726175700787
-1933.2273824299575
592.772617570073
-1424.4273824299264
-1218.8273824299367
-1793.027382429924
216.57261757007944
1535.5726175700975
873.1726175700751
689.3726175700705
1452.972617570064
967.9726175700857
-656.8273824299255
541.5726175700821
-165.22738242992256
-150.22738242992926
817.1726175700836
1733.1726175700585
377.17261757007174
1042.9726175700712
357.9726175700685
-1106.4273824299175
349.37261757006786
-960.6273824299196
-943.8273824299234
-999.4273824299332
478.97261757006856
720.5726175700801
961.772617570068
28.372617570074848
418.57261757007166
-65.22738242992884
-533.8273824299238
636.7726175700756
752.1726175700891
-1875.227382429937
-937.0273824299356
-1569.6273824299487
-1102.0273824299331
-134.42738242992365
288.1726175700755
470.7726175700742
922.9726175700637
-139.22738242992278
608.3726175700831
1092.3726175700729
-245.62738242992722
1259.3726175700845
2707.772617570059
1288.372617570065
803.9726175700818
1902.7726175701007
422.7726175700819
680.7726175700546
60.57261757006282
169.97261757008854
-191.62738242992154
1120.3726175701017
327.17261757007844
-775.4273824299397
198.17261757007367
1776.3726175700683
813.1726175700854
109.77261757007764
-201.22738242993233
-1169.6273824299403
-1548.2273824299161
-563.4273824299427
68.17261757007668
-999.0273824299103
-1365.8273824299467
-49.4273824299181
1084.172617570079
1332.37261757007
1758.772617570068
892.9726175700919
858.3726175700814
-398.0273824299316
-1764.6273824299128
130.37261757007394
1529.5726175700715
1205.5726175700781
-63.62738242992891
-1508.6273824299378
-91.02738242991987
739.3726175700779
-738.227382429923
-1089.6273824299035
475.9726175700713
1154.172617570105
710.7726175700711
1436.1726175700753
42.57261757007268
173.17261757007114
-181.4273824299226
32.77261757007621
461.37261757007644
-1259.0273824299315
-1443.4273824299423
