-965.3195943887865
2718.6804056113488
1323.8804056113368
504.68040561127935
1620.0804056112472
-302.7195943886893
312.6804056113252
1253.4804056112616
2345.4804056113026
904.0804056112904
429.0804056113137
886.280405611311
-493.91959438870185
-1181.7195943887027
-491.3195943886982
611.480405611309
1577.4804056113537
2113.2804056113155
2217.480405611347
1585.0804056113298
1372.280405611283
1904.8804056113013
833.2804056113243
1030.0804056112838
429.4804056112907
100.280405611303
24.680405611299044
594.4804056112855
757.0804056113338
473.6804056113066
160.48040561128994
1423.6804056112453
4567.280405611358
1701.0804056112659
119.08040561130267
1177.2804056112925
459.2804056112933
-1243.5195943886922
-1448.519594388699
564.2804056112973
1534.4804056112853
523.2804056113002
195.88040561130398
1025.2804056112936
-3.5195943887066576
-1826.7195943887111
-675.7195943887023
104.68040561129669
883.6804056112894
619.0804056113047
-113.5195943887025
-1274.5195943886952
-856.9195943887213
-473.11959438871384
-791.3195943887033
-1264.3195943886797
371.68040561126264
777.2804056112866
-1077.719594388717
-727.9195943886948
710.0804056112619
131.48040561129642
-747.7195943886995
32.48040561128218
2759.6804056113006
1665.080405611265
-241.91959438870947
166.2804056113038
-423.9195943887009
-174.11959438870164
69.68040561130262
72.08040561130085
1522.0804056112815
-831.7195943887034
-979.9195943886718
467.0804056113183
54.280405611295365
-482.51959438871563
712.4804056113142
-241.1195943887049
-132.51959438870335
-1004.1195943886987
-2210.1195943887333
-1688.919594388671
-227.71959438870442
497.8804056112921
-485.91959438869816
-2614.7195943886727
-271.31959438869444
-935.9195943887032
-1383.3195943886788
-1024.5195943887043
-187.71959438869928
-1881.3195943886822
-922.7195943887018
-728.9195943887091
1481.4804056113196
2760.4804056113344
1429.0804056112863
611.8804056112947
-8.519594388706444
-1245.9195943887241
-1874.5195943887215
-3028.719594388683
-326.1195943887114
-582.7195943886986
-658.5195943887015
967.2804056112686
694.0804056112831
1254.2804056113002
731.6804056112933
-831.5195943887013
1618.6804056113265
1236.0804056112945
-1202.919594388714
571.6804056113021
487.880405611319
156.88040561129867
-1314.319594388711
-2558.9195943886702
-1323.119594388702
-1118.5195943886997
-91.31959438870689
-286.51959438870443
-520.1195943887021
42.680405611300785
2482.0804056112665
472.4804056113031
816.4804056112802
2322.2804056113446
1034.2804056112861
1234.4804056112973
-798.1195943887091
-2063.3195943886926
-1246.3195943887324
-1518.51959438869
148.48040561131117
252.4804056113009
-856.3195943887102
-359.91959438870833
-1663.3195943887067
-349.7195943887011
-236.71959438870374
-2459.3195943887417
-308.5195943886936
1363.8804056112663
983.4804056112864
-421.31959438870047
-1122.9195943887003
1384.880405611298
603.080405611316
1451.8804056113022
1032.680405611273
57.88040561130472
832.6804056113026
-21.51959438870435
574.880405611281
1447.680405611271
676.8804056112914
-276.3195943887028
-103.51959438869662
425.6804056112887
435.4804056113056
1031.0804056113052
-981.7195943886932
-1375.9195943886832
-830.119594388682
-802.9195943887088
-321.7195943887043
229.08040561130449
-407.119594388692
-768.9195943887239
-845.5195943886931
937.4804056112895
-673.7195943886865
-2549.1195943886028
-1985.9195943887155
-1021.1195943887024
1091.880405611261
1563.2804056113168
628.0804056112946
-488.1195943886854
-581.9195943886832
-413.7195943886929
1731.2804056112977
423.2804056113
824.0804056113088
1227.2804056113082
656.480405611316
-359.5195943887043
-1510.119594388681
423.4804056113072
1309.8804056112915
1175.2804056113057
381.08040561130576
1108.8804056112886
-1218.5195943886947
-1878.5195943887297
-87.91959438870214
11.680405611293246
84.6804056112995
1036.8804056113072
458.2804056112946
-2058.3195943887235
-2301.719594388672
-1555.5195943887288
-2935.119594388699
-1477.1195943887344
-523.3195943886998
-826.319594388705
-1596.119594388692
1027.880405611296
1151.2804056113096
-2312.7195943886763
-676.3195943887015
-1081.9195943886857
375.4804056112959
-32.9195943887028
-1211.9195943886982
-7.7195943886963185
414.48040561129807
-1557.7195943887696
-1473.9195943887212
1247.6804056112821
2276.880405611336
533.0804056112946
-572.5195943886997
103.68040561130628
-1165.519594388697
-1227.919594388721
262.6804056113031
-924.3195943887013
-907.3195943887303
-107.31959438872427
-1408.7195943887286
-1248.3195943887094
-1501.1195943887024
-1798.5195943886988
227.6804056113022
-216.91959438869372
1578.6804056112967
1122.480405611302
-312.9195943886969
199.48040561129923
-637.1195943887154
-927.1195943887062
-548.1195943887014
-466.11959438869724
-636.919594388708
1622.6804056113026
1019.6804056112895
242.2804056112967
1243.0804056112934
-1284.1195943886983
439.88040561129975
1865.880405611369
3220.680405611352
1665.8804056112651
337.0804056112961
534.6804056113046
-281.11959438870196
1089.8804056112656
7.080405611299344
-816.3195943887094
-1798.919594388714
-828.7195943887277
-992.1195943887388
-951.119594388714
-1180.7195943887334
-914.5195943886897
-347.51959438869574
-1302.5195943887213
-45.91959438870403
215.88040561128832
906.0804056113017
-301.7195943886993
129.48040561130364
-158.31959438871
101.8804056112947
1038.880405611306
608.6804056112884
372.2804056113036
-405.3195943886996
1010.8804056112934
-340.7195943887168
-133.71959438870738
-360.3195943887059
-17.719594388695583
2839.8804056113026
2784.680405611358
672.6804056112879
426.8804056112998
-868.5195943887095
1803.4804056112612
947.6804056112918
-1053.919594388704
770.4804056112898
-163.31959438869794
-631.5195943887004
-886.5195943887128
-261.91959438869674
-1739.9195943886864
-326.7195943887512
1666.0804056113234
912.0804056112696
282.6804056112981
234.08040561129434
-433.51959438868215
-592.9195943887339
-1671.5195943886988
-2058.5195943886847
-284.31959438870035
1210.280405611274
-29.119594388697596
-2411.719594388699
471.6804056113045
-150.91959438870165
120.2804056113145
909.8804056113114
1308.2804056113337
4835.880405611292
2188.6804056112956
-737.319594388708
-219.71959438870238
-727.719594388708
-1198.3195943886828
-660.7195943886935
-2293.1195943887406
-308.91959438870396
-1096.719594388697
-445.71959438870056
-1884.9195943887082
-1068.5195943887088
-1172.519594388694
551.6804056112961
1176.8804056112963
-550.1195943886971
1629.8804056113252
-2435.7195943886727
-399.11959438869917
-151.31959438870373
40.88040561130146
-1844.9195943886587
-1799.119594388735
-226.91959438870893
447.0804056112886
-2306.9195943887344
-699.319594388705
-1903.319594388696
-1412.519594388678
-232.51959438869739
738.480405611294
1934.0804056113293
2086.0804056112706
-896.3195943887287
-536.1195943887167
-924.5195943886913
808.6804056112993
1016.0804056112954
437.0804056112931
1438.6804056112967
-450.91959438870293
-80.1195943887035
670.4804056113016
554.6804056112887
-94.51959438870736
1109.4804056113103
342.08040561129917
1695.4804056112816
1170.4804056112803
266.4804056112964
2577.080405611284
172.680405611292
-65.91959438870026
1063.6804056113049
-1305.3195943887026
-1629.7195943887366
2147.6804056113388
-0.919594388706173
-874.3195943887059
-712.1195943887273
204.48040561129844
1450.6804056113044
-340.11959438870525
2355.0804056112297
693.8804056113024
-1585.1195943887403
-342.91959438869213
-2188.119594388696
1629.080405611316
1609.6804056112906
-906.919594388712
-47.119594388710624
750.4804056112897
642.0804056113002
417.080405611294
-2469.1195943887033
-148.7195943887072
169.68040561129214
-1166.9195943886887
2032.6804056112446
-1542.919594388684
-1632.5195943887288
621.2804056113159
790.4804056113087
1586.8804056113056
-714.1195943887227
-164.71959438870007
-1076.1195943886794
-1602.5195943886997
-281.51959438870773
-1092.5195943887209
-337.71959438870323
-2041.519594388745
-854.3195943887054
-404.3195943886996
2497.2804056113696
-1076.3195943887135
-1115.319594388694
-290.7195943887041
-2137.919594388728
1532.8804056112679
1465.6804056113165
-392.3195943887112
-531.9195943886983
1987.4804056113853
2222.880405611291
-962.1195943887415
-2713.7195943887
-355.5195943887044
-306.31959438870416
2521.8804056113486
2282.6804056112874
-342.5195943886956
337.2804056112951
596.0804056112848
-946.319594388702
-535.519594388696
-2031.3195943886608
-456.31959438870354
2439.680405611292
-130.5195943887061
-1002.5195943887159
-876.5195943886606
-784.3195943887121
-1401.3195943886715
-677.7195943886934
-1059.5195943886754
1461.480405611316
-78.71959438869371
1144.8804056113188
-899.1195943886906
-1406.3195943886983
-885.7195943886802
162.2804056112918
734.8804056112984
-532.9195943886957
1344.6804056112928
1577.8804056112785
-3644.7195943887696
677.0804056112393
995.6804056112784
-3683.119594388613
396.8804056112997
1629.2804056112702
-815.9195943887011
480.8804056113029
-2409.9195943886602
-1424.7195943886911
-1387.7195943886688
-477.31959438869444
-1106.3195943887033
110.68040561129979
407.0804056112958
952.680405611299
-966.7195943887007
-218.51959438869804
1115.080405611298
1289.6804056113033
-690.5195943886982
1695.280405611288
809.8804056112936
243.0804056113139
-72.31959438870136
-2411.5195943887243
-1856.9195943887069
-1412.5195943887136
1807.4804056112973
117.08040561131014
1943.8804056113233
463.6804056113042
-1537.7195943886918
1201.8804056113365
-128.31959438870166
-2677.5195943886724
-810.7195943886852
1063.4804056112955
362.88040561131083
-431.31959438869154
-68.91959438870273
48.28040561129278
-759.9195943887015
-148.51959438870273
-336.5195943886926
2.880405611300894
1446.8804056113188
815.2804056112831
766.8804056112925
378.68040561129584
-1230.5195943886836
-779.3195943886894
365.8804056113039
779.4804056112862
1067.680405611289
-138.91959438869125
1828.880405611273
808.6804056113059
1117.4804056112914
1216.0804056112859
-53.11959438869941
9.880405611302592
12.080405611303483
-849.3195943886981
214.68040561129808
-562.7195943886911
-2630.1195943886396
-1423.9195943886828
-642.119594388703
672.0804056112879
843.6804056112918
-2819.9195943887153
338.2804056112787
1064.0804056113036
-618.7195943886982
-337.7195943887042
-1389.719594388719
1650.0804056112863
1133.880405611297
-1856.1195943887135
-1337.7195943887098
1248.680405611293
-708.7195943886913
-2457.3195943886944
-3345.3195943886144
-2500.519594388691
638.4804056113097
-224.11959438870502
1937.8804056112733
-156.91959438870896
217.68040561129524
446.28040561129194
1179.6804056113494
791.080405611288
-2247.519594388702
-1903.7195943887093
1390.6804056112735
1152.2804056112732
-378.9195943887107
-275.3195943886975
-2726.719594388725
-1420.1195943886592
-107.51959438869983
-2301.1195943886205
-748.3195943887073
857.2804056113232
1298.6804056112578
1223.8804056113067
-1139.5195943886922
-789.3195943887023
-1038.3195943887195
-1375.3195943886992
-447.5195943886996
123.88040561130516
-384.31959438869535
728.2804056113076
-891.7195943887116
-1008.5195943886999
-158.71959438870903
-228.31959438869785
22.080405611292466
-871.5195943886981
224.88040561131126
920.6804056112719
3709.6804056111923
2200.8804056112426
-367.719594388694
-193.91959438870714
2820.080405611285
36.28040561129245
-2239.719594388683
-2463.5195943887657
-3605.5195943887425
-549.1195943886673
2919.8804056113204
646.4804056112972
183.48040561130242
156.08040561131068
-46.319594388690085
-1644.3195943887029
-404.3195943887013
-428.7195943886916
199.68040561129885
-772.3195943886933
2616.280405611302
156.880405611302
379.0804056112956
-251.71959438870417
-1443.119594388719
-427.71959438869953
-1671.9195943887291
-601.5195943886812
-1409.7195943887423
-91.11959438869728
1419.680405611307
448.2804056113106
750.2804056112959
-26.919594388702553
-160.51959438869764
10.080405611306709
570.680405611295
-1805.3195943887404
-208.51959438870034
177.68040561130053
-1302.9195943887046
-715.7195943887077
329.88040561129515
-1674.319594388704
585.4804056113023
-1992.3195943887097
477.8804056113117
1253.0804056112886
1300.4804056112496
1401.0804056113482
731.2804056113004
1721.2804056112748
2112.4804056112766
-2036.5195943887131
-123.31959438870342
-740.3195943886932
-1219.119594388745
-239.11959438870377
-1720.1195943886642
1729.4804056112873
716.0804056113022
107.48040561131316
384.0804056112979
1080.680405611287
953.4804056113438
-1587.5195943886933
-139.11959438870178
398.8804056112687
-1640.7195943886904
-1329.5195943886902
-330.3195943886976
-192.51959438870824
913.8804056112441
-2816.719594388759
-2440.3195943886694
-3306.319594388717
-2496.3195943886453
-1068.9195943887105
-425.719594388711
-627.3195943886964
-418.51959438870296
-2186.7195943887086
-2586.3195943886867
908.8804056113225
1513.880405611323
1375.8804056113086
1466.6804056113597
-278.91959438870924
1379.4804056112962
230.8804056112943
-3021.3195943885917
-1079.1195943887033
-98.5195943886978
925.8804056113087
316.68040561130556
228.6804056113099
-372.9195943886945
-487.5195943887026
391.480405611298
125.08040561131037
561.2804056112824
1763.080405611303
1033.0804056113027
-891.919594388677
1767.0804056112895
1423.880405611255
-468.11959438870423
-1242.1195943886926
-593.5195943886984
-496.71959438871465
-1397.3195943886938
127.48040561130068
455.68040561130204
-307.1195943886972
-927.7195943887089
941.8804056112848
1459.280405611308
1460.8804056112947
764.480405611313
1786.2804056112864
1982.8804056112676
-656.1195943886848
-2163.1195943887587
-247.71959438871815
1794.6804056112699
1761.280405611299
-875.919594388716
-460.319594388702
1067.2804056112868
1846.4804056113132
1030.6804056112815
264.8804056113088
230.4804056113059
37.68040561130192
1445.6804056113003
-811.519594388711
-605.1195943887014
2936.880405611315
1197.8804056112422
1412.0804056113097
1795.8804056112872
24.4804056112999
-508.1195943887078
1216.2804056112811
2686.0804056113043
1138.2804056112777
183.88040561129097
173.68040561128134
3299.88040561129
3209.4804056113253
342.6804056112937
1712.6804056113012
-45.11959438867299
-1965.3195943887101
-2214.5195943887516
-1153.91959438872
82.88040561129266
2349.6804056112846
422.68040561130545
2041.8804056112217
1159.4804056112755
554.8804056112999
1930.4804056113858
1146.2804056112936
1690.2804056112839
1276.680405611243
-505.51959438870597
980.0804056112794
256.28040561130814
2409.080405611297
746.0804056113136
-168.51959438869912
-870.9195943887062
-849.3195943886994
-331.119594388694
-500.5195943886982
844.8804056112953
470.88040561129486
1717.080405611278
2517.6804056112956
2658.0804056113366
1227.0804056113268
-56.91959438870301
-268.51959438871364
-1426.319594388687
-410.71959438871227
-5828.719594388732
-1812.5195943887438
-1700.3195943887144
3038.080405611243
3344.880405611284
662.4804056113278
1472.6804056112494
535.0804056112809
1235.6804056112758
146.48040561129744
115.68040561130556
-1201.3195943887092
-1149.5195943886945
817.8804056113439
721.8804056112967
-35.719594388700706
117.68040561129745
-357.7195943886934
872.0804056113101
-826.9195943887095
486.6804056112924
696.6804056112961
-893.9195943887077
-979.9195943886918
1829.080405611343
2065.280405611303
877.4804056113156
919.2804056113064
-980.3195943887117
-1150.5195943887086
-2212.719594388715
-1655.51959438868
-2131.3195943886335
242.88040561128884
-908.519594388725
-1298.5195943887056
1752.68040561131
-990.5195943887071
1013.2804056113124
1038.280405611298
-418.3195943886979
-35.31959438869988
-1085.9195943886677
845.2804056112873
1183.4804056112905
-1657.3195943886965
239.68040561129746
-1601.1195943887183
-563.519594388699
-110.51959438870293
652.4804056113036
-1692.1195943887046
191.48040561129997
268.6804056112898
914.0804056112688
-398.91959438868895
1245.0804056113009
1164.4804056112375
800.2804056113117
1361.480405611251
-1694.9195943886934
-2000.51959438868
-2321.1195943887606
-1641.7195943887893
-5251.3195943885485
-2802.9195943886257
-1120.1195943887337
-96.91959438870866
1226.6804056113194
897.0804056112967
-50.51959438870303
-619.319594388699
214.880405611295
-682.3195943887151
-1917.11959438875
1962.0804056112497
963.2804056112851
-1981.9195943886866
-1471.119594388736
-919.5195943887121
-1042.5195943887168
-2322.719594388725
-288.3195943886963
-1297.5195943887031
-809.1195943886959
2080.6804056113
470.6804056112966
-560.1195943887082
232.88040561128875
1968.880405611268
1386.4804056113087
-258.1195943886964
-1396.5195943887084
-2262.919594388697
-2252.519594388683
-2428.119594388753
-6195.919594388833
-2620.519594388811
756.2804056112926
3764.2804056113246
1864.2804056112507
1763.6804056113228
1225.280405611279
-1885.5195943887245
218.48040561129767
948.4804056112902
-392.3195943886968
949.2804056113122
1355.4804056112912
2075.4804056112926
952.8804056112698
1314.0804056113082
553.2804056112731
73.28040561129936
1146.6804056113056
741.2804056112911
-418.3195943887013
-1206.5195943886943
-1746.5195943887495
-214.51959438870475
2625.4804056112484
3403.480405611289
1281.680405611257
135.08040561130582
-354.919594388695
-1642.3195943887238
-3147.5195943886674
-3966.119594388557
-4398.319594388826
-1986.7195943886552
-804.3195943887325
957.2804056112994
198.08040561130363
-380.3195943886928
-135.71959438868853
-1380.9195943887034
-994.1195943887186
-879.7195943887239
-376.1195943887065
758.8804056112755
1154.6804056113176
-8.319594388707333
-539.719594388715
-693.71959438872
-489.9195943886895
-1967.3195943887167
-1796.919594388703
648.8804056113026
-1154.9195943886962
-1204.1195943886873
77.08040561129987
1366.880405611319
1079.4804056113005
3100.4804056113003
2574.880405611251
1538.2804056112595
-288.7195943887083
296.0804056112874
-2902.5195943887284
-5043.1195943887715
-3467.9195943887194
-2518.5195943886524
-1924.319594388661
147.88040561129299
-203.31959438873434
-1047.7195943887323
412.8804056112838
1106.0804056112952
252.68040561129826
345.28040561129643
619.080405611301
635.480405611293
1155.2804056112961
-783.9195943887029
-881.119594388736
-1534.5195943887627
-640.3195943887067
-1286.3195943887129
-1850.919594388712
-583.3195943887101
-666.5195943887023
262.0804056113046
-121.71959438870105
134.6804056112938
-358.51959438870114
534.0804056113001
896.0804056113004
701.0804056113031
-963.9195943886738
-1243.7195943886738
-2906.5195943887643
-4001.719594388567
-4391.119594388546
-4656.319594388845
-1791.5195943887315
-611.7195943887347
-1201.7195943887561
-959.9195943887561
-458.11959438869565
712.4804056113051
446.6804056112979
414.88040561129765
-937.1195943887035
-3533.9195943887044
-1957.1195943886958
-1169.9195943887187
-447.11959438870474
464.48040561128806
561.6804056112996
1641.6804056113117
1264.8804056112947
840.2804056112913
502.8804056112982
183.28040561129563
-643.1195943886943
-754.9195943887089
-400.31959438870985
-557.7195943887192
93.88040561129623
63.28040561129832
-994.1195943887515
-1841.719594388653
-2581.1195943886714
-4093.719594388671
-4982.71959438863
-4780.719594388621
-2864.91959438869
-2036.9195943886155
-2701.1195943886705
-927.9195943888149
-979.319594388724
-1385.1195943887724
-532.9195943886989
-250.51959438870497
-187.9195943887104
-1125.3195943886917
-192.51959438870222
748.6804056112846
-1226.11959438875
-1369.1195943887105
250.48040561130577
-1106.519594388728
-854.1195943886793
-978.1195943887078
-3083.719594388691
-2198.9195943887003
-1783.1195943887315
-518.7195943887053
-1698.5195943887059
-1845.7195943887955
-1292.3195943887324
-1870.9195943886605
-2347.919594388688
-2503.1195943886687
-2485.319594388697
-4517.119594388588
1378.080405611277
-82.91959438869706
-900.7195943886877
-63.91959438869888
-1943.5195943886729
-1355.7195943887189
223.2804056113174
377.480405611296
-2075.1195943887283
-1842.1195943887008
-766.9195943887111
-1243.3195943886963
-1448.7195943887154
-1217.1195943887212
-598.319594388706
-703.719594388705
-481.31959438871024
-789.5195943887215
-2201.519594388718
-2520.3195943887076
-1409.9195943887378
-1247.1195943887255
-676.3195943887166
-1426.919594388706
-1286.1195943887108
-1025.1195943887333
-183.71959438869942
94.68040561129675
-480.11959438870076
-543.719594388696
274.48040561130915
3478.480405611257
-2.3195943886990236
-1287.1195943887194
389.6804056112969
-14.91959438869428
-1190.9195943887105
-1121.9195943887048
533.4804056113014
281.2804056112998
-766.5195943887231
-313.7195943886922
537.4804056113034
-471.11959438870537
-1069.9195943886912
-343.71959438870624
48.48040561129909
211.68040561130812
881.0804056113147
748.0804056113061
-808.9195943887001
-570.1195943886939
-196.1195943887015
-409.31959438870285
-929.3195943886975
607.2804056113117
1547.8804056113147
4.480405611301542
-332.3195943887023
968.8804056112942
320.8804056113022
-867.919594388696
-740.7195943887002
1670.4804056112705
-791.1195943887142
-2166.719594388684
-665.3195943886761
-399.1195943886955
463.2804056112979
821.8804056113016
149.68040561130385
871.4804056112852
-1511.3195943887279
-1192.9195943887044
-22.119594388704435
-502.9195943887012
-59.51959438870812
1220.8804056112958
105.28040561130074
35.88040561130177
-393.9195943887081
-1067.9195943886364
161.08040561129803
1753.8804056113024
1624.280405611281
950.2804056112818
-1681.319594388714
321.8804056112994
-216.7195943887006
-683.31959438869
-784.7195943886849
314.88040561129316
-1539.519594388666
-947.1195943886888
-1361.1195943886848
409.28040561130206
157.880405611301
-757.3195943887101
-420.51959438868084
-268.3195943886902
-224.31959438869546
-605.7195943886983
-2149.519594388714
-163.9195943886964
-454.3195943887022
-482.7195943886982
737.0804056113154
504.28040561129194
1165.480405611304
887.4804056112939
-402.91959438869975
1438.0804056112725
171.68040561130942
-1561.3195943887238
827.8804056113041
1636.2804056112968
548.6804056113012
-701.9195943887127
-1965.1195943887058
-1126.1195943887
-1263.519594388692
-819.1195943887143
-1340.1195943887446
-1518.3195943886888
-1741.1195943887367
1144.680405611303
-340.91959438868514
344.08040561130423
39.48040561130257
-120.11959438869772
775.0804056113029
-265.5195943887006
-277.9195943886917
654.6804056113009
236.2804056113036
1356.4804056113146
987.6804056112683
-285.11959438870576
296.2804056112981
-1364.7195943886427
-548.9195943887132
154.8804056113119
-1841.7195943887384
-771.3195943886983
-21.519594388694472
363.4804056112949
-1580.1195943887092
-1408.9195943886903
1508.2804056112898
156.28040561129765
533.880405611298
475.8804056112961
-188.51959438870443
118.88040561129893
-1522.519594388714
-689.5195943887011
213.6804056113219
228.8804056113004
-477.51959438873143
-496.11959438870724
-1475.9195943886946
382.88040561129804
1181.480405611302
813.0804056113101
771.8804056113156
779.4804056112966
587.6804056112901
647.8804056113016
541.480405611301
334.0804056112927
379.0804056112978
-274.71959438870164
1006.6804056113174
1067.6804056113099
-1309.9195943886689
-1503.5195943886408
-620.7195943887023
1312.6804056112667
821.4804056112894
261.2804056113009
686.680405611296
-293.3195943886853
-1204.7195943887043
1034.2804056113087
3.0804056112989215
-280.7195943887044
-269.1195943887057
-338.1195943887033
-102.71959438870054
-743.9195943887016
160.4804056112995
312.6804056113103
-155.11959438869317
700.4804056112865
1381.6804056113006
182.4804056112928
-612.1195943887055
968.0804056113013
1481.4804056113003
1081.2804056112886
1890.8804056113158
2051.28040561127
-290.71959438869504
-1163.319594388705
-457.3195943887034
-206.91959438869455
947.8804056113231
795.8804056113169
502.88040561130464
-203.5195943886975
1016.8804056112982
1389.2804056113032
-957.7195943887031
821.4804056113004
-210.1195943886977
322.48040561129875
-750.5195943887534
-2867.3195943886444
-2261.919594388688
-1271.1195943887103
-1904.9195943887173
-1452.5195943887445
-179.5195943886536
5.880405611300166
-1038.9195943887019
-586.5195943887006
317.48040561129534
-933.7195943887095
-1644.1195943886735
446.88040561130106
182.0804056113013
-247.71959438869987
940.080405611299
-142.51959438869903
720.2804056113098
403.6804056112804
33.880405611327234
1704.2804056112839
446.080405611321
1226.2804056113157
303.0804056112896
-630.1195943887025
646.8804056113
234.28040561130638
943.0804056113118
733.0804056112999
-140.1195943887031
-1605.1195943887037
380.88040561129736
-34.31959438870009
-768.7195943886892
-377.51959438869443
-2679.3195943886817
-509.51959438874417
537.2804056112961
1390.2804056113155
-1424.1195943887105
-693.3195943887047
1135.6804056113058
129.28040561130004
447.08040561127217
-358.11959438870167
-948.9195943887046
-1765.1195943886821
709.8804056113041
402.8804056113085
709.6804056112943
701.0804056113009
460.2804056113015
179.8804056113036
-1653.9195943886984
-406.5195943887032
-878.5195943886959
401.08040561130434
711.4804056113001
1196.680405611322
1532.6804056113122
1670.6804056113474
903.6804056113123
-719.3195943886911
68.68040561130466
65.48040561130699
1448.4804056113244
-1642.1195943887026
-1409.1195943886753
-1016.9195943886792
-927.7195943887086
165.28040561129444
-135.51959438870304
-553.7195943887086
263.88040561129964
-250.91959438869486
1452.8804056113413
301.28040561130445
-1433.3195943886954
866.4804056112921
1380.080405611331
706.6804056112978
1277.0804056113093
2121.0804056112734
-145.7195943886912
565.2804056113004
2204.8804056112845
1403.0804056113188
639.8804056113024
1176.0804056113175
953.8804056113171
10.680405611298797
158.48040561130907
358.0804056113065
218.28040561129876
927.6804056112794
539.2804056112916
-1533.31959438871
1525.6804056113458
-489.31959438870604
-81.51959438870352
1142.0804056112945
-228.31959438871678
1145.68040561133
215.08040561130488
-805.9195943887102
169.68040561130366
-131.71959438870735
-1216.3195943886908
-833.9195943886798
-2300.9195943886543
-323.11959438870343
419.880405611298
1005.8804056112936
432.0804056113036
1487.4804056113148
839.2804056113027
1711.6804056112849
1287.0804056113047
-957.7195943886876
2432.0804056113298
-235.31959438869475
70.68040561130621
-427.7195943887022
789.4804056112972
-576.9195943887055
-1176.7195943886961
-28.71959438869537
1525.480405611283
-1200.9195943886928
557.2804056113042
-1135.9195943887032
-265.9195943887032
725.8804056112969
-952.5195943886947
-2120.719594388691
395.28040561130354
-687.1195943886954
1498.680405611297
740.4804056113081
1019.2804056112961
-69.31959438870263
-842.3195943887107
480.6804056113008
-331.91959438870174
214.48040561130242
968.8804056113001
1923.4804056113067
1791.880405611295
2394.480405611315
439.28040561130837
-430.11959438870053
398.6804056112939
1376.4804056112864
2304.28040561126
-1156.3195943886926
-317.1195943887037
1480.08040561129
-584.3195943887047
-878.3195943886935
3248.280405611229
1989.0804056112904
1058.6804056112753
382.88040561129264
1596.4804056112778
2701.080405611265
-696.1195943887
-900.5195943887093
-413.3195943887006
-1289.1195943887221
1337.8804056112758
-618.1195943886881
1716.2804056112789
-166.91959438870938
-1364.3195943886656
216.88040561130495
76.08040561129819
85.48040561129898
598.4804056113062
-1038.5195943886963
1975.6804056112899
1672.2804056112893
-597.9195943886949
707.2804056112999
-1345.7195943887048
21.480405611295893
1518.2804056113314
831.6804056112811
1546.2804056113139
-719.9195943887112
1205.480405611286
343.68040561129857
-427.7195943886942
1965.280405611308
2415.080405611315
1927.0804056112775
-492.7195943886976
936.8804056112921
561.8804056112978
934.8804056112864
-1573.919594388718
-661.7195943887111
1421.680405611269
-951.7195943887012
572.680405611299
211.48040561129073
-639.3195943886855
60.48040561129797
-99.51959438869824
239.4804056113075
-672.1195943886952
-727.1195943886993
759.0804056112953
212.28040561129694
2516.680405611348
1462.480405611298
100.6804056113019
2789.4804056112853
1903.480405611262
-84.5195943887037
1130.4804056113082
-482.7195943886905
1206.480405611306
4215.880405611216
102.6804056113032
857.4804056113037
1789.4804056113137
955.8804056113078
-557.1195943887093
736.2804056113007
-317.71959438869504
92.88040561130013
-781.3195943886968
1068.280405611305
574.6804056113223
18.28040561130567
-2170.1195943886905
-2005.7195943887557
-705.7195943886923
-721.5195943887164
719.8804056113042
822.4804056112949
-2626.319594388704
2625.2804056113
2301.4804056113303
-2179.9195943887034
1113.8804056113054
295.680405611312
-2168.7195943887073
1832.4804056113103
-884.9195943887058
-1089.3195943886838
539.880405611298
1814.2804056113064
537.2804056113129
1460.4804056112932
-305.3195943886998
1237.6804056112805
679.8804056112917
539.0804056113044
1167.080405611306
1875.2804056113296
191.48040561130574
631.6804056112984
527.0804056113072
-58.71959438870043
380.08040561130065
-1355.9195943887125
-1817.1195943887178
-2725.1195943887315
-145.91959438869776
-1162.3195943887058
1409.4804056112848
841.8804056113078
528.0804056112888
2015.2804056113346
544.0804056113049
-984.1195943887486
-369.3195943886951
-220.1195943887158
-918.7195943887101
94.68040561129536
345.0804056112965
-767.3195943887066
281.68040561129305
914.0804056112471
519.680405611307
680.280405611299
814.8804056112806
848.6804056112823
2514.0804056113893
1262.8804056112901
-322.3195943887151
-79.3195943887126
1739.280405611284
1350.2804056112739
104.48040561130058
-2465.9195943887044
-525.1195943887176
-580.9195943886905
519.4804056112961
566.8804056112843
-1173.1195943886983
-782.7195943887202
-693.7195943887117
-1460.1195943887274
745.4804056113023
-1008.7195943887255
-2106.319594388701
617.2804056112994
172.680405611301
89.68040561130249
463.48040561129716
-1983.1195943887112
175.0804056112933
-629.9195943887125
-2028.119594388722
-358.7195943887045
-503.71959438870454
2280.8804056113463
1776.480405611295
-62.319594388703266
497.68040561129897
1502.4804056112876
-63.119594388672176
-684.1195943886752
-841.7195943887225
-1610.9195943887314
80.08040561130554
-3024.3195943887
-1715.7195943887064
-2423.319594388719
-1265.5195943886981
-2305.119594388733
-870.1195943887118
114.48040561129325
-1615.9195943886784
-1414.3195943886758
2080.680405611278
1922.4804056113285
1238.0804056113113
3087.08040561132
-716.3195943887056
-1458.3195943887351
-1189.5195943887136
-2382.719594388702
-1080.919594388702
-1178.319594388696
-216.51959438870375
2076.6804056113133
1387.4804056112962
1247.080405611297
752.6804056112964
400.28040561129285
605.8804056113105
-308.3195943887194
-273.5195943887204
2831.480405611279
1894.0804056113127
-162.91959438869677
892.8804056112978
-445.1195943887055
-1162.9195943886925
-535.319594388704
677.4804056112998
-479.5195943887005
2637.2804056112786
1913.6804056113142
188.88040561131075
1288.0804056112872
3600.680405611355
833.8804056113029
-416.5195943887132
1070.080405611289
-2323.119594388727
-1596.7195943887064
1564.2804056113407
150.4804056112998
7.8804056112971175
-302.7195943887029
817.2804056112808
102.68040561129727
1759.0804056113047
104.88040561129644
-453.1195943887088
-1134.119594388713
3188.8804056112954
286.6804056112974
760.6804056113054
1846.880405611319
1313.2804056112957
823.2804056113015
-848.1195943886999
-187.9195943886934
-868.3195943887154
780.4804056112941
1784.0804056112654
496.6804056113048
869.4804056112948
-0.7195943887020029
131.28040561131388
-25.71959438870968
5.480405611305432
-1698.719594388716
340.48040561129847
2066.6804056112983
-619.3195943887046
-1057.9195943886964
1332.880405611274
285.28040561131127
2272.280405611293
-291.5195943886943
1815.6804056112808
868.0804056113017
-183.7195943887104
117.2804056113016
-676.1195943886977
-15.51959438870187
858.6804056112904
-1465.1195943886892
1006.4804056112883
-211.71959438869675
-876.1195943886859
244.48040561130335
-1128.3195943887017
2140.280405611284
408.68040561130084
361.6804056113003
-43.7195943887025
928.4804056112818
1660.080405611283
-1223.9195943887166
437.8804056112986
987.2804056112798
-1266.7195943886936
-1410.3195943886801
-1751.9195943887105
-491.319594388708
1148.0804056113209
-1970.919594388713
25.680405611302476
-149.51959438870685
-277.91959438871504
407.0804056113009
1441.4804056113192
-1779.5195943887375
-2011.3195943887304
-1236.1195943887071
-2057.319594388714
687.0804056112921
400.88040561130754
1837.2804056113057
2250.680405611309
-1736.3195943886756
-711.9195943887169
-465.31959438870376
-2109.919594388688
-841.5195943887019
-1311.119594388698
545.280405611299
-411.11959438870906
-148.11959438870338
-36.919594388698584
-317.71959438871244
353.48040561129795
775.8804056113082
163.08040561130315
369.8804056113104
-152.5195943886961
-1489.519594388723
167.4804056112942
119.48040561129591
-557.1195943887054
-1161.1195943887174
508.680405611305
184.2804056112986
-783.7195943887018
-913.5195943887038
-1432.1195943886883
-809.9195943887025
-1258.5195943886818
57.28040561129764
-1786.519594388673
-203.11959438869997
185.4804056112993
-335.51959438870426
-514.5195943886881
-1807.5195943887084
-360.1195943886994
786.2804056112975
494.4804056112927
-35.71959438870441
-2566.31959438867
-1247.9195943887514
-30.119594388695806
761.480405611288
-267.31959438869393
-691.5195943887014
-730.3195943887321
-1227.5195943887097
1367.2804056112946
-667.5195943887215
-2488.7195943887314
998.0804056113059
-793.5195943887251
-272.11959438870036
1216.2804056112802
-748.119594388712
-797.5195943887086
571.0804056112938
1126.880405611295
-299.91959438870356
-882.119594388783
-1803.3195943887351
-322.3195943887006
493.0804056112993
-1575.319594388729
-717.1195943887025
-1241.7195943886597
-1808.7195943887305
911.0804056113135
996.8804056112955
4.280405611308485
840.0804056112751
-1194.919594388724
843.0804056112873
-565.1195943887146
-974.3195943887117
853.2804056112703
148.28040561129296
631.2804056113008
-10.719594388698127
-504.5195943887041
1518.480405611303
-645.7195943886941
205.08040561128146
-439.9195943886974
434.68040561129646
-348.71959438869163
-1781.7195943887173
-855.9195943887154
-1315.3195943887138
194.28040561130325
51.280405611295336
-22.519594388704203
-595.919594388709
29.680405611303822
-73.11959438870812
-484.9195943886935
-826.7195943886999
-1545.5195943887059
455.28040561129654
-2466.919594388711
13.880405611300539
-1278.3195943887122
1460.2804056113437
1735.0804056113034
-1023.5195943887043
-1023.1195943887051
-1586.519594388699
-32.319594388697105
-694.7195943887288
-748.5195943887493
-1860.1195943887305
-1919.7195943886877
749.8804056112954
-334.51959438870665
-2110.719594388641
-217.5195943886901
1117.2804056112782
1518.68040561131
65.88040561129611
912.6804056112819
285.6804056112944
-910.9195943887299
-681.5195943887104
218.48040561129366
-985.7195943887134
-1451.5195943886742
-355.1195943887032
-224.11959438869667
43.28040561129633
-1025.7195943886868
83.28040561129757
1264.880405611306
2047.280405611305
-1526.7195943887473
-3746.3195943886603
-959.9195943887271
-2958.719594388708
-418.1195943887086
-305.7195943886975
-1631.9195943887166
-484.31959438870115
-834.7195943887276
973.2804056112881
187.48040561130892
-1160.31959438869
1137.6804056112946
-682.7195943887091
946.4804056113118
943.280405611299
493.08040561130076
-1269.119594388687
597.4804056112627
175.48040561130307
662.2804056112924
-624.3195943887092
-1006.3195943886927
-1966.7195943887205
-1330.719594388701
148.6804056113098
-341.31959438870047
349.88040561128946
-426.5195943886997
194.8804056113013
-1056.919594388706
-89.71959438870391
-1293.119594388729
-2321.519594388707
-1860.7195943886509
-821.1195943887042
-896.3195943887033
-591.3195943886974
489.28040561127756
-213.51959438869955
-1262.1195943887092
942.6804056113034
-409.5195943887013
-1339.5195943887384
309.2804056112974
1181.080405611296
548.6804056112998
-1745.1195943887333
-686.9195943887006
-1674.9195943886448
-1188.3195943887322
1824.2804056112916
213.68040561130127
-1225.1195943886867
-2245.9195943886857
-1222.719594388733
-1061.7195943886773
-1372.9195943887034
-525.1195943887
193.28040561129774
-254.5195943887175
-239.1195943887016
-2392.119594388698
-539.7195943887065
428.68040561130994
1760.2804056112843
-1128.7195943887154
-19.71959438869517
501.68040561127646
-1827.7195943887032
634.280405611265
556.2804056113082
-1399.9195943887105
-1194.7195943886877
-855.3195943886983
1017.0804056112936
337.0804056112954
1467.4804056113499
1217.0804056112465
939.0804056113057
1441.880405611248
748.8804056113102
-418.7195943887045
-1191.919594388709
-1677.319594388776
-569.9195943886958
-66.1195943887109
-265.91959438870475
-2203.9195943887253
-1447.919594388691
-307.11959438871327
-747.7195943887364
-1838.5195943887416
-1891.9195943887103
-445.1195943886934
837.080405611302
248.48040561129025
-86.71959438870599
-1422.1195943886994
-435.31959438870393
653.8804056113091
-461.519594388706
143.88040561129648
-520.9195943887129
-572.119594388683
308.08040561129127
1070.4804056112903
954.8804056113169
-327.31959438870666
-217.91959438870208
611.2804056112998
84.8804056113019
-10.519594388703062
1365.080405611293
-440.1195943887131
-1102.9195943886884
-303.7195943887093
62.88040561129716
-1335.119594388723
421.4804056113062
36.280405611297155
493.48040561130955
-201.91959438870143
766.6804056113157
-1360.7195943886757
-2653.1195943886987
1489.680405611299
1603.0804056113132
123.48040561129682
715.4804056112913
486.28040561129967
272.88040561130816
1366.080405611302
1367.080405611288
1084.480405611289
1186.4804056113012
1148.4804056112764
1041.0804056112934
1367.0804056113018
438.2804056113051
760.2804056113213
119.88040561129807
760.8804056113094
624.8804056112905
-4.919594388698167
24.2804056112929
-107.11959438870079
938.2804056112757
-127.51959438870036
-528.3195943887139
-1034.1195943887099
-65.11959438870754
429.08040561130457
294.4804056112935
-1575.5195943887288
-241.71959438869996
-116.31959438870868
-631.9195943886928
1149.6804056113147
59.28040561128934
1351.6804056112944
845.8804056112915
182.48040561129773
1074.4804056112837
845.0804056113
835.8804056112913
1164.4804056113057
1942.080405611286
628.280405611302
-2182.1195943886983
-719.5195943887039
1089.8804056112574
2069.8804056113436
2321.0804056113475
1484.4804056113323
2776.880405611258
2816.6804056113183
1793.2804056113123
2000.6804056112903
1936.8804056112706
681.280405611312
522.2804056112919
735.4804056113
198.28040561130774
288.480405611312
281.880405611301
-1176.9195943887037
-555.7195943887064
466.280405611294
-346.1195943887081
986.2804056112826
248.68040561130266
897.080405611272
437.28040561130706
-568.9195943887254
1424.8804056113079
1278.0804056113004
516.0804056113003
1716.0804056113031
2659.2804056112677
2599.2804056112714
1254.880405611303
1434.880405611265
2713.880405611268
626.4804056113001
48.68040561129719
856.6804056113075
-734.7195943886769
-519.3195943886994
-171.51959438868798
-1370.119594388691
-327.71959438868925
249.28040561130055
1061.2804056112961
-915.119594388719
-1118.1195943887349
-693.7195943887001
-1082.5195943886724
-1612.7195943887148
-591.3195943887374
993.2804056113015
-515.5195943887027
2428.080405611393
1203.680405611304
-412.3195943886944
709.0804056112983
-1288.1195943887271
-925.1195943887016
692.8804056113092
1486.2804056112723
-1519.1195943887178
-903.5195943887106
758.4804056113124
-223.7195943887044
80.48040561130745
508.4804056113119
143.28040561130476
-430.51959438868334
-130.71959438869348
105.08040561130088
-1187.3195943887042
-1586.7195943887348
-749.5195943886926
-610.3195943886886
293.2804056113074
414.68040561129743
76.08040561129965
-69.31959438870447
111.28040561130312
-450.51959438870796
-429.1195943887003
335.08040561130485
562.8804056113094
2791.0804056113993
346.68040561130823
-539.1195943886859
953.6804056112853
1815.4804056113207
129.2804056113054
-931.1195943886903
355.88040561130117
504.68040561129925
-757.9195943887054
612.8804056113001
2014.8804056113577
331.48040561129994
-300.1195943886964
255.88040561129856
535.2804056113027
128.08040561129496
1287.0804056113163
1596.480405611329
-29.919594388709463
240.4804056113047
780.0804056112942
753.6804056112973
454.08040561130366
1655.6804056113579
1750.2804056112868
-377.71959438869834
-599.7195943887018
500.48040561128676
277.68040561130334
-442.31959438869893
-704.9195943886803
366.68040561128913
-1072.7195943887216
-2015.1195943887187
-67.9195943887158
1733.0804056112784
1762.8804056112492
1695.8804056112958
1087.280405611312
1356.8804056112995
-1459.5195943886968
-254.5195943887086
828.280405611297
-268.1195943886967
-20.119594388693532
1023.8804056113047
-306.7195943886998
-397.1195943887007
-200.11959438870315
-308.51959438873996
402.2804056113001
2012.6804056112928
2200.2804056112755
1752.2804056113287
-541.1195943887097
858.080405611299
176.68040561129172
41.68040561129931
-246.71959438870246
565.6804056112958
-924.3195943887079
28.280405611302136
-1426.3195943886642
-445.9195943886891
-503.1195943886912
-1457.3195943886963
-440.9195943887059
1445.6804056112674
1177.6804056113094
711.6804056113073
-747.7195943886999
33.48040561132207
-1075.519594388692
-190.7195943887038
1160.4804056113194
-175.3195943886954
171.2804056113138
862.8804056112859
-568.9195943886917
867.8804056113103
136.68040561130974
-1404.9195943886727
412.48040561130927
1016.8804056112983
-131.31959438868455
-419.3195943887018
-839.3195943887066
-25.319594388715547
-15.119594388697326
725.6804056113007
303.0804056113086
-358.11959438870497
-680.3195943887
2464.280405611272
343.4804056113053
-563.9195943886817
-840.5195943887067
-893.9195943886939
991.6804056113051
1220.0804056112875
1153.8804056113122
2160.6804056113106
1493.2804056113223
1132.6804056113363
-763.7195943886944
-1041.719594388695
165.48040561130514
-1593.7195943887186
-754.7195943887019
546.2804056113106
-1281.319594388727
-346.7195943886931
-55.51959438869112
-297.7195943887031
-2436.51959438869
-2086.7195943886786
938.2804056112914
254.28040561131053
939.0804056113177
1277.480405611328
1023.8804056113382
1820.2804056113182
1064.2804056113007
908.6804056112996
1455.2804056113112
1959.0804056113277
759.0804056112926
-1196.9195943886764
-3912.319594388631
-1271.1195943886971
762.2804056112857
1060.6804056112878
1274.080405611303
1472.6804056113585
1169.2804056112866
146.6804056113089
-1466.3195943886903
-68.11959438869962
736.6804056112993
-150.11959438869522
1339.080405611299
1589.4804056112896
-422.1195943886897
-251.91959438869478
393.28040561130143
777.0804056113019
-914.519594388704
-493.5195943887178
804.2804056113008
210.68040561129254
-1132.9195943887198
1123.680405611293
297.08040561129076
659.6804056113054
2037.0804056113009
2343.4804056113076
1819.6804056112899
1074.68040561129
1202.0804056112956
-850.7195943887177
-2449.9195943886903
-507.5195943887063
811.2804056112936
-455.11959438869496
-1512.3195943887122
888.2804056113074
936.8804056113062
-467.51959438870364
-383.1195943887132
2136.2804056112655
381.48040561131006
-1273.9195943887066
-160.11959438869698
743.2804056112803
1826.2804056113005
1573.6804056112935
1543.280405611319
-328.7195943886975
-460.11959438873436
525.2804056113059
-376.51959438870057
837.8804056113282
217.08040561129135
277.68040561129146
-914.7195943887064
-1829.519594388717
299.08040561129843
1714.680405611345
139.68040561129618
92.88040561129307
-1227.7195943886757
-3237.51959438876
-2584.119594388735
-489.71959438868305
1317.0804056112745
-120.31959438870432
-1721.3195943886917
525.0804056113068
-49.91959438870793
-1349.9195943887153
-950.5195943887206
-732.7195943886965
769.6804056112794
429.8804056112694
-283.1195943886911
1914.6804056112856
489.2804056112996
894.8804056112922
505.4804056113136
-1422.5195943886886
-297.51959438868494
-387.91959438869475
1015.0804056113319
611.4804056113389
-103.91959438869557
-1970.3195943887029
274.48040561130006
1424.0804056112884
1548.8804056112997
2387.080405611334
-436.7195943887086
1637.0804056112909
-445.5195943887054
-2275.119594388659
-3359.519594388726
-1500.7195943887257
1843.6804056112555
1355.880405611279
260.2804056113101
-342.9195943886991
-387.31959438868967
-1218.1195943886996
518.2804056112901
63.48040561130365
308.6804056113127
94.48040561130281
-344.91959438869793
-461.119594388692
-3023.1195943886764
-1078.5195943886968
-1380.319594388695
-184.5195943887058
213.28040561130064
539.4804056113098
924.6804056113263
347.2804056113145
490.2804056113198
-970.5195943886921
-146.11959438869906
56.8804056113165
2190.880405611333
172.6804056112967
-125.91959438869563
-134.51959438870398
-1908.1195943887565
-2814.719594388693
-1575.5195943887354
-1303.9195943886941
481.080405611289
289.6804056112848
1446.0804056113427
517.4804056113117
-587.7195943887053
2070.080405611259
2005.680405611348
668.6804056112977
1190.4804056112976
2124.080405611241
2.880405611290392
64.08040561130657
434.88040561130913
583.480405611305
17.48040561130285
607.2804056112944
152.48040561130114
-289.119594388699
558.8804056112966
-658.3195943887063
53.68040561130425
1208.6804056113056
387.48040561130455
-1880.5195943887045
2032.8804056112863
690.6804056113042
358.6804056113105
805.080405611309
-901.719594388731
-525.1195943887008
-251.3195943887021
-914.9195943886966
-158.31959438869944
126.88040561131032
-579.9195943887041
-418.1195943887046
-1942.319594388687
218.68040561130667
598.0804056112877
611.0804056113259
357.6804056113248
1456.0804056113222
81.28040561130402
-765.3195943887056
-865.7195943887201
-1642.919594388659
1765.6804056113087
-819.9195943887022
-1064.7195943887154
-1770.1195943887053
1336.0804056113216
-487.31959438869416
-385.7195943887056
1147.6804056112928
1178.4804056112957
-1903.3195943886751
695.0804056113187
-248.5195943887029
-394.5195943887101
568.8804056112972
-859.1195943887311
-3282.519594388677
27.880405611302997
-1409.7195943886938
743.6804056112976
-388.719594388715
303.48040561129176
-210.31959438871007
-764.9195943886992
259.680405611308
-1124.5195943887145
-869.919594388703
-34.51959438871864
-44.11959438869515
-646.7195943886991
-1246.9195943887014
-1836.9195943886727
-1052.9195943886973
-976.3195943887132
-119.3195943886982
282.0804056113011
-4072.1195943887906
-1626.3195943887217
1173.6804056112921
-179.1195943886936
-410.91959438870475
1498.2804056112939
-947.3195943886892
-271.11959438868786
327.0804056113014
553.2804056113027
2719.6804056112887
-1133.9195943887155
-2649.5195943887347
-715.3195943887067
-2498.719594388704
432.0804056112964
-1777.1195943887305
1061.280405611296
-147.31959438870717
-951.719594388704
428.88040561129696
-289.51959438870745
-645.3195943886999
-212.31959438870462
-2116.3195943887113
1300.6804056112892
788.6804056112999
-1350.9195943886773
660.4804056113051
-2850.5195943886647
-1618.9195943886696
-41.31959438870759
-545.7195943886956
499.2804056112977
-2135.7195943886936
-432.5195943887014
-1032.719594388697
-2985.319594388751
-1080.1195943886728
1184.8804056112924
1941.6804056113417
-919.1195943887192
666.0804056112943
-699.7195943886867
-1151.5195943887206
-1181.7195943887052
-1545.3195943887201
1972.6804056112467
340.4804056112978
1253.680405611331
617.0804056112673
199.8804056113052
333.8804056113025
-106.91959438870072
39.48040561129979
-956.3195943886856
-793.1195943887086
507.08040561131565
-365.1195943887226
1065.6804056113026
152.48040561129946
-584.5195943887185
1913.4804056113137
485.48040561131774
-600.7195943886976
57.6804056112938
-2435.519594388661
-1735.919594388709
1938.8804056113413
-1414.7195943886893
-799.3195943887239
878.880405611302
933.6804056112976
-475.3195943887056
70.88040561129621
-2118.9195943887357
-1515.3195943886913
-8.719594388704007
-6.119594388682488
1535.080405611309
2537.6804056113115
205.680405611312
-39.51959438869517
614.8804056112987
-916.1195943887144
-478.1195943887162
266.4804056112969
-2882.9195943887044
2025.6804056112376
1447.6804056113313
-2063.919594388672
-764.9195943887148
-1630.1195943887353
-2029.5195943886918
2879.2804056112964
-568.1195943887094
125.28040561129063
1875.0804056112675
1792.2804056112743
-1048.3195943887124
-50.11959438870187
-1278.3195943887133
-74.71959438870302
-362.5195943887103
-526.3195943886873
344.48040561129636
1751.8804056112692
-54.11959438870478
315.0804056112929
447.28040561132013
-1256.5195943887054
1128.0804056112593
1398.880405611268
1643.080405611309
-62.91959438869816
1123.080405611306
-1260.7195943887293
1330.2804056112896
921.4804056112993
244.28040561130936
1308.4804056113303
167.08040561130426
180.2804056113004
363.48040561130193
-527.5195943887035
-1887.9195943886903
904.4804056112789
1119.2804056112916
649.2804056112981
1370.0804056113072
1283.2804056112805
-1046.71959438873
-1255.5195943887334
-747.3195943887007
-300.5195943887061
553.8804056113037
-938.1195943887045
-1716.7195943887414
-304.71959438870437
1648.6804056112878
1415.280405611288
522.0804056113018
-2786.919594388767
618.6804056112846
2568.280405611364
3370.2804056113077
2521.2804056112855
-604.7195943887142
-577.9195943886915
368.2804056112949
-1056.1195943887365
460.8804056113052
-1712.9195943887048
-2595.7195943887386
375.4804056112918
1436.8804056113281
963.6804056112957
1306.880405611316
677.2804056113118
2844.6804056113106
383.48040561129534
-2459.119594388725
-743.919594388704
-1451.9195943887087
277.2804056112944
-143.31959438870376
-583.3195943886998
-675.3195943887154
-222.9195943887338
-1352.319594388778
-1312.5195943887234
-815.9195943887038
-415.9195943886999
1487.6804056112999
-2326.3195943885776
-685.7195943887009
-678.51959438871
-14.119594388696996
-1471.1195943886921
-915.3195943887217
-81.51959438869622
-1264.319594388726
-1621.3195943887752
723.280405611296
565.080405611296
-382.91959438870333
2599.080405611317
820.8804056113651
754.4804056113028
706.8804056113077
1011.8804056112896
1735.0804056112452
-406.9195943886991
-1153.1195943887124
1397.8804056113136
694.4804056112943
489.08040561129917
-259.31959438870746
-429.51959438870915
-922.9195943887031
-2148.719594388747
-2168.119594388695
1778.080405611286
1597.4804056113173
1099.8804056113438
3203.8804056113236
131.28040561127688
-1169.319594388701
-1505.9195943886832
-714.119594388701
-1775.5195943886931
921.8804056112951
851.6804056113001
391.0804056113029
795.6804056112865
1187.68040561131
-1997.719594388699
-2399.119594388684
1042.4804056112696
-720.7195943887019
-767.1195943887111
194.68040561127324
-217.71959438869706
349.480405611276
-933.1195943887068
-1976.7195943887325
-2163.119594388725
-191.11959438869388
-704.1195943887043
-1668.7195943886559
-2130.5195943887115
1195.8804056112804
-1122.9195943887082
-643.919594388728
879.8804056113389
1430.4804056113048
2649.8804056112804
2689.480405611187
884.0804056113031
-825.1195943886943
-212.91959438870302
-299.1195943887029
-1841.5195943886906
-2164.119594388697
-2394.719594388675
-866.3195943887135
-491.11959438869985
-933.519594388704
-2780.519594388673
-147.11959438870076
2620.88040561132
857.2804056112832
154.28040561129006
1590.6804056113094
240.28040561129023
1846.4804056112634
-1368.5195943887177
-924.5195943887069
-1730.319594388707
-1586.9195943887626
467.6804056112849
-610.9195943886964
-317.9195943886912
-701.719594388698
-2829.5195943887434
634.6804056113083
-917.919594388672
-1617.519594388701
2553.2804056112877
2760.280405611341
3434.680405611338
1033.8804056112933
507.68040561128583
-646.1195943887219
-450.7195943886967
236.6804056112976
-2624.5195943887134
342.8804056113056
1569.28040561129
1180.6804056113006
1466.880405611304
156.68040561129368
1143.2804056112786
2204.480405611353
500.88040561129924
2869.4804056113503
1497.2804056112964
445.68040561128623
1356.880405611347
2206.4804056113235
-1430.919594388778
-896.7195943886965
1952.0804056113022
671.6804056113174
1109.8804056113006
-1774.919594388681
-211.11959438870363
1182.6804056113165
-2459.319594388739
-1004.519594388707
2462.4804056112844
1742.480405611252
202.88040561129654
-1086.319594388683
1006.6804056112954
-41.3195943886996
-167.31959438870797
312.48040561129426
-509.1195943887204
-415.71959438871687
-346.1195943886983
983.8804056113006
2308.480405611295
918.4804056112938
-358.31959438869757
661.6804056112917
498.48040561126487
-276.51959438870733
-642.7195943887024
1205.4804056112982
1750.2804056112907
579.4804056112946
-636.1195943887096
-43.31959438870698
1862.080405611338
223.08040561129957
293.8804056112988
-3479.7195943885667
-1695.919594388738
-1004.5195943887111
-36.719594388701324
35.880405611299715
1093.4804056112628
2980.8804056112035
631.4804056112853
-454.3195943887165
-1145.919594388708
-3041.319594388731
-1690.9195943886748
-1215.919594388737
-633.3195943887204
-1015.319594388716
-1650.1195943886858
-1440.9195943886953
-1411.519594388718
827.2804056112961
-544.5195943887578
-2068.919594388669
739.8804056112912
-1444.319594388697
-1040.919594388685
1438.6804056113249
242.8804056112913
-490.51959438870875
326.8804056112748
1522.680405611286
-21.519594388699005
-250.3195943886972
-657.5195943886724
-113.91959438870973
471.48040561129693
-1116.5195943886943
219.68040561129703
-371.91959438869753
262.2804056113204
3400.0804056112997
887.6804056113314
-1031.1195943887155
-525.5195943887029
-2657.319594388634
-383.7195943886852
-2119.319594388643
-2795.7195943887646
622.2804056112951
346.280405611302
123.88040561128706
-269.119594388703
-984.9195943887041
1703.480405611321
-278.11959438868297
883.0804056113171
-767.9195943887051
-354.5195943887022
-485.3195943886955
-1582.1195943887076
-658.9195943887061
-1733.3195943887301
148.48040561130597
1098.4804056112791
507.48040561129517
-281.3195943886861
-36.519594388720776
226.88040561129256
806.0804056112983
553.08040561132
289.4804056113013
2490.2804056112573
-23.719594388704284
1017.4804056112879
-788.9195943886939
1626.8804056113554
1894.0804056113739
124.68040561130405
-396.9195943887149
-1715.3195943887097
944.8804056113015
326.8804056113024
-164.91959438870734
-503.1195943886971
-1244.5195943887209
1458.2804056112873
68.28040561129731
-1808.1195943887572
-1144.319594388705
-535.1195943886912
209.88040561129878
-349.9195943887154
328.880405611296
-611.7195943886975
-704.3195943887067
516.480405611295
719.4804056112904
-1051.9195943887014
-1346.9195943887394
-363.11959438870593
296.08040561128917
2128.2804056113337
1825.8804056113183
2471.280405611337
3448.080405611413
2784.2804056112577
-799.3195943887149
-2930.1195943886178
-463.71959438870493
-1447.9195943887244
928.6804056113062
729.2804056112913
63.68040561129746
424.08040561129667
6.680405611287531
2047.4804056112885
820.8804056113016
-473.71959438870806
1800.4804056113023
235.88040561129972
1455.0804056112825
382.0804056112963
42.680405611297466
-955.1195943886917
349.4804056113013
-1069.3195943887067
514.6804056113181
415.280405611292
257.0804056113055
-1047.1195943887053
-826.1195943886968
197.4804056112969
-148.31959438872096
1756.8804056112706
1655.6804056111844
2743.4804056112466
1948.4804056113228
1986.6804056112721
687.0804056113193
-798.5195943886977
-544.719594388695
1360.0804056113018
940.0804056112864
532.0804056112987
1379.080405611325
-85.31959438870608
-1410.9195943887078
1319.480405611297
-481.519594388704
-1540.7195943887018
-164.31959438870973
634.080405611295
536.8804056112964
-2048.5195943888
-1404.7195943886798
-1417.7195943887214
-1234.919594388715
1708.280405611284
154.48040561129554
-541.9195943887206
-1988.1195943886662
-534.3195943887199
151.0804056112985
-294.11959438869684
842.8804056112524
2232.0804056112866
2739.2804056112336
3408.880405611406
397.6804056112434
1575.4804056113107
1970.680405611186
1879.280405611249
-576.519594388707
1453.6804056113142
1072.6804056112994
-1404.5195943887222
1037.080405611305
1290.2804056113039
-1184.3195943886692
-1266.5195943886686
-1230.3195943887167
458.2804056112868
-489.7195943887051
89.28040561130041
-158.3195943887033
-75.51959438870637
-18.91959438870289
276.8804056112972
-668.3195943887032
-1185.719594388701
-1406.3195943886883
-1065.9195943887132
-1495.9195943887426
-1070.719594388719
-2151.3195943887026
-1517.719594388717
827.0804056113175
2133.280405611219
1417.0804056113072
1818.4804056112966
1488.880405611303
1705.880405611335
1033.68040561129
-265.11959438870076
-1283.519594388707
28.880405611286314
-294.31959438870825
-1416.5195943886902
-330.51959438871563
-161.91959438868088
-300.1195943887267
-29.31959438872141
226.68040561129197
68.68040561128878
-762.3195943887333
-1121.5195943887193
-24.519594388719316
12.280405611282559
336.68040561129254
2006.8804056113065
-374.5195943887056
-799.9195943887062
919.680405611291
90.68040561129939
-1929.519594388748
-876.719594388702
-333.119594388706
674.0804056113072
1331.0804056113218
3760.880405611395
2200.880405611276
1365.2804056112623
3875.2804056114123
2855.6804056112233
1695.080405611246
1905.6804056112842
809.8804056112857
-836.3195943887179
-1451.719594388706
-1860.319594388707
-1472.5195943887065
83.48040561129407
-487.3195943887328
-1048.7195943886682
-233.71959438870502
-300.5195943886967
-683.5195943887311
-1747.5195943887372
-478.1195943887135
-438.9195943887085
-312.11959438870804
165.48040561129298
-231.51959438870526
1062.2804056112905
1061.4804056112987
345.6804056112975
-851.1195943887273
-1495.1195943887074
-783.119594388697
429.2804056112752
235.68040561129152
1938.8804056111983
3114.680405611288
3328.280405611143
4237.680405611256
1462.080405611214
1984.2804056113816
1706.0804056112715
432.6804056113068
-539.3195943887173
-2918.9195943886853
-3423.9195943886475
-1898.7195943887527
-169.71959438871457
-1543.7195943886493
-4569.119594388641
-2669.5195943886956
495.4804056112906
1203.6804056112783
-24.919594388709307
-1202.719594388691
441.6804056113027
1231.8804056112754
1228.480405611298
1914.0804056112777
1815.080405611346
846.2804056112893
981.0804056113103
910.8804056112928
-642.9195943886981
-806.119594388705
498.88040561129424
278.2804056113084
1798.6804056113222
3540.6804056113224
2955.6804056112283
4952.680405611401
2563.680405611242
2358.2804056114237
1129.4804056112393
-1363.119594388686
-831.5195943887144
-2180.519594388726
-3150.319594388735
-1013.919594388701
151.48040561129423
49.680405611292954
-1486.5195943887363
-1098.3195943886838
1387.8804056112908
-662.9195943887253
-2785.7195943887677
-2460.3195943887454
-3852.7195943887136
-2984.1195943887337
-1801.7195943887032
-2409.519594388722
-1404.5195943887072
-1400.3195943887042
72.68040561130026
-738.1195943887177
-1034.9195943887232
-1176.3195943887197
-582.71959438872
102.28040561128705
2294.480405611263
4183.480405611395
2654.280405611385
