-217.7775538018376
1240.8224461981679
-535.577553801838
485.6224461981667
936.2224461981608
-267.77755380184124
428.6224461981626
-828.7775538018456
-1159.5775538018568
-1434.577553801841
-1430.1775538018494
-556.5775538018474
1154.0224461981518
514.222446198157
-1496.9775538018662
-427.5775538018408
-1373.5775538018752
-62.57755380184881
555.0224461981621
-220.17755380185207
720.2224461981623
-471.5775538018323
-484.3775538018282
27.22244619816928
-467.57755380183835
-366.7775538018359
1102.6224461981485
148.62244619816073
-2643.9775538017984
-1411.17755380185
673.4224461981629
-124.97755380183898
2076.022446198165
-782.9775538018381
-416.77755380183663
653.8224461981588
-89.57755380184567
-487.17755380181586
1513.2224461981568
-1012.7775538018458
-1352.7775538018466
-482.3775538018371
-906.7775538018676
-1318.5775538018815
9.022446198160003
1001.8224461981533
149.02244619815934
268.62244619816295
-1041.3775538018526
-1809.5775538018995
-1020.3775538018618
-1571.5775538018509
234.82244619816768
-514.5775538018302
3.2224461981628707
-222.17755380186173
-1832.5775538019054
-637.3775538018716
-823.5775538018522
-1701.1775538018958
-2156.177553801866
-846.1775538019064
-89.77755380183726
-1618.377553801858
432.4224461981662
1447.4224461981532
1422.6224461981749
1266.0224461981584
610.0224461981626
189.42244619816236
662.8224461981591
127.02244619815835
423.4224461981622
-441.17755380184724
-1019.7775538018569
-2134.977553801844
-371.7775538018593
-1075.3775538018403
74.22244619816095
879.0224461981919
1018.2224461981714
-332.3775538018447
-1328.3775538018558
-1738.3775538018529
-649.1775538018244
-563.1775538018426
-970.5775538018468
-2074.177553801894
-1768.3775538018444
8.622446198164027
73.42244619816516
154.8224461981584
-740.7775538018507
-548.7775538018657
395.2224461981573
-108.57755380184199
864.8224461981491
6.222446198166233
207.42244619815995
-449.7775538018415
463.42244619815915
1004.2224461981604
682.222446198152
1142.222446198149
658.4224461981526
-902.3775538018589
132.62244619816565
451.22244619816126
-753.7775538018578
-1382.5775538018777
-1311.97755380187
221.02244619816025
2609.6224461981487
1440.0224461981406
1227.2224461981764
-841.9775538018307
-970.977553801834
-1161.7775538018375
-866.3775538018492
-1885.177553801875
-646.5775538018344
259.6224461981634
-180.37755380184566
517.8224461981592
268.42244619816404
-528.9775538018407
337.6224461981592
-444.7775538018477
-924.3775538018509
-1162.9775538018312
-1953.9775538018537
-492.5775538018382
-444.3775538018401
-1160.1775538018474
207.02244619816668
908.2224461981352
313.4224461981593
147.22244619815723
-1044.1775538018558
-699.3775538018388
-844.1775538018385
-1077.577553801851
-1390.177553801836
61.822446198159284
187.42244619815918
1791.2224461981607
2954.6224461981674
-109.17755380183917
-1899.3775538018408
-2072.77755380187
-1660.5775538018502
-1929.1775538018335
-840.1775538018484
-418.9775538018476
-1180.1775538018392
811.0224461981567
898.6224461981764
-220.17755380183752
1263.6224461981383
933.8224461981644
587.6224461981565
-84.37755380184636
-2072.377553801841
-1143.7775538018395
-1226.1775538018505
478.42244619815415
1127.422446198153
-141.37755380184245
1165.022446198129
2058.222446198151
1035.2224461981623
-126.77755380184792
1270.0224461981622
317.42244619815284
298.6224461981651
1313.4224461981603
-1838.977553801864
-566.977553801831
213.02244619816273
-212.9775538018355
-1079.57755380184
-1170.17755380182
-831.3775538018423
-188.17755380183917
146.42244619815935
578.822446198156
11.422446198160166
1147.8224461981401
1241.2224461980925
726.6224461981352
1383.0224461981509
592.0224461981683
-1643.1775538018364
-320.77755380183766
-1608.7775538018398
-1736.9775538018584
-1287.1775538018442
1922.0224461981281
-184.3775538018409
-458.37755380184285
2185.8224461981986
767.2224461981361
958.0224461981627
526.6224461981604
-1019.7775538018394
-786.177553801841
-890.5775538018565
-315.1775538018399
44.22244619815855
-793.5775538018588
-1725.3775538018515
1204.822446198153
192.42244619815884
-387.777553801832
335.02244619815764
1257.0224461981556
1606.8224461981656
436.6224461981616
225.22244619816234
1221.822446198185
867.6224461981595
1313.4224461981478
1249.4224461981514
1272.622446198148
-1787.1775538018055
489.2224461981583
-104.37755380183779
515.4224461981538
93.42244619816432
876.2224461981448
419.22244619815734
-543.1775538018454
1409.2224461981268
1735.2224461981766
1491.622446198171
1093.022446198147
-1079.1775538018458
362.0224461981613
2193.4224461981566
39.42244619816362
-128.77755380183768
-333.1775538018408
-1197.777553801829
-1135.1775538018599
-1511.5775538018179
-928.9775538018389
-321.5775538018497
2047.4224461981512
1649.6224461981801
646.0224461981668
1043.4224461981762
64.42244619816131
1041.0224461981575
968.622446198151
1871.4224461981498
1095.4224461981569
-104.97755380185635
189.4224461981615
-678.5775538018297
-1825.1775538018665
-1024.7775538018568
641.0224461981659
1336.0224461981416
-359.97755380183594
1036.8224461981767
1396.022446198151
-15.377553801832256
-191.17755380183547
1247.6224461981383
1719.6224461981467
1506.0224461981695
508.22244619815444
1812.2224461981646
842.4224461981607
381.0224461981553
458.02244619814394
1638.4224461981291
1868.2224461981311
1639.4224461981605
1345.2224461981914
-42.97755380183164
-1285.7775538018434
932.8224461981556
757.2224461981656
1558.4224461981723
274.4224461981515
-522.7775538018403
92.42244619816105
1364.622446198176
-1283.1775538018508
-1646.3775538018492
-2998.5775538017947
-1310.9775538018275
312.6224461981616
-336.9775538018384
611.0224461981419
239.6224461981622
220.6224461981554
1800.0224461981861
748.2224461981473
1064.6224461980714
-368.7775538018316
-101.97755380184411
11.222446198143935
1143.2224461981587
1331.8224461981604
2307.8224461981345
2866.2224461981627
3266.0224461981798
1517.422446198129
1703.6224461981894
2023.6224461980935
3910.222446198104
161.62244619814908
57.02244619816009
1364.8224461981415
297.4224461981637
-30.77755380184335
-1022.3775538018481
-394.7775538018392
1441.2224461981834
-812.5775538018427
-72.5775538018408
-129.57755380184275
-48.17755380184043
261.42244619815943
-10.777553801840519
-35.37755380183419
941.6224461981426
-91.77755380183405
2734.0224461981156
3187.4224461981566
1154.82244619813
-49.97755380184679
1009.0224461981505
2057.4224461981858
1462.2224461981564
787.6224461981728
1868.4224461981341
451.8224461981678
1653.2224461981637
1224.022446198109
2153.6224461981606
1077.8224461981447
1708.0224461981704
1119.6224461981553
-1770.9775538018316
-956.5775538018344
-1752.977553801869
-2157.5775538018597
-626.7775538018416
-616.1775538018455
-462.5775538018382
-1708.9775538018143
-327.97755380185663
-638.9775538018614
-411.77755380182197
98.62244619815547
-618.7775538018423
-1302.9775538018455
1075.8224461981656
-368.1775538018431
1084.0224461981538
2522.022446198163
1820.0224461981566
1506.2224461981257
846.2224461981432
1578.8224461981852
462.82244619813594
-1320.377553801826
363.62244619814993
-908.577553801838
216.82244619815268
2378.8224461981436
2869.0224461981325
2132.622446198147
1290.8224461981636
1141.6224461981665
-1002.3775538018325
-1673.3775538018544
-844.3775538018342
-1624.3775538018635
313.2224461981585
1258.822446198149
219.02244619815667
-224.3775538018446
75.22244619815473
496.82244619815697
-364.97755380183924
-319.5775538018528
-598.3775538018317
-1945.3775538018417
-466.9775538018377
724.4224461981651
1178.2224461981577
1482.0224461981604
1471.6224461981797
554.2224461981517
1180.8224461981642
474.0224461981783
871.422446198141
-735.7775538018401
222.2224461981633
-623.9775538018375
1518.8224461981767
1427.622446198175
968.4224461981669
983.0224461981356
676.6224461981544
772.4224461981612
-582.1775538018405
-302.5775538018394
-885.1775538018616
-1031.3775538018574
-447.57755380183323
-28.577553801845262
-221.17755380183684
-297.9775538018507
552.82244619816
1305.6224461981672
-715.7775538018353
-1885.1775538018487
501.62244619815766
310.62244619816784
-2409.177553801817
-989.7775538018487
747.8224461981562
1872.422446198165
778.6224461981317
1334.4224461981476
806.4224461981519
99.02244619816597
929.8224461981746
-695.5775538018364
573.6224461981311
-915.9775538018282
803.2224461981206
-812.1775538018371
1228.6224461981872
1736.8224461981663
-116.57755380184261
-609.3775538018482
224.22244619815848
730.4224461981581
-711.1775538018292
-2279.377553801829
-1470.1775538018364
162.62244619815925
353.6224461981591
-270.97755380183406
-36.77755380183672
843.0224461981578
-1231.977553801842
-1803.977553801806
-658.5775538018511
-164.57755380184136
-2711.3775538018435
-19.177553801841064
2029.8224461981981
108.22244619816823
-511.97755380183605
2405.0224461981593
-74.97755380183426
459.0224461981449
1038.6224461981328
-646.777553801843
-621.777553801839
341.82244619815555
-201.57755380184184
509.6224461981339
1599.6224461981342
195.22244619815945
1315.422446198178
-455.3775538018436
-76.97755380183736
-1755.577553801821
-2762.5775538018534
-1733.9775538018514
-648.5775538018399
346.8224461981715
488.8224461981654
1579.4224461981476
613.2224461981563
896.8224461981575
-773.9775538018619
-1017.5775538018229
-261.577553801849
-2285.177553801855
-870.3775538018399
-40.17755380184465
908.0224461981646
-572.1775538018389
965.422446198177
1311.0224461982054
1024.022446198147
1204.622446198133
1145.8224461981572
-316.9775538018359
-1853.1775538018355
-1683.9775538018737
-334.77755380184317
835.4224461981736
-957.577553801838
-2037.1775538018442
486.4224461981681
-1994.977553801823
-4.177553801841668
-1269.1775538018237
-1460.5775538018395
-1097.77755380183
-879.7775538018315
-1218.9775538018498
-635.9775538018473
-70.77755380184216
-1268.5775538018368
-475.3775538018444
114.62244619815735
-915.7775538018319
-2424.3775538018394
-3476.977553801827
-684.9775538018331
-471.37755380184547
-281.3775538018411
-1177.7775538018498
1200.8224461981208
2722.022446198177
514.4224461981594
113.4224461981658
649.4224461981613
-186.7775538018446
-1438.7775538018154
-2075.177553801866
846.822446198165
1016.8224461981619
-860.5775538018382
744.2224461981644
-390.77755380183896
-1886.1775538018653
-219.77755380185025
644.6224461981501
1004.0224461981585
-624.1775538018483
-940.1775538018467
-884.5775538018353
537.4224461981676
-658.7775538018464
-807.1775538018344
813.6224461981612
1315.2224461981582
-59.97755380184005
-1344.7775538018461
-750.1775538018512
-683.3775538018509
-838.577553801844
-1461.777553801868
-155.977553801842
-1071.377553801847
671.0224461981551
-308.97755380183924
-129.97755380184043
-922.3775538018242
751.4224461981526
808.8224461981523
-721.1775538018333
416.22244619815854
703.4224461981684
602.8224461981607
199.02244619816102
-189.77755380184118
-1116.977553801851
230.222446198164
799.4224461981601
-322.57755380184364
489.22244619815916
354.0224461981569
67.02244619816125
1983.6224461981549
712.8224461981446
1326.8224461981395
217.22244619815987
-443.5775538018521
46.42244619815796
-810.9775538018364
507.2224461981568
-648.9775538018422
-1531.7775538018693
-1252.9775538018318
-69.57755380183647
874.422446198166
-1356.177553801849
-1219.9775538018355
-458.5775538018396
-1423.17755380184
-910.3775538018532
-1211.377553801889
-447.1775538018482
-381.97755380182593
-460.5775538018513
768.2224461981676
428.0224461981599
-159.57755380185517
-1249.37755380186
-487.3775538018347
1669.6224461981467
-7.177553801836709
293.02244619816395
929.2224461981683
-892.5775538018504
270.6224461981626
503.62244619816494
960.8224461981617
1085.8224461981447
1224.2224461981514
-148.57755380183576
-1198.1775538018476
979.2224461981527
-108.57755380183865
-720.7775538018204
-2210.7775538018236
-1774.3775538018353
1339.8224461981508
-1695.5775538018372
-2936.7775538018327
-1998.5775538018752
204.82244619816396
-229.9775538018395
-1577.777553801847
-380.9775538018427
-1170.1775538018617
-1302.1775538018712
513.4224461981643
451.22244619816075
-637.577553801838
-1540.977553801856
-312.7775538018462
1580.222446198151
-376.9775538018441
-1381.5775538018333
-178.17755380184815
-1054.3775538018392
709.4224461981653
70.62244619816633
1291.822446198131
-150.77755380183996
-107.17755380183799
-741.7775538018439
-381.97755380184424
1373.0224461981522
-1685.7775538018834
649.4224461981713
-856.177553801835
-2778.777553801849
-358.1775538018314
-1687.1775538018462
-1725.9775538018519
-2756.3775538018517
-1399.1775538018471
-1742.9775538017984
-1495.377553801855
-2177.5775538018374
-1644.1775538018583
-515.1775538018558
-1304.7775538018163
202.02244619815892
-98.37755380184407
-2346.3775538018785
-1333.7775538018204
347.2224461981582
471.0224461981546
-1043.1775538018317
-792.7775538018462
915.0224461981376
1066.8224461981658
-85.57755380184085
1340.0224461981397
-355.7775538018403
188.22244619816163
469.02244619814763
1180.2224461981561
1754.8224461981636
-91.37755380183863
-729.1775538018519
-73.17755380184359
827.8224461981596
727.6224461981493
-1633.1775538018485
-481.77755380184004
-2293.577553801848
-420.77755380183487
-2211.377553801832
-1339.5775538018274
-731.7775538018369
-1134.977553801845
-940.5775538018187
-129.77755380183683
-466.37755380183233
36.42244619815748
-1096.9775538018425
-907.3775538018363
-53.97755380184107
1506.2224461981552
1365.0224461981459
-217.37755380184336
413.4224461981588
-444.57755380184915
-176.7775538018386
-331.37755380184313
253.62244619815993
173.02244619815463
227.6224461981641
-425.3775538018396
154.62244619815849
856.4224461981497
799.0224461981735
-1483.1775538018262
1430.622446198145
-806.3775538018349
-524.3775538018399
-890.7775538018448
-3019.777553801866
-290.5775538018423
-796.1775538018309
164.82244619816163
-2030.7775538018245
-164.37755380184717
-87.37755380184011
-105.37755380184214
-944.5775538018387
-713.177553801817
-772.5775538018291
605.2224461981633
-162.77755380184328
286.22244619815575
1582.0224461981538
2038.8224461981713
1245.0224461981445
-104.37755380184333
930.2224461981717
857.8224461981348
1940.42244619819
751.2224461981695
-26.57755380184433
486.02244619815696
75.62244619815938
-552.1775538018406
567.822446198168
-1975.3775538018492
-177.37755380184083
-1083.5775538018333
-664.9775538018566
1175.422446198163
-1827.7775538018598
-1534.3775538018444
-2428.177553801829
-1166.777553801843
-2520.1775538018546
251.42244619815853
-736.1775538018417
1135.6224461981467
1594.6224461981549
-544.1775538018593
-107.77755380184321
1430.622446198157
1379.022446198141
302.0224461981611
-61.977553801843925
-166.17755380183266
1227.022446198161
-1066.3775538018447
271.4224461981567
82.62244619815462
1334.2224461981634
-233.57755380183775
335.82244619816817
2136.2224461981655
298.8224461981621
-987.7775538018858
-537.5775538018378
-331.17755380184013
159.22244619815672
-547.7775538018248
-1144.9775538018478
1215.4224461981564
-1728.1775538018287
-166.17755380184974
121.6224461981575
253.62244619815897
-2356.37755380187
-653.1775538018543
-1153.7775538018452
1259.822446198159
160.82244619815853
-678.5775538018634
-513.9775538018401
197.02244619815943
1199.8224461981563
1218.4224461981637
870.6224461981681
844.8224461981472
1005.2224461981359
224.0224461981722
1376.0224461981418
1057.4224461981325
1992.8224461981747
811.0224461981604
1545.0224461981547
2085.222446198149
-152.57755380184108
-1027.177553801815
282.2224461981615
873.022446198152
-375.97755380185146
10.22244619814958
-391.17755380185037
-93.37755380183958
-1927.177553801838
211.6224461981651
389.822446198162
1500.822446198154
70.42244619816834
519.0224461981594
588.2224461981518
891.4224461981562
-937.1775538018387
636.0224461981533
1004.6224461981554
191.8224461981565
715.6224461981622
1182.8224461981526
1353.0224461981884
1258.422446198154
1823.6224461981478
844.2224461981613
384.2224461981517
905.022446198151
668.8224461981611
398.22244619816456
862.4224461981667
472.2224461981389
-72.77755380184612
43.22244619814687
39.82244619815748
498.4224461981652
14.422446198153228
-251.97755380185134
712.8224461981671
-887.9775538018342
-835.1775538018479
-851.1775538018298
-253.9775538018462
495.2224461981658
776.4224461981452
-172.3775538018375
-589.5775538018412
-704.5775538018403
239.62244619816076
1080.8224461981463
362.8224461981635
-676.3775538018564
156.02244619815826
-121.17755380184661
-214.17755380184056
990.022446198127
1075.8224461981545
-236.17755380184047
150.82244619815344
826.4224461981643
536.6224461981625
-658.9775538018433
225.02244619815232
-579.5775538018373
-358.9775538018372
347.42244619816165
64.62244619815789
-80.17755380184144
167.22244619815947
-104.57755380183833
-175.57755380184184
-304.7775538018345
463.22244619815314
427.8224461981619
-997.7775538018512
-1246.7775538018484
-1074.7775538018348
-341.7775538018422
-1139.9775538018548
101.22244619815976
-307.17755380184576
-475.57755380184534
-423.3775538018453
-864.1775538018408
-518.9775538018428
416.42244619814704
9.222446198156995
1357.0224461981293
238.02244619815642
134.2224461981559
-1006.5775538018373
1541.4224461981453
1203.4224461981526
-1290.9775538018364
2000.2224461981293
-697.5775538018439
-790.9775538018521
-261.3775538018495
-87.77755380184085
288.822446198167
612.222446198145
221.02244619815735
-767.9775538018454
821.4224461981528
712.6224461981577
691.62244619817
-2012.3775538018267
-484.17755380184997
767.4224461981602
90.22244619815692
-1085.177553801853
-38.57755380183366
-804.5775538018304
-1686.7775538018432
25.622446198158144
-394.7775538018468
-1151.1775538018276
52.22244619816398
-441.5775538018352
536.6224461981507
757.4224461981626
1025.422446198168
-310.1775538018448
1099.4224461981582
756.6224461981465
-958.5775538018369
1006.8224461981447
-594.377553801835
-371.5775538018448
-386.7775538018465
-18.177553801842645
900.8224461981648
-570.3775538018454
-924.9775538018303
-780.5775538018454
435.2224461981543
-657.9775538018346
286.62244619815885
-1779.1775538018321
-264.3775538018407
1661.4224461981494
-468.777553801837
334.62244619815533
-4.577553801838366
315.82244619815873
-870.5775538018489
-739.7775538018432
350.42244619816114
84.22244619816279
-549.1775538018547
1146.2224461981543
1748.2224461980918
2086.0224461981866
739.422446198152
1135.0224461981722
737.0224461981675
1119.4224461981505
149.622446198166
946.6224461981606
-176.97755380183224
227.22244619816152
-209.3775538018379
343.62244619816323
783.0224461981608
398.6224461981527
481.02244619816224
-890.9775538018232
-66.77755380184124
1010.8224461981679
2641.022446198191
-400.37755380184194
71.2224461981626
226.82244619816422
-1592.1775538018526
629.4224461981538
-930.1775538018418
-553.577553801842
311.82244619815674
1308.422446198166
1307.0224461981552
421.8224461981566
-747.5775538018376
1478.4224461981628
2073.4224461981685
2485.0224461981456
1226.2224461981314
3383.422446198135
1940.2224461981261
1516.2224461981905
1711.6224461981412
2920.622446198103
688.6224461981494
1378.2224461981589
1013.0224461981566
-772.5775538018481
136.42244619816103
1561.6224461981408
-834.7775538018434
-1015.7775538018423
-1089.3775538018472
148.82244619816413
1808.0224461981868
648.2224461981542
-341.7775538018419
-1438.9775538018557
838.0224461981649
2375.022446198138
-7.377553801829645
-1000.377553801838
-1085.3775538018297
463.22244619815103
1020.422446198154
-40.17755380183747
-763.7775538018434
-419.77755380184465
939.6224461981549
859.8224461981406
1660.0224461981334
954.2224461981453
-1602.3775538018567
-572.1775538018405
-297.1775538018423
-1367.9775538018625
852.2224461981588
714.422446198172
259.82244619815987
-426.9775538018404
-954.1775538018519
-552.7775538018375
795.4224461981524
-286.7775538018355
-2182.17755380183
-678.9775538018338
-1621.1775538018724
-477.1775538018543
716.6224461981606
-270.57755380184204
441.6224461981492
-576.5775538018426
-519.1775538018352
-46.17755380184202
-151.7775538018426
171.82244619816407
1935.4224461981498
1378.8224461981592
-951.1775538018366
64.82244619816603
783.2224461981657
-253.1775538018393
1952.8224461981802
-1757.9775538018503
-1746.9775538018541
-506.1775538018351
-1874.9775538018669
-2415.5775538018297
801.4224461981588
-263.77755380183515
12.222446198160121
1267.6224461981528
616.8224461981564
-15.177553801836703
497.0224461981553
624.8224461981648
307.82244619816885
554.8224461981591
-1272.9775538018478
-1936.7775538018907
-685.3775538018323
-861.3775538018423
1316.4224461981157
1026.0224461981247
1490.2224461981293
1053.4224461981516
-576.9775538018384
276.22244619816604
194.0224461981595
-700.977553801846
-1157.7775538018602
308.6224461981683
457.02244619815417
-1508.7775538018534
392.8224461981498
96.42244619815811
303.82244619816214
408.4224461981603
-493.57755380184705
-1534.5775538018531
-637.5775538018623
-160.7775538018391
593.2224461981572
454.8224461981621
261.42244619816506
-308.97755380183844
1132.8224461981665
-427.5775538018389
572.4224461981624
1189.0224461981577
520.4224461981627
-781.3775538018408
-1000.3775538018566
48.82244619816205
2461.8224461981663
2634.022446198151
1496.6224461982044
-355.9775538018425
-489.77755380183953
819.6224461981494
211.62244619815965
-359.9775538018405
-973.7775538018325
-298.9775538018429
863.2224461981504
220.42244619816205
688.222446198161
18.422446198163627
487.02244619815986
-105.97755380183692
789.8224461981677
159.82244619816314
-450.77755380184203
740.2224461981615
0.22244619815352706
-863.5775538018488
1408.2224461981596
2253.022446198157
1380.6224461981465
422.6224461981546
-501.5775538018496
115.22244619815628
1854.6224461981888
321.62244619816124
884.822446198156
720.6224461981551
1598.2224461981727
1642.022446198181
1322.822446198142
-391.77755380183737
447.02244619815457
290.62244619816187
-749.1775538018404
-703.3775538018526
-758.1775538018427
-805.7775538018359
859.4224461981497
-45.37755380183738
-1236.977553801839
191.82244619816356
175.02244619816116
1467.6224461981449
711.2224461981564
-1243.3775538018429
-556.1775538018338
3.822446198157813
-1451.177553801829
-1252.1775538018499
-387.1775538018439
891.6224461981794
892.8224461981531
1553.222446198157
73.02244619814874
-680.1775538018518
-1023.777553801849
404.6224461981663
2583.8224461981576
869.0224461981749
228.22244619816496
72.42244619815465
598.8224461981604
225.42244619815867
438.42244619815665
-432.97755380183656
-1686.9775538018698
-282.577553801843
-613.9775538018434
-609.5775538018441
1332.6224461981612
912.8224461981637
-78.5775538018392
1382.0224461981707
288.62244619815294
587.4224461981657
-436.577553801848
386.02244619816037
719.2224461981647
-1327.377553801845
-977.5775538018643
-683.5775538018464
90.2224461981607
675.6224461981526
1806.222446198194
1538.0224461981584
1274.4224461981664
1353.0224461981563
-2272.7775538018445
-673.5775538018368
1085.8224461981504
1032.0224461981543
807.8224461981517
169.4224461981532
419.22244619816735
490.62244619816045
-793.577553801847
-471.1775538018463
-937.3775538018806
-647.1775538018472
-985.5775538018432
-511.5775538018338
765.6224461981399
-352.1775538018356
-2310.777553801843
2417.622446198209
739.2224461981508
-194.17755380183982
-1398.9775538018505
960.2224461981457
-1402.9775538018484
-2082.377553801877
-353.7775538018418
-2392.3775538018126
-818.9775538018423
760.8224461981587
-766.7775538018736
-566.1775538018393
-739.1775538018271
-876.7775538018454
-511.1775538018458
-307.9775538018468
-709.9775538018367
2095.2224461981323
1100.6224461981662
-252.777553801819
-180.17755380183246
-544.9775538018499
-1278.7775538018334
-1523.777553801863
-709.5775538018404
-424.37755380184785
-1688.7775538018616
-296.17755380183746
584.6224461981642
-141.17755380184167
-2859.777553801869
2971.2224461981236
2028.4224461981755
1870.4224461981432
-554.5775538018382
-609.5775538018461
-1605.7775538018286
-2563.7775538018113
-1465.9775538018118
-1806.1775538018564
-830.5775538018484
1141.0224461981597
-640.3775538018414
-542.377553801861
778.8224461981571
-1535.1775538018521
-1658.1775538018644
-1277.1775538018207
-931.5775538018258
-952.5775538018459
-2152.1775538017287
-1569.5775538017929
-1560.5775538018488
-920.7775538018085
-1172.3775538017965
-685.1775538018331
-45.37755380184165
-1137.3775538018226
-1127.3775538018376
-237.1775538018465
1735.6224461981597
663.0224461981636
-851.9775538018547
764.2224461981682
534.8224461981598
-1299.9775538018462
-1788.5775538018595
-249.77755380184564
562.2224461981617
-1727.9775538018541
-1470.1775538018562
-1678.5775538018047
-2944.5775538018584
-1410.1775538018662
-58.777553801841904
-369.9775538018431
-462.9775538018226
-1552.7775538018318
-566.1775538018445
-1505.177553801823
-1864.3775538018635
-2458.177553801842
-1899.5775538018372
-697.5775538018031
-1328.3775538019024
-2636.9775538017884
-3615.777553801744
-3533.377553801828
-726.7775538018386
-852.9775538018401
-547.577553801846
-1267.777553801869
-780.7775538018365
-413.77755380183896
406.822446198162
-576.7775538018448
15.422446198162923
-2264.1775538018487
-1889.5775538018693
-574.1775538018446
-314.3775538018445
777.2224461981571
-1007.5775538018369
-1566.7775538018366
-998.577553801839
-1890.1775538018217
-877.3775538018265
-1744.5775538018445
-2245.7775538018363
-2778.977553801756
-2100.177553801849
-2696.1775538018373
-2190.9775538018466
-2030.1775538018214
-1188.9775538017727
-1929.9775538018152
-1478.9775538019092
-1056.9775538017896
777.8224461981504
-2496.577553801886
-1218.1775538018164
-92.37755380183987
-1255.5775538018625
-456.97755380183895
-657.3775538018388
-927.1775538018377
671.622446198143
479.6224461981586
2031.2224461981573
1071.0224461981816
-341.17755380183644
-678.9775538018445
159.0224461981634
1090.2224461981698
353.42244619816455
-2161.777553801851
-1272.3775538018629
-966.3775538018199
-1494.777553801851
-1482.177553801851
-1275.9775538018594
-1755.3775538017755
-2420.3775538018235
-3827.9775538018425
-1874.5775538018236
-2975.1775538019156
-2610.5775538018124
-2106.577553801812
-351.97755380184446
-1928.7775538019014
-1427.3775538018572
-184.77755380184522
-911.7775538018564
-151.37755380184197
-1656.3775538018153
-1043.177553801853
856.6224461981574
-877.1775538018402
-1337.3775538018444
-747.5775538018202
1776.6224461981562
197.22244619816118
-601.177553801838
243.22244619816368
1137.6224461981342
697.622446198154
1130.8224461981538
-1849.577553801863
-2814.5775538018606
-2160.177553801842
-1318.977553801838
-665.377553801818
-1456.9775538018052
-1458.977553801838
-2476.3775538018513
-3774.5775538017583
-911.7775538018724
-2240.977553801786
-2800.7775538019473
-1079.9775538017661
-739.3775538019019
-2135.7775538018363
-1975.377553801823
499.22244619816763
613.2224461981523
273.22244619816286
821.4224461981499
-188.97755380184526
1973.6224461981342
1540.4224461981478
-823.7775538018307
496.4224461981593
1481.4224461981496
1195.0224461981509
-461.57755380184375
403.22244619816223
2283.222446198161
1104.0224461981736
583.2224461981658
153.02244619815653
-2027.1775538018128
-2401.5775538017338
-1721.7775538018495
-1692.9775538018437
-1337.9775538018714
-1988.5775538018352
-1365.9775538018805
-2914.377553801827
-1161.1775538018387
-2557.5775538018347
-1450.177553801811
-1862.3775538017971
-2650.3775538019204
-2787.577553801834
-2356.3775538018826
-282.97755380183963
-264.17755380184167
689.6224461981567
368.22244619816627
604.4224461981602
1779.2224461981377
416.4224461981659
-1490.777553801832
-529.1775538018396
1062.2224461981614
1701.2224461982073
-216.7775538018508
-787.7775538018267
2725.222446198198
3096.6224461982497
-832.7775538018396
-1643.1775538018508
-2088.1775538018505
-1503.577553801813
-2768.577553801872
-1560.1775538018587
-850.9775538018341
-1744.5775538018195
-971.1775538018093
-2295.17755380188
-219.57755380185284
-2176.9775538018
-1622.5775538018404
-3487.7775538018673
-1271.3775538018467
-36.17755380183013
-1522.1775538018621
-731.9775538018515
118.82244619815788
951.6224461981489
728.8224461981647
-58.77755380184596
1125.4224461980998
1278.6224461981508
733.822446198179
-1167.3775538018515
446.8224461981524
1684.62244619816
265.2224461981587
689.6224461981682
2956.622446198117
3798.0224461981898
136.42244619815608
-54.77755380184415
-247.9775538018453
-2482.3775538018126
-3348.5775538018675
-1125.1775538018383
-2056.977553801854
-1519.1775538018856
-1182.5775538018245
-1653.5775538019104
-835.9775538018131
197.42244619815887
-1982.5775538018424
-2348.5775538018484
-502.97755380184253
-953.5775538018295
904.2224461981632
1490.2224461981527
1048.8224461981767
-601.1775538018397
-300.7775538018434
1965.4224461981487
2134.822446198168
2260.622446198152
1693.622446198173
1630.6224461981112
1316.022446198103
2039.6224461982117
233.2224461981565
992.6224461981443
2938.6224461982115
1426.6224461981521
1291.222446198153
45.622446198158286
129.62244619815874
-2243.3775538018667
-1264.377553801854
-2456.5775538018434
-2037.3775538018708
-803.9775538018317
-1081.5775538018513
-1591.777553801804
-1050.9775538018455
-796.5775538018866
-1181.977553801847
-651.7775538018516
-1411.1775538018537
-2184.377553801836
482.22244619815365
366.6224461981614
1102.0224461981518
-435.9775538018406
361.22244619816854
1824.6224461981653
1711.4224461981337
176.42244619816242
418.222446198156
352.4224461981611
56.02244619815505
1152.0224461981547
861.6224461981518
384.02244619815116
764.822446198163
59.822446198161146
1688.6224461981476
936.8224461981341
1008.8224461981692
-1755.577553801827
-840.3775538018499
-20.777553801825512
-2105.9775538018703
-1973.9775538018032
-1148.5775538018227
-1950.1775538018435
-1621.5775538018772
-2056.9775538018994
-213.7775538018405
25.22244619815867
-625.777553801858
1709.4224461981782
989.6224461981694
151.02244619816355
358.0224461981577
658.4224461981576
1825.822446198135
499.62244619815937
579.6224461981783
257.0224461981598
857.6224461981446
257.2224461981406
1030.6224461981813
2634.222446198166
1839.6224461981901
1522.4224461981735
1924.8224461981588
2225.8224461981254
1200.0224461981206
1526.222446198132
644.6224461981575
678.4224461981546
-2044.5775538018647
-1233.977553801835
-1879.577553801847
-1900.3775538018376
-1876.1775538018396
-379.17755380184286
140.8224461981626
-1849.3775538018451
-1777.1775538018408
-857.7775538018462
-299.77755380184294
352.0224461981579
840.6224461981454
306.2224461981417
-81.77755380184622
-98.97755380184647
66.42244619815907
1453.6224461981258
2038.4224461982044
1346.022446198161
2326.2224461981746
786.8224461981672
1844.8224461981604
1228.6224461981276
-84.9775538018419
1236.222446198156
270.82244619816015
831.422446198167
-756.7775538018371
137.82244619816333
1268.8224461981567
575.8224461981704
270.8224461981463
-2225.377553801865
-1894.3775538018378
-930.977553801855
-1270.577553801842
-1129.3775538018194
-1129.777553801845
-992.177553801844
-1432.1775538018321
-962.7775538018454
539.4224461981538
526.622446198152
1001.2224461981616
911.8224461981619
-146.37755380184547
96.22244619816132
-43.777553801832184
1983.2224461981607
2314.422446198165
-234.77755380184234
589.0224461981708
104.62244619816173
439.222446198154
1188.222446198156
1597.0224461981486
692.2224461981458
-1007.1775538018497
400.222446198181
-3.9775538018474705
1817.8224461981772
984.6224461981604
-210.77755380184186
1814.0224461981575
-1201.7775538018475
-1320.97755380183
648.4224461981603
2508.422446198151
1235.4224461981516
-227.57755380183866
1138.222446198142
-545.5775538018446
-569.377553801849
1320.4224461981846
1401.022446198147
618.6224461981637
1313.4224461981537
1227.622446198147
250.82244619816498
-532.9775538018445
-375.7775538018429
-156.5775538018445
-696.97755380183
1462.4224461982171
-772.3775538018474
529.0224461981621
-102.97755380184572
151.0224461981579
-695.7775538018425
-889.7775538018351
623.8224461981594
-1518.9775538018432
2972.222446198138
2198.0224461981848
-665.577553801836
1076.8224461981313
-986.9775538018482
931.8224461981409
2390.222446198174
2824.4224461981544
2158.822446198167
2536.6224461981415
1611.2224461981602
494.82244619815776
1034.2224461981646
57.82244619816289
1907.4224461981503
1391.0224461981206
-369.17755380184207
-108.97755380184094
-942.977553801825
-118.57755380183539
-1409.3775538018288
-1718.777553801859
741.6224461981584
1874.4224461981785
-350.17755380184707
726.4224461981593
-754.3775538018359
-28.977553801839377
-328.1775538018406
-617.7775538018473
585.4224461981553
-399.97755380184157
284.42244619816927
1185.0224461981381
1317.8224461981529
1088.222446198137
-690.1775538018459
2760.6224461982065
3797.2224461981737
5100.62244619818
2165.2224461981773
3118.6224461981637
3042.422446198128
749.0224461981543
190.82244619816052
683.4224461981556
837.82244619816
1457.2224461981398
68.82244619816285
-1506.7775538018257
-1817.9775538018505
-299.3775538018441
-1072.177553801838
-2202.777553801894
-498.97755380183617
-623.7775538018411
96.42244619816117
-828.3775538018264
-582.5775538018514
-310.57755380184955
-1190.777553801844
-2875.7775538018163
-1229.777553801843
723.0224461981581
1499.2224461981855
-649.7775538018403
2137.622446198166
-434.57755380184113
720.8224461981583
2261.622446198174
3074.422446198127
5922.0224461982125
3806.4224461981776
4498.822446198134
2130.022446198198
2096.022446198097
712.2224461981525
326.82244619818374
802.0224461981642
799.0224461981601
-141.1775538018424
-954.1775538018451
-2443.9775538018353
-1398.9775538018441
-682.9775538018362
-123.37755380184029
347.02244619815525
-269.37755380183677
2044.4224461982008
884.222446198161
1415.822446198174
338.2224461981593
-1204.7775538018452
-1603.3775538018265
-544.5775538018471
403.0224461981505
2772.8224461981476
228.22244619816928
1860.022446198141
536.2224461981642
289.0224461981589
3038.0224461980765
2376.6224461981546
3380.622446198136
1589.822446198126
3550.0224461981984
2037.0224461981359
2552.822446198136
65.02244619813668
1840.8224461982004
3099.2224461980773
118.22244619816989
-768.7775538018448
-253.9775538018424
-760.7775538018366
-925.5775538018323
-1473.5775538018336
-2040.9775538018278
239.82244619816643
-1412.9775538018346
1333.0224461981559
27.222446198159034
213.22244619815822
-923.9775538018463
-1273.5775538018388
-427.57755380184966
-654.1775538018278
173.42244619815705
1971.422446198139
2018.8224461981486
1746.6224461980912
350.8224461981561
-506.17755380184025
2443.822446198246
1088.8224461981697
2681.0224461981534
2517.8224461981163
3561.2224461981955
514.0224461981624
739.2224461981716
-762.7775538018436
1032.0224461981772
466.6224461981537
-425.9775538018354
-1060.3775538018172
-1177.7775538018595
-738.9775538018363
-564.1775538018372
-977.1775538018424
-945.3775538018201
-57.377553801842886
-94.97755380183648
1172.8224461981622
-33.37755380184351
-190.3775538018527
-1003.1775538018411
-618.9775538018463
-363.37755380184115
-1127.7775538018336
-546.5775538018175
1469.8224461981465
1988.8224461981438
-273.7775538018389
-654.3775538018391
251.42244619817083
1473.4224461981714
526.0224461981338
2155.6224461981637
1571.6224461982158
2856.2224461981536
1182.8224461981642
1185.8224461981545
534.2224461981839
495.42244619815114
-941.5775538018357
1042.0224461981447
1403.6224461981649
398.6224461981632
-301.9775538018416
-804.5775538018394
-634.377553801845
-568.1775538018418
1091.0224461981588
834.0224461981484
-884.9775538018447
-897.5775538018291
-2233.3775538018244
-2092.5775538018056
-953.9775538018434
-846.5775538018312
-764.7775538018494
-61.57755380184638
295.022446198161
1341.62244619818
49.622446198157284
-547.977553801845
1134.6224461981722
139.22244619815365
279.0224461981552
30.42244619816269
282.42244619815796
1084.422446198154
1286.8224461981629
21.022446198164914
-761.777553801845
-805.1775538018358
-12.177553801836968
1455.82244619818
1433.2224461981668
140.42244619815864
71.62244619816035
-1335.777553801865
-1812.7775538018782
-1019.7775538018406
-82.17755380184067
-295.7775538018355
-627.7775538018348
-260.17755380183894
-1336.5775538018358
-2699.9775538018434
-957.7775538018363
-970.977553801837
-272.3775538018416
92.6224461981683
-199.37755380183458
90.4224461981558
-458.57755380184284
-769.37755380184
-307.9775538018442
-259.77755380185533
885.2224461981417
842.6224461981736
-586.1775538018427
-544.5775538018389
-587.5775538018466
-560.9775538018445
-1478.3775538018126
-44.57755380183956
-337.37755380184694
306.222446198157
889.0224461981654
313.02244619816696
489.4224461981496
646.8224461981604
-1009.7775538018394
-670.377553801848
-893.5775538018519
280.62244619815704
-1190.9775538018441
1135.422446198147
258.8224461981616
-3030.577553801835
943.8224461981573
-595.7775538018434
-207.37755380186027
-360.97755380184236
-511.377553801854
483.62244619816937
175.022446198159
-602.177553801837
-1028.577553801836
380.62244619817136
470.8224461981564
1075.8224461981563
-990.977553801835
691.2224461981635
976.8224461981691
-779.3775538018432
-1893.9775538018446
33.62244619815747
-314.57755380183704
-672.9775538018415
757.222446198166
-402.57755380184346
-1032.5775538018374
-410.1775538018382
-1631.7775538018388
-1252.3775538018233
39.62244619815921
899.6224461981681
-733.7775538018543
365.8224461981591
-560.1775538018476
-2621.9775538018325
-383.37755380184103
-980.9775538018201
-781.1775538018417
-1304.1775538018571
-861.5775538018381
791.4224461981686
-940.9775538018283
-1761.5775538018324
-251.17755380185127
578.4224461981678
-802.7775538018436
271.6224461981592
-823.9775538018445
678.4224461981694
1044.2224461981416
-1694.1775538018458
-154.37755380184726
195.82244619815773
1415.8224461981624
357.6224461981559
-923.9775538018378
-1238.7775538018413
-1038.1775538018387
-2330.1775538018
-1101.3775538018313
-346.57755380183914
902.8224461981569
288.8224461981507
498.02244619816463
-225.17755380184076
-700.1775538018429
-1613.1775538018585
-1002.3775538018328
-1628.977553801846
-903.7775538018273
-1233.3775538018622
-192.97755380184086
450.4224461981627
398.6224461981564
723.0224461981549
189.42244619815932
479.22244619813915
849.4224461981509
1763.422446198182
-414.1775538018403
492.4224461981586
-165.77755380184203
-1963.3775538018558
816.222446198156
50.02244619815983
602.2224461981576
1257.2224461981648
738.2224461981571
-647.1775538018464
-654.5775538018438
-2296.977553801873
-368.9775538018506
177.42244619815415
1225.2224461981539
1204.2224461981689
2533.0224461982
1131.022446198171
-82.97755380184046
-39.37755380183966
1540.6224461981978
-399.7775538018389
735.8224461981562
1128.2224461981427
-574.5775538018394
155.02244619816932
1888.8224461981442
523.2224461981623
443.222446198169
208.22244619815825
695.622446198155
1388.42244619816
640.4224461981732
207.62244619815448
-1116.3775538018517
1047.8224461981797
3103.4224461981385
1449.4224461981946
526.0224461981585
59.62244619815646
749.2224461981664
1204.8224461981865
894.4224461981369
-15.577553801834167
43.22244619816001
756.2224461981585
944.2224461981572
2483.822446198153
3041.2224461981396
591.8224461981252
856.2224461981682
710.4224461981712
-5.377553801839294
1741.8224461981447
1744.8224461981608
1588.4224461981516
832.4224461981498
237.02244619815013
745.2224461981301
2656.622446198123
1134.8224461981617
-266.97755380184464
2613.0224461981616
1436.2224461981318
1939.2224461981339
2351.0224461981634
128.02244619815886
349.62244619815226
137.82244619814836
34.42244619815347
-28.97755380184531
-74.37755380183845
383.22244619815666
2185.4224461981617
2218.6224461981396
248.42244619815037
1313.622446198146
882.0224461981722
-159.77755380183893
3006.4224461982167
-570.3775538018411
-264.57755380184096
646.2224461981384
-881.9775538018391
-1342.3775538018458
1771.2224461981505
696.2224461981325
689.4224461981531
1338.4224461981123
266.6224461981625
309.22244619816576
2144.6224461981446
2077.4224461981325
1309.4224461981353
2202.622446198139
323.6224461981665
-1006.777553801857
-119.5775538018401
-1087.37755380185
632.222446198151
765.8224461981364
1556.0224461981463
1062.8224461981538
-642.3775538018408
539.222446198143
396.622446198152
524.6224461981501
636.8224461981596
1732.0224461981475
580.6224461981608
-1234.7775538018586
1401.2224461981587
481.42244619816074
1166.8224461981513
519.2224461981451
-893.1775538018449
-1731.9775538018403
-903.977553801842
-720.3775538018534
116.6224461981565
-292.9775538018383
-1099.1775538018371
-1294.777553801827
1338.822446198172
-613.9775538018458
-474.77755380184306
493.4224461981571
-187.37755380183924
-2257.5775538018524
-2406.5775538018283
-1065.5775538018613
566.8224461981558
520.4224461981478
405.42244619815585
-944.5775538018396
-1176.3775538018501
710.8224461981272
-135.17755380185602
112.62244619815255
227.02244619816025
243.02244619815437
527.2224461981538
-82.17755380183847
1089.8224461981536
273.2224461981662
468.02244619815133
-523.7775538018385
474.22244619816496
431.6224461981626
-710.9775538018416
23.022446198160935
-31.777553801837744
-1448.3775538018397
127.42244619815544
1011.6224461981866
880.4224461981497
-515.5775538018487
-1576.5775538018643
-836.9775538018378
385.0224461981652
-1801.1775538018562
-1094.977553801845
-783.3775538018355
-370.3775538018351
-632.1775538018468
661.8224461981523
-353.5775538018443
196.4224461981595
291.8224461981594
-924.9775538018441
73.62244619815814
-201.3775538018528
-883.1775538018293
582.6224461981492
-141.97755380184043
-562.7775538018344
25.82244619816782
-552.7775538018462
945.4224461981719
1071.8224461981742
-875.7775538018303
-408.77755380184254
-2.177553801845967
-861.3775538018422
-1265.3775538018265
-1309.3775538018579
-240.37755380184473
57.622446198157206
6.622446198157791
-1494.3775538018635
-1806.7775538018404
-2372.37755380186
-1799.9775538018428
858.2224461981504
-97.57755380184047
-1450.7775538018514
-950.3775538018378
955.6224461981741
330.6224461981507
857.6224461981544
1046.2224461981657
-796.9775538018041
412.22244619815643
-815.7775538018377
-1048.5775538018609
720.8224461981534
773.0224461981588
790.6224461981578
1076.6224461981503
-270.3775538018453
541.6224461981608
196.02244619815974
807.6224461981689
1282.8224461981586
-410.377553801837
515.4224461981576
519.4224461981587
765.4224461981555
542.022446198185
1493.4224461981673
404.2224461981571
342.0224461981622
1450.4224461981553
-1352.777553801862
-761.1775538018645
344.2224461981525
512.2224461981646
-102.37755380183806
-26.777553801844434
903.022446198157
932.622446198142
167.8224461981591
1055.6224461981776
309.22244619815723
-133.77755380184163
-797.9775538018321
-1099.777553801857
-419.9775538018461
-1290.3775538018476
-1626.577553801834
1316.022446198146
-100.57755380184449
-271.9775538018415
-567.9775538018441
795.6224461981645
-1249.5775538018245
-975.1775538018487
1323.6224461981417
-488.37755380184734
371.02244619815724
894.2224461981547
-1034.777553801844
-1059.3775538018454
-1008.7775538018348
873.2224461981796
1566.4224461981496
1239.422446198163
520.6224461981409
2998.222446198107
1642.022446198137
572.8224461981623
1033.8224461981642
521.0224461981376
-598.377553801848
-397.3775538018413
126.82244619815967
-68.17755380184184
-1556.7775538018234
-868.577553801846
-774.7775538018377
-755.577553801807
-2069.1775538018533
281.82244619815305
281.62244619815715
1140.0224461981222
-164.17755380184246
-738.1775538018461
-1764.5775538018715
-1623.577553801846
161.0224461981572
-315.3775538018473
486.2224461981611
1655.4224461981469
-892.9775538018449
-503.1775538018479
1299.222446198139
589.2224461981426
486.42244619815455
1439.6224461981753
1673.2224461981268
1038.422446198146
-755.7775538018358
375.422446198157
1157.6224461981521
1064.8224461981522
5.622446198158755
53.42244619815529
211.6224461981569
-1215.177553801833
-1165.5775538018443
-483.37755380182807
1084.8224461981533
433.6224461981582
-803.1775538018203
-1883.9775538018375
-566.5775538018505
-1304.7775538018332
-1659.1775538018383
161.02244619815812
494.22244619815854
-775.3775538018483
188.02244619815536
-214.37755380184387
-926.9775538018303
-334.37755380184143
-54.57755380184071
112.02244619817047
1303.0224461981634
761.2224461981559
1869.6224461981546
1956.6224461981524
762.6224461981777
-782.3775538018466
-165.3775538018402
1020.6224461981616
616.4224461981588
-34.177553801842336
-1667.7775538018252
-2712.7775538018477
-455.5775538018386
64.82244619815745
564.0224461981629
-692.3775538018265
-210.57755380183846
-64.37755380184292
375.02244619816383
-2117.5775538017974
-90.37755380184325
-1540.3775538018447
-1107.1775538018405
363.4224461981585
-112.37755380183961
858.8224461981663
-315.177553801848
-220.1775538018417
774.6224461981506
-22.97755380184436
415.6224461981704
-222.377553801851
152.22244619816342
-492.37755380183773
45.42244619816623
516.4224461981812
310.0224461981723
469.42244619813573
639.6224461981374
-713.5775538018429
-457.3775538018464
1030.6224461981344
2389.422446198236
-1529.5775538018581
123.82244619816106
2335.022446198166
1118.2224461981555
1332.6224461981515
1301.6224461981585
311.422446198173
935.4224461981656
-983.3775538018231
1140.2224461981514
677.222446198159
-263.57755380184824
-319.7775538018479
-2.577553801844237
558.2224461981633
362.2224461981553
-909.577553801838
209.22244619815424
1057.02244619814
1119.4224461981746
434.0224461981736
286.62244619815897
-52.37755380184319
76.02244619815319
-1023.5775538018564
632.8224461981538
-223.5775538018397
-34.17755380184194
89.022446198162
1074.8224461981551
-208.77755380184152
-311.17755380183974
137.2224461981557
359.42244619816495
2215.222446198169
330.42244619815267
-21.57755380184185
1432.8224461981386
-660.9775538018422
-1496.177553801868
-2815.9775538018366
-399.37755380182614
-1267.3775538018658
-997.1775538018408
-264.9775538018384
-226.97755380183833
-488.777553801831
907.0224461981471
-1093.3775538018317
-1351.1775538018169
687.6224461981453
1681.2224461981411
1379.6224461981362
505.4224461981671
969.4224461981225
878.0224461981544
-121.77755380183686
2463.0224461981265
1358.8224461981683
988.4224461981573
2205.6224461981164
1739.8224461981085
-216.97755380183918
-1005.377553801847
632.4224461981846
1441.222446198169
1232.4224461981496
1559.8224461981458
-277.77755380184647
572.0224461981579
-234.77755380183984
-2095.9775538018544
-1258.1775538018494
-580.177553801821
683.8224461981614
431.8224461981583
961.8224461981592
1.222446198161352
-622.57755380185
761.6224461981633
1247.4224461981719
-93.77755380183225
916.4224461981628
2025.4224461981105
1270.822446198181
1326.0224461981725
999.6224461981541
1823.0224461981675
362.62244619816204
1934.4224461981648
1582.8224461981363
2396.8224461980935
1060.0224461981622
658.0224461981638
-616.9775538018591
-1786.3775538018572
-65.97755380184168
611.8224461981459
1080.0224461981463
651.4224461981564
-471.9775538018431
-929.5775538018504
-2695.177553801799
-3663.377553801857
-823.377553801827
-353.97755380183696
1453.2224461981411
611.0224461981735
-707.9775538018521
-412.77755380183544
558.4224461981421
-376.7775538018433
-43.5775538018362
-74.7775538018383
1984.6224461981649
1337.0224461981265
1790.222446198145
2188.4224461981817
1187.0224461981395
1831.422446198142
413.02244619816463
1996.2224461981389
747.2224461981751
1050.4224461981623
-1161.577553801845
1158.2224461981511
917.0224461981799
-2241.5775538018283
-2369.3775538018326
-909.1775538018505
115.62244619815542
378.6224461981763
-1743.777553801844
-1026.5775538018497
-708.1775538018346
-757.5775538018337
-975.7775538018471
-1400.9775538018473
168.62244619816119
-887.1775538018378
-926.9775538018525
-931.9775538018381
594.8224461981549
31.02244619815677
938.0224461981569
1393.422446198169
1064.622446198149
623.8224461981704
1608.0224461982177
109.02244619816086
727.6224461981478
729.0224461981463
410.6224461981714
1277.6224461981903
2103.422446198152
-61.57755380184094
-579.5775538018421
705.82244619816
-626.5775538018377
221.22244619816348
-432.3775538018398
-234.77755380183334
-663.1775538018378
320.4224461981582
1004.0224461981638
657.2224461981647
637.6224461981614
555.2224461981552
2546.6224461981556
96.02244619815949
-121.17755380183607
-1237.3775538018426
-628.1775538018436
-461.5775538018456
-1185.1775538018348
286.4224461981585
-803.1775538018344
265.62244619815397
-167.57755380184187
1631.8224461981551
374.22244619817087
-408.9775538018503
1016.8224461981689
972.4224461981595
230.22244619815734
949.0224461981664
1178.4224461981698
1120.0224461981375
1144.222446198128
-958.7775538018517
-2719.17755380187
865.0224461981477
11.222446198159776
314.82244619814367
-78.3775538018381
1083.8224461981595
762.6224461981591
436.82244619815845
-1298.977553801876
-1010.7775538018218
411.4224461981662
-1576.777553801826
-1540.3775538018551
-1252.3775538018049
-1494.5775538018293
-898.1775538018525
-1422.3775538018572
-384.77755380184095
-779.9775538018289
26.422446198167364
-1203.7775538018432
478.0224461981624
1251.6224461981649
-820.9775538018315
-452.37755380183364
626.2224461981588
-191.77755380184
8.022446198164745
-716.3775538018413
1593.6224461981717
1618.0224461981713
-726.3775538018535
742.0224461981568
891.6224461981668
33.62244619815028
-859.7775538018469
-255.57755380184398
757.6224461981651
-1554.377553801827
-1389.7775538018282
-1334.3775538018199
-824.3775538018425
-275.777553801838
-295.37755380182904
318.4224461981559
-723.9775538018602
-546.1775538018335
691.0224461981558
525.6224461981658
-801.9775538018392
712.4224461981746
-196.97755380184205
366.22244619816513
-1356.7775538018175
-241.17755380185795
-594.9775538018448
-274.97755380183366
-1092.7775538018464
315.22244619816973
969.222446198148
-1252.3775538018394
-457.5775538018429
309.02244619816355
-652.9775538018381
-1014.3775538018355
-102.57755380184322
152.62244619815974
-916.777553801857
-1601.7775538018261
-1598.9775538018596
-967.9775538018428
-762.9775538018362
-743.977553801844
-158.1775538018398
1182.8224461981606
621.8224461981654
-1871.9775538018703
-2828.777553801765
-282.5775538018437
-631.977553801835
-29.777553801845833
-1909.3775538018665
-740.5775538018357
112.22244619816286
-56.77755380184034
400.42244619815267
-762.1775538018386
-192.57755380183295
286.02244619815184
-1110.777553801849
-1235.7775538018432
-894.5775538018507
-373.1775538018434
-653.3775538018356
-171.57755380182866
73.62244619816033
-1605.3775538018583
-325.5775538018394
768.0224461981605
-867.9775538018424
-816.9775538018415
-873.1775538018478
795.2224461981642
642.0224461981569
-2583.977553801832
-2444.777553801863
1421.4224461981541
-647.7775538018337
-1302.5775538018938
-355.37755380182716
320.2224461981572
-737.1775538018394
768.8224461981583
-866.9775538018409
472.2224461981433
-62.37755380184392
-708.5775538018394
2203.822446198149
371.02244619815446
-335.17755380183615
418.8224461981611
981.0224461981529
-1348.777553801832
-1497.1775538018196
1315.0224461981657
-168.5775538018401
-273.3775538018363
1123.2224461981612
-216.37755380184456
-668.7775538018393
781.8224461981637
618.2224461981618
235.4224461981635
374.22244619816627
404.0224461981484
-330.5775538018433
-2309.5775538018493
-405.7775538018437
597.8224461981616
264.82244619815486
-982.9775538018489
-33.97755380184448
458.2224461981588
957.8224461981571
1674.222446198146
-1737.7775538018384
1351.0224461981584
1211.0224461981554
-1468.377553801856
610.6224461981512
-547.777553801842
365.2224461981591
357.422446198168
-557.5775538018398
-2424.7775538018172
-1135.3775538018306
35.82244619815938
-471.7775538018368
109.02244619816106
-461.7775538018401
814.2224461981575
621.2224461981606
-865.3775538018425
297.42244619816023
-199.77755380183683
1540.0224461981522
807.0224461981567
-934.5775538018427
-34.577553801840494
1281.222446198148
396.02244619816315
332.22244619816263
-1554.1775538018167
-447.7775538018421
1210.6224461981649
1999.0224461981281
1587.0224461981888
-1476.7775538018334
-2045.3775538018353
-665.9775538018541
-339.97755380184753
-703.5775538018443
-2631.7775538018377
-552.5775538018335
-1412.9775538018373
-526.7775538018456
-3447.577553801912
-1854.3775538018433
94.82244619815683
-978.1775538018412
-1319.1775538018696
-751.1775538018499
214.42244619815526
1063.2224461981432
64.62244619815688
-604.1775538018403
-255.7775538018473
2157.422446198161
1882.8224461981756
-1611.3775538018792
-1037.1775538018223
-1035.1775538018187
504.62244619813816
-1308.7775538018338
-1150.1775538018373
-669.3775538018272
262.0224461981612
-496.77755380184277
-1.7775538018359
-445.7775538018486
-970.7775538018197
-2218.377553801801
590.0224461981536
-2105.5775538018356
-2001.7775538018545
-2098.9775538018125
-3029.7775538018154
-536.577553801845
-2498.9775538018603
-690.7775538018617
-1329.577553801826
-42.17755380184676
-674.9775538018176
-1194.9775538018698
95.82244619815688
953.4224461981615
448.82244619815714
307.2224461981561
-805.3775538018335
757.6224461981632
1477.022446198153
-7.7775538018429735
-353.1775538018431
-1134.1775538018692
798.8224461981582
-991.3775538018348
61.82244619815543
-11.577553801841773
-184.77755380184198
131.82244619816305
79.42244619815986
-668.3775538018356
865.8224461981453
-1541.777553801837
113.02244619815474
-1216.377553801852
-2391.777553801832
-353.7775538018374
-2435.977553801822
-1582.1775538018355
-3775.977553801858
-1199.5775538018415
-655.1775538018621
826.822446198155
-1381.1775538018276
80.42244619816152
2619.8224461981877
363.22244619815757
263.02244619815946
1560.8224461981363
842.8224461981653
908.6224461981622
-102.57755380184119
-1925.1775538018378
-438.9775538018353
-1708.1775538018578
37.42244619815668
-2091.9775538018303
-1082.5775538018243
375.8224461981461
661.6224461981756
1389.8224461981677
223.4224461981583
-651.5775538018415
1000.2224461981555
412.02244619815707
328.82244619816487
-404.1775538018427
-2115.3775538018367
-260.7775538018393
-2606.177553801864
-1235.9775538018787
-2880.377553801864
-739.5775538018237
-1638.3775538018826
-839.5775538018389
-2398.17755380185
-416.5775538018453
168.4224461981603
-1007.9775538018572
-977.7775538018517
-67.77755380184306
628.0224461981517
1316.4224461981685
259.62244619815414
-946.5775538018328
-457.77755380186414
-405.3775538018423
420.82244619815884
-1787.7775538018202
-925.3775538018633
1041.8224461981642
1615.6224461981703
966.4224461981073
-332.5775538018417
-1119.177553801862
1027.6224461981583
869.2224461981484
-1609.9775538018614
-1013.9775538018373
-975.1775538018443
-720.9775538018375
-2157.177553801849
31.822446198159472
-2303.7775538018686
-163.17755380183948
-316.3775538018516
154.82244619815748
-149.17755380184286
962.6224461981351
-585.7775538018494
51.222446198164235
-75.1775538018401
-383.57755380184193
42.42244619815671
782.6224461981541
339.4224461981604
-989.5775538018479
-355.3775538018372
-340.577553801868
-1491.777553801808
-1885.5775538018847
-1745.9775538018864
186.42244619816415
1781.6224461981583
951.6224461981536
191.0224461981595
15.622446198163015
119.42244619815654
653.8224461981926
-669.1775538018446
-451.77755380184186
350.8224461981513
-970.9775538018437
-1364.977553801862
-951.5775538018437
-1723.3775538018717
-676.9775538018379
464.02244619815724
-452.1775538018411
-659.977553801844
43.022446198156175
489.22244619816576
1165.0224461981388
228.02244619815997
-440.777553801846
554.4224461981516
503.8224461981582
11.422446198173962
-717.1775538018419
-1123.5775538018556
-890.5775538018373
-743.977553801855
-661.3775538018303
-174.77755380183595
-141.7775538018444
1999.2224461981402
1509.0224461981438
1288.2224461981518
768.8224461981546
-337.7775538018455
18.822446198161565
192.42244619815875
237.42244619816287
142.82244619816245
-283.177553801838
-68.37755380183968
868.0224461981556
-717.5775538018615
-1045.7775538018286
-433.3775538018438
47.42244619815645
-307.5775538018463
1022.4224461981745
-152.37755380184058
186.42244619816424
318.6224461981668
1002.8224461981428
2127.6224461981215
2856.8224461981567
1248.422446198174
447.8224461981525
-835.9775538018288
261.4224461981588
-610.1775538018494
923.0224461981538
1387.82244619815
-461.97755380184486
3222.6224461981064
1687.6224461981478
1387.422446198176
546.6224461981668
-336.5775538018415
716.2224461981566
1455.822446198157
1102.2224461981587
-110.97755380184377
822.2224461981551
683.0224461981563
1908.4224461981992
-1.177553801845466
1188.8224461981536
1628.822446198178
587.022446198159
-43.97755380184157
1783.6224461981594
150.62244619816016
-669.9775538018463
839.8224461981599
1029.4224461981548
1246.822446198165
2036.422446198165
499.2224461981528
-622.7775538018417
-536.9775538018348
528.2224461981513
-945.9775538018315
-91.17755380184659
66.42244619815799
-1061.9775538018391
1558.6224461981628
1055.2224461981516
341.2224461981559
-738.3775538018314
-1404.977553801842
483.6224461981629
-10.777553801845823
-181.77755380184576
-109.7775538018395
-393.9775538018454
-1158.3775538018613
547.4224461981604
-135.9775538018398
911.4224461981615
848.6224461981615
-1236.7775538018395
674.0224461981618
1549.822446198138
1352.022446198145
61.422446198155995
-576.57755380184
491.4224461981614
936.2224461981648
-650.5775538018219
-115.77755380184283
-754.777553801836
-55.17755380184289
-496.3775538018408
-2341.3775538018754
-2474.1775538018746
-1563.5775538018274
-1232.177553801862
259.4224461981595
195.0224461981618
-21.97755380182697
-754.1775538018262
-831.7775538018269
-308.9775538018569
275.02244619815895
921.6224461981471
147.62244619814632
-870.977553801847
-729.1775538018525
412.0224461981583
-1295.5775538018404
-608.5775538018471
-1476.377553801832
-2802.7775538019014
-231.5775538018459
-462.57755380185154
-379.5775538018281
58.82244619815772
345.22244619816234
-172.37755380184296
-361.1775538018498
-2023.5775538018866
-1305.7775538018525
-1333.5775538018725
-616.1775538018404
-875.7775538018708
-2067.3775538018026
-2910.777553801813
-2315.777553801821
-618.1775538018394
812.4224461981476
-1028.1775538018426
-201.5775538018354
-51.17755380184478
-2257.5775538018397
-1940.3775538018144
194.82244619815253
-963.3775538018594
-719.9775538018511
-1568.9775538018687
-1060.3775538018472
-221.77755380183135
-670.1775538018171
-1271.377553801836
-2571.1775538019056
-105.97755380184664
1261.2224461981368
-265.17755380184445
-1097.1775538018628
-1575.377553801822
-151.1775538018403
873.2224461981618
-93.57755380183723
-1302.5775538018331
-1901.777553801828
-1309.777553801833
-2200.777553801844
-1492.9775538018487
