-250.17755380183576
1550.222446198168
-375.37755380183637
771.4224461981705
1240.2224461981566
-265.9775538018412
415.4224461981613
-1115.977553801849
-1436.3775538018601
-1571.5775538018418
-1371.5775538018581
-311.97755380185004
1483.2224461981486
599.0224461981556
-1749.777553801876
-519.7775538018413
-1539.777553801882
23.622446198150996
789.0224461981603
-66.37755380185196
1041.2224461981643
-417.7775538018334
-316.3775538018263
441.42244619817046
-298.7775538018372
-367.5775538018354
1220.0224461981454
-8.777553801838929
-3144.77755380179
-1572.777553801847
691.6224461981641
-355.1775538018412
2058.8224461981713
-658.9775538018413
-222.97755380183807
764.2224461981533
-28.777553801845734
-706.1775538018137
1440.8224461981558
-1348.977553801851
-1746.577553801842
-541.977553801838
-807.7775538018727
-1334.9775538018941
-80.77755380184132
1091.8224461981388
26.42244619815876
182.62244619816252
-1173.7775538018523
-1899.5775538019093
-845.3775538018617
-1488.977553801854
301.62244619817045
-581.1775538018316
-0.5775538018364923
-132.97755380186288
-1727.977553801912
-219.377553801875
-602.377553801853
-1850.3775538018986
-2275.7775538018473
-845.9775538019134
-51.777553801836234
-1890.1775538018614
373.6224461981677
1775.0224461981552
1696.0224461981836
1496.2224461981575
791.8224461981625
191.02244619816133
658.6224461981603
44.822446198158595
351.0224461981611
-592.377553801846
-1064.1775538018617
-2206.177553801852
-496.77755380186227
-1202.777553801837
-7.977553801838756
868.8224461981954
1225.8224461981683
-136.97755380184597
-1194.1775538018555
-1566.977553801851
-723.7775538018229
-772.3775538018482
-1218.7775538018532
-2308.377553801897
-1722.7775538018423
304.6224461981636
209.82244619816794
77.22244619815827
-902.3775538018505
-751.1775538018674
216.2224461981586
-310.5775538018424
854.0224461981458
-25.777553801833818
157.4224461981596
-482.17755380184093
555.8224461981583
1141.6224461981515
534.2224461981492
980.4224461981506
539.2224461981504
-1033.3775538018617
16.622446198167445
348.0224461981628
-1064.777553801864
-1676.5775538018802
-1453.9775538018748
158.42244619816108
2797.422446198149
1550.0224461981318
1285.2224461981757
-835.5775538018272
-1171.7775538018345
-1503.5775538018406
-965.7775538018533
-2100.9775538018685
-572.5775538018338
368.02244619816474
-341.177553801845
465.62244619816033
377.8224461981651
-731.9775538018401
18.622446198159636
-555.3775538018509
-975.9775538018555
-1409.1775538018273
-2142.777553801845
-302.5775538018411
-114.17755380184049
-1091.5775538018465
226.82244619816836
796.0224461981295
19.02244619816067
115.62244619815668
-1489.3775538018565
-1183.7775538018439
-1279.3775538018397
-1414.977553801856
-1710.777553801835
-222.1775538018419
142.22244619815893
1954.0224461981534
3078.2224461981627
-133.77755380184027
-2195.977553801844
-2360.177553801872
-1932.3775538018492
-2159.177553801827
-893.9775538018447
-469.9775538018478
-1235.7775538018427
904.6224461981533
1235.8224461981727
-88.17755380183728
1245.4224461981316
1290.0224461981647
911.0224461981574
-274.97755380184424
-2235.77755380183
-1002.9775538018467
-1005.3775538018477
576.022446198153
1122.4224461981605
-300.1775538018415
1017.4224461981271
2054.6224461981587
805.2224461981621
-462.5775538018459
1127.4224461981619
100.62244619815225
290.0224461981674
1475.02244619816
-1915.5775538018745
-375.9775538018275
162.8224461981646
-235.97755380183554
-1271.7775538018411
-1460.7775538018207
-1325.1775538018449
-355.5775538018396
272.22244619816036
647.2224461981546
308.82244619816095
1492.0224461981406
1740.6224461980792
1135.0224461981343
1432.022446198144
783.0224461981685
-1497.9775538018346
-620.777553801835
-1674.377553801841
-1899.3775538018574
-1499.7775538018439
2023.622446198126
-338.37755380184194
-724.7775538018423
2153.2224461982096
398.02244619813416
669.6224461981648
304.82244619816237
-1339.377553801833
-978.1775538018449
-903.1775538018593
-283.97755380184066
134.42244619815878
-584.3775538018625
-1667.3775538018529
1387.622446198148
65.42244619815884
-591.3775538018344
-10.77755380184188
1048.6224461981647
1643.2224461981634
557.0224461981633
323.02244619816395
1362.0224461981866
1266.82244619816
1619.8224461981463
1168.022446198149
1518.422446198139
-1679.777553801799
372.62244619815715
-45.17755380183799
678.2224461981546
204.4224461981668
1037.0224461981402
508.02244619815696
-530.1775538018469
1540.2224461981145
1716.0224461981802
1301.822446198169
942.2224461981447
-1324.5775538018445
437.02244619816037
2455.4224461981516
148.622446198164
192.8224461981613
-87.3775538018412
-1275.7775538018295
-1217.7775538018643
-1741.1775538018112
-1257.9775538018384
-777.7775538018503
2222.4224461981357
1726.2224461981828
628.6224461981673
1059.6224461981801
-196.97755380183838
1073.0224461981588
1164.4224461981446
1929.2224461981434
1288.8224461981522
-43.377553801857125
231.022446198161
-383.9775538018276
-1436.7775538018702
-448.37755380186127
1136.2224461981684
1589.0224461981393
-406.17755380183416
1166.8224461981824
1527.0224461981497
11.022446198167934
-176.37755380183677
1388.0224461981259
1991.4224461981469
1570.4224461981692
613.8224461981528
2273.4224461981617
1134.622446198161
247.02244619815656
460.42244619814164
1750.8224461981201
1760.8224461981113
1379.2224461981596
1393.2224461981916
-185.7775538018314
-1334.5775538018497
1086.0224461981613
513.8224461981678
1467.0224461981722
273.42244619814903
-707.5775538018414
188.42244619816145
1468.8224461981788
-1261.7775538018545
-1511.777553801857
-2593.377553801783
-712.37755380183
876.6224461981598
-249.17755380183763
515.022446198136
167.62244619816104
366.62244619815493
2287.0224461981948
937.8224461981505
1280.4224461980557
-126.57755380183181
30.022446198157994
100.8224461981439
1506.622446198157
1923.6224461981612
2791.822446198142
3156.022446198162
3480.0224461981866
1573.2224461981211
1699.8224461981913
1813.0224461980845
4080.022446198086
431.6224461981463
-63.57755380183939
1237.8224461981372
358.6224461981643
287.4224461981577
-779.7775538018514
-3.7775538018395363
1879.6224461981876
-678.9775538018439
80.62244619815972
291.22244619815734
364.82244619816
691.222446198157
85.82244619815931
-283.9775538018346
843.6224461981408
14.222446198165187
2903.8224461981104
3200.8224461981467
938.0224461981284
-367.7775538018465
1030.0224461981477
2278.2224461981755
1703.8224461981647
1383.6224461981758
2819.822446198124
918.022446198172
2213.022446198169
1421.2224461981057
2126.4224461981516
1038.022446198143
1971.222446198166
1342.422446198149
-2097.1775538018364
-1141.3775538018365
-1988.9775538018782
-2097.5775538018706
-303.97755380183935
-426.7775538018414
-254.5775538018385
-1697.7775538018145
-330.7775538018559
-731.1775538018635
-429.3775538018203
146.82244619815523
-811.5775538018445
-1797.9775538018437
1037.22244619816
-351.37755380184205
960.822446198159
2166.422446198161
1345.8224461981586
1079.6224461981215
569.6224461981415
1623.8224461981831
470.6224461981294
-1190.3775538018222
771.0224461981456
-714.5775538018365
554.2224461981527
2643.4224461981466
2628.622446198123
2050.8224461981363
1456.2224461981668
1280.4224461981694
-1311.1775538018394
-1959.9775538018587
-937.3775538018357
-1490.7775538018664
392.42244619815676
1276.622446198142
275.2224461981564
106.82244619815611
181.22244619815584
600.0224461981555
-447.37755380183796
-334.5775538018533
-840.9775538018325
-2375.977553801842
-323.7775538018367
1124.0224461981663
1372.622446198161
1456.0224461981659
1241.0224461981838
124.02244619814883
782.022446198168
417.4224461981814
933.0224461981403
-423.9775538018405
279.6224461981667
-693.9775538018399
1717.8224461981786
1743.6224461981826
885.0224461981675
731.2224461981306
712.0224461981564
1038.8224461981529
-895.9775538018383
-614.3775538018393
-962.5775538018621
-720.7775538018584
-478.57755380183187
-267.1775538018453
-381.17755380183496
-355.9775538018496
519.2224461981587
1262.6224461981737
-1082.3775538018285
-1951.177553801841
413.4224461981559
115.02244619816771
-2695.9775538018075
-876.5775538018506
913.0224461981543
2163.6224461981565
841.2224461981311
1330.8224461981467
633.422446198154
99.8224461981658
819.6224461981845
-696.9775538018376
415.02244619813274
-940.5775538018277
1177.2224461981173
-680.5775538018404
1530.8224461981956
2043.8224461981586
204.6224461981576
-268.5775538018485
271.22244619815785
600.2224461981571
-641.1775538018267
-1899.777553801807
-1440.7775538018395
17.022446198160555
233.82244619815995
-372.9775538018302
-98.17755380183583
802.8224461981583
-1533.7775538018411
-1779.7775538017959
-584.3775538018508
-174.77755380184152
-3189.3775538018403
-65.97755380184002
2056.422446198199
137.02244619816864
-458.97755380183537
2758.8224461981513
53.42244619816467
710.2224461981428
1130.6224461981328
-770.9775538018366
-898.9775538018374
490.4224461981543
76.02244619815835
732.8224461981291
1894.8224461981208
357.4224461981595
1655.6224461981844
-589.9775538018404
-193.1775538018365
-2100.7775538018077
-3066.1775538018464
-1651.3775538018606
-835.9775538018432
194.82244619817521
340.62244619816823
1566.022446198141
567.8224461981524
986.222446198159
-1099.9775538018637
-1210.7775538018163
-33.37755380184966
-2400.777553801859
-725.1775538018388
-31.97755380184475
809.0224461981668
-562.7775538018391
1063.4224461981728
1393.0224461982107
1410.8224461981517
1545.2224461981227
1502.6224461981535
-105.57755380183458
-2008.1775538018383
-1705.3775538018836
-483.17755380184326
671.0224461981713
-1048.3775538018378
-2100.77755380185
691.4224461981704
-2173.7775538018277
5.222446198157684
-1571.3775538018167
-1775.3775538018372
-1175.777553801835
-1101.1775538018308
-1530.1775538018537
-799.5775538018496
-283.77755380184016
-1350.3775538018308
-600.3775538018441
-216.1775538018411
-1210.5775538018256
-2525.777553801837
-3665.777553801825
-421.3775538018335
-511.57755380184557
-373.17755380184144
-996.3775538018559
1324.2224461981134
2986.6224461981833
760.822446198159
350.6224461981687
982.022446198163
143.8224461981559
-1307.3775538018124
-2073.577553801861
854.4224461981681
890.6224461981578
-1042.1775538018362
692.8224461981671
-443.7775538018387
-1645.9775538018687
-1.977553801849723
467.422446198146
961.8224461981582
-714.977553801849
-1074.977553801839
-1125.9775538018328
540.2224461981679
-754.3775538018441
-1067.5775538018347
815.222446198164
1354.8224461981565
-148.77755380183936
-1279.977553801857
-260.5775538018527
-319.97755380185237
-924.7775538018411
-1543.7775538018777
144.6224461981598
-1097.5775538018477
1017.6224461981575
-31.97755380183942
335.42244619815915
-895.3775538018272
1222.6224461981594
969.8224461981549
-1045.1775538018305
357.2224461981562
897.2224461981727
812.0224461981578
126.22244619816149
-228.37755380184092
-908.777553801856
368.6224461981634
754.6224461981616
-495.5775538018459
416.82244619815964
349.82244619815833
-79.1775538018382
2245.622446198158
635.622446198143
1149.622446198137
83.42244619816036
-598.1775538018528
43.422446198157814
-860.977553801835
991.4224461981565
-379.57755380184045
-1596.5775538018763
-1230.577553801836
-8.17755380183647
1147.2224461981664
-1330.7775538018493
-1243.377553801841
-312.37755380184046
-1692.7775538018348
-1072.5775538018568
-1483.3775538018956
-777.3775538018452
-635.5775538018237
-766.9775538018492
720.02244619817
282.4224461981606
-144.97755380185401
-1090.3775538018601
-417.1775538018357
1881.82244619815
-127.97755380183744
341.0224461981643
1235.2224461981639
-838.7775538018557
436.02244619816554
495.4224461981673
897.2224461981616
947.0224461981463
1200.8224461981486
-24.977553801836702
-1350.7775538018498
1020.2224461981519
36.222446198160924
-589.5775538018165
-2218.5775538018397
-1997.1775538018385
1458.2224461981514
-1682.3775538018376
-3060.577553801835
-2168.377553801885
332.8224461981615
-185.77755380183964
-1743.9775538018444
-494.17755380184394
-1532.377553801868
-1792.577553801875
210.4224461981641
218.62244619816153
-955.3775538018373
-1728.7775538018616
-218.37755380184873
1822.8224461981474
-612.5775538018431
-1386.3775538018301
238.6224461981513
-929.9775538018419
779.6224461981628
-102.57755380183426
1189.4224461981232
-451.7775538018403
-383.5775538018382
-905.3775538018417
-563.7775538018448
1299.6224461981524
-1686.7775538018886
559.0224461981729
-1198.977553801835
-3312.377553801844
-466.7775538018318
-1610.1775538018464
-1763.777553801849
-2949.977553801853
-1432.9775538018523
-1689.1775538017941
-1405.5775538018634
-2712.7775538018363
-2274.177553801863
-707.3775538018588
-1431.5775538018113
283.0224461981601
-189.7775538018441
-2380.577553801889
-1091.37755380182
482.82244619816043
240.22244619815353
-1073.977553801827
-639.5775538018479
1125.4224461981316
1220.0224461981652
-202.77755380183984
1399.022446198136
-584.7775538018366
15.822446198162691
594.0224461981435
1355.8224461981501
1824.8224461981606
-55.77755380183905
-1372.9775538018532
-625.7775538018476
629.422446198155
645.6224461981473
-1763.3775538018506
-489.9775538018407
-2528.9775538018434
-526.1775538018316
-2287.377553801815
-1246.5775538018195
-1057.3775538018367
-1636.7775538018468
-1037.9775538018148
-54.97755380183774
-605.5775538018313
-183.17755380184283
-1313.177553801845
-884.1775538018354
84.62244619815878
1628.2224461981643
1411.822446198151
-315.5775538018438
422.62244619815925
-389.97755380184833
-282.77755380183925
-630.7775538018437
-97.57755380183907
60.22244619815656
399.422446198161
-330.3775538018386
166.42244619815708
810.6224461981498
662.4224461981763
-1793.7775538018157
1459.8224461981433
-896.777553801835
-276.37755380184154
-668.7775538018461
-3172.9775538018635
-335.77755380184067
-696.3775538018286
418.2224461981595
-2270.777553801816
-309.5775538018461
-46.377553801835944
-254.57755380184113
-1341.3775538018392
-1043.1775538018096
-948.777553801822
753.4224461981609
-168.9775538018431
106.82244619815589
1629.8224461981472
2206.0224461981747
1351.4224461981426
284.22244619815837
981.6224461981691
571.2224461981297
1677.8224461981997
638.4224461981705
76.02244619815431
669.6224461981548
55.222446198158806
-894.1775538018396
532.2224461981691
-2262.9775538018525
-292.3775538018402
-1126.5775538018356
-604.1775538018583
1165.622446198168
-1997.1775538018624
-1538.977553801846
-2743.5775538018365
-1307.777553801844
-2942.377553801862
37.82244619815823
-800.5775538018404
876.0224461981458
1263.8224461981536
-827.7775538018635
43.8224461981568
1766.022446198164
1284.8224461981454
-157.37755380183904
-200.57755380184426
-204.9775538018326
1449.8224461981574
-731.5775538018463
167.82244619815756
-46.777553801846
1266.2224461981616
-276.5775538018368
582.6224461981661
2519.822446198166
181.02244619816287
-1258.7775538018977
-791.7775538018401
-419.17755380184065
273.42244619815625
-444.97755380182474
-1262.977553801852
1285.422446198155
-1504.5775538018236
175.6224461981503
-31.177553801842013
245.0224461981598
-2746.37755380188
-675.1775538018575
-954.1775538018532
1219.6224461981615
-41.37755380184151
-544.1775538018667
-256.5775538018414
318.82244619815947
1035.8224461981586
987.6224461981658
881.2224461981696
1043.6224461981476
1124.422446198129
628.622446198169
1202.4224461981316
959.6224461981253
1977.8224461981688
910.2224461981625
1691.2224461981507
2297.8224461981486
-179.97755380184395
-1178.7775538018086
176.2224461981628
919.2224461981511
-415.577553801853
116.02244619814901
-287.5775538018518
148.22244619816092
-1651.177553801841
535.0224461981658
290.2224461981609
1531.8224461981533
-49.97755380183229
763.8224461981594
1041.022446198151
1105.8224461981556
-861.5775538018403
1012.222446198155
1221.022446198158
132.22244619815706
621.2224461981639
1103.8224461981529
1352.6224461981924
1279.0224461981534
1778.6224461981442
1063.2224461981648
159.02244619815275
755.0224461981496
713.2224461981602
631.2224461981647
1069.2224461981666
597.2224461981368
126.2224461981542
253.2224461981477
77.82244619815786
409.6224461981663
-14.577553801847497
-228.57755380185364
993.0224461981675
-715.5775538018347
-726.7775538018466
-714.7775538018274
-63.17755380184507
552.0224461981686
981.6224461981427
242.22244619816263
-133.57755380184318
-543.5775538018372
465.02244619816014
1325.42244619815
360.4224461981633
-787.7775538018631
368.02244619815866
-172.97755380184876
-506.1775538018391
942.0224461981277
1008.4224461981516
-322.577553801841
2.02244619815443
707.6224461981632
659.222446198159
-546.1775538018456
344.0224461981508
-512.5775538018364
-289.17755380183735
443.2224461981613
-24.177553801840524
-292.77755380184374
268.22244619815996
-8.577553801839123
37.62244619815712
-354.9775538018352
519.6224461981534
708.8224461981566
-665.57755380185
-1182.7775538018534
-950.3775538018364
346.8224461981587
-528.3775538018517
652.2224461981596
-31.177553801845534
-222.57755380184526
-310.7775538018449
-1029.177553801845
-505.17755380184326
282.6224461981482
-265.37755380184416
1381.8224461981163
199.0224461981563
96.42244619815548
-1168.9775538018362
1534.6224461981471
1385.0224461981556
-1349.377553801832
2383.2224461981336
-626.3775538018459
-649.3775538018591
-218.1775538018516
-274.177553801844
121.62244619816707
836.0224461981403
592.6224461981554
-473.1775538018443
966.2224461981513
588.6224461981562
632.4224461981723
-2157.7775538018354
-391.7775538018505
1081.2224461981605
703.822446198157
-622.5775538018516
507.0224461981659
-602.9775538018262
-1681.5775538018388
151.6224461981584
-447.5775538018471
-1322.7775538018236
-24.97755380183602
-477.9775538018343
519.2224461981492
871.8224461981619
1089.2224461981657
-89.97755380184346
1302.822446198163
1079.8224461981472
-790.5775538018346
1443.0224461981418
-465.77755380183413
-247.77755380184257
-162.77755380184732
140.22244619815723
946.4224461981623
-670.7775538018514
-745.7775538018341
-751.7775538018467
538.2224461981541
-877.7775538018388
127.22244619815862
-2092.177553801831
-208.57755380184128
2129.822446198151
-56.97755380183625
824.8224461981561
228.62244619816175
412.4224461981582
-1068.3775538018488
-1012.9775538018445
309.22244619816246
120.82244619816198
-592.7775538018566
1230.4224461981503
1751.8224461980853
2078.022446198202
548.6224461981494
1186.822446198176
720.0224461981686
1384.6224461981417
487.02244619816554
1242.4224461981605
-196.17755380182962
315.42244619816154
-17.37755380183768
502.82244619816174
914.222446198159
499.02244619815133
659.6224461981626
-1073.5775538018247
-106.17755380184121
995.222446198168
2732.2224461981887
-301.17755380184207
383.0224461981623
548.6224461981662
-1404.7775538018557
882.2224461981542
-1000.9775538018364
-444.1775538018436
430.2224461981569
1367.4224461981635
1397.6224461981553
451.2224461981545
-834.7775538018329
1517.8224461981656
2089.8224461981745
2478.0224461981297
1072.222446198128
3252.2224461981305
1548.8224461981154
1331.222446198197
1569.2224461981402
2842.22244619809
418.22244619815064
1381.2224461981612
1037.2224461981493
-1075.37755380185
-118.77755380183851
1506.8224461981367
-1265.1775538018437
-1514.1775538018412
-1415.5775538018472
43.42244619816472
1838.6224461981863
643.2224461981543
-313.1775538018437
-1627.1775538018608
762.2224461981667
2428.02244619812
-389.9775538018297
-1356.5775538018395
-1375.9775538018164
285.02244619815133
754.4224461981519
-518.9775538018382
-1179.5775538018422
-812.5775538018484
797.222446198155
577.4224461981396
1496.0224461981272
1042.6224461981456
-1745.9775538018673
-599.377553801842
-260.5775538018416
-1551.9775538018732
847.0224461981594
483.0224461981716
-14.777553801838888
-623.3775538018376
-1017.7775538018578
-471.17755380183695
858.2224461981515
-609.7775538018351
-2827.5775538018165
-1063.3775538018228
-2112.9775538018707
-706.9775538018553
752.2224461981607
-354.1775538018426
505.6224461981482
-787.9775538018434
-604.7775538018337
107.42244619815848
-106.37755380184343
71.22244619816361
1945.0224461981447
1213.4224461981562
-1335.1775538018285
19.82244619816666
806.422446198163
-502.5775538018394
1865.8224461981756
-1877.1775538018492
-1837.3775538018567
-648.3775538018347
-2080.5775538018825
-2909.577553801815
571.8224461981546
-654.5775538018343
-351.97755380184213
1316.2224461981536
796.8224461981523
18.22244619816412
263.6224461981577
381.62244619816516
-49.17755380182895
273.42244619816137
-1686.1775538018537
-2254.5775538019016
-664.7775538018341
-851.5775538018441
1349.2224461981014
854.222446198117
1340.0224461981275
1000.0224461981437
-529.9775538018359
554.4224461981656
304.4224461981586
-896.1775538018463
-1245.9775538018607
452.62244619816977
653.4224461981514
-1633.1775538018612
369.02244619815195
144.0224461981582
322.4224461981631
461.02244619816173
-445.9775538018475
-1756.5775538018559
-814.3775538018704
-316.97755380183725
518.4224461981553
316.622446198157
226.02244619816582
-336.57755380183966
918.4224461981692
-748.5775538018332
359.622446198162
1028.0224461981554
445.6224461981604
-827.1775538018416
-1041.1775538018642
262.6224461981634
2590.6224461981715
2557.8224461981463
1264.4224461982092
-627.1775538018406
-514.3775538018382
984.222446198151
159.42244619816046
-651.7775538018433
-1229.1775538018387
-428.77755380184084
879.8224461981483
224.6224461981634
705.0224461981655
-139.57755380183897
319.82244619815924
-241.57755380183727
884.0224461981683
235.22244619816513
-603.3775538018415
706.022446198165
-84.37755380184677
-991.5775538018531
1356.0224461981575
2231.422446198172
1181.022446198146
245.62244619815507
-625.9775538018484
-15.37755380184401
1867.8224461982031
183.42244619816196
747.4224461981565
813.2224461981571
1573.2224461981793
1499.6224461981933
1386.8224461981386
-525.1775538018369
535.2224461981538
298.0224461981618
-1076.5775538018413
-989.5775538018578
-787.7775538018446
-974.1775538018395
722.4224461981473
-15.377553801837514
-1349.9775538018437
-53.97755380183536
52.82244619816238
1652.4224461981353
1092.6224461981544
-1117.7775538018398
-510.1775538018314
-45.97755380184219
-1832.1775538018314
-1397.177553801851
-741.1775538018446
529.0224461981799
607.8224461981548
1541.0224461981707
-61.977553801850924
-1021.5775538018528
-1154.7775538018482
390.2224461981677
2550.622446198167
849.222446198178
86.82244619816677
29.022446198154597
634.4224461981623
259.022446198159
500.0224461981549
-524.1775538018359
-1802.377553801874
-325.3775538018414
-434.37755380184467
-443.5775538018466
1396.2224461981546
1322.6224461981617
143.62244619816101
1189.422446198171
181.62244619815274
682.2224461981691
-192.3775538018479
550.2224461981612
722.4224461981672
-1585.1775538018437
-1350.7775538018736
-946.1775538018494
-182.97755380183884
370.02244619815264
1657.0224461982089
1471.42244619816
1454.0224461981566
1567.6224461981653
-2330.37755380183
-457.5775538018339
1050.222446198151
1002.0224461981555
829.422446198147
208.02244619815235
297.62244619816715
536.8224461981582
-740.777553801844
-512.5775538018479
-697.7775538018849
-447.77755380184675
-649.1775538018397
-95.17755380183334
894.2224461981326
-211.97755380183463
-2276.77755380182
2352.0224461982148
782.4224461981522
-378.9775538018412
-1784.7775538018552
917.4224461981372
-1695.377553801851
-2567.3775538018813
-732.9775538018406
-3080.9775538018075
-1193.377553801842
576.8224461981614
-1040.5775538018754
-695.5775538018403
-723.5775538018263
-1043.1775538018428
-581.1775538018467
-55.17755380184893
-588.9775538018362
2337.4224461981466
1204.2224461981739
-216.5775538018192
-317.977553801833
-728.3775538018526
-1450.7775538018393
-1456.1775538018676
-582.1775538018417
-375.7775538018485
-1408.7775538018714
45.62244619816539
632.6224461981675
49.222446198157726
-2905.777553801877
3117.422446198136
2275.022446198174
2050.4224461981235
-710.1775538018398
-740.17755380185
-1790.5775538018268
-2800.3775538017962
-1629.177553801812
-2066.5775538018484
-1059.5775538018484
1123.0224461981536
-751.177553801844
-619.1775538018628
749.4224461981588
-1834.3775538018535
-1671.3775538018663
-1127.977553801816
-898.3775538018236
-872.5775538018471
-2289.7775538016945
-1746.7775538017852
-1873.377553801847
-865.7775538018032
-1171.577553801796
-531.3775538018306
41.62244619815893
-1396.9775538018166
-1154.1775538018435
-7.577553801848687
1923.8224461981622
887.22244619817
-904.9775538018577
876.8224461981682
907.6224461981587
-1000.5775538018429
-1562.7775538018627
-53.977553801845644
652.2224461981626
-1937.977553801853
-1512.377553801867
-1684.7775538018038
-2971.5775538018684
-1284.777553801876
83.42244619815878
-333.377553801842
-627.9775538018193
-1690.977553801828
-361.57755380184256
-1349.3775538018213
-2082.9775538018553
-2608.7775538018473
-2021.1775538018314
-858.7775538018053
-1619.1775538019058
-2832.3775538017717
-3934.3775538017317
-3529.3775538018263
-548.7775538018404
-1209.5775538018406
-861.3775538018444
-1423.177553801868
-970.5775538018408
-394.1775538018399
317.2224461981582
-495.37755380185087
206.8224461981637
-2032.5775538018472
-1657.9775538018782
-324.5775538018448
-307.17755380184525
790.622446198156
-1052.7775538018384
-1396.577553801831
-541.1775538018354
-1731.7775538018218
-667.5775538018258
-1532.7775538018416
-2253.5775538018343
-2935.5775538017324
-2001.3775538018344
-2439.9775538018284
-2097.577553801857
-2192.1775538017932
-1279.1775538017635
-1980.1775538018078
-1529.5775538019182
-1383.97755380178
776.622446198148
-2296.977553801892
-1265.5775538018063
-369.77755380184016
-1417.7775538018668
-246.5775538018419
-473.7775538018368
-683.977553801834
920.0224461981365
725.0224461981605
2292.2224461981423
1352.622446198187
-203.97755380183477
-546.5775538018437
190.62244619816417
1042.8224461981806
331.02244619816474
-2058.777553801863
-1223.9775538018646
-1059.1775538018203
-1660.1775538018494
-1690.5775538018536
-1249.97755380186
-1816.3775538017626
-2483.7775538018154
-3643.3775538018376
-1341.3775538018256
-2922.1775538019315
-2468.1775538018155
-2069.177553801811
-343.377553801845
-2076.3775538019117
-1361.9775538018603
27.222446198154657
-1011.977553801859
-235.5775538018433
-1953.5775538018077
-1029.1775538018553
1116.0224461981543
-870.977553801838
-1340.7775538018457
-621.5775538018181
1941.6224461981587
-27.17755380183737
-807.5775538018378
117.02244619816443
1014.6224461981318
401.8224461981564
1115.2224461981605
-1847.7775538018607
-3053.5775538018684
-2688.577553801836
-1763.5775538018343
-935.1775538018177
-1595.3775538017976
-1525.3775538018392
-2595.977553801846
-3791.7775538017354
-635.5775538018698
-2169.577553801787
-2787.1775538019615
-1061.9775538017607
-1167.377553801917
-2570.57755380184
-2077.9775538018166
618.6224461981719
471.22244619814995
96.62244619816391
759.0224461981452
-180.1775538018461
1936.422446198144
1413.0224461981472
-1015.9775538018307
887.4224461981551
1634.2224461981443
1177.0224461981568
-683.9775538018425
281.8224461981633
2190.622446198175
916.4224461981721
756.4224461981674
522.2224461981572
-1994.7775538018122
-2595.9775538017225
-1943.9775538018475
-1936.5775538018454
-1640.3775538018756
-2130.577553801832
-1387.9775538018848
-2745.3775538018226
-1197.177553801839
-2759.577553801822
-1510.1775538018094
-1755.7775538017866
-2863.7775538019428
-3250.7775538018336
-2511.577553801887
-28.77755380183928
-519.5775538018429
421.62244619815544
299.62244619816784
884.2224461981617
1844.2224461981325
91.62244619816701
-1973.9775538018223
-691.3775538018389
950.422446198164
1476.022446198216
-778.9775538018604
-1032.977553801825
2514.8224461982068
2917.6224461982647
-1152.9775538018382
-1635.1775538018571
-2123.9775538018507
-1380.9775538018096
-2797.977553801879
-1517.9775538018605
-901.7775538018333
-1814.3775538018199
-1215.977553801808
-2372.7775538018695
-333.17755380185275
-2266.3775538018012
-1375.1775538018392
-3363.777553801868
-817.5775538018481
373.82244619817055
-1264.977553801869
-328.97755380185237
189.2224461981585
874.2224461981482
937.0224461981732
418.0224461981505
1324.2224461981004
1157.622446198148
499.6224461981809
-1592.9775538018514
268.2224461981522
1449.022446198159
-196.17755380184033
626.0224461981686
2971.8224461981167
3862.8224461981868
-265.377553801843
-152.77755380184368
-433.7775538018458
-2628.377553801803
-3358.1775538018846
-821.3775538018407
-1773.3775538018574
-1225.3775538018929
-1181.3775538018258
-1747.5775538019159
-965.9775538018074
457.2224461981607
-1716.777553801843
-2216.9775538018494
-132.37755380184348
-716.7775538018262
1190.4224461981653
1595.8224461981488
1052.2224461981743
-781.7775538018412
-293.37755380184433
2337.0224461981416
1987.2224461981882
2174.2224461981364
1515.022446198172
1360.022446198109
1193.0224461981013
1983.8224461982206
-258.7775538018438
754.422446198143
3161.022446198229
1440.022446198157
1483.2224461981493
28.022446198158406
65.02244619816048
-2223.7775538018705
-1120.977553801849
-2510.9775538018416
-1660.7775538018752
-444.17755380183246
-855.9775538018571
-1351.377553801795
-898.1775538018494
-514.177553801885
-1219.577553801841
-778.1775538018516
-1363.1775538018537
-2210.177553801846
601.22244619815
374.8224461981609
1191.6224461981535
-686.3775538018394
231.02244619816904
1919.8224461981706
1425.2224461981268
-154.37755380183637
169.0224461981568
15.222446198159865
38.8224461981557
1054.0224461981566
423.6224461981495
50.022446198152636
754.0224461981604
-80.57755380183751
1992.0224461981495
1037.2224461981295
1295.4224461981635
-1360.3775538018233
-589.1775538018521
257.4224461981751
-1885.3775538018715
-1846.3775538017965
-994.7775538018209
-1693.777553801848
-1335.77755380189
-1865.5775538019127
-120.57755380183976
-66.37755380184038
-694.1775538018612
1818.0224461981845
999.8224461981649
419.4224461981659
465.02244619815536
343.4224461981605
1718.2224461981298
369.42244619816023
378.8224461981781
66.42244619815855
808.8224461981399
147.2224461981416
953.0224461981846
2819.42244619816
1798.8224461981977
1362.8224461981779
2034.6224461981576
2680.422446198101
1578.622446198112
1644.8224461981308
907.0224461981564
1239.4224461981557
-1860.37755380187
-770.7775538018334
-1496.5775538018502
-1495.7775538018386
-1855.3775538018413
98.6224461981591
392.82244619816504
-2129.7775538018454
-1870.3775538018458
-694.3775538018473
-185.77755380184192
282.82244619815856
931.822446198144
557.0224461981389
-197.57755380184568
-437.97755380184617
-264.1775538018416
1362.2224461981152
2038.0224461982148
1308.0224461981593
2653.22244619817
608.2224461981683
1688.8224461981595
1285.6224461981274
-214.77755380184047
1191.8224461981667
82.22244619816085
1085.2224461981777
-630.3775538018324
205.8224461981647
1619.8224461981465
793.0224461981749
639.6224461981457
-2112.7775538018595
-1847.5775538018477
-894.7775538018597
-1603.1775538018398
-1358.9775538018262
-1249.9775538018462
-1164.7775538018454
-1527.9775538018298
-1034.3775538018442
683.4224461981536
600.622446198154
1341.6224461981583
1367.4224461981635
-114.37755380184667
-11.977553801838766
-274.9775538018324
2176.8224461981567
2629.8224461981636
-149.77755380184144
822.0224461981709
29.622446198161715
284.62244619815317
1141.022446198155
1644.222446198154
832.022446198149
-1266.7775538018527
194.62244619818176
25.222446198153936
2147.622446198177
1315.422446198157
-248.9775538018402
1880.6224461981687
-1258.3775538018547
-1248.977553801828
616.0224461981613
2578.6224461981515
1255.6224461981478
-210.1775538018391
1354.622446198139
-641.5775538018479
-773.7775538018518
1260.2224461981873
1411.2224461981448
629.6224461981633
1578.2224461981598
1557.0224461981438
337.82244619816635
-787.1775538018428
-322.5775538018444
77.22244619815491
-635.377553801831
1588.0224461982289
-1064.1775538018521
309.22244619816286
-352.1775538018462
-87.37755380184188
-876.7775538018501
-1203.1775538018364
420.82244619815884
-1558.777553801845
3105.0224461981234
2221.0224461981884
-939.7775538018378
975.4224461981275
-1029.1775538018485
1135.0224461981302
2645.4224461981635
2962.2224461981536
2438.422446198181
2961.422446198145
1385.2224461981607
27.82244619815799
994.4224461981669
23.822446198161927
2098.0224461981534
1477.0224461981174
-99.77755380184306
376.82244619815845
-872.1775538018162
-405.377553801836
-1653.3775538018253
-1868.9775538018632
867.6224461981566
2118.022446198176
-481.37755380184655
762.2224461981587
-936.7775538018342
-149.77755380183902
-275.777553801842
-661.1775538018438
590.2224461981552
-302.5775538018408
-150.17755380183135
816.0224461981385
1184.422446198152
970.0224461981385
-813.9775538018469
3062.8224461982168
4093.222446198168
5323.022446198196
2388.0224461981816
3465.6224461981683
2812.0224461981325
207.22244619815598
45.82244619816181
732.6224461981539
726.0224461981619
1368.0224461981356
102.82244619816353
-1290.9775538018146
-1552.9775538018494
-214.77755380184323
-1370.377553801839
-2689.1775538018837
-633.5775538018368
-599.3775538018398
104.22244619816223
-1055.3775538018183
-841.577553801851
-281.57755380184983
-1097.5775538018413
-3082.7775538018036
-1377.977553801842
707.6224461981592
1488.4224461981933
-978.3775538018405
2124.422446198173
-580.177553801839
1013.222446198158
2752.6224461981756
3393.222446198121
6229.022446198231
4055.422446198176
4776.022446198154
1882.0224461982154
1870.222446198091
655.0224461981544
147.622446198184
486.62244619816477
516.4224461981606
-261.97755380184105
-802.7775538018425
-2395.9775538018266
-1480.3775538018504
-753.7775538018377
-256.5775538018395
340.4224461981551
62.82244619816411
2387.8224461982018
802.6224461981634
1268.0224461981788
414.22244619815984
-1041.3775538018485
-1678.377553801819
-749.5775538018502
147.62244619815138
2979.82244619814
7.0224461981685735
1813.822446198137
549.0224461981651
364.4224461981572
3166.0224461980674
2456.8224461981613
3531.8224461981304
1309.0224461981225
3504.222446198208
1766.0224461981188
2369.622446198133
45.622446198138434
1709.8224461982127
2892.422446198061
-192.37755380183074
-776.5775538018481
-24.37755380184312
-872.3775538018315
-1262.577553801829
-1603.7775538018327
-2243.577553801839
322.8224461981699
-1238.5775538018388
1530.4224461981617
93.42244619815887
136.82244619815827
-939.7775538018489
-1179.57755380184
-405.77755380185164
-1017.9775538018247
-31.377553801843042
1930.2224461981377
2037.622446198171
1896.622446198077
427.62244619815823
-602.3775538018415
2525.022446198268
1359.2224461981677
2946.42244619814
2256.622446198119
3543.4224461981976
128.22244619816013
683.422446198169
-602.5775538018465
907.0224461981754
244.22244619815416
-408.1775538018341
-1072.977553801816
-1216.1775538018594
-1017.7775538018352
-886.1775538018347
-1082.5775538018365
-855.5775538018189
20.42244619815719
227.0224461981624
1182.8224461981608
-51.377553801845195
-343.9775538018532
-1100.5775538018465
-765.3775538018441
-451.57755380184324
-1369.5775538018347
-765.9775538018131
1362.8224461981442
1984.222446198143
-472.77755380184084
-784.7775538018341
314.4224461981712
1682.4224461981823
764.0224461981312
2351.4224461981557
1202.0224461982261
2613.822446198149
812.0224461981667
1275.2224461981505
822.6224461981866
491.0224461981508
-939.977553801835
1331.2224461981477
1527.0224461981784
404.22244619816536
-467.3775538018365
-1046.577553801837
-764.5775538018456
-600.9775538018422
1169.8224461981652
1188.622446198152
-1054.3775538018472
-1078.3775538018238
-2415.577553801832
-2125.9775538017943
-951.1775538018436
-892.1775538018292
-707.577553801849
86.62244619815414
240.22244619816092
1182.2224461981805
-137.17755380184377
-745.3775538018485
1313.822446198174
224.42244619815318
180.02244619815593
-64.37755380183714
187.82244619815953
823.622446198155
1124.222446198159
147.62244619816434
-544.1775538018464
-894.5775538018364
-35.57755380183743
1524.8224461981806
1480.022446198166
119.4224461981586
203.42244619816188
-1541.9775538018641
-2211.7775538018836
-1149.1775538018417
-75.77755380184023
-250.777553801836
-797.7775538018338
-475.37755380184075
-1477.177553801837
-2878.3775538018476
-1029.577553801836
-1062.9775538018416
-357.7775538018404
47.422446198169965
-453.1775538018349
-338.7775538018444
-659.3775538018434
-977.9775538018434
-321.77755380184476
-499.97755380185606
685.4224461981369
910.2224461981766
-460.57755380184136
-747.9775538018371
-861.7775538018471
-299.7775538018462
-1197.3775538017976
204.62244619816053
-363.7775538018482
408.2224461981586
982.0224461981688
169.62244619816886
477.42244619814426
507.4224461981644
-1398.7775538018286
-796.7775538018502
-886.7775538018518
384.62244619815675
-1421.7775538018407
1052.02244619815
216.82244619816285
-3413.7775538018277
1089.2224461981555
-690.1775538018438
-241.37755380186175
-500.5775538018437
-875.1775538018516
175.2224461981673
196.62244619816022
-510.77755380183584
-979.7775538018395
309.0224461981709
139.8224461981565
925.0224461981657
-1164.977553801839
648.6224461981627
949.8224461981679
-643.1775538018431
-1798.5775538018472
390.222446198159
-249.3775538018359
-685.3775538018414
832.4224461981643
-575.1775538018454
-1255.9775538018375
-475.9775538018394
-1698.977553801831
-1320.377553801821
255.02244619816094
1009.4224461981672
-533.377553801856
522.022446198157
-463.1775538018497
-2724.1775538018255
-117.77755380184155
-907.9775538018148
-844.5775538018407
-1304.7775538018595
-908.7775538018374
722.6224461981698
-1106.7775538018193
-1715.7775538018325
-182.37755380185178
679.4224461981682
-1097.577553801843
21.822446198158993
-1061.5775538018445
720.2224461981699
1219.4224461981428
-1629.1775538018505
159.02244619815255
404.4224461981564
1633.4224461981626
325.62244619815607
-1222.3775538018465
-1425.777553801851
-1005.7775538018362
-2360.1775538017923
-1065.9775538018248
-405.3775538018384
909.2224461981581
57.62244619815168
620.2224461981685
-217.17755380184107
-613.1775538018396
-1489.5775538018593
-872.5775538018395
-1714.5775538018506
-943.577553801827
-1187.577553801861
-131.9775538018408
470.42244619816285
502.4224461981586
1013.0224461981516
258.0224461981586
589.4224461981377
824.0224461981516
1682.4224461981894
-356.77755380184306
806.2224461981601
10.822446198158048
-1885.5775538018577
1095.6224461981567
107.62244619815922
903.0224461981608
1519.8224461981645
739.6224461981557
-678.7775538018502
-576.3775538018439
-2377.9775538018853
-388.1775538018504
110.0224461981533
1171.0224461981602
1046.4224461981696
2505.222446198215
864.422446198169
-282.7775538018403
-238.97755380183852
1462.2224461981998
-602.5775538018364
821.6224461981562
1290.6224461981424
-790.3775538018397
-74.77755380182984
1917.6224461981467
349.0224461981625
248.2224461981702
142.222446198162
709.8224461981536
1361.4224461981598
587.2224461981773
291.62244619815476
-1262.1775538018583
995.8224461981785
3276.422446198132
1317.4224461981987
399.6224461981552
-155.57755380184364
516.4224461981674
981.6224461981894
630.8224461981345
-212.97755380183293
-150.77755380183854
731.2224461981599
823.6224461981556
2472.4224461981507
3509.62244619814
871.2224461981194
1201.2224461981668
1086.8224461981647
109.62244619816256
1896.8224461981472
1630.8224461981588
1472.8224461981486
766.8224461981489
238.82244619814983
848.2224461981278
2820.222446198129
868.4224461981604
-787.5775538018452
2576.4224461981607
1281.2224461981286
1907.4224461981391
2532.822446198179
12.622446198158686
318.2224461981483
-41.17755380185183
-57.17755380184593
50.22244619815468
-166.57755380183977
60.22244619815694
1953.022446198174
2022.6224461981515
-80.9775538018502
1395.0224461981402
917.222446198173
-436.5775538018388
2989.2224461982246
-371.97755380184617
-61.37755380184139
741.2224461981339
-852.3775538018366
-1573.3775538018424
1710.622446198151
420.0224461981313
418.82244619815197
1382.4224461981032
326.2224461981636
332.22244619816763
2096.2224461981573
2001.822446198135
1074.6224461981285
2167.822446198155
83.42244619817004
-1224.5775538018604
-27.577553801839162
-1096.577553801852
609.2224461981458
598.4224461981382
1372.2224461981386
898.6224461981483
-738.3775538018426
616.4224461981363
310.8224461981488
328.22244619814694
636.0224461981555
2032.8224461981576
809.4224461981634
-1325.1775538018637
1498.0224461981586
817.622446198159
1452.0224461981497
644.8224461981363
-840.1775538018459
-1795.3775538018413
-933.7775538018448
-815.3775538018576
114.02244619815735
-441.1775538018373
-1284.77755380184
-1415.9775538018234
1253.6224461981712
-889.1775538018444
-793.9775538018423
285.62244619815783
-362.97755380183963
-2442.177553801838
-2550.3775538018117
-873.7775538018668
606.0224461981531
302.42244619814477
76.4224461981531
-1299.777553801839
-1306.5775538018472
796.4224461981269
-327.77755380185613
-225.7775538018459
15.422446198161401
208.82244619815563
541.2224461981539
-102.77755380183892
1187.622446198147
363.2224461981663
379.8224461981515
-692.9775538018424
608.8224461981637
725.6224461981598
-661.3775538018422
155.22244619816294
178.22244619816246
-1370.9775538018334
60.022446198155706
905.8224461981908
785.4224461981447
-627.5775538018506
-1746.177553801872
-976.7775538018415
381.6224461981668
-2013.377553801858
-1294.977553801848
-712.377553801833
-449.9775538018333
-874.1775538018454
778.4224461981512
-411.97755380184344
303.2224461981611
301.0224461981565
-1394.377553801848
-278.57755380184193
-296.7775538018544
-1044.1775538018362
463.8224461981456
-60.37755380183975
-475.57755380183204
-147.7775538018314
-755.7775538018482
1058.0224461981759
1566.22244619818
-537.177553801827
-139.37755380184333
143.82244619815555
-925.1775538018446
-1143.7775538018184
-1672.7775538018573
-688.9775538018436
-156.37755380184345
-44.777553801842245
-1729.9775538018687
-2153.177553801847
-2450.977553801868
-1890.9775538018364
712.0224461981454
-214.17755380184065
-1790.3775538018497
-1078.1775538018387
1125.8224461981806
455.8224461981494
1009.222446198151
1101.2224461981684
-918.377553801799
382.22244619815547
-697.3775538018385
-886.7775538018701
797.0224461981513
1274.422446198163
1250.2224461981589
869.222446198149
-451.1775538018389
608.2224461981604
570.6224461981607
1190.822446198174
1593.0224461981586
-430.7775538018369
418.22244619815774
598.222446198157
693.6224461981537
289.6224461981897
1450.6224461981676
339.8224461981555
436.82244619816566
1669.222446198154
-1278.377553801867
-479.77755380186545
203.62244619814973
289.8224461981657
-429.7775538018387
-189.77755380184445
785.6224461981576
1017.6224461981361
286.6224461981605
1059.8224461981838
532.6224461981554
64.62244619815966
-454.37755380182847
-720.3775538018597
-334.1775538018493
-1144.977553801851
-1447.9775538018262
1083.222446198137
-190.17755380184533
-473.17755380184263
-788.3775538018459
912.0224461981637
-1308.9775538018216
-1225.177553801849
1204.2224461981398
-794.377553801849
291.02244619815536
757.6224461981548
-1286.3775538018442
-1205.3775538018517
-1074.177553801841
776.6224461981818
1587.8224461981454
1589.422446198169
669.822446198137
3145.8224461980967
1462.2224461981316
403.0224461981645
925.0224461981621
348.4224461981351
-860.3775538018513
-379.7775538018414
142.82244619815813
-161.17755380184184
-1390.5775538018227
-616.5775538018438
-802.1775538018336
-537.7775538018028
-1953.7775538018482
81.42244619815318
376.22244619815694
1279.8224461981197
-237.57755380184273
-793.5775538018496
-1885.1775538018712
-1734.57755380185
220.22244619815828
-277.1775538018472
606.6224461981562
1741.622446198148
-1001.7775538018468
-646.7775538018471
1212.022446198136
387.82244619814014
540.0224461981554
1681.4224461981842
1771.8224461981233
1046.0224461981463
-1148.7775538018354
39.422446198157616
946.222446198161
1146.4224461981528
-35.57755380184148
151.22244619815558
225.22244619815575
-1525.777553801825
-1231.377553801845
-323.17755380182626
1137.0224461981509
629.6224461981581
-790.3775538018153
-2025.7775538018384
-134.77755380185155
-874.577553801834
-1343.5775538018381
459.42244619815864
554.8224461981578
-906.9775538018503
359.02244619815735
-0.9775538018416547
-593.3775538018308
-70.57755380184108
98.82244619816095
168.22244619817116
1235.0224461981613
801.6224461981526
2246.0224461981493
2307.6224461981506
624.8224461981765
-1005.7775538018492
-408.5775538018405
793.4224461981657
382.6224461981542
-81.17755380184298
-1850.3775538018233
-2653.977553801849
-288.77755380183913
-132.77755380184323
394.22244619816126
-888.1775538018237
-500.57755380184
-16.37755380184301
464.02244619816287
-2107.3775538017926
353.8224461981577
-1046.7775538018445
-654.177553801841
812.2224461981594
-141.37755380184015
828.4224461981677
-311.1775538018485
21.222446198158742
1368.6224461981546
274.8224461981567
673.2224461981732
-4.5775538018512485
190.02244619816318
-501.57755380183954
293.8224461981654
941.4224461981884
427.8224461981727
325.4224461981326
419.6224461981355
-971.9775538018447
-613.3775538018494
747.2224461981315
2432.8224461982572
-1317.7775538018614
96.62244619816138
2281.8224461981754
1166.6224461981515
1607.6224461981503
1529.822446198157
681.8224461981729
1441.8224461981722
-809.5775538018199
1488.2224461981475
1092.822446198154
85.62244619815272
-28.77755380184773
-32.1775538018443
395.62244619816323
219.42244619815466
-866.9775538018429
234.0224461981545
1083.2224461981316
1135.4224461981817
214.02244619817523
203.02244619816068
-138.37755380184504
160.0224461981545
-787.3775538018609
1024.422446198153
-304.9775538018376
-23.57755380184179
34.02244619816149
1034.8224461981567
-378.57755380184096
-312.9775538018387
157.82244619815526
150.02244619816463
2226.2224461981773
82.8224461981511
-150.97755380184225
1565.0224461981306
-574.7775538018404
-1282.3775538018729
-2933.77755380184
-375.97755380182514
-1533.9775538018757
-1049.7775538018427
-345.17755380183803
-576.3775538018415
-996.5775538018318
785.0224461981458
-1174.7775538018357
-1692.7775538018172
296.2224461981469
1399.4224461981296
1055.8224461981306
228.42244619816788
828.2224461981151
862.6224461981576
8.022446198163237
2669.222446198137
1347.0224461981713
1008.2224461981549
2293.0224461981147
1450.622446198095
-518.1775538018404
-1136.3775538018544
519.22244619819
1204.422446198174
1058.022446198146
1489.6224461981399
-442.17755380184695
317.42244619815716
-321.9775538018406
-2065.177553801865
-996.7775538018535
-457.17755380181586
848.8224461981592
544.2224461981576
1051.4224461981669
-343.57755380183926
-975.3775538018502
968.2224461981676
1620.8224461981804
-139.97755380183287
709.8224461981661
1759.2224461981036
877.2224461981851
842.0224461981786
768.0224461981572
1797.022446198164
589.8224461981594
1805.8224461981656
1355.2224461981316
2308.8224461980776
1111.8224461981572
609.622446198163
-888.5775538018653
-1932.7775538018611
168.82244619815845
527.0224461981425
992.6224461981412
723.6224461981599
-263.97755380184094
-1012.1775538018479
-2965.377553801769
-3939.9775538018594
-776.3775538018272
-281.1775538018345
1542.0224461981338
401.2224461981756
-803.1775538018555
-913.5775538018385
114.02244619814267
-640.9775538018467
75.22244619816433
-97.77755380183798
2084.4224461981794
1209.6224461981246
1662.222446198149
1951.622446198188
976.4224461981343
1463.622446198136
210.0224461981636
1651.222446198144
470.82244619817527
1149.8224461981679
-1132.9775538018425
1683.822446198157
1367.622446198183
-2106.5775538018374
-2115.7775538018223
-803.977553801853
106.62244619815417
690.0224461981817
-1312.3775538018433
-809.3775538018492
-611.1775538018296
-673.17755380183
-1017.5775538018424
-1421.1775538018487
131.42244619816285
-1180.9775538018375
-941.1775538018525
-1270.9775538018337
207.82244619815629
-425.57755380184324
943.8224461981557
1285.8224461981747
1049.4224461981494
694.8224461981715
1767.0224461982373
96.622446198161
734.6224461981483
361.4224461981464
46.822446198174404
963.4224461981937
2111.022446198179
15.622446198158165
-557.1775538018446
1000.8224461981607
-519.7775538018386
289.22244619816433
-696.5775538018374
-447.9775538018325
-766.7775538018373
535.8224461981598
1397.4224461981673
577.0224461981667
763.222446198164
746.022446198156
2838.6224461981565
241.02244619815932
-29.17755380183513
-1549.5775538018495
-734.7775538018421
-492.97755380184765
-1457.5775538018347
365.62244619815795
-892.5775538018355
103.22244619815586
-119.37755380184161
1882.4224461981578
395.82244619817146
-289.17755380184815
1099.8224461981742
922.6224461981574
296.62244619815834
1042.822446198172
1313.2224461981723
1020.0224461981297
921.2224461981209
-1080.977553801856
-3013.377553801873
817.6224461981467
-238.97755380184097
149.22244619814188
-151.97755380183676
1308.4224461981585
975.2224461981634
305.02244619815906
-1381.777553801888
-859.5775538018162
414.62244619816937
-1482.5775538018145
-1573.9775538018573
-1512.7775538018
-1628.3775538018285
-830.377553801857
-1605.1775538018562
-239.17755380183903
-786.5775538018381
137.0224461981678
-961.5775538018469
605.0224461981613
1385.0224461981675
-893.5775538018238
-594.7775538018384
642.822446198161
18.42244619815775
276.8224461981649
-622.977553801836
1612.8224461981708
1470.422446198178
-891.9775538018525
768.8224461981536
915.2224461981651
229.62244619814612
-1021.3775538018535
-557.7775538018436
867.2224461981637
-1554.577553801823
-1437.9775538018205
-1246.977553801815
-534.9775538018455
-264.37755380183853
-344.37755380182716
607.2224461981584
-644.5775538018571
-527.577553801832
976.0224461981528
930.8224461981722
-546.7775538018359
918.2224461981804
-23.777553801842362
786.0224461981682
-1290.1775538018046
70.62244619814223
-361.17755380184633
33.22244619816513
-1170.3775538018451
714.622446198172
1183.8224461981436
-1610.5775538018302
-558.7775538018441
459.42244619816336
-524.5775538018413
-1007.7775538018319
77.62244619815652
426.8224461981581
-1220.5775538018602
-2051.7775538018245
-1850.5775538018563
-1008.977553801848
-731.5775538018347
-608.5775538018418
327.62244619816084
1239.2224461981605
453.4224461981678
-1895.3775538018695
-2924.3775538017403
-218.57755380184284
-750.5775538018338
209.42244619815403
-1729.777553801879
-545.5775538018426
368.02244619816264
109.22244619815956
779.62244619815
-544.1775538018401
-51.17755380183334
321.42244619815045
-1431.3775538018556
-1431.3775538018385
-1083.7775538018493
-576.9775538018442
-726.9775538018349
-202.37755380182705
261.6224461981594
-1517.1775538018599
61.82244619815928
1169.6224461981653
-1097.1775538018437
-1070.9775538018428
-1055.777553801854
939.4224461981659
879.6224461981534
-2536.777553801832
-2249.17755380187
1654.622446198151
-854.7775538018295
-1411.177553801907
-285.1775538018262
534.4224461981615
-878.9775538018386
705.4224461981605
-779.9775538018424
883.2224461981393
224.02244619815605
-709.1775538018386
2445.0224461981543
562.6224461981575
-112.37755380183596
374.82244619816345
921.6224461981476
-1536.3775538018267
-1664.777553801815
1545.0224461981682
-200.37755380184004
-459.9775538018362
1104.6224461981608
-255.37755380184478
-766.5775538018381
869.0224461981651
658.6224461981632
208.22244619816465
225.22244619816797
523.4224461981438
-77.977553801843
-2192.177553801861
-162.9775538018447
653.222446198165
93.82244619815569
-1212.3775538018535
-166.57755380184264
472.42244619815733
982.6224461981557
1686.8224461981388
-1656.9775538018314
1682.6224461981528
1338.6224461981496
-1653.7775538018607
752.2224461981552
-360.5775538018429
671.8224461981625
592.6224461981697
-651.1775538018417
-2520.1775538017796
-1042.7775538018313
-288.37755380184115
-989.3775538018394
27.62244619816249
-514.9775538018408
913.8224461981566
601.8224461981589
-780.5775538018454
620.0224461981587
-169.97755380183594
1440.0224461981531
810.6224461981499
-976.1775538018439
221.02244619815932
1791.222446198154
522.4224461981639
353.4224461981634
-1863.1775538018094
-597.9775538018423
1557.2224461981602
2452.822446198134
1847.8224461981986
-1302.5775538018233
-2290.377553801841
-874.9775538018524
-356.57755380184574
-610.1775538018499
-2637.9775538018444
-331.3775538018326
-1338.9775538018366
-545.7775538018458
-3515.377553801923
-1763.3775538018451
-119.77755380184138
-1454.177553801841
-1418.977553801876
-722.9775538018496
209.0224461981556
1017.8224461981417
27.82244619815723
-461.9775538018378
13.422446198152937
2497.4224461981566
1958.2224461981896
-2032.1775538018917
-1133.5775538018186
-805.3775538018136
755.6224461981352
-1457.3775538018356
-1512.177553801836
-743.7775538018261
622.0224461981651
-264.1775538018462
145.2224461981649
-362.77755380184914
-893.5775538018158
-2346.3775538018126
768.4224461981541
-2020.37755380184
-1681.1775538018583
-1782.577553801815
-2949.3775538018185
-473.17755380184565
-2534.9775538018484
-583.3775538018674
-1452.9775538018262
-98.37755380184575
-586.9775538018181
-1251.9775538018791
34.42244619815682
884.8224461981572
363.4224461981572
422.6224461981544
-693.5775538018302
951.2224461981637
1708.022446198148
-107.77755380184422
-326.77755380184294
-723.9775538018724
1199.2224461981602
-1056.1775538018317
-119.17755380184498
33.82244619815861
181.42244619816017
447.22244619816223
94.82244619816053
-863.3775538018364
1164.62244619814
-1615.777553801828
234.22244619815444
-1005.7775538018549
-2270.9775538018343
-275.9775538018369
-2423.5775538018056
-1481.7775538018334
-4197.177553801833
-1368.5775538018472
-753.5775538018614
829.022446198152
-1312.7775538018213
62.22244619816205
2717.622446198179
293.0224461981558
402.4224461981628
1880.022446198126
917.4224461981685
920.6224461981664
86.42244619815857
-1983.7775538018457
-219.17755380183428
-1255.377553801859
213.42244619815733
-2130.1775538018283
-1177.9775538018234
525.4224461981444
1076.2224461981784
1837.82244619817
149.42244619816006
-786.5775538018437
1080.622446198158
519.0224461981578
563.6224461981657
-102.57755380184244
-2054.777553801838
-158.3775538018408
-2404.1775538018733
-1063.977553801884
-3337.7775538018686
-847.5775538018183
-1846.7775538018877
-808.577553801839
-2239.3775538018426
-465.3775538018465
72.02244619816042
-971.5775538018667
-953.7775538018514
-15.377553801842538
554.2224461981482
1367.6224461981715
480.8224461981562
-716.9775538018346
-208.97755380186834
228.62244619815812
438.42244619815966
-1952.977553801811
-1135.977553801872
1107.8224461981679
1631.0224461981743
1071.6224461981003
-300.1775538018423
-1249.5775538018695
1029.4224461981569
907.6224461981453
-1814.3775538018658
-1030.9775538018391
-886.7775538018445
-499.7775538018364
-1921.7775538018493
228.42244619816043
-2868.777553801875
-457.97755380183986
-537.7775538018541
276.82244619815833
148.22244619815572
1177.2224461981282
-514.1775538018499
146.42244619816464
-233.5775538018418
-525.9775538018421
-29.177553801843914
870.622446198155
470.02244619816315
-964.1775538018481
-246.17755380183965
158.42244619813172
-1615.7775538018095
-2098.577553801895
-1909.777553801896
280.8224461981638
1947.0224461981618
1070.4224461981514
446.6224461981609
203.02244619816244
97.22244619815763
472.62244619819523
-909.1775538018486
-637.7775538018425
427.0224461981487
-862.3775538018456
-1419.7775538018673
-1018.1775538018487
-1913.1775538018824
-991.3775538018343
369.2224461981564
-364.9775538018411
-463.5775538018428
55.62244619815708
458.42244619816523
1019.2224461981442
-82.77755380184067
-600.3775538018482
756.022446198151
649.0224461981585
-27.577553801826117
-717.377553801841
-1029.3775538018576
-689.7775538018345
-724.577553801854
-841.977553801831
-265.37755380183523
-112.77755380184485
2222.02244619813
1728.2224461981423
1469.2224461981539
813.0224461981524
-613.3775538018443
-413.57755380183994
71.02244619815943
88.42244619816225
107.62244619816326
-457.9775538018387
-334.17755380184013
923.0224461981495
-579.3775538018632
-1324.1775538018248
-738.3775538018485
248.02244619815653
-89.57755380184824
1241.6224461981806
-313.9775538018436
-30.37755380183572
52.82244619816779
766.4224461981306
2167.8224461981367
2907.222446198155
1045.2224461981762
380.222446198152
-739.5775538018245
479.2224461981593
-457.5775538018516
946.0224461981517
1400.4224461981491
-590.7775538018449
3634.622446198098
1910.8224461981465
1639.2224461981725
588.822446198169
-669.777553801844
400.8224461981566
1610.422446198155
1325.8224461981652
-39.77755380184348
786.2224461981592
363.4224461981524
1858.0224461982057
-36.17755380184518
1150.0224461981525
1525.4224461981876
638.8224461981634
-5.777553801842153
2196.022446198156
148.02244619816008
-1002.7775538018493
665.2224461981575
841.0224461981572
1090.6224461981635
2042.6224461981767
477.42244619815006
-791.5775538018416
-393.57755380183846
700.0224461981472
-539.7775538018309
204.422446198154
235.82244619815768
-1028.3775538018367
1988.8224461981608
1268.222446198147
356.42244619815597
-725.1775538018306
-1590.1775538018521
313.02244619816236
-111.97755380184591
-53.977553801845225
-161.57755380183997
-533.3775538018465
-1556.1775538018646
390.02244619816247
-252.17755380183763
925.222446198162
876.0224461981577
-1299.37755380184
875.622446198162
1769.0224461981306
1431.822446198143
-268.97755380184515
-1003.5775538018443
431.6224461981617
1143.4224461981705
-613.7775538018203
-27.17755380184301
-901.9775538018316
-159.77755380184405
-799.5775538018383
-2408.177553801886
-2614.977553801875
-1536.977553801826
-1036.1775538018676
511.6224461981588
202.42244619816353
-54.977553801825806
-748.3775538018211
-919.5775538018262
-394.9775538018615
373.8224461981595
1164.6224461981471
131.22244619814612
-1014.777553801849
-935.3775538018517
263.6224461981579
-1224.5775538018374
-389.7775538018491
-1466.9775538018318
-2843.5775538019
-165.97755380184657
-591.1775538018552
-379.1775538018277
-22.37755380184256
211.0224461981623
-120.57755380184138
-143.17755380185213
-2024.5775538018906
-1395.177553801854
-1556.1775538018746
-888.7775538018467
-1317.977553801882
-2462.17755380182
-3491.177553801794
-2664.777553801815
-813.7775538018406
708.6224461981428
-1280.5775538018459
-167.17755380183326
15.622446198154691
-2646.5775538018406
-2317.177553801809
140.42244619815304
-1251.5775538018704
-992.3775538018565
-1788.5775538018786
-1111.5775538018452
-222.77755380183237
-604.5775538018136
-1116.7775538018375
-2677.1775538019083
-94.77755380184674
1313.2224461981307
-604.3775538018455
-1516.5775538018734
-2065.777553801808
-427.1775538018398
815.8224461981622
-213.57755380183795
-1492.17755380183
-2237.977553801825
-1535.7775538018304
-2677.1775538018474
-1973.3775538018647
