33.53782834973352
899.7378283497386
1315.1378283497415
1002.9378283497372
895.9378283497402
-428.66217165027626
311.33782834973124
-216.8621716502676
282.3378283497337
1943.537828349756
148.73782834973096
-526.0621716502808
-677.6621716502589
-1169.062171650257
-612.2621716502716
-344.4621716502673
-213.0621716502633
-389.46217165027235
-1427.8621716502541
-471.8621716502662
329.93782834973223
-494.66217165027217
-1028.462171650263
-981.0621716502653
-51.06217165027178
-392.0621716502706
652.9378283497402
1162.537828349721
1132.7378283497437
304.13782834973864
-471.26217165026935
194.9378283497354
123.73782834973633
661.5378283497292
356.5378283497261
625.3378283497402
-692.6621716502634
-230.86217165026463
226.73782834973727
445.9378283497342
-149.4621716502614
806.7378283497392
731.1378283497451
602.7378283497361
-696.6621716502634
-493.0621716502674
1003.5378283497387
726.1378283497413
496.9378283497332
625.1378283497304
-171.8621716502679
-27.862171650268817
-64.26217165026574
936.9378283497268
-70.26217165026746
353.1378283497314
575.1378283497356
-825.2621716502674
1117.7378283497262
493.13782834972983
580.7378283497401
867.3378283497391
406.73782834973986
89.33782834973655
302.73782834972525
788.7378283497222
-540.0621716502641
-93.26217165026156
-1056.0621716502606
-312.46217165026843
512.9378283497288
495.5378283497371
1150.737828349728
1199.5378283497196
347.73782834972985
1297.737828349739
-878.2621716502666
-1166.6621716502652
1156.1378283497506
439.1378283497229
-21.46217165026156
-144.06217165026513
-490.06217165026953
-476.66217165027433
-1674.0621716502753
532.7378283497364
725.5378283497279
970.9378283497405
1917.9378283497442
327.53782834973646
872.3378283497333
-956.462171650274
-413.0621716502703
643.7378283497345
1022.537828349725
-186.26217165027
102.53782834973401
174.73782834973719
-943.8621716502709
-1159.262171650261
-585.4621716502633
-110.66217165026777
617.537828349731
-813.4621716502752
-214.8621716502667
-20.062171650269057
-641.8621716502706
1243.3378283497364
792.1378283497371
-1241.2621716502633
-50.86217165026526
-160.06217165027044
-195.26217165026512
-472.262171650274
-1041.862171650251
-1499.4621716502766
-438.46217165026985
592.33782834973
542.5378283497289
-587.8621716502757
-268.2621716502705
-968.4621716502708
-890.4621716502602
-1171.062171650268
-1149.462171650273
-722.2621716502791
561.9378283497392
-267.66217165026796
28.33782834973087
184.7378283497168
331.13782834973114
-257.062171650266
-110.86217165026713
23.337828349733023
-219.262171650268
-308.2621716502612
911.7378283497319
-90.66217165026626
-1343.2621716502317
724.5378283497303
1493.5378283497278
-320.6621716502705
472.53782834973566
-329.46217165026616
-795.4621716502714
-995.0621716502728
-815.4621716502777
-69.46217165026823
695.7378283497293
1610.7378283497167
1717.5378283497414
-553.0621716502712
-634.8621716502657
-1503.262171650268
-874.262171650274
-222.0621716502671
826.9378283497349
-1475.2621716502663
-189.0621716502654
1308.9378283497322
1221.9378283497545
135.53782834973646
425.93782834973365
941.5378283497388
-320.462171650267
-1351.6621716502736
424.13782834973273
539.1378283497364
706.1378283497261
-1346.4621716502616
-1206.8621716502582
443.5378283497342
-380.0621716502681
164.73782834973596
184.5378283497322
-1218.0621716502621
-1640.0621716502683
-1917.4621716502777
437.1378283497257
602.5378283497405
-312.2621716502657
208.13782834973006
1005.3378283497071
224.33782834973493
374.337828349735
133.93782834973385
-172.06217165027488
-829.2621716502641
-308.6621716502677
-870.0621716502678
-793.662171650267
770.5378283497223
372.1378283497328
639.1378283497288
165.1378283497344
79.93782834973311
-246.26217165026213
-177.66217165026322
-164.0621716502682
751.7378283497189
786.1378283497213
-386.46217165027036
478.73782834973497
357.1378283497344
791.7378283497217
912.3378283497368
-94.46217165026749
-544.0621716502733
1020.5378283497296
246.3378283497409
-275.462171650267
-1159.262171650271
-240.2621716502664
464.1378283497214
-375.462171650266
-1260.0621716502685
528.7378283497333
-137.66217165026515
-637.2621716502666
-1663.4621716502604
-1313.262171650267
351.5378283497333
-527.262171650264
-354.4621716502714
496.93782834973
705.337828349737
432.5378283497317
-561.0621716502649
739.1378283497295
655.7378283497329
-111.46217165026201
414.5378283497342
210.93782834973382
-660.8621716502643
1303.7378283497405
919.737828349728
333.53782834972804
-382.86217165026903
-769.2621716502687
96.937828349734
317.1378283497344
-469.06217165027005
348.33782834973596
-787.0621716502682
528.7378283497355
-973.2621716502584
-1633.6621716502657
-154.86217165026494
398.9378283497335
-102.06217165026604
-235.46217165026678
-370.06217165027175
-1327.8621716502637
440.7378283497367
1153.7378283497276
226.53782834973248
-203.26217165026378
208.33782834973843
1183.1378283497293
251.53782834973325
65.93782834973538
2003.737828349772
77.13782834973055
-186.66217165027462
-1080.4621716502634
-1465.6621716502666
815.3378283497403
347.93782834972944
1228.737828349725
1418.1378283497395
94.93782834973169
-806.4621716502681
-1200.8621716502628
-1611.2621716502751
216.3378283497361
1377.1378283497388
1407.9378283497254
400.9378283497217
-133.66217165026748
1454.1378283497227
-661.2621716502697
281.7378283497319
678.5378283497197
638.9378283497359
-36.26217165026842
608.1378283497368
239.53782834973345
-420.2621716502729
-193.06217165026462
-162.06217165026925
896.3378283497317
-78.86217165026767
-461.0621716502649
1721.9378283497379
271.53782834973424
-1131.6621716502657
-1454.0621716502544
-395.6621716502678
524.3378283497377
921.9378283497238
1128.7378283497278
674.5378283497336
1052.9378283497385
208.93782834973973
797.9378283497383
1310.337828349738
432.53782834973043
1934.3378283497375
717.1378283497353
1903.537828349735
1808.5378283497303
143.33782834973368
-275.46217165026326
817.5378283497315
1130.9378283497322
482.1378283497323
104.5378283497307
276.1378283497328
-63.862171650266134
46.53782834972543
-164.46217165026422
-1450.2621716502604
-1159.862171650268
-176.06217165026828
150.3378283497309
679.1378283497244
180.53782834973384
-680.2621716502625
-1068.8621716502714
-470.462171650266
-509.2621716502686
1112.1378283497343
1160.5378283497391
392.53782834973055
1238.1378283497363
677.7378283497362
189.7378283497211
1768.137828349747
410.53782834973174
-191.86217165026935
-71.0621716502677
1003.1378283497163
1702.3378283497177
-173.46217165026673
547.3378283497352
75.93782834973173
96.93782834973048
-107.26217165026266
276.9378283497347
226.1378283497357
-293.46217165026997
-320.4621716502721
-126.06217165026445
-64.46217165025908
-1113.862171650257
-379.86217165025744
120.13782834973559
173.13782834973713
475.7378283497223
896.5378283497254
923.9378283497349
-110.66217165026534
-329.6621716502737
-656.6621716502658
774.5378283497358
648.7378283497343
333.7378283497333
459.53782834973174
-662.8621716502659
610.7378283497206
739.3378283497327
149.73782834972783
1369.5378283497416
730.9378283497302
657.5378283497221
387.3378283497199
188.9378283497347
-210.26217165026995
-566.0621716502682
84.93782834973189
-992.0621716502418
1062.1378283497284
895.337828349727
-957.6621716502649
-247.06217165026754
685.7378283497403
-219.862171650265
119.13782834974094
783.3378283497301
-382.662171650267
-571.0621716502751
1041.9378283497351
872.5378283497358
877.1378283497364
-77.86217165026571
-337.4621716502684
-298.26217165026003
548.5378283497367
771.7378283497355
1222.537828349735
653.1378283497309
-842.8621716502618
136.13782834973227
135.93782834973211
-448.66217165026507
-16.062171650264798
1351.5378283497366
16.3378283497285
-1410.262171650262
-333.2621716502698
-228.06217165026865
123.53782834973407
-629.4621716502581
-556.6621716502596
-956.6621716502585
-1667.2621716502713
-269.86217165026505
-428.8621716502645
-1725.6621716502968
-1253.6621716502652
-652.4621716502722
-21.06217165026537
-237.86217165026957
91.93782834973409
387.1378283497321
1126.5378283497391
925.937828349729
-366.8621716502709
-1111.0621716502637
380.137828349736
52.93782834972657
59.337828349730245
-189.86217165026707
-138.26217165026563
-885.062171650274
1688.1378283497206
52.3378283497357
-910.2621716502674
1071.7378283497344
206.73782834972937
-609.6621716502704
-1324.8621716502698
-192.86217165026736
459.73782834972786
-479.4621716502692
407.737828349736
-955.6621716502658
-129.06217165026428
880.1378283497327
-140.46217165026886
-876.4621716502646
-1202.262171650288
-738.2621716502688
1552.7378283497285
-20.062171650267008
-874.8621716502544
243.33782834973056
561.7378283497311
446.73782834973457
882.9378283497243
361.93782834973115
-61.46217165027042
-1005.0621716502438
-501.4621716502756
-781.6621716502563
-546.6621716502824
-1065.8621716502682
-131.86217165027008
-255.66217165027246
1340.9378283497338
367.33782834973124
-986.8621716502696
301.737828349736
-71.26217165026844
450.73782834972906
1230.537828349737
-332.86217165026557
-118.86217165026677
688.5378283497334
-974.6621716502694
-6.062171650266087
859.7378283497088
159.5378283497337
-591.8621716502738
-322.062171650275
722.3378283497265
-672.462171650273
-805.2621716502751
-1326.4621716502763
602.537828349737
-275.8621716502724
159.93782834973536
604.3378283497337
-1250.6621716502598
-860.4621716502741
290.33782834973175
-658.6621716502684
-2104.2621716502495
-1196.2621716502422
-443.2621716502803
-664.0621716502715
-276.2621716502793
-1132.0621716502922
17.33782834973438
837.5378283497314
-16.062171650267278
240.13782834972707
-697.4621716502656
-1606.0621716502787
-982.0621716502749
265.7378283497347
-729.2621716502617
-714.6621716502635
975.5378283497355
-473.66217165026734
172.5378283497312
-551.0621716502691
-387.2621716502698
398.7378283497363
986.9378283497242
-1013.6621716502725
-548.6621716502731
1045.7378283497274
-344.06217165026885
-525.2621716502624
-1776.462171650266
-853.26217165027
-479.4621716502702
-716.6621716502607
-871.2621716502712
-1373.8621716502698
249.1378283497341
-1137.0621716502683
-466.262171650271
207.53782834973046
816.5378283497304
689.7378283497274
-1410.4621716502716
1488.7378283497446
803.537828349734
-561.6621716502643
-552.8621716502703
759.9378283497382
951.5378283497333
-1179.6621716502705
553.737828349736
-866.8621716502562
267.1378283497288
-826.2621716502861
-176.86217165026855
1501.7378283497364
468.13782834973915
590.3378283497307
-2089.062171650288
-558.8621716502603
-1063.0621716502708
-244.26217165026898
-773.4621716502677
-1325.8621716502546
-88.46217165026721
17.53782834972977
406.3378283497336
330.9378283497345
-305.4621716502692
-401.2621716502678
96.73782834973098
-99.26217165026956
-926.0621716502661
-57.26217165026952
-1700.6621716502743
-168.06217165025896
474.73782834973434
793.3378283497341
776.3378283497315
-39.862171650264614
-194.26217165027134
-108.6621716502646
628.137828349735
-1358.462171650255
-380.46217165026934
166.93782834973047
845.5378283497297
54.337828349734096
79.53782834973471
155.33782834973385
-782.0621716502721
-1772.062171650257
-373.6621716502631
138.33782834973195
-188.66217165026762
-1382.4621716502677
657.53782834973
-517.4621716502676
-1362.6621716502825
-763.4621716502638
-13.862171650266534
602.737828349737
215.53782834972867
-1023.0621716502307
-1775.8621716502653
-11.862171650266003
-1375.862171650273
-273.062171650281
-996.2621716502634
218.73782834973605
822.3378283497207
-457.26217165027197
-1060.4621716502656
636.137828349737
-864.4621716502708
-1545.0621716502783
596.7378283497359
425.33782834974073
1661.9378283497113
1262.737828349733
-0.662171650264213
-378.6621716502657
60.737828349732666
-599.6621716502492
747.5378283497262
-217.6621716502763
124.537828349732
-792.2621716502603
716.1378283497268
758.9378283497282
83.93782834972936
-779.6621716502643
1153.3378283497443
770.9378283497239
398.13782834973256
-1017.6621716502626
-824.8621716502508
-639.8621716502796
269.33782834973243
397.3378283497281
-40.262171650272684
318.93782834973246
925.5378283497427
-606.2621716502698
-796.2621716502672
1538.9378283497315
-286.86217165026744
-296.86217165026727
81.93782834973331
91.33782834972934
1074.7378283497303
456.33782834972664
-361.66217165027217
475.53782834973833
-165.2621716502743
-1601.4621716502734
-1032.8621716502496
440.7378283497332
1627.5378283497464
635.9378283497359
528.5378283497317
260.13782834972614
1335.3378283497232
208.1378283497377
1064.1378283497459
341.73782834973224
-1344.2621716502588
-143.06217165027002
-442.66217165026416
1013.9378283497243
1603.337828349727
-165.0621716502666
780.137828349734
352.73782834973355
1091.1378283497334
623.7378283497318
-413.6621716502673
1223.5378283497464
-1320.2621716502715
-578.662171650265
-319.6621716502684
112.7378283497321
292.93782834972984
-426.0621716502718
1081.337828349732
512.1378283497393
4.337828349730401
-1109.2621716502701
177.337828349731
1661.337828349747
-1161.8621716502764
-595.862171650268
-548.0621716502632
-667.2621716502657
-990.0621716502743
44.13782834973394
356.3378283497273
383.1378283497331
-431.66217165026904
720.5378283497325
-794.4621716502551
1371.737828349731
717.33782834974
1000.5378283497333
807.5378283497272
538.3378283497392
531.5378283497362
1188.1378283497268
-615.262171650257
1474.1378283497502
61.13782834973527
-715.4621716502623
-59.262171650268556
904.3378283497455
694.5378283497375
508.5378283497337
829.7378283497466
270.9378283497305
77.73782834973396
485.53782834973435
-48.662171650275155
406.5378283497332
-624.4621716502651
-487.66217165026677
-357.4621716502685
629.3378283497337
234.7378283497387
-426.0621716502677
-407.86217165026216
-188.0621716502673
-408.26217165026736
284.737828349736
54.13782834973296
-324.0621716502667
-302.06217165026203
912.9378283497307
-204.46217165026857
-1872.8621716502632
-401.6621716502698
1022.9378283497184
-1559.8621716502676
831.7378283497308
95.73782834973338
607.1378283497335
824.1378283497309
-1589.2621716502554
-466.262171650267
-224.86217165026557
-829.0621716502656
-784.8621716502731
-428.06217165026845
-462.46217165026974
567.7378283497375
1121.1378283497434
1002.3378283497282
319.3378283497326
134.13782834973415
96.33782834972922
-913.86217165026
-535.4621716502639
-901.462171650276
-196.46217165026945
16.53782834973808
-656.4621716502709
-446.26217165027276
-512.4621716502696
469.93782834973183
-755.2621716502692
-327.6621716502675
-717.2621716502762
772.7378283497344
855.937828349718
-1119.0621716502642
-1675.0621716502678
-46.26217165026952
1766.9378283497308
852.3378283497301
-1826.4621716502834
-1660.2621716502786
-264.6621716502649
576.1378283497357
-30.862171650263967
-16.462171650261148
-236.86217165026488
515.5378283497301
648.1378283497312
-73.46217165026275
-512.6621716502749
-215.86217165026744
-1068.262171650267
-50.66217165026649
1431.7378283497167
660.5378283497272
410.13782834973557
865.93782834974
10.737828349739415
-128.4621716502656
-121.06217165026565
648.7378283497397
-884.4621716502704
137.33782834972405
233.13782834973094
-148.46217165026653
-170.6621716502646
-811.8621716502654
-1189.0621716502694
-96.6621716502699
-203.26217165026839
-777.862171650265
-142.26217165026853
306.5378283497354
-655.0621716502645
-810.462171650265
-21.862171650271883
1083.9378283497456
1222.9378283497515
-236.66217165026686
-316.6621716502607
33.537828349731214
-431.2621716502758
649.3378283497319
-254.06217165026126
198.73782834973596
111.13782834973513
-325.26217165026867
167.73782834973215
1579.9378283497394
243.93782834973112
1098.5378283497296
272.1378283497355
-304.662171650267
-807.462171650264
-487.4621716502749
-225.86217165026355
-1080.4621716502809
-638.6621716502676
-1753.2621716502726
-986.2621716502684
-383.6621716502705
-558.8621716502744
1098.3378283497325
1641.7378283497496
-90.26217165026803
-1542.862171650267
-722.2621716502647
-24.062171650262147
470.1378283497433
393.7378283497316
187.3378283497388
542.1378283497381
431.7378283497402
1449.93782834975
2273.137828349764
254.73782834973042
555.9378283497354
-58.46217165026498
-90.66217165026718
292.3378283497305
1916.137828349705
214.33782834973337
182.3378283497325
950.3378283497311
-50.462171650267535
-426.4621716502664
-230.4621716502678
86.93782834973625
485.3378283497369
376.93782834973604
1275.3378283497268
-150.86217165026954
781.7378283497387
209.53782834973686
1108.737828349724
367.13782834972756
-785.8621716502616
-1235.4621716502681
390.73782834973645
1214.7378283497328
198.73782834973224
510.1378283497311
666.9378283497398
1040.5378283497378
809.7378283497327
1245.937828349726
1665.737828349708
396.3378283497344
196.93782834973192
790.7378283497399
986.1378283497403
971.1378283497341
338.1378283497377
-388.8621716502691
506.1378283497315
-65.66217165027166
706.7378283497399
1.337828349734174
-74.8621716502718
338.13782834973307
-285.66217165026694
-621.8621716502673
1096.9378283497313
-377.2621716502693
-203.2621716502703
-631.2621716502669
-956.2621716502706
-1044.4621716502706
642.5378283497303
85.13782834973088
1342.5378283497168
1241.5378283497257
-153.26217165026839
617.3378283497387
178.73782834973377
2115.7378283497433
612.9378283497342
-1085.462171650274
-1260.6621716502736
644.1378283497281
-45.062171650266855
466.9378283497242
2035.5378283497303
1692.3378283497136
236.13782834973003
-365.86217165026596
-154.26217165026196
-1195.062171650265
-384.66217165026694
1139.737828349741
606.9378283497335
-144.66217165026438
730.3378283497332
-1151.6621716502661
-650.4621716502656
-1571.8621716502807
-235.46217165027286
-292.4621716502751
547.737828349731
-79.66217165027196
318.1378283497367
377.1378283497305
-500.6621716502674
-17.262171650265923
-394.6621716502686
-391.6621716502626
-790.0621716502714
685.737828349731
1110.3378283497332
899.1378283497241
-1314.662171650267
135.9378283497333
43.73782834972894
-938.0621716502636
-465.26217165027253
1549.1378283497572
950.9378283497318
-635.0621716502628
204.7378283497342
113.7378283497323
894.737828349728
943.9378283497316
-469.8621716502676
-103.66217165026575
610.9378283497391
643.7378283497337
-495.6621716502723
-1373.6621716502793
0.5378283497302547
-133.66217165026688
933.7378283497366
-532.2621716502665
-317.462171650265
63.53782834973086
-1266.062171650258
-355.26217165026833
-965.0621716502598
-326.4621716502705
181.93782834973678
-55.26217165026701
-494.26217165026696
-56.86217165026165
-224.0621716502648
-998.8621716502637
-662.26217165027
516.1378283497357
-448.26217165026804
-642.2621716502777
678.7378283497299
-514.6621716502808
1005.5378283497317
415.9378283497357
-72.26217165026796
-32.86217165026957
-410.86217165026744
80.93782834973743
895.537828349734
1172.7378283497221
1249.5378283497162
612.9378283497311
-107.66217165027282
595.7378283497372
252.93782834973385
-583.4621716502677
-568.6621716502736
-1044.2621716502556
-1451.4621716502638
-318.4621716502672
-785.8621716502662
7.137828349728107
-165.6621716502668
348.5378283497302
-530.262171650271
-751.6621716502684
9.537828349734745
-389.262171650267
-1308.4621716502745
919.5378283497386
951.9378283497302
-507.66217165026995
-717.6621716502588
656.5378283497364
784.1378283497361
-1063.4621716502777
-1382.86217165026
776.5378283497247
496.13782834972636
-1176.8621716502535
-18.26217165027375
1246.9378283497251
896.7378283497357
1360.7378283497048
1113.9378283497217
1245.737828349743
1260.9378283497238
743.3378283497359
-959.0621716502561
-296.4621716502677
-957.6621716502681
-479.46217165026684
1031.337828349726
-555.4621716502612
-506.4621716502765
-193.86217165026517
-1196.6621716502752
-1034.4621716502845
-550.062171650271
-349.46217165026763
-960.4621716502847
-1948.6621716502762
-225.0621716502715
722.5378283497247
26.33782834973344
-742.26217165027
-988.6621716502674
-322.06217165027357
-429.66217165026694
580.7378283497322
297.5378283497364
679.3378283497342
365.13782834974097
-208.86217165026864
395.7378283497352
293.3378283497341
1085.3378283497443
556.7378283497318
1491.5378283497332
312.9378283497274
301.5378283497305
140.13782834973057
-183.46217165026434
-703.2621716502658
248.9378283497359
254.53782834973094
321.937828349732
-365.4621716502666
-209.46217165026704
754.9378283497296
261.93782834973615
-291.8621716502653
-408.4621716502725
-859.462171650266
261.737828349738
267.13782834973097
1036.937828349732
-86.66217165026782
255.9378283497263
184.73782834973161
-1039.2621716502708
943.3378283497308
-125.46217165026533
275.1378283497183
1080.1378283497415
764.7378283497258
275.53782834972867
318.73782834973395
1328.3378283497325
301.73782834973366
1581.3378283497202
643.737828349725
974.5378283497263
1039.7378283497399
234.73782834973133
1150.137828349729
1236.3378283497395
-194.86217165026977
675.5378283497271
-1262.2621716502597
-1409.2621716502692
813.937828349734
-114.46217165026727
-421.8621716502617
-528.862171650264
-989.8621716502727
-403.46217165026405
-1663.862171650284
-255.26217165026642
-15.262171650266907
481.3378283497319
1763.9378283497351
229.53782834973325
987.1378283497348
-818.26217165026
-604.2621716502665
408.3378283497376
1184.1378283497434
381.3378283497305
769.5378283497352
726.3378283497285
82.33782834974016
255.13782834973344
558.5378283497427
1412.9378283497172
1463.5378283497494
-610.662171650275
226.13782834973247
263.7378283497341
-771.4621716502655
724.337828349751
-201.46217165027528
-1688.262171650276
-308.06217165026743
-451.2621716502637
293.137828349739
567.3378283497318
-618.0621716502736
-1336.462171650286
-727.2621716502732
-84.66217165026701
-38.862171650263775
-911.0621716502708
108.13782834973141
-714.2621716502716
-435.662171650268
-153.46217165026619
-804.6621716502708
-861.4621716502714
428.7378283497225
-5.4621716502688145
764.3378283497427
226.93782834973052
511.7378283497297
429.9378283497391
1079.537828349748
1377.9378283497467
377.1378283497309
-69.46217165026682
1616.1378283497538
462.53782834973396
-980.0621716502723
593.9378283497279
671.7378283497311
-852.0621716502778
265.3378283497348
-241.26217165026765
488.9378283497351
869.9378283497302
93.3378283497299
-527.6621716502735
-369.66217165027257
893.3378283497325
988.1378283497328
-653.0621716502651
-87.66217165026815
-944.8621716502657
91.33782834973314
1239.337828349728
1867.137828349728
-764.8621716502666
-217.46217165026724
996.737828349728
1320.1378283497304
-242.46217165026812
-156.46217165026675
1203.3378283497293
714.5378283497342
-699.462171650268
300.7378283497337
637.9378283497276
1544.1378283497263
-715.8621716502643
-778.8621716502729
270.13782834973375
-791.0621716502678
-586.2621716502655
-42.26217165026724
-765.6621716502704
-246.06217165026717
-353.8621716502714
1157.3378283497336
158.93782834973234
-1539.4621716502645
-426.66217165026217
268.1378283497372
-132.66217165026677
678.1378283497334
388.73782834973474
411.13782834973495
612.5378283497279
1133.5378283497303
100.13782834973294
-686.8621716502747
11.137828349732885
162.13782834972983
105.93782834973081
-669.0621716502704
-376.6621716502617
-389.06217165026675
-560.2621716502689
-722.2621716502617
823.3378283497347
1233.737828349743
-223.46217165026331
830.1378283497321
391.337828349734
883.7378283497328
1350.7378283497217
986.9378283497333
868.73782834973
2540.9378283497267
1070.7378283497123
120.5378283497355
-1035.4621716502777
-533.4621716502631
704.9378283497246
-223.0621716502595
-1394.0621716502633
664.5378283497325
159.73782834973414
168.9378283497307
-100.06217165027117
365.33782834973545
1048.73782834973
-280.66217165026995
-522.6621716502644
690.9378283497258
368.3378283497342
-255.26217165027015
-919.4621716502659
364.7378283497356
-233.66217165026654
-1126.662171650264
57.73782834972755
348.13782834973927
-504.8621716502639
1463.9378283497301
708.9378283497189
238.33782834972948
292.53782834973805
254.73782834973062
1437.5378283497441
1682.3378283497389
343.7378283497277
797.337828349738
-482.86217165027386
501.1378283497356
-161.26217165026748
-772.0621716502602
321.5378283497343
726.5378283497446
-157.2621716502642
177.53782834973856
1116.1378283497384
152.93782834973175
696.9378283497352
915.5378283497267
143.33782834973317
113.13782834973782
565.9378283497317
1115.137828349729
-45.66217165026593
-543.4621716502666
643.937828349727
-899.6621716502748
-161.86217165026014
-367.0621716502763
-945.2621716502696
379.7378283497349
-573.6621716502653
251.73782834973267
1019.9378283497265
-333.8621716502636
-176.0621716502708
-95.06217165026561
-487.8621716502704
1122.737828349728
1254.7378283497487
691.9378283497327
168.1378283497252
-214.66217165026777
1291.1378283497497
-1141.262171650272
-331.0621716502671
546.5378283497341
1045.1378283497259
722.9378283497333
859.1378283497282
165.73782834973395
-851.2621716502706
-490.4621716502715
556.7378283497321
1204.1378283497356
-279.66217165026217
-754.462171650274
1234.137828349743
-72.86217165027051
-641.8621716502718
-211.86217165026778
267.7378283497388
383.3378283497319
313.13782834973466
357.7378283497335
730.7378283497264
920.3378283497449
568.9378283497344
2229.737828349739
2501.537828349725
1276.337828349719
2028.7378283497465
475.3378283497367
1209.7378283497346
1123.7378283497358
-528.8621716502704
-891.0621716502525
426.9378283497314
898.7378283497272
-14.462171650270157
82.7378283497311
689.3378283497392
509.33782834972715
-93.0621716502692
-231.46217165026587
-128.0621716502693
-268.2621716502638
-166.86217165027358
58.33782834972868
1009.7378283497286
251.337828349732
-187.26217165027322
-326.06217165026885
94.73782834973424
-43.462171650268886
640.5378283497354
620.3378283497391
611.9378283497495
1468.7378283497308
895.9378283497177
1239.137828349729
2554.7378283497314
843.1378283497177
583.3378283497361
230.13782834973512
506.9378283497312
1190.5378283497316
-87.46217165026488
1160.1378283497302
239.53782834973222
66.93782834973327
63.337828349727566
558.9378283497362
325.93782834972643
122.13782834973495
-214.6621716502651
-133.86217165026792
1360.3378283497332
-351.06217165026476
-407.26217165027555
-630.0621716502761
-84.26217165026361
387.93782834973035
904.5378283497392
520.3378283497399
-71.86217165027125
-6.662171650265481
-1300.2621716502758
474.1378283497372
868.1378283497361
593.7378283497399
1147.737828349724
602.537828349741
1813.5378283497275
1591.9378283497415
777.9378283497074
1660.1378283497336
95.53782834973816
-419.4621716502664
476.9378283497159
1388.1378283497293
721.7378283497272
-163.8621716502639
339.7378283497313
-615.0621716502611
867.5378283497358
1130.337828349721
-712.4621716502762
-195.6621716502617
1326.7378283497073
-308.4621716502653
-519.2621716502654
-117.26217165026695
-1068.6621716502657
-727.0621716502613
473.3378283497395
-771.2621716502625
-81.66217165026285
189.33782834972692
147.13782834973222
288.9378283497343
837.537828349726
1228.53782834971
2326.9378283497626
2557.3378283497414
914.9378283497351
1334.937828349728
881.7378283497155
-106.46217165027676
-725.0621716502709
-19.462171650266825
-288.462171650266
-803.2621716502671
513.9378283497286
28.937828349731603
-520.0621716502638
-664.2621716502672
-755.6621716502773
-628.6621716502747
-1411.462171650269
-297.26217165026503
-775.0621716502718
-2208.2621716502463
-2453.662171650263
-1538.2621716502617
-434.06217165026675
-337.06217165026806
-436.2621716502666
-1026.662171650267
96.93782834972725
1384.1378283497322
694.7378283497401
-189.06217165026786
1302.737828349754
1376.9378283497144
2913.9378283497313
2822.537828349718
2074.1378283497525
612.9378283497314
2559.137828349687
975.1378283497552
-983.0621716502659
264.1378283497282
-283.66217165026615
-880.6621716502741
-1557.6621716502482
-756.8621716502574
-39.26217165026781
-67.46217165027136
322.33782834973925
-770.2621716502696
-159.46217165027025
829.5378283497421
-1330.0621716502585
-1580.462171650274
-2181.262171650268
-1862.462171650272
863.337828349738
-203.86217165026872
-956.6621716502704
-339.26217165026435
-45.26217165026725
792.537828349737
1253.3378283497334
960.3378283497207
1604.937828349737
1491.9378283497424
2943.7378283497114
2729.3378283497295
2370.7378283497073
896.137828349733
1143.9378283497379
1056.5378283497419
1754.1378283497415
200.1378283497344
-1322.8621716502755
-117.26217165026524
-1152.8621716502641
-828.6621716502673
733.3378283497268
90.93782834973425
-306.46217165026775
131.1378283497336
-1995.262171650262
-458.4621716502691
-428.0621716502673
-40.66217165026829
-743.6621716502601
-881.6621716502721
309.53782834973555
-518.6621716502736
-573.2621716502757
-1152.4621716502593
842.9378283497336
247.93782834973712
-30.06217165027211
1059.1378283497347
1096.3378283497157
2696.337828349739
3804.5378283497084
2811.537828349689
1461.9378283496842
1588.7378283497262
1611.537828349713
1126.5378283497396
1120.137828349733
-316.66217165027086
-133.86217165026142
-56.26217165027852
-1644.6621716502873
-1368.6621716502714
-1635.2621716502574
-1617.8621716502475
-1718.262171650223
-480.4621716502724
-1669.2621716502754
-955.4621716502642
467.93782834973075
-283.66217165026825
38.73782834973808
-928.2621716502688
-1209.8621716502748
-446.4621716502607
420.1378283497306
-719.6621716502626
527.3378283497347
2115.5378283497043
57.73782834972808
346.73782834973633
810.5378283497304
2901.3378283496977
2797.1378283496906
1886.737828349726
2001.1378283497247
1551.1378283497272
2500.1378283497484
1254.7378283497426
1276.5378283497528
1509.1378283497327
1324.9378283497763
777.5378283497294
-1711.8621716502737
-235.46217165026974
-1018.6621716502766
-1455.2621716502597
-1596.0621716502528
441.93782834972876
1049.1378283497286
-1142.062171650271
266.3378283497316
-1176.8621716502614
-202.26217165026395
-1848.862171650256
-1707.0621716502505
-330.26217165026713
-795.6621716502659
624.7378283497304
-1293.2621716502765
543.1378283497421
175.3378283497309
1464.5378283497184
2128.3378283497145
1950.9378283497208
1685.3378283497527
1061.937828349727
2198.3378283497377
2855.1378283497634
2010.937828349732
1771.5378283497344
1545.3378283497361
930.7378283497347
-201.46217165025968
826.7378283497414
-1143.8621716502707
-1201.4621716502677
-952.2621716502579
-200.46217165026945
-464.4621716502733
88.73782834973161
392.9378283497362
-249.0621716502643
545.5378283497315
-1793.662171650275
-633.6621716502709
-728.8621716502729
-371.66217165026575
-1509.4621716502386
-990.4621716502721
-1.0621716502657321
108.93782834973445
-581.8621716502685
801.5378283497479
1673.1378283497777
1884.7378283497123
938.7378283497081
1920.9378283497413
265.33782834972914
451.5378283497336
1292.5378283497225
1837.1378283497509
1992.3378283497086
1129.3378283497266
-440.26217165025804
-1078.2621716502704
1175.7378283497353
-404.0621716502654
-202.46217165027667
-1249.8621716502728
-302.86217165026545
-169.46217165026593
-341.2621716502661
-486.062171650271
1025.5378283497262
-94.66217165026757
-1130.4621716502654
608.3378283497293
-125.66217165026464
660.3378283497334
-170.26217165027026
-760.8621716502638
-918.0621716502521
309.13782834973404
313.93782834973035
598.3378283497356
15.337828349727289
1442.1378283497527
831.5378283497328
2205.9378283497635
1716.5378283497498
1556.737828349741
828.1378283497105
2277.3378283497227
1614.7378283497235
1099.537828349729
-205.06217165026646
50.13782834973205
180.7378283497302
525.7378283497366
231.9378283497338
-388.26217165026435
-444.0621716502737
-166.66217165026652
-1035.0621716502646
-455.4621716502712
2097.137828349716
779.9378283497443
174.93782834973192
71.33782834973078
-490.66217165026586
14.53782834973083
-765.4621716502651
-1201.2621716502856
-337.46217165027275
-191.66217165026578
-965.4621716502661
-2007.062171650272
-970.4621716502701
1109.137828349745
1180.7378283497223
1764.537828349759
1058.3378283497477
1869.1378283497343
1045.5378283497218
1444.7378283497321
483.13782834974677
-689.0621716502678
531.337828349733
62.53782834973348
922.937828349747
1220.9378283497424
-485.26217165027384
469.1378283497359
-246.46217165026982
168.93782834973257
-268.26217165026577
-904.462171650279
816.9378283497371
-305.4621716502678
-23.862171650263612
-442.66217165026706
-308.8621716502585
-466.46217165026894
-1103.4621716502706
605.7378283497309
-133.86217165026582
40.137828349733894
-532.862171650267
-532.8621716502678
397.7378283497332
-2029.4621716502893
-491.4621716502687
457.13782834974205
250.9378283497286
-54.062171650267686
827.7378283497355
219.5378283497327
164.53782834973293
-478.2621716502686
667.737828349727
-1449.0621716502853
40.9378283497318
-628.4621716502656
283.13782834973614
751.7378283497274
642.9378283497356
100.53782834973319
248.73782834973105
-1116.2621716502701
1365.1378283497274
425.73782834973304
-717.4621716502663
-450.06217165026453
953.9378283497394
606.3378283497354
95.9378283497378
583.9378283497329
87.53782834973347
4.937828349729486
968.3378283497334
-607.8621716502761
-193.66217165026524
-1472.6621716502625
-935.0621716502656
179.93782834973945
1156.737828349748
952.3378283497134
-158.66217165026882
-1082.6621716502589
-556.0621716502701
-651.6621716502624
159.93782834973703
-487.2621716502735
-920.8621716502842
-1181.6621716502596
171.3378283497343
-195.8621716502707
-1573.462171650272
-1244.8621716502544
22.737828349726904
-1594.0621716502628
1433.1378283497254
-349.46217165026445
-83.86217165026801
651.1378283497214
-1110.6621716502634
127.73782834973564
-247.26217165026637
-997.662171650277
-924.4621716502617
-851.6621716502718
-967.4621716502768
-393.6621716502617
355.33782834973493
381.33782834973664
-14.86217165026678
386.33782834973385
601.7378283497328
-572.8621716502705
-1097.8621716502705
-1959.6621716502727
-812.0621716502566
-121.062171650268
-771.8621716502718
-351.86217165027136
-285.8621716502705
219.93782834973646
-911.2621716502733
-15.862171650265932
-589.0621716502716
-192.8621716502639
541.1378283497376
-431.06217165026806
-634.8621716502672
-605.4621716502699
750.73782834974
427.5378283497351
-1548.4621716502531
-827.2621716502625
12.737828349735324
742.5378283497314
-11.662171650266018
-736.6621716502693
-1135.2621716502642
-239.2621716502709
-185.26217165026944
-481.26217165025906
-527.6621716502624
-163.66217165027524
-775.2621716502662
-59.66217165026478
661.5378283497312
-209.26217165026085
-148.66217165026262
740.7378283497278
-282.86217165026574
-43.662171650268355
-101.06217165026428
675.3378283497264
-410.26217165026657
537.3378283497201
66.537828349734
-372.66217165026586
234.73782834973352
363.7378283497301
177.93782834973877
-260.6621716502704
-938.8621716502626
-1486.8621716502623
-435.6621716502711
956.9378283497366
-153.2621716502692
-448.2621716502706
-186.66217165026515
316.93782834973285
438.9378283497354
-491.66217165026774
-924.862171650266
-479.4621716502644
-834.262171650276
-12.862171650266033
-996.8621716502524
-606.8621716502649
-651.2621716502643
-856.0621716502766
-655.2621716502639
169.33782834973437
-798.8621716502705
349.33782834973414
-33.26217165026554
-35.66217165026926
-276.4621716502708
-142.46217165027022
-94.46217165026644
-855.6621716502706
147.33782834973334
-715.2621716502606
194.53782834973728
-426.8621716502695
-1306.2621716502751
162.13782834973293
1047.53782834974
212.53782834973327
-629.0621716502649
-337.86217165026636
-671.6621716502611
-778.4621716502672
-644.0621716502687
-705.4621716502637
-908.6621716502791
-760.0621716502803
351.9378283497344
837.3378283497397
-1144.0621716502926
-359.86217165025727
-1055.0621716502594
-1275.4621716502681
-1111.8621716502716
132.73782834973025
-791.06217165027
-799.0621716502698
102.73782834972945
-239.8621716502687
-261.6621716502666
-64.8621716502668
106.93782834973757
717.3378283497321
1485.7378283497278
2209.337828349723
659.537828349721
1021.9378283497268
-94.86217165026721
874.7378283497279
915.1378283497422
-149.0621716502681
-635.8621716502691
322.1378283497294
226.93782834973018
-1161.6621716502773
-1121.6621716502716
-1457.2621716502742
-1394.862171650264
-1068.6621716502561
-122.662171650267
207.93782834973464
-804.862171650273
-550.862171650269
-611.2621716502754
-1044.0621716502833
-452.8621716502701
-532.4621716502741
-251.86217165026673
382.3378283497331
-650.6621716502773
487.9378283497304
30.53782834973329
20.73782834973596
276.9378283497382
-289.6621716502676
120.93782834972959
1908.9378283497354
334.1378283497359
547.9378283497288
-23.462171650264214
82.13782834973557
757.9378283497279
1626.1378283497218
358.13782834973296
991.937828349741
-155.8621716502703
-1437.6621716502527
-1096.8621716502612
-1864.0621716502624
-106.26217165026709
-809.4621716502747
-2094.262171650283
-2272.062171650271
-242.66217165027015
-339.6621716502646
-503.8621716502619
472.937828349734
574.3378283497304
-259.86217165026625
-115.86217165026862
-162.66217165026902
-1322.8621716502557
-40.262171650271426
937.5378283497218
113.93782834973754
-433.6621716502662
729.5378283497392
-582.4621716502653
293.13782834973614
-745.0621716502467
274.73782834973207
77.53782834973379
1485.5378283497173
1278.9378283497297
1407.7378283497426
1297.7378283497305
106.13782834973294
-346.46217165026826
-373.0621716502684
-734.4621716502644
-1708.662171650278
-492.2621716502678
474.5378283497364
570.7378283497358
-1282.06217165025
9.137828349732409
362.73782834973275
-1003.4621716502635
-955.6621716502614
776.9378283497405
464.73782834973554
-596.4621716502713
-348.4621716502587
-180.6621716502718
1266.5378283497384
955.737828349741
-616.0621716502667
-19.06217165027002
925.3378283497352
1289.9378283497326
608.1378283497339
-214.26217165027197
-67.66217165026936
-434.4621716502729
910.1378283497316
-189.4621716502651
285.5378283497335
640.1378283497304
-426.8621716502697
432.3378283497247
-478.26217165026526
-302.8621716502712
-551.862171650263
-981.0621716502612
-1045.6621716502752
-35.46217165026606
198.1378283497295
-827.4621716502825
-643.8621716502684
341.9378283497355
-932.8621716502706
-1465.2621716502815
23.137828349728288
-923.0621716502377
235.53782834973663
285.1378283497327
528.7378283497238
-140.0621716502618
-581.4621716502653
-111.8621716502676
968.5378283497201
1123.5378283497323
1225.137828349746
952.7378283497436
-557.6621716502716
214.53782834972853
267.7378283497319
39.53782834973575
-20.062171650265547
-496.06217165027823
-417.8621716502652
744.337828349736
-260.26217165026674
-105.86217165026758
-825.0621716502661
-443.86217165026324
-715.2621716502741
-539.6621716502683
517.7378283497311
287.33782834973425
-809.8621716502796
926.7378283497374
873.9378283497366
-446.8621716502647
-682.0621716502616
764.1378283497273
726.7378283497375
-309.46217165027326
-278.26217165026503
543.3378283497374
-324.0621716502667
-1867.2621716502645
19.337828349734423
882.537828349728
528.937828349737
1359.9378283497263
-2248.4621716502543
-1388.26217165027
-1218.0621716502678
-954.662171650261
-1998.8621716502666
-986.8621716502508
-2287.2621716502535
-1907.4621716502759
1018.3378283497348
710.7378283497309
640.3378283497373
401.9378283497336
-414.86217165027057
-677.4621716502709
-776.0621716502662
-1393.8621716502769
-1601.8621716502955
-1345.0621716502676
420.1378283497324
609.9378283497318
-392.66217165027297
-1291.862171650296
-1465.2621716502665
-918.8621716502848
-1144.2621716502942
-588.8621716502647
-587.4621716502676
281.137828349728
-938.2621716502694
-1520.6621716502493
-1377.4621716502722
-2584.4621716502493
-1457.2621716502706
-1522.8621716502564
-585.6621716502661
-1543.862171650241
-1231.0621716502694
-1038.0621716502687
-1566.8621716502762
-2265.4621716502625
-471.46217165026343
963.7378283497407
1640.9378283497547
655.137828349725
818.1378283497309
906.3378283497358
-164.4621716502662
-1144.6621716502502
-330.2621716502681
327.93782834974127
1319.7378283497305
921.3378283497337
1134.3378283497238
-552.2621716502642
-390.8621716502701
-206.66217165026907
-1745.8621716502696
63.73782834972977
-237.26217165027907
248.33782834973553
67.93782834973209
-298.2621716502785
-935.4621716502699
-1524.262171650257
-399.4621716502541
-1279.4621716502954
-555.6621716502632
-1118.2621716502724
-553.0621716502692
-212.4621716502695
-1004.2621716502749
-833.0621716502498
-151.26217165026677
-169.26217165026657
1265.737828349752
-343.46217165026906
-82.46217165026896
1257.937828349727
-459.0621716502664
-523.6621716502675
230.33782834972837
457.737828349729
1061.737828349737
-410.6621716502631
155.53782834973703
-1003.2621716502701
-284.66217165026734
1527.937828349743
-126.662171650268
810.5378283497312
-145.66217165026126
419.53782834973094
558.9378283497299
838.3378283497335
-533.2621716502761
-828.4621716502664
-49.26217165026452
-1130.862171650264
-1589.8621716502598
-665.0621716502752
489.1378283497339
765.9378283497311
-1852.4621716502647
-1951.0621716502485
-1675.0621716502872
-1057.8621716502662
1090.5378283497257
421.5378283497332
-915.862171650267
331.3378283497361
-383.2621716502632
458.3378283497478
1231.3378283497334
377.13782834973284
-245.4621716502691
-84.46217165027372
-469.0621716502693
-1362.8621716502378
-1646.6621716502552
112.53782834973416
-235.86217165027156
-228.46217165026414
354.5378283497367
147.13782834973568
-561.6621716502701
304.93782834972956
-790.8621716502647
-731.0621716502783
-86.66217165026453
27.537828349732777
-378.8621716502685
276.33782834973226
1163.137828349732
216.93782834973678
-1336.0621716502642
-470.6621716502541
-1414.2621716502597
-1399.2621716502877
1146.537828349727
1446.137828349731
-104.86217165026483
1212.7378283497321
648.737828349725
794.537828349736
1445.5378283497428
181.537828349734
-272.0621716502692
-311.6621716502691
359.7378283497363
12.537828349732411
-1059.2621716502772
51.73782834973211
-946.4621716502716
-220.26217165026594
1312.137828349755
1584.1378283497495
-1480.4621716502481
-744.0621716502625
214.5378283497339
268.7378283497317
-182.86217165026912
35.537828349730944
1395.3378283497298
968.5378283497272
-72.66217165026572
-20.062171650269313
-878.6621716502713
56.93782834973415
-2100.062171650262
-1358.2621716502838
368.33782834973266
-842.8621716502666
-693.8621716502579
-439.06217165027
-1225.262171650272
-1202.462171650273
-1432.4621716502702
211.13782834973517
144.93782834973203
-1092.6621716502607
-263.6621716502613
117.13782834973675
221.13782834973367
1588.1378283497336
270.5378283497353
-681.2621716502688
2.5378283497370493
621.7378283497411
-747.6621716502782
-1400.662171650273
-916.2621716502699
-820.4621716502766
7.137828349734363
-482.8621716502634
656.5378283497308
1165.337828349732
666.1378283497261
-526.0621716502676
22.737828349727575
348.5378283497301
-1094.2621716502658
-6.862171650270758
-509.46217165026775
-491.062171650263
364.53782834972685
161.9378283497327
-817.8621716502618
-76.66217165026977
-1290.2621716502535
-1410.8621716502341
-1572.0621716502606
-528.2621716502669
954.7378283497357
550.1378283497226
-889.6621716502642
1634.3378283497061
736.9378283497376
-694.2621716502669
-861.062171650271
-259.2621716502695
276.3378283497294
-831.0621716502709
-1095.8621716502307
29.737828349734855
132.9378283497351
-903.4621716502712
-1105.8621716502687
1155.1378283497324
1139.3378283497427
221.73782834972698
887.3378283497326
823.5378283497324
-318.6621716502662
863.337828349725
-490.8621716502702
-1917.262171650271
-880.8621716502631
-148.26217165026577
-269.6621716502703
-994.6621716502558
-1761.8621716502967
-769.8621716502538
-1445.6621716502666
-180.26217165027626
-510.26217165025776
-474.46217165027235
474.53782834973106
618.337828349736
-29.662171650265982
-384.06217165026715
152.3378283497328
-985.4621716502777
-255.06217165026362
832.5378283497365
165.93782834972728
350.3378283497323
-34.26217165026418
-779.8621716502752
-2398.6621716502564
-1206.2621716502658
1502.1378283497213
502.33782834973385
705.5378283497334
77.73782834973201
-753.8621716502649
80.33782834973587
-2186.0621716502687
-2321.662171650271
-656.0621716502661
-900.2621716502654
-1269.0621716502355
-2478.4621716502766
-2903.862171650215
-719.2621716502555
157.73782834973497
-200.86217165026636
-1377.26217165027
-1513.8621716502523
-208.26217165026694
-2540.8621716502494
-1202.062171650264
-349.86217165026443
-175.46217165027082
-742.0621716502649
39.93782834973784
196.33782834973073
-440.8621716502717
53.33782834973033
-376.2621716502758
-520.0621716502676
-2186.06217165027
-1744.4621716502543
1328.337828349728
173.73782834973787
-455.2621716502755
-116.2621716502668
834.1378283497247
443.3378283497312
-1168.0621716502833
-1540.0621716502408
-179.86217165026216
317.33782834974085
-1343.8621716502728
-1049.6621716502327
-385.4621716502603
-816.2621716502279
406.9378283497332
-607.8621716502554
-846.462171650266
-757.2621716502643
-1994.462171650224
-2008.0621716502721
-582.8621716502696
-171.66217165026345
-887.8621716502593
-771.8621716502687
251.73782834972752
202.73782834972803
203.33782834973198
152.33782834973155
-158.66217165026632
-333.4621716502691
-412.2621716502625
-334.4621716502669
632.1378283497265
-281.4621716502671
-360.4621716502654
-449.0621716502643
65.33782834973422
-270.0621716502669
-314.4621716502752
-697.2621716502508
-646.6621716502794
-93.86217165025954
-2017.0621716502703
-2350.662171650277
-818.8621716502681
-1875.662171650276
-1632.4621716502704
-1295.86217165025
-1259.4621716502643
-535.4621716502718
-1816.6621716502912
-447.46217165026775
-820.6621716502738
-1077.2621716502622
-673.2621716502657
249.73782834973164
432.73782834972815
172.7378283497306
590.3378283497369
513.9378283497198
1985.7378283497083
316.73782834973457
2.1378283497349386
-200.66217165026825
254.5378283497354
639.7378283497378
247.53782834973384
-164.0621716502698
-635.6621716502663
-757.66217165027
-2023.8621716502187
-481.4621716502807
-1464.862171650246
-2067.6621716502373
-2608.6621716502636
-3498.862171650235
-1906.8621716503055
-1702.262171650261
-1468.8621716502641
469.937828349732
-1208.4621716502722
-2101.6621716502877
-1538.2621716502704
-123.06217165026686
-17.662171650266945
-699.462171650267
57.13782834973134
-621.2621716502637
1157.1378283497215
1277.7378283497287
261.33782834973607
974.1378283497297
1828.737828349752
303.9378283497328
19.737828349734215
326.3378283497279
-672.2621716502683
-606.2621716502719
-289.6621716502663
-1071.4621716502697
-345.06217165026794
-414.4621716502647
-601.6621716502601
-481.4621716502871
-850.6621716502743
-2368.0621716502897
-2499.2621716502827
-1607.4621716502656
-2260.6621716502837
-1983.062171650246
-894.2621716502861
-884.2621716502483
-1797.662171650255
-1314.4621716502886
-926.6621716502688
-779.2621716502643
842.9378283497391
437.1378283497307
-17.262171650270307
324.93782834974155
96.93782834973933
-183.662171650265
-185.8621716502653
1510.5378283497184
66.13782834973364
-1000.2621716502656
-850.6621716502684
-1038.86217165027
-115.86217165026657
-192.26217165026762
-811.0621716502651
-929.0621716502649
-189.4621716502656
743.7378283497329
285.13782834973557
-584.2621716502774
-21.862171650270653
-2475.6621716502736
-2270.4621716502875
-1158.4621716502743
-1165.6621716502582
-2617.4621716502675
396.7378283497381
-245.2621716502704
-1140.6621716502686
62.33782834973243
-170.86217165027068
-358.0621716502681
-792.0621716502669
-157.46217165026974
921.5378283497585
1107.93782834972
1355.3378283497414
381.73782834973576
1424.9378283497194
2090.937828349723
341.3378283497263
535.1378283497263
140.93782834973857
-1184.8621716502682
1418.3378283497175
823.1378283497215
-570.2621716502802
-285.8621716502695
-741.462171650275
-945.8621716502776
-30.662171650270217
-469.06217165027516
-688.6621716502665
-2504.0621716502833
-2264.4621716502857
-1971.4621716502784
-1119.8621716502687
-2166.062171650272
-1407.6621716502573
-789.0621716502698
1151.3378283497361
-453.8621716502749
-1648.0621716502567
32.53782834973425
-252.26217165026708
226.53782834973774
2191.7378283497196
1584.3378283497161
910.5378283497366
1579.937828349707
-128.6621716502695
788.9378283497363
1419.1378283497484
2589.7378283497405
1942.7378283497353
-64.86217165026659
778.7378283497427
298.93782834973405
53.93782834973343
-646.8621716502738
-4.462171650268246
-1873.462171650277
-1128.862171650263
-549.8621716502785
-1814.8621716502673
-1100.4621716502807
-1363.06217165027
-1902.6621716502787
-1857.2621716502294
-1012.8621716502792
-881.462171650261
-1703.0621716502737
-824.4621716502531
-1957.262171650281
-1625.4621716502634
-30.662171650271297
-126.2621716502643
1157.1378283497322
940.5378283497433
446.1378283497341
-263.6621716502696
380.3378283497341
0.13782834972754188
389.7378283497301
2189.33782834972
1943.3378283497675
2676.5378283497416
1150.5378283497432
373.93782834973183
359.13782834974063
1239.3378283497398
-201.26217165026088
-136.46217165027926
823.3378283497352
-425.4621716502711
-250.26217165026512
-1816.6621716502605
-380.6621716502731
-1165.862171650264
-1559.8621716502582
-1190.2621716502633
-1116.2621716502863
-83.86217165026403
-1726.6621716502825
-974.4621716502642
-156.06217165026516
-902.6621716502681
269.9378283497281
-586.6621716502657
1341.3378283497389
1173.337828349729
227.33782834973303
-888.062171650268
-61.26217165026872
1148.137828349701
-367.6621716502666
1641.1378283496897
-33.262171650267966
969.7378283497444
550.5378283497301
1012.7378283497317
1668.7378283497262
849.7378283497361
1503.537828349723
-1323.6621716502675
-209.6621716502662
-1258.662171650257
-25.662171650264355
-318.86217165027045
-1087.8621716502655
-1638.2621716502679
-657.462171650269
197.3378283497331
197.33782834973707
5.737828349733192
-75.86217165026872
-339.8621716502744
-19.46217165026595
-868.2621716502696
416.7378283497371
-813.8621716502656
499.1378283497343
1187.1378283497204
1135.7378283497148
-290.4621716502677
-391.26217165026424
86.33782834973442
-548.8621716502704
1758.1378283497368
-989.2621716502649
-781.2621716502658
-219.4621716502659
1170.5378283497312
290.5378283497341
321.5378283497312
605.5378283497338
392.13782834972403
-1083.2621716502542
-529.6621716502766
0.9378283497356321
-577.6621716502684
-2138.2621716502754
-1392.662171650273
-1524.8621716502878
-1269.2621716502674
-1481.0621716502492
-656.4621716502697
-252.8621716502709
-524.862171650286
-1336.4621716502502
-1360.4621716502763
1167.1378283497315
-185.06217165026519
1023.7378283497253
216.13782834972966
367.33782834972646
-457.86217165026557
-611.4621716502668
-893.6621716502676
111.13782834973648
627.5378283497301
-422.26217165026617
596.3378283497387
-945.6621716502684
631.1378283497357
866.9378283497351
121.5378283497304
-610.4621716502637
931.9378283497375
866.137828349745
817.9378283497342
-920.2621716502874
-772.062171650261
-1611.6621716502589
-713.0621716502753
-431.86217165026443
33.73782834973036
-1453.6621716502727
-538.2621716502762
-675.0621716502551
-104.8621716502632
-697.8621716502714
89.13782834973348
-11.662171650263822
190.1378283497294
237.93782834973683
-208.0621716502625
-208.06217165026803
-405.26217165026617
-1416.2621716502667
-1181.662171650266
638.1378283497298
1225.3378283497161
827.7378283497314
134.1378283497403
-1100.0621716502676
130.13782834973105
36.937828349730545
-555.4621716502712
122.93782834972987
207.5378283497304
-309.0621716502657
-1407.4621716502402
-954.8621716502616
609.9378283497279
212.33782834973098
456.73782834973343
-172.46217165026272
252.93782834973368
-238.66217165025887
45.537828349733886
-1008.6621716502675
-1616.4621716502681
294.1378283497266
211.337828349739
681.7378283497336
589.5378283497333
-669.2621716502657
608.3378283497348
242.3378283497344
85.3378283497369
-267.86217165026136
-1171.2621716502742
-596.2621716502662
-109.46217165026844
738.5378283497446
360.73782834973053
-101.06217165026742
-232.8621716502654
-744.6621716502643
892.3378283497383
-515.0621716502701
-329.2621716502659
-250.0621716502647
-399.46217165026513
823.9378283497251
-1846.2621716502758
-1026.0621716502671
-2.4621716502708253
-274.4621716502669
-638.2621716502672
882.5378283497397
447.33782834973744
-150.26217165026867
-466.0621716502705
868.5378283497361
-1366.6621716502739
19.937828349733472
-952.862171650275
269.73782834973906
848.1378283497339
914.3378283497299
467.3378283497323
623.137828349742
-725.0621716502537
504.53782834973833
-260.8621716502706
-486.66217165027035
141.73782834973073
1257.9378283497401
801.7378283497355
158.73782834973343
-65.86217165026542
-1101.6621716502634
-483.4621716502677
547.1378283497437
-1065.0621716502783
-15.062171650263814
-1547.8621716502682
-1318.4621716502488
-294.86217165026073
832.1378283497327
536.5378283497362
-29.462171650271753
-357.66217165024614
-441.46217165026997
-474.26217165027117
619.7378283497382
-584.462171650268
-785.0621716502609
-826.662171650272
483.3378283497324
-41.06217165026674
-1402.4621716502716
-862.662171650271
253.53782834973316
-1215.862171650271
1163.3378283497245
-741.2621716502595
90.73782834973582
591.1378283497276
-438.8621716502719
1239.9378283497274
727.3378283497248
-754.262171650256
-815.4621716502837
-229.46217165026738
-892.0621716502706
-492.6621716502749
831.1378283497323
900.3378283497273
-340.8621716502649
-155.66217165026617
386.3378283497336
-704.0621716502756
-1129.6621716502725
-1543.8621716502396
-1219.4621716502777
-431.46217165025973
-151.86217165026392
-53.862171650266404
205.7378283497355
989.3378283497192
-207.66217165026737
573.9378283497289
-18.862171650266
595.337828349745
761.1378283497328
-296.26217165026657
-1033.8621716502646
-975.262171650254
387.33782834973346
26.937828349731156
-1298.6621716502661
-36.66217165026566
1002.9378283497116
1134.5378283497244
422.13782834973523
73.13782834974126
-123.46217165026496
502.137828349735
527.5378283497301
249.9378283497396
-319.46217165026553
-332.0621716502681
-1074.062171650277
-348.2621716502749
648.5378283497334
465.13782834973006
-389.4621716502711
107.33782834973476
-26.862171650264457
437.33782834974
512.5378283497372
1240.9378283497342
-42.26217165025647
748.1378283497464
351.73782834973923
143.137828349736
482.53782834974464
426.3378283497351
-514.0621716502658
-27.462171650264178
-1085.4621716502666
-1855.262171650261
-173.0621716502634
1673.537828349748
993.1378283497492
3.937828349732605
101.53782834973273
1326.537828349722
1675.1378283497465
484.9378283497394
206.5378283497359
518.9378283497325
-382.4621716502724
-249.06217165024202
-1248.8621716502491
-961.262171650274
-566.6621716502564
-264.8621716502649
-761.2621716502737
-492.86217165026795
-928.6621716502659
607.5378283497377
46.537828349729125
-133.86217165026926
11.337828349732694
45.53782834973397
293.93782834973825
-782.4621716502606
41.13782834973446
-578.6621716502707
-292.8621716502732
221.33782834972965
-1066.2621716502636
65.1378283497354
1741.9378283497324
633.9378283497323
-489.2621716502698
-333.0621716502659
-406.0621716502698
-83.26217165026988
317.13782834972983
368.7378283497357
488.13782834972614
-22.262171650265262
838.5378283497421
1244.5378283497337
-187.46217165026454
186.73782834973002
-247.0621716502673
-741.0621716502784
-1504.8621716502823
-109.46217165026886
30.537828349729963
409.7378283497344
396.9378283497373
-339.86217165027296
-674.0621716502578
-398.66217165026995
690.537828349732
845.7378283497287
1036.9378283497408
1844.7378283497458
310.9378283497316
1124.5378283497232
-219.66217165026904
66.13782834973651
605.7378283497353
-437.8621716502653
-1159.6621716502677
-243.4621716502733
42.53782834973335
-181.8621716502656
602.7378283497394
23.537828349732713
-278.6621716502713
-210.46217165026647
574.5378283497279
1177.9378283497258
738.3378283497401
829.7378283497345
698.7378283497402
-259.66217165026404
-630.6621716502755
-71.86217165026765
1085.3378283497427
1669.3378283497161
-441.062171650275
120.93782834973152
-472.26217165026895
-308.4621716502657
690.9378283497333
-68.2621716502655
-445.4621716502658
1305.3378283497264
-66.06217165026271
20.13782834973327
-522.2621716502726
-1053.462171650268
-1069.0621716502578
217.3378283497369
-741.0621716502668
129.73782834973255
166.3378283497316
-32.262171650266396
765.5378283497336
-409.06217165026726
396.3378283497329
-194.66217165026737
-1050.0621716502749
-1425.0621716502653
626.5378283497229
392.7378283497331
713.5378283497259
1106.1378283497206
677.537828349723
117.13782834973527
382.5378283497339
448.53782834973714
-1274.0621716502703
-399.462171650275
822.3378283497235
316.73782834974054
-123.46217165026738
493.53782834973464
-1055.4621716502656
-333.86217165026784
-1848.8621716502382
-1010.66217165026
-556.2621716502474
1048.7378283497317
261.1378283497345
467.9378283497356
877.7378283497374
-442.2621716502683
102.73782834973937
1426.1378283497404
1145.9378283497356
-597.262171650266
250.13782834973009
1330.9378283497354
1173.3378283497418
-650.4621716502646
732.9378283497416
293.3378283497372
-652.862171650264
-965.0621716502643
578.5378283497241
416.33782834973346
-1052.2621716502583
-520.6621716502713
-471.06217165026266
525.1378283497318
691.5378283497386
-354.8621716502678
-321.46217165026655
-73.66217165026524
152.93782834973348
-119.26217165026864
-1762.6621716502523
-824.262171650273
-577.6621716502691
682.7378283497374
-196.6621716502666
693.9378283497261
1345.73782834973
-573.4621716502683
796.9378283497291
1488.9378283497263
1315.5378283497373
569.1378283497346
-570.0621716502675
-550.46217165027
409.3378283497323
707.3378283497175
-291.0621716502658
-1051.0621716502617
328.3378283497441
-947.8621716502719
-1568.4621716502745
-321.06217165026544
-1314.0621716502685
489.1378283497389
452.5378283497361
-261.0621716502643
-193.6621716502661
60.53782834973313
-46.06217165026802
125.13782834973472
-482.4621716502583
112.93782834973226
-231.26217165026569
-937.0621716502764
58.737828349725554
-299.2621716502622
-257.4621716502678
607.1378283497287
324.3378283497329
-578.0621716502693
1080.7378283497333
1527.3378283497127
1057.9378283497335
-158.46217165026516
-409.46217165026616
-675.2621716502672
-157.06217165026848
1133.1378283497268
1029.73782834973
-148.26217165026918
2129.937828349737
1327.1378283497434
-181.46217165026698
-338.6621716502678
942.1378283497346
1422.9378283497488
336.9378283497362
-276.86217165026574
894.9378283497232
345.1378283497333
-1829.6621716502611
-1143.4621716502727
-705.8621716502755
-611.862171650269
477.53782834972986
