-1.812612076608222
-662.4126120766139
278.58738792339295
544.9873879233915
287.18738792339155
418.5873879233916
201.98738792339137
99.38738792339224
-190.61261207660817
127.18738792339141
541.1873879233905
609.7873879233938
631.3873879233929
472.3873879233928
281.5873879233917
187.58738792339187
355.1873879233923
948.7873879233889
677.187387923392
439.5873879233927
268.38738792339194
-85.41261207660898
132.9873879233914
177.58738792339247
128.5873879233905
342.38738792339075
264.78738792339243
89.78738792339144
186.18738792339119
64.38738792339205
23.58738792339117
-141.81261207660737
-193.81261207660629
55.18738792339177
252.7873879233919
556.5873879233924
363.3873879233912
278.987387923392
-286.6126120766083
-247.0126120766084
-181.61261207660826
94.18738792339279
104.98738792339199
281.38738792339245
162.18738792339212
-88.01261207661003
-169.81261207660796
-190.61261207660928
-23.212612076608366
235.78738792339163
223.58738792339182
2.3873879233923745
-42.21261207660774
-576.6126120766078
-470.81261207660947
45.5873879233909
143.98738792339145
378.98738792339174
292.38738792339313
-6.012612076608477
276.78738792339243
114.78738792339331
273.9873879233921
207.58738792339273
45.18738792339205
175.58738792339275
127.58738792339108
499.58738792339113
223.5873879233929
333.9873879233921
-71.61261207660777
-53.412612076608106
184.38738792339188
-289.01261207660895
-353.41261207661233
0.587387923392555
-11.6126120766072
-289.21261207660547
-401.61261207661005
-355.6126120766088
-70.81261207660941
-83.21261207660737
-168.612612076608
-269.6126120766084
-221.81261207660802
-441.41261207660807
-348.0126120766094
-29.012612076608548
-33.21261207660764
477.1873879233911
376.58738792339227
38.187387923391434
537.1873879233909
502.7873879233918
386.58738792339307
659.9873879233903
463.58738792339193
-22.612612076608176
93.18738792339155
395.58738792339165
-62.41261207660882
357.7873879233925
107.78738792339205
0.1873879233919098
224.58738792339165
12.787387923391258
-8.012612076609074
38.18738792339292
-307.0126120766096
-382.6126120766088
-407.2126120766078
-68.01261207660824
36.78738792339162
145.3873879233917
174.3873879233916
260.18738792339053
-140.41261207660858
-118.21261207660936
-10.41261207660855
-131.21261207660802
-263.81261207660793
147.58738792339122
17.987387923392692
-20.41261207660721
426.987387923391
400.9873879233926
109.58738792339282
600.9873879233917
394.58738792339193
198.78738792339314
571.3873879233922
515.5873879233917
433.7873879233913
388.387387923393
426.3873879233912
36.187387923391015
-274.4126120766091
122.58738792339244
-181.8126120766082
-441.0126120766089
-609.2126120766093
-563.4126120766075
-571.0126120766091
-76.01261207660824
156.58738792339184
-107.8126120766077
17.787387923391794
-108.81261207660847
-585.4126120766066
-45.81261207660896
222.78738792339118
183.58738792339219
-309.61261207660857
-225.2126120766079
-46.212612076608266
430.187387923393
426.58738792339153
145.78738792339223
276.98738792339185
609.7873879233933
404.787387923396
39.18738792339222
168.1873879233947
88.78738792339132
-3.6126120766087624
81.38738792339109
192.1873879233902
-269.81261207660884
-357.6126120766087
-42.21261207660973
-581.6126120766085
-838.6126120766094
-507.41261207661074
-174.8126120766081
-25.412612076607747
144.1873879233914
28.9873879233925
-259.2126120766079
17.7873879233923
-737.2126120766076
-1025.2126120766127
-521.8126120766075
-428.21261207660865
-10.612612076607665
98.78738792339198
325.1873879233912
366.38738792339296
574.5873879233925
255.587387923393
-262.61261207660954
-49.812612076607564
657.7873879233912
550.1873879233925
-477.8126120766085
-651.2126120766085
-598.4126120766084
-362.6126120766074
-74.61261207660884
-13.012612076607454
-167.01261207660912
-175.41261207660793
247.18738792339207
-136.21261207660922
-207.6126120766093
-305.2126120766096
-85.01261207660627
17.987387923390628
274.98738792339174
71.3873879233921
-471.8126120766104
63.98738792339144
-345.0126120766086
-617.4126120766092
-849.812612076608
-590.612612076608
-372.41261207660983
-111.21261207660756
197.38738792339248
198.18738792339195
200.38738792339151
3.18738792339137
-245.2126120766102
-152.41261207660773
515.5873879233922
521.5873879233966
-155.8126120766089
-516.4126120766095
-715.8126120766099
-603.2126120766075
-250.6126120766086
-3.012612076607926
234.7873879233921
387.9873879233909
312.3873879233916
196.98738792339213
77.18738792339155
-222.61261207661036
-327.6126120766092
-872.6126120766012
-195.81261207660773
176.78738792339064
-309.2126120766078
-205.81261207660825
-95.41261207660764
-442.4126120766081
-785.0126120766076
-325.4126120766083
-701.412612076609
-471.0126120766092
-237.41261207660867
-211.61261207660849
-151.81261207660737
-19.612612076608638
-106.81261207660884
-318.4126120766091
168.18738792339295
302.7873879233904
-349.4126120766076
-318.2126120766103
-468.0126120766088
-577.0126120766101
-217.81261207660847
53.98738792339229
-76.61261207660877
227.38738792339302
210.58738792339227
51.7873879233918
291.9873879233912
108.78738792339163
-522.0126120766075
-1152.2126120766063
-401.0126120766101
-228.4126120766089
-296.0126120766082
-233.81261207660705
-139.0126120766069
-469.01261207660855
-744.0126120766101
-705.0126120766085
-882.0126120766115
-300.8126120766085
-335.4126120766088
-438.4126120766093
-220.61261207660908
80.18738792339028
-98.41261207660904
-153.81261207660964
-121.0126120766089
-4.812612076607482
-390.61261207660885
-438.81261207660856
-450.41261207660835
27.387387923391216
-37.01261207660864
-59.01261207660936
-24.212612076607563
-76.41261207660789
-335.0126120766088
-304.0126120766089
100.58738792339159
-12.412612076611907
-546.0126120766122
-968.8126120766102
-428.4126120766068
-513.0126120766083
-450.4126120766068
-322.0126120766096
-5.812612076607142
-481.612612076608
-603.2126120766097
-795.0126120766081
-649.0126120766098
-338.4126120766072
-351.61261207660743
-488.6126120766081
-567.4126120766094
-120.01261207660806
-277.4126120766089
87.78738792339246
67.98738792339095
-302.6126120766112
178.387387923393
35.58738792339149
122.98738792339125
18.98738792339254
-307.0126120766089
-466.4126120766065
-418.0126120766098
-263.21261207660854
-546.6126120766094
-233.6126120766077
166.78738792339266
-229.21261207660652
-392.21261207660905
-285.2126120766067
90.58738792339128
-219.6126120766059
-552.0126120766066
-630.4126120766095
-273.012612076608
-293.4126120766085
-503.4126120766066
-854.6126120766103
-529.6126120766088
-595.2126120766103
-805.0126120766064
-571.4126120766118
-293.81261207661015
-517.2126120766118
-382.21261207660905
177.58738792339025
333.9873879233918
-272.21261207661206
249.1873879233923
54.18738792339137
-333.01261207660815
-313.01261207660815
-400.812612076608
-445.61261207660965
-459.012612076611
-357.61261207660743
-570.4126120766091
-29.012612076607756
454.5873879233916
-292.2126120766085
-685.0126120766058
-54.61261207660809
83.78738792339186
-643.6126120766091
-659.6126120766102
-572.8126120766079
-738.0126120766085
-417.41261207660875
-167.81261207660648
-315.0126120766077
-440.01261207660855
-545.2126120766096
-440.81261207660833
-637.0126120766093
-144.01261207661017
-423.61261207660976
-524.2126120766083
-53.41261207660783
8.187387923392706
-316.0126120766092
188.98738792339122
-358.01261207660843
-946.6126120766066
-542.6126120766072
-402.21261207661115
-439.8126120766102
-213.21261207660868
-37.012612076606636
-258.0126120766091
277.3873879233942
381.387387923391
-242.41261207660892
-129.81261207661026
354.18738792339167
276.38738792339274
-532.4126120766085
-268.0126120766089
-90.01261207660858
-101.61261207660895
-375.01261207660946
-276.212612076608
-218.01261207660824
-463.21261207660984
-502.8126120766092
-484.2126120766084
-636.6126120766112
-488.41261207660557
-348.01261207661037
-300.01261207661133
-433.01261207660855
-480.6126120766075
-385.6126120766067
-281.01261207660895
-544.4126120766115
-677.4126120766077
-701.8126120766088
-751.4126120766057
-683.2126120766089
-233.41261207660838
-259.21261207660945
-381.61261207660823
-28.01261207660809
122.38738792339248
-109.61261207660803
-53.21261207660884
248.38738792339407
331.7873879233915
-385.41261207660915
-534.2126120766075
-427.81261207660856
111.98738792338958
54.98738792339108
131.58738792339216
145.98738792339233
-143.0126120766096
-306.01261207660986
-237.0126120766089
-452.41261207661086
-662.0126120766101
-436.2126120766106
-616.41261207661
-736.8126120766075
-582.2126120766093
-352.2126120766083
-133.21261207660808
-420.6126120766093
-439.0126120766085
-529.812612076609
-671.6126120766122
-414.0126120766064
-8.812612076606609
-159.41261207660781
-526.4126120766085
-513.2126120766069
-303.21261207660797
-130.61261207660823
-56.41261207660887
274.1873879233941
169.387387923392
-187.41261207660745
-104.41261207660318
34.787387923392444
180.38738792339103
70.18738792339211
125.58738792339294
270.78738792339203
280.3873879233925
-91.21261207660832
85.3873879233935
-175.41261207660793
-255.01261207660977
-169.4126120766077
-141.41261207660972
-119.21261207660933
-110.41261207660779
-311.41261207660904
-239.81261207660924
-517.2126120766086
-448.2126120766091
-300.8126120766083
-213.81261207660924
-364.4126120766081
-607.01261207661
-555.8126120766092
-694.0126120766081
-297.61261207660795
-137.61261207660718
-225.21261207660916
-286.8126120766083
200.58738792339233
330.3873879233918
291.98738792339105
566.7873879233956
945.1873879233883
97.98738792339202
173.58738792339273
330.18738792339076
106.38738792339147
146.58738792339165
-247.61261207660786
-201.2126120766084
-517.0126120766108
-313.21261207660956
-72.61261207660843
335.5873879233903
212.58738792339088
174.7873879233922
-223.01261207660758
-239.2126120766082
-614.0126120766075
-610.0126120766116
-137.21261207660865
-65.0126120766079
-361.21261207660723
-477.2126120766105
-339.41261207661086
-511.61261207660925
-283.2126120766094
18.387387923391078
-104.41261207660779
83.58738792339165
277.18738792339235
714.9873879233902
556.1873879233906
495.58738792338573
750.1873879233929
355.9873879233928
22.787387923394384
-96.8126120766094
-148.01261207660582
-15.212612076610423
-251.0126120766081
-156.41261207660784
-493.21261207660933
-604.412612076607
-349.81261207660845
-276.21261207660876
-362.41261207660966
-303.21261207660905
-843.6126120766086
-361.0126120766076
-475.4126120766099
-355.8126120766095
-137.01261207660886
-146.41261207661023
-188.01261207660642
42.18738792339105
-1.412612076608383
-219.61261207660698
-26.212612076606455
222.58738792339238
236.18738792339047
524.7873879233905
307.7873879233911
397.7873879233896
241.78738792339053
433.38738792339245
752.9873879233947
107.78738792339243
-217.81261207660796
369.9873879233894
455.98738792339077
45.987387923392475
-79.81261207660722
-54.81261207660678
-357.01261207660735
-506.0126120766064
-241.2126120766078
-414.61261207661033
-209.2126120766073
-200.2126120766077
-842.2126120766085
-510.6126120766096
-399.2126120766083
-180.41261207660764
-420.2126120766086
-315.81261207660873
-145.01261207660954
-67.61261207660988
31.58738792339287
-511.21261207660837
-289.2126120766087
-60.61261207660833
247.5873879233927
440.7873879233929
369.5873879233913
472.9873879233914
55.587387923391546
339.5873879233894
577.9873879233927
-131.81261207660663
43.58738792339266
846.9873879233912
611.1873879233906
61.38738792339328
16.987387923390664
206.18738792339272
-360.21261207660996
-642.4126120766088
-268.8126120766072
-181.01261207660863
161.78738792339007
289.3873879233904
-372.81261207660856
-174.2126120766085
-303.4126120766102
-364.0126120766076
-315.61261207660795
-579.2126120766094
-549.812612076609
-257.012612076608
-382.6126120766075
-501.2126120766071
-541.0126120766106
-329.61261207660704
71.78738792339121
-21.41261207660813
183.7873879233901
355.9873879233925
65.38738792339282
289.78738792338964
218.18738792339013
9.187387923391519
31.987387923390205
572.9873879233893
368.58738792338994
-257.8126120766082
78.58738792339207
219.58738792339307
-192.61261207660854
-375.81261207660754
-637.0126120766098
-394.21261207660854
205.18738792339232
-291.81261207661043
-797.0126120766123
-256.6126120766075
1.787387923391032
69.98738792339334
-93.01261207660738
-49.41261207660811
-9.812612076608712
37.7873879233923
-212.01261207660968
-421.2126120766072
-82.2126120766086
32.78738792339027
408.1873879233951
272.5873879233933
-27.212612076608508
163.1873879233937
59.58738792339121
-83.41261207660634
-91.812612076607
91.58738792339136
-277.61261207660647
-105.81261207660899
-163.61261207660732
-230.81261207660728
-56.21261207660909
266.38738792339024
81.78738792339155
1.1873879233924676
-196.4126120766046
-79.61261207660706
218.38738792339174
-482.4126120766085
-706.0126120766091
-199.8126120766083
383.18738792339076
-152.61261207660692
-553.812612076608
-90.21261207660953
49.78738792339149
66.38738792339174
-369.8126120766072
-280.8126120766078
349.5873879233921
-77.21261207660874
-27.612612076607796
171.78738792339374
-65.21261207660946
186.78738792339303
350.5873879233929
72.98738792339228
-39.81261207660827
98.58738792339119
-427.21261207661
-325.0126120766082
-354.2126120766082
-209.61261207660826
-391.4126120766117
48.38738792339146
132.38738792339197
259.18738792339224
-199.0126120766063
166.9873879233929
119.58738792339165
-301.4126120766086
-641.0126120766083
-53.612612076607654
481.5873879233922
-57.21261207660738
-191.61261207660792
250.98738792339063
176.38738792339115
-229.8126120766084
-171.61261207660775
-88.41261207661007
478.7873879233893
-98.21261207660739
-519.012612076605
-406.81261207660884
-66.61261207660814
369.58738792339096
319.58738792339074
-325.6126120766077
-478.01261207660974
-178.61261207660877
-480.61261207660715
-482.6126120766091
-413.8126120766096
-488.6126120766106
-333.0126120766084
246.78738792339087
-52.212612076609105
254.18738792339298
-110.0126120766076
-67.21261207660909
-101.8126120766068
-463.6126120766087
-412.8126120766091
251.98738792339333
70.78738792339121
-44.61261207660843
287.38738792339103
101.98738792339375
-398.2126120766093
-678.4126120766119
-380.6126120766124
-338.41261207660745
109.18738792339126
-238.81261207660904
-417.4126120766091
-697.6126120766096
-321.81261207660873
133.5873879233922
-39.212612076608906
-109.0126120766066
-439.2126120766057
-260.012612076609
207.18738792339323
-66.01261207660784
-238.21261207660825
-353.4126120766087
-152.6126120766075
408.18738792339065
358.1873879233922
414.78738792339067
274.18738792339326
419.18738792339155
56.18738792339008
-627.4126120766077
-87.81261207660776
-77.41261207660868
-30.212612076608664
244.78738792339223
163.1873879233916
97.18738792339198
-189.61261207660863
-220.41261207660807
72.3873879233924
42.987387923392774
-211.61261207660857
-628.8126120766071
-469.8126120766092
-550.6126120766082
104.3873879233914
304.98738792339185
99.38738792339191
-3.6126120766064123
-237.6126120766091
86.38738792339005
324.38738792338853
-249.21261207660675
100.98738792339138
52.78738792339253
-288.01261207660843
-6.812612076608398
269.18738792339104
523.9873879233905
196.38738792339046
195.78738792339223
-247.41261207660935
-642.6126120766081
-441.21261207660615
-113.61261207660996
124.18738792339126
392.1873879233905
56.18738792339117
420.18738792339013
261.1873879233933
217.58738792339287
325.587387923391
343.187387923392
88.787387923392
-152.0126120766075
-205.61261207660874
135.387387923391
585.9873879233911
376.3873879233914
101.38738792339225
-170.61261207660897
-148.41261207660833
152.18738792339286
69.5873879233906
5.587387923393367
73.18738792339059
214.58738792339213
13.187387923391348
238.58738792339227
221.18738792339155
445.3873879233921
259.9873879233929
-134.21261207660712
-325.4126120766069
-258.6126120766094
-360.4126120766079
438.9873879233918
321.3873879233923
-90.4126120766095
-86.81261207660968
580.587387923392
-13.612612076608245
-111.0126120766094
-323.81261207660793
-270.8126120766078
88.98738792339185
-165.4126120766075
-463.0126120766096
18.58738792339192
427.9873879233922
-139.81261207660825
-169.41261207660892
-156.81261207660813
-184.8126120766085
112.18738792339138
263.7873879233922
308.98738792339185
-218.41261207660864
17.187387923391988
350.9873879233909
546.5873879233919
217.98738792339125
41.78738792339189
497.587387923392
324.38738792339177
37.58738792339115
-168.0126120766086
-192.01261207660824
117.18738792339299
-143.61261207660883
-502.01261207660724
-359.8126120766081
106.5873879233894
-139.61261207660806
-316.6126120766094
-581.212612076608
-445.2126120766102
-56.81261207660833
-419.81261207660657
-500.01261207660866
-230.61261207660797
57.78738792339294
-378.01261207660696
-673.2126120766093
-758.212612076608
-381.412612076608
122.78738792339158
295.387387923392
1.1873879233919098
-216.2126120766088
-25.012612076608473
34.18738792339187
255.1873879233916
38.387387923391685
-114.01261207660839
85.58738792339116
220.18738792339224
21.387387923390094
0.18738792339122767
-43.01261207660769
-423.412612076608
-674.6126120766073
-312.81261207660674
-380.41261207660915
-305.0126120766081
-303.2126120766076
-288.412612076608
-389.01261207660747
65.587387923392
162.387387923392
-227.81261207660816
117.98738792338973
403.78738792338896
590.5873879233925
243.3873879233892
-359.41261207660807
-441.6126120766091
148.38738792339302
-19.21261207660831
84.98738792339032
257.38738792339296
-89.8126120766077
53.18738792339241
-133.21261207660768
-225.81261207660827
-74.61261207660901
-137.01261207660616
-139.21261207660925
-48.012612076608086
-365.2126120766086
-172.2126120766082
-204.61261207660866
-35.41261207660799
-351.2126120766094
104.78738792339173
275.187387923393
248.9873879233906
-106.01261207660828
-177.01261207660815
-136.21261207660777
224.78738792339112
149.5873879233898
23.78738792339165
242.58738792339165
120.18738792339015
139.3873879233925
207.98738792339333
-214.01261207660892
-13.612612076607393
197.18738792339002
-38.0126120766077
-34.412612076607154
142.5873879233924
286.58738792338977
401.987387923392
99.98738792339348
-228.8126120766086
-340.6126120766088
-82.21261207660926
116.18738792339114
198.58738792339057
-92.0126120766082
78.18738792339255
320.98738792339054
248.78738792339303
-163.21261207660785
-104.81261207660745
23.587387923392562
62.38738792339233
-89.41261207660916
57.18738792339327
-94.01261207660855
15.58738792339287
184.38738792339248
-131.8126120766076
96.78738792339261
309.18738792339343
166.38738792339134
40.58738792339158
-310.6126120766097
-245.01261207660747
-228.41261207660835
-152.8126120766085
-29.612612076607597
-24.612612076607537
435.38738792339194
210.58738792338968
-39.81261207660762
-308.41261207660796
-553.2126120766081
-181.01261207660792
265.387387923392
414.58738792339136
335.3873879233907
388.98738792339157
645.7873879233899
227.9873879233918
193.58738792339133
222.78738792339323
-47.61261207660884
-185.01261207660826
-243.21261207660757
-570.4126120766081
-761.2126120766064
-272.21261207660757
-258.21261207660876
-323.2126120766084
-73.01261207660824
-74.01261207660836
-118.81261207660802
-78.61261207660773
-209.61261207660812
-118.01261207660869
-271.412612076609
-370.4126120766072
-259.21261207660893
108.78738792339284
41.18738792339151
-1.2126120766075914
-45.61261207660775
-355.4126120766084
-45.41261207660825
86.58738792339176
449.3873879233921
119.98738792339246
120.7873879233938
184.587387923391
89.78738792339124
-1179.0126120766167
-165.21261207660785
-69.61261207660834
-298.6126120766098
-36.812612076608346
-109.41261207660824
-96.41261207660784
-205.61261207660826
114.78738792339223
407.3873879233921
259.3873879233921
204.38738792339154
28.78738792339167
-79.81261207660765
-155.01261207660804
39.187387923392016
764.5873879233944
555.3873879233913
309.98738792339304
240.1873879233911
-69.0126120766088
18.187387923392713
57.18738792339277
-148.0126120766095
-61.21261207660894
-136.81261207660765
-198.412612076608
-59.412612076608085
-340.4126120766095
-502.01261207660843
-739.6126120766091
-906.212612076609
-451.0126120766084
-129.8126120766093
-4.812612076609199
-167.0126120766105
-77.21261207660791
-517.0126120766097
-329.61261207660795
-96.4126120766067
166.9873879233919
111.5873879233918
133.38738792339245
-33.612612076607974
-190.61261207660897
-126.61261207660789
-244.21261207660925
-161.81261207660788
331.98738792339293
318.98738792339276
17.387387923392126
108.58738792339207
-398.41261207660835
-398.41261207660995
115.98738792339185
33.187387923391654
130.78738792339178
133.18738792339198
-68.41261207660845
168.38738792339078
-209.2126120766072
-239.61261207660874
-413.21261207660797
-661.6126120766086
-325.4126120766078
-356.81261207660805
-224.01261207660795
-345.61261207660937
-200.61261207660854
-534.8126120766083
-293.6126120766074
135.98738792339174
-325.81261207660674
-351.8126120766097
-7.012612076607468
-15.412612076607719
-194.01261207660818
-205.61261207660868
-238.8126120766089
-86.21261207660883
172.18738792339246
48.18738792339232
-83.61261207660738
125.38738792339336
-161.61261207660866
-278.8126120766087
6.387387923392026
-197.81261207660958
190.38738792339115
287.7873879233937
-22.61261207660733
352.18738792339286
4.587387923392377
-296.01261207660895
-103.61261207660904
-373.2126120766078
-556.4126120766113
-479.612612076607
-460.4126120766073
-734.0126120766083
-215.21261207660797
-548.2126120766089
-484.21261207660854
10.187387923391576
-201.61261207660803
-100.61261207660847
68.787387923392
-202.81261207660754
-285.41261207660733
-270.8126120766075
39.58738792339234
58.18738792339338
268.7873879233915
340.78738792339
586.7873879233902
266.1873879233935
173.58738792339418
95.78738792339229
-86.81261207660788
-354.4126120766085
-29.212612076607947
-37.412612076608944
-201.812612076608
125.18738792339256
-179.81261207660862
-628.6126120766078
-97.01261207660826
-410.41261207660943
-252.61261207660803
53.58738792339197
-155.0126120766077
-147.4126120766092
-55.61261207660708
-147.01261207660818
-405.4126120766091
-373.8126120766092
-72.61261207660823
-246.21261207660882
-203.4126120766088
-294.2126120766088
-236.61261207660874
-250.81261207660748
142.18738792339283
334.1873879233915
117.38738792339294
269.1873879233908
250.38738792339308
-173.8126120766089
243.78738792339394
373.58738792338994
286.7873879233904
-227.01261207660895
-239.2126120766075
-128.21261207660814
183.7873879233924
115.78738792339259
-278.41261207660943
-299.81261207660856
106.58738792339216
-203.41261207660727
-198.21261207660837
-110.81261207660793
-350.21261207660876
-488.2126120766079
-373.81261207660793
-298.61261207660897
-748.0126120766089
-513.8126120766092
-144.41261207660708
-583.4126120766089
-428.6126120766092
75.58738792339255
406.3873879233921
509.987387923391
598.5873879233925
379.5873879233897
143.18738792339173
380.5873879233916
-365.8126120766082
-589.6126120766105
-118.41261207660804
-71.61261207660762
180.98738792339208
133.3873879233915
221.78738792339203
295.1873879233913
319.9873879233944
-129.21261207660788
-645.2126120766073
-502.8126120766091
178.5873879233915
-33.012612076606416
-559.812612076608
-741.2126120766089
-788.8126120766053
-663.2126120766095
-303.4126120766084
-313.412612076608
-556.612612076608
-346.2126120766083
148.18738792339116
-159.2126120766087
123.78738792339186
299.18738792339315
525.987387923394
546.1873879233915
745.1873879233912
321.1873879233911
-67.21261207660747
518.5873879233931
111.18738792339073
-26.212612076609236
-277.4126120766077
-108.01261207660824
14.987387923392504
-21.01261207660899
85.9873879233919
125.78738792339259
-29.012612076608818
-458.2126120766084
-703.8126120766073
-619.6126120766085
-91.01261207660771
-141.61261207660806
-289.01261207660673
-705.4126120766085
-972.212612076608
-652.012612076608
-53.012612076608946
127.38738792339204
220.18738792339153
347.3873879233914
146.387387923392
121.58738792339113
273.1873879233928
221.78738792339257
280.38738792339245
-188.01261207660892
404.1873879233918
596.9873879233942
203.38738792339103
465.5873879233913
526.787387923393
322.38738792339296
-73.41261207660904
365.5873879233897
-129.61261207661036
-191.4126120766084
-96.41261207660777
-295.21261207660905
-444.8126120766082
-458.61261207660885
-552.21261207661
-783.8126120766112
-407.6126120766101
-276.0126120766084
-241.01261207660983
-231.81261207660876
-503.81261207660816
-513.0126120766101
75.18738792339227
395.18738792339104
254.18738792339428
316.3873879233903
40.58738792339395
-5.01261207660793
403.7873879233926
472.3873879233936
98.7873879233917
-413.2126120766076
275.98738792339213
442.5873879233924
298.9873879233928
323.1873879233929
460.98738792339407
341.1873879233891
35.587387923391404
145.98738792338992
-166.81261207660629
210.9873879233914
67.78738792339347
-264.01261207660843
-279.41261207660807
-173.61261207660976
-394.6126120766097
-464.0126120766073
-551.2126120766104
-354.8126120766076
-213.01261207660957
-124.612612076609
-230.81261207660916
89.3873879233914
85.18738792339286
163.9873879233913
170.98738792339105
83.98738792339233
-224.612612076608
-269.0126120766078
239.18738792339207
396.5873879233911
134.58738792339045
-93.21261207661001
521.9873879233912
552.1873879233927
518.5873879233914
427.78738792339107
740.5873879233902
403.5873879233943
186.18738792339258
135.98738792339077
179.58738792339213
317.1873879233898
136.5873879233908
26.98738792338844
-189.6126120766088
2.9873879233924256
-242.412612076608
24.787387923391833
-104.21261207660838
-418.6126120766096
154.38738792339115
209.38738792339262
337.78738792339294
215.78738792338984
-171.61261207660985
-320.2126120766091
-300.21261207660893
-18.012612076606693
-155.6126120766084
-103.81261207660535
387.38738792339063
116.9873879233931
232.1873879233927
564.5873879233911
1098.787387923393
1003.187387923391
664.9873879233913
419.38738792339217
672.5873879233895
630.9873879233925
206.58738792338954
-65.81261207660822
240.58738792339201
44.98738792339209
-249.81261207660768
82.58738792339052
301.18738792339224
-9.212612076608771
18.787387923391737
476.5873879233922
537.3873879233889
-204.61261207660834
216.98738792339415
203.98738792339134
-46.612612076610006
173.18738792339155
-22.412612076607505
-216.61261207660837
-276.0126120766083
-46.21261207660748
-138.41261207660813
152.78738792339124
717.5873879233889
26.98738792339205
-117.41261207660773
683.1873879233909
868.3873879233984
359.9873879233912
434.18738792339116
404.1873879233895
192.7873879233918
488.9873879233902
449.3873879233926
317.5873879233892
207.98738792339387
51.38738792339146
145.78738792339277
71.38738792339103
550.7873879233906
208.18738792339224
49.587387923391375
389.387387923392
440.1873879233911
-39.61261207660765
281.5873879233934
4.987387923391438
-455.4126120766077
92.98738792339456
162.38738792339143
-59.81261207660806
57.38738792339178
262.18738792339104
-2.8126120766078557
355.7873879233937
548.3873879233926
-57.01261207660912
163.58738792339116
616.3873879233937
518.9873879233922
-68.41261207660844
420.98738792339185
526.7873879233892
453.1873879233938
368.3873879233922
400.7873879233915
430.9873879233935
147.58738792339116
98.78738792339203
269.58738792339227
354.3873879233921
500.5873879233926
453.18738792339366
347.387387923392
125.18738792339173
-13.812612076609284
-141.21261207660814
-141.21261207660888
-138.01261207660804
-4.412612076608973
194.1873879233931
156.98738792339134
126.1873879233921
367.38738792339177
177.98738792339284
-93.21261207660811
70.78738792339155
212.7873879233922
49.38738792339265
29.987387923389434
151.78738792339118
-51.61261207660786
-604.812612076612
-436.61261207661
-346.0126120766079
241.78738792339047
482.78738792339055
692.3873879233934
636.7873879233923
346.5873879233919
183.98738792339094
540.9873879233922
700.7873879233924
445.1873879233939
379.7873879233919
-19.21261207660909
-211.41261207660983
-207.01261207661017
-320.4126120766089
62.18738792339324
43.98738792339156
321.58738792339216
460.3873879233917
401.5873879233964
643.7873879233927
833.9873879233899
398.38738792339456
-171.01261207660787
-149.21261207660785
-35.21261207660774
29.38738792339268
-173.21261207660766
-163.01261207661017
-697.0126120766097
-802.812612076608
-521.0126120766083
-436.61261207660846
-220.41261207660833
-28.212612076608444
243.58738792339201
440.58738792339074
491.387387923392
146.38738792339234
666.5873879233922
764.78738792339
624.7873879233912
446.1873879233914
312.7873879233936
242.98738792339188
99.18738792339208
-360.6126120766092
110.38738792339193
57.98738792339219
298.9873879233911
598.1873879233947
803.1873879233932
800.1873879233887
307.1873879233926
36.38738792339124
-233.2126120766075
131.58738792338914
206.18738792339016
-108.21261207660767
-531.2126120766115
-511.21261207660905
-780.4126120766084
-487.8126120766091
-246.41261207660952
23.987387923392152
-684.0126120766112
-136.6126120766072
271.18738792339326
258.5873879233924
485.98738792339134
-63.012612076607745
76.9873879233919
73.78738792339195
509.5873879233916
697.7873879233896
954.1873879233958
787.5873879233961
528.387387923392
-273.8126120766089
55.78738792339263
-8.212612076606696
193.18738792339175
721.587387923389
754.7873879233899
592.5873879233933
404.7873879233923
272.387387923392
-58.01261207660947
75.7873879233903
217.98738792339054
-167.4126120766074
-220.21261207660655
-509.61261207660607
-362.2126120766063
-343.2126120766067
-517.2126120766102
-350.6126120766092
-572.6126120766106
-420.2126120766074
-179.01261207660798
-64.41261207660713
265.38738792338944
53.78738792339198
155.38738792339154
112.38738792339286
289.58738792339295
551.7873879233932
509.1873879233922
371.78738792339254
211.58738792339184
-707.2126120766094
-100.2126120766087
131.98738792339228
439.98738792339344
730.987387923392
531.9873879233919
427.7873879233915
768.5873879233911
609.787387923392
220.3873879233911
251.5873879233919
281.78738792339186
7.787387923391854
46.38738792339116
-461.6126120766047
-650.4126120766076
-794.4126120766078
-729.8126120766051
-500.41261207660887
-777.6126120766085
-779.0126120766058
41.387387923391714
370.98738792339293
174.78738792339092
228.78738792339118
307.787387923391
352.38738792338967
503.38738792339433
704.5873879233927
333.7873879233929
475.9873879233939
400.5873879233932
-466.01261207660855
-114.81261207660741
200.98738792339103
602.7873879233928
420.78738792338885
372.9873879233925
501.18738792339207
697.7873879233928
787.1873879233931
17.987387923391736
-20.612612076607938
13.987387923391871
-12.212612076607911
-48.012612076607454
-359.8126120766087
-537.6126120766083
-970.0126120766038
-757.2126120766078
-510.8126120766116
-916.2126120766092
-624.4126120766083
163.58738792339264
366.9873879233929
97.98738792339137
287.78738792339067
528.7873879233932
219.9873879233961
312.5873879233906
749.9873879233934
532.187387923394
793.5873879233892
922.1873879233926
21.587387923393564
286.18738792339144
270.58738792339216
169.5873879233901
302.7873879233897
89.98738792339296
169.58738792339238
555.9873879233894
432.58738792339346
23.987387923391832
-245.21261207660814
-320.61261207660823
-339.8126120766084
-556.6126120766098
-543.8126120766087
-655.6126120766056
-1001.8126120766052
-744.2126120766068
-710.0126120766101
-785.6126120766079
-583.8126120766065
-51.812612076609106
85.58738792338957
-211.21261207660993
380.1873879233932
530.7873879233933
265.98738792339026
361.18738792339343
261.5873879233925
308.3873879233916
996.5873879233905
459.9873879233934
-360.41261207660824
102.18738792339062
426.9873879233923
313.9873879233907
358.98738792339213
559.3873879233925
624.9873879233866
715.7873879233911
398.7873879233905
-65.61261207660873
127.9873879233908
56.18738792339171
7.787387923392053
-334.012612076607
-763.4126120766101
-853.0126120766085
-1147.0126120766074
-1274.2126120766113
-1058.0126120766038
-423.61261207661187
-444.81261207660793
-215.61261207660792
-123.81261207660766
-104.81261207660856
234.5873879233923
535.587387923389
444.1873879233907
616.7873879233915
599.9873879233933
553.7873879233896
1001.7873879233865
396.9873879233927
-113.81261207660873
-164.01261207660826
518.7873879233907
17.987387923392504
-180.61261207660758
377.987387923392
502.3873879233928
518.5873879233907
115.58738792338994
11.587387923392463
531.3873879233918
98.98738792339051
-155.61261207660795
-209.81261207660566
-633.6126120766098
-606.2126120766083
-673.212612076609
-918.0126120766113
-809.0126120766034
-161.0126120766098
-261.21261207660604
-184.81261207660873
-233.81261207660884
-145.41261207660907
-253.21261207660783
241.3873879233921
394.98738792339077
616.7873879233914
342.387387923392
545.7873879233906
720.5873879233903
387.3873879233888
-224.61261207660954
-162.61261207660692
478.5873879233912
64.78738792339284
122.38738792339399
652.3873879233911
488.38738792339075
139.78738792339104
256.187387923392
205.38738792339095
651.387387923392
147.78738792339243
-266.61261207660823
-409.01261207660923
-266.81261207660805
9.587387923391582
-378.41261207660705
-923.2126120766114
-814.4126120766055
-227.61261207660962
-239.01261207660872
-309.6126120766084
-277.0126120766096
-456.61261207660914
-344.6126120766113
240.58738792339147
-59.412612076607964
318.1873879233936
165.18738792339366
228.98738792339225
417.7873879233922
33.18738792339159
-227.01261207660986
-44.01261207660612
-14.212612076607732
93.98738792339192
691.387387923391
559.9873879233935
-74.21261207660815
-256.2126120766079
112.58738792339119
-38.81261207660789
323.5873879233954
113.58738792339179
-17.612612076608325
-561.8126120766099
-394.41261207661006
-129.21261207660774
-504.41261207660887
-570.8126120766088
-675.0126120766093
-296.0126120766083
228.78738792339206
-100.81261207660864
-134.41261207660864
-223.2126120766101
-138.01261207660792
312.98738792339304
158.58738792339182
294.987387923392
312.7873879233941
608.9873879233874
365.9873879233906
-364.6126120766075
-68.61261207660694
-401.2126120766083
-112.41261207660884
451.38738792339086
563.5873879233924
513.1873879233917
250.38738792339302
350.9873879233919
580.987387923392
382.18738792339036
174.1873879233917
-122.01261207660731
-15.412612076606308
-463.4126120766082
-94.41261207660804
-7.812612076608097
-296.4126120766071
-446.212612076606
-485.01261207660787
64.38738792339313
282.18738792339207
-354.01261207660735
175.9873879233915
261.1873879233915
-154.81261207660964
161.9873879233904
253.58738792339273
382.3873879233922
315.78738792339215
386.58738792339204
-20.612612076608425
-584.0126120766084
-576.2126120766079
-234.01261207660792
206.7873879233927
684.3873879233919
328.1873879233925
713.5873879233917
639.1873879233912
756.587387923393
758.3873879233919
647.387387923392
506.78738792338993
534.1873879233908
470.98738792339327
324.1873879233908
551.7873879233935
335.78738792339345
72.18738792339019
-282.6126120766086
-154.4126120766079
200.58738792339412
173.187387923393
78.58738792339102
316.98738792339145
540.9873879233871
151.18738792339167
307.587387923391
140.18738792339258
322.5873879233922
372.9873879233932
20.187387923392112
-220.81261207660998
-201.8126120766081
-476.81261207661026
487.9873879233913
519.3873879233893
201.78738792339186
240.38738792339282
927.5873879233894
411.98738792339276
361.7873879233887
53.187387923393395
113.58738792339098
492.7873879233918
373.98738792339105
245.58738792339156
599.3873879233901
797.3873879233944
199.18738792339337
149.7873879233934
-31.41261207660793
-94.4126120766087
186.3873879233921
573.987387923391
671.1873879233923
102.38738792339174
324.78738792339084
475.3873879233924
574.3873879233912
100.38738792339001
-20.012612076608228
540.387387923392
408.5873879233914
80.18738792339258
-195.61261207660905
-413.6126120766083
186.18738792339386
95.38738792339166
-215.21261207660797
4.587387923391546
509.787387923393
354.98738792339077
197.98738792338875
-113.61261207660769
113.78738792339124
434.987387923391
34.5873879233904
41.58738792339217
418.18738792339553
605.5873879233887
97.58738792339223
-100.61261207660738
-437.2126120766095
-283.6126120766095
270.98738792339117
646.3873879233897
405.18738792339184
-4.012612076607329
92.98738792339094
146.18738792339218
331.987387923391
15.387387923391838
-106.41261207660929
123.18738792339119
281.187387923393
90.98738792339203
41.58738792339214
-223.21261207660774
-502.2126120766095
-524.4126120766074
-33.212612076608515
-65.21261207660815
50.18738792339246
130.1873879233923
87.18738792339272
-2.612612076608052
566.3873879233914
616.9873879233957
200.78738792339283
563.3873879233947
941.7873879233865
1030.9873879233903
738.9873879233927
331.5873879233912
-120.61261207660857
246.1873879233909
131.9873879233922
394.7873879233927
499.5873879233948
-62.4126120766083
-2.4126120766099604
-161.81261207660694
-281.2126120766076
-137.0126120766075
-155.21261207660743
-116.61261207660628
-67.61261207660743
-292.01261207660724
-76.61261207660867
-267.012612076608
-50.61261207660807
-209.21261207660672
328.3873879233917
497.1873879233907
396.38738792338836
60.18738792339556
-21.812612076608335
146.98738792339188
650.9873879233911
646.5873879233933
438.18738792339104
743.5873879233934
650.7873879233947
495.78738792339374
663.187387923393
428.1873879233914
267.7873879233912
323.18738792338826
133.18738792339155
161.78738792339314
221.18738792339224
257.7873879233931
345.98738792339066
-15.412612076611573
-336.01261207660895
-387.81261207660845
-85.81261207660916
137.78738792339183
131.78738792339254
-90.81261207660859
102.9873879233925
236.58738792339534
309.9873879233922
-19.812612076609362
81.1873879233909
204.38738792339208
70.78738792339297
-36.812612076606776
294.5873879233935
369.18738792339235
584.1873879233945
803.7873879233886
388.987387923392
513.1873879233925
650.1873879233918
401.98738792339213
392.18738792339263
160.38738792339183
36.98738792339151
-46.21261207660743
141.78738792339118
232.38738792339183
142.78738792339186
560.1873879233914
346.5873879233907
-9.41261207660855
-219.21261207660692
-395.61261207660766
-112.61261207660883
291.5873879233913
366.18738792339235
277.98738792339293
277.78738792339107
414.18738792339155
238.78738792339234
212.58738792338883
335.3873879233937
91.98738792339236
-132.6126120766079
-110.41261207660739
-143.81261207660893
-151.21261207660848
389.58738792338977
361.38738792339257
193.18738792339167
327.78738792339163
270.1873879233902
238.7873879233936
342.3873879233931
225.58738792339338
203.98738792339248
0.787387923391961
-14.21261207660794
178.18738792339167
447.3873879233918
345.98738792339145
269.98738792339253
164.98738792339176
-104.41261207660855
249.58738792339068
332.78738792339055
515.9873879233909
113.18738792339147
145.98738792339236
159.5873879233923
-90.2126120766071
-1307.6126120766032
-344.0126120766087
-42.61261207660604
-147.61261207660775
121.38738792339257
-3.6126120766080057
-148.012612076607
-320.4126120766084
84.38738792339254
256.98738792339014
84.78738792339043
-8.812612076609074
-262.21261207660876
-284.21261207661007
-354.2126120766087
-212.81261207660808
421.5873879233919
248.98738792339174
5.787387923391883
-76.81261207660852
-335.61261207660783
30.587387923391745
24.187387923391825
-418.012612076609
-231.6126120766104
-148.0126120766078
-253.81261207660881
-358.0126120766089
-659.6126120766083
-807.6126120766069
-1154.6126120766128
-1494.61261207661
-675.8126120766117
-387.0126120766106
-25.41261207660842
152.98738792339103
296.387387923392
-174.6126120766092
-6.812612076608534
157.98738792339225
342.78738792339277
143.58738792339142
68.9873879233915
-93.01261207661003
-222.01261207660977
-163.41261207661051
-216.41261207660943
-194.6126120766083
37.987387923392276
30.587387923392676
-127.41261207660865
-58.212612076608735
-560.2126120766072
-399.4126120766106
97.78738792339183
-159.41261207660855
17.187387923391682
210.18738792339244
-53.01261207660632
28.587387923391482
-377.8126120766079
-520.6126120766123
-790.0126120766073
-1151.61261207661
-541.4126120766069
-584.4126120766101
-247.81261207660893
-72.41261207660824
341.7873879233929
76.18738792339168
261.3873879233922
605.9873879233927
51.387387923391984
-93.21261207660878
87.98738792339196
119.38738792339146
-104.21261207660869
-133.2126120766094
-92.01261207660716
-59.4126120766078
-72.21261207660956
-79.61261207660661
-68.21261207660834
23.987387923391427
-239.41261207660864
-166.4126120766075
118.58738792339142
-102.21261207660942
284.1873879233899
402.5873879233915
62.58738792339152
367.187387923391
-10.41261207660797
-519.812612076611
-430.21261207660666
-738.4126120766084
-690.2126120766118
-627.8126120766076
-307.61261207660795
-386.6126120766098
375.7873879233924
184.58738792339236
97.58738792339085
459.3873879233934
149.5873879233917
227.78738792339215
225.98738792339216
-56.612612076608094
-152.6126120766086
-213.61261207660795
72.18738792339221
0.18738792339078003
62.38738792339082
300.38738792339257
720.1873879233924
337.7873879233921
224.5873879233915
226.18738792339218
-5.012612076608622
-150.61261207660974
245.58738792339216
225.38738792338992
98.58738792339216
323.9873879233922
-49.41261207660746
-719.4126120766095
-201.2126120766082
-568.6126120766079
-381.0126120766097
-185.01261207660724
-130.21261207660814
188.78738792339198
505.38738792339046
464.78738792339277
181.7873879233921
58.18738792339106
130.18738792339119
16.387387923391774
-53.81261207660834
-333.0126120766101
-306.01261207660946
-320.2126120766089
-48.21261207660804
-24.612612076608684
-247.21261207661104
-40.61261207660688
232.1873879233921
-47.212612076607826
382.98738792339213
555.9873879233897
371.98738792339174
21.387387923393586
84.98738792339144
198.58738792339227
628.1873879233897
602.9873879233924
35.18738792338979
-216.21261207661072
144.7873879233921
-224.01261207660806
-224.21261207660925
-330.0126120766078
-373.41261207660835
-295.812612076609
1.9873879233926743
89.38738792339146
-372.6126120766096
-390.6126120766088
-194.61261207660834
-457.0126120766096
-249.61261207660866
30.58738792339152
114.78738792339244
201.58738792339025
280.1873879233926
-90.41261207660855
-497.2126120766093
-231.2126120766098
-592.6126120766064
-501.2126120766061
-71.41261207660968
68.38738792339215
320.38738792339143
335.9873879233905
454.7873879233909
580.1873879233914
909.1873879233897
598.1873879233913
-247.41261207660511
-386.21261207660643
309.1873879233925
90.18738792339053
-385.6126120766077
-566.8126120766103
-486.41261207660745
-287.6126120766075
195.98738792339057
182.78738792339365
-241.61261207660792
-353.6126120766076
132.58738792339227
-142.41261207660853
159.1873879233918
310.3873879233917
216.9873879233917
211.1873879233916
463.7873879233917
71.38738792339181
-590.8126120766065
-87.61261207660637
-107.61261207660657
-73.01261207660863
-383.21261207660865
-29.61261207660874
272.98738792339304
237.5873879233922
347.387387923391
407.3873879233915
625.7873879233904
363.58738792339034
-217.01261207660724
-314.41261207660693
283.5873879233917
144.58738792339324
-15.812612076609305
-327.2126120766095
-498.81261207660833
-217.21261207660848
475.5873879233909
489.187387923391
321.58738792339057
254.38738792339024
182.18738792339195
166.78738792339198
309.3873879233933
170.78738792339234
-24.012612076609386
-528.012612076609
16.987387923391633
282.3873879233912
-277.0126120766088
-160.41261207660818
209.38738792338978
94.78738792339061
-335.8126120766105
419.3873879233899
97.3873879233908
-100.01261207660835
76.58738792339118
79.98738792339165
209.1873879233928
303.78738792339095
80.38738792339129
-318.6126120766097
-9.012612076607816
-32.61261207660658
-52.41261207660858
20.187387923391967
-247.8126120766095
-231.61261207660868
328.1873879233917
496.38738792339063
277.5873879233917
298.5873879233921
153.38738792339265
193.7873879233903
498.7873879233901
557.3873879233898
148.38738792339103
-698.8126120766102
-148.81261207660887
52.58738792339264
-372.41261207660824
-404.0126120766075
-149.41261207661
-152.4126120766076
-475.2126120766083
56.387387923391856
-2.4126120766077968
240.3873879233912
107.98738792339256
-52.812612076608865
126.38738792339356
305.5873879233913
13.787387923392934
-233.812612076609
-369.01261207660775
-165.61261207660795
-51.01261207660893
-66.01261207660819
-222.61261207660849
50.38738792339154
15.187387923392034
106.18738792339113
354.387387923393
340.9873879233914
79.3873879233908
-18.012612076607713
147.98738792339358
411.9873879233906
151.187387923392
-360.6126120766087
50.98738792339125
14.187387923392869
-118.81261207660926
-229.81261207660592
-9.212612076608131
-256.4126120766077
-359.41261207660705
54.38738792339109
271.78738792339163
286.9873879233914
169.78738792339087
191.58738792339113
83.387387923391
128.98738792339125
-198.01261207660892
63.187387923392166
15.987387923391005
-171.61261207660803
353.3873879233913
194.78738792339266
206.1873879233915
19.987387923391527
-299.8126120766079
-380.01261207660724
-89.61261207660729
292.18738792339224
226.58738792339082
187.18738792339053
219.587387923393
24.787387923391012
36.58738792339266
188.98738792339103
564.5873879233891
362.1873879233902
-39.8126120766068
-257.41261207660654
-21.41261207660888
-79.21261207660895
-410.81261207660805
-362.21261207660933
25.58738792339122
-34.212612076608394
-214.81261207660702
9.187387923391046
238.3873879233892
-46.01261207660708
-49.61261207660843
489.38738792339177
722.5873879233899
111.18738792339228
493.3873879233925
168.78738792339112
-240.41261207660816
-92.41261207660764
-221.21261207660882
-354.81261207660845
-250.41261207660847
69.18738792339023
-29.412612076608468
233.78738792339314
558.187387923394
-155.0126120766078
-604.8126120766101
15.787387923391556
221.7873879233912
-308.41261207660835
-146.61261207661022
-197.4126120766091
-371.2126120766082
-104.01261207660878
-56.812612076608026
52.387387923391984
-217.61261207660863
-243.412612076608
-12.612612076609198
-364.8126120766104
22.387387923392765
-79.81261207660779
45.387387923392154
651.7873879233937
863.387387923393
382.9873879233929
522.3873879233928
-44.01261207660852
-626.2126120766094
-133.41261207660816
-232.41261207660978
-450.0126120766083
-204.01261207660926
17.187387923391523
-247.81261207660887
148.38738792339157
244.98738792339168
-424.21261207660984
-538.8126120766078
-170.81261207660754
-35.21261207660966
-495.4126120766092
143.5873879233911
3.787387923391398
-119.61261207660539
-135.41261207661003
-12.812612076609383
203.7873879233919
-350.01261207660815
-358.01261207660707
34.78738792339159
-255.8126120766103
-202.41261207660955
-6.0126120766085025
200.38738792339214
285.9873879233919
442.3873879233936
309.3873879233928
-55.41261207660784
-226.61261207660831
-298.8126120766084
-164.0126120766074
-371.2126120766081
-540.6126120766078
-258.21261207661
-280.6126120766076
-418.6126120766103
-191.01261207660983
-191.81261207660884
-380.81261207660947
-517.2126120766081
-504.01261207660673
-376.81261207661055
-683.0126120766055
-598.2126120766089
-761.8126120766087
-124.21261207660913
194.3873879233927
430.1873879233912
407.5873879233916
8.78738792339175
-130.01261207660875
345.78738792339163
172.18738792339184
-114.21261207660852
28.1873879233912
-149.2126120766073
-155.41261207660892
153.58738792339295
246.1873879233907
173.7873879233931
-32.012612076607724
14.587387923391208
-21.612612076606943
-155.41261207660875
12.787387923390654
249.98738792339117
44.787387923390945
-365.4126120766071
-277.01261207660497
-116.21261207660815
-116.81261207660864
-375.612612076608
-587.8126120766116
-872.6126120766106
-846.212612076609
-647.0126120766067
-674.2126120766071
-359.81261207660873
-44.81261207660945
127.78738792339274
373.9873879233929
309.98738792339225
-271.81261207660714
209.18738792339192
280.58738792339204
95.7873879233919
136.387387923392
105.3873879233915
149.9873879233927
366.58738792339227
177.38738792339217
170.98738792339233
-98.6126120766086
-112.21261207660734
54.987387923392276
146.78738792339118
214.18738792339283
-122.61261207660722
-239.2126120766073
-475.6126120766086
-149.61261207660783
113.78738792339308
-197.61261207660763
-559.2126120766064
-709.2126120766067
-902.2126120766065
-556.6126120766097
-204.61261207660877
134.18738792339155
-524.612612076612
144.78738792339124
420.38738792339086
417.1873879233917
361.98738792339174
-498.81261207660947
-403.81261207660947
-350.81261207660606
93.98738792339208
410.5873879233924
580.3873879233906
381.3873879233927
586.1873879233939
88.3873879233924
273.7873879233913
-19.01261207660812
-135.0126120766085
189.38738792339205
199.5873879233909
49.18738792339202
11.787387923392433
31.587387923390885
-196.81261207660816
-222.6126120766087
-19.812612076610712
-307.61261207660937
-144.21261207660731
-389.8126120766045
-219.21261207661078
-212.61261207660652
-231.81261207660935
26.587387923390317
-221.21261207660845
14.18738792339189
184.18738792339153
120.58738792339068
163.98738792339182
-128.01261207660912
-131.61261207661
-184.01261207661
-6.8126120766072775
233.5873879233914
48.38738792339106
-131.21261207660766
115.58738792339133
-430.0126120766086
319.18738792339184
252.78738792339078
279.5873879233902
267.5873879233912
-30.21261207660956
-115.01261207660723
385.5873879233923
353.7873879233914
121.58738792339125
67.78738792339153
98.1873879233927
-71.21261207660811
222.78738792339328
-203.0126120766083
-287.81261207660793
-465.21261207660814
-381.01261207660605
-85.01261207661042
-407.81261207660503
-357.01261207660866
217.5873879233919
220.78738792339252
-247.2126120766075
-100.0126120766091
-64.61261207660966
-64.81261207660816
28.587387923391937
273.9873879233929
-200.6126120766095
-38.412612076608696
263.18738792339076
-237.61261207660806
271.1873879233924
329.7873879233901
530.1873879233941
175.18738792338957
-39.812612076608744
45.787387923391805
350.98738792339077
496.3873879233905
-187.41261207660864
-139.81261207660822
-148.61261207660868
33.78738792339213
203.18738792339133
36.387387923392254
0.18738792339397037
-541.2126120766078
-297.012612076608
59.38738792339231
-343.6126120766086
-59.21261207660946
413.3873879233921
76.78738792339254
-509.61261207661056
-294.4126120766121
-36.01261207660784
-342.21261207660723
-265.21261207660694
244.38738792339265
-4.8126120766085485
328.3873879233924
706.1873879233893
125.98738792339037
474.3873879233897
310.78738792339163
91.58738792339147
112.1873879233919
-230.6126120766061
-302.6126120766091
120.18738792339154
14.987387923391694
-293.01261207660775
-180.61261207660775
-116.21261207660814
-201.6126120766083
-361.8126120766088
-113.21261207660746
-36.81261207660756
-501.8126120766122
-178.8126120766086
77.18738792339217
34.18738792339233
204.78738792339232
453.5873879233909
-72.81261207660846
-698.2126120766095
-26.01261207660788
60.98738792339101
-248.01261207660852
-148.8126120766077
-142.41261207660787
-17.012612076607745
722.7873879233922
319.9873879233912
-175.01261207660866
340.58738792339255
449.3873879233912
173.58738792339162
66.58738792339071
75.98738792339117
-100.41261207660946
0.987387923391811
-259.81261207660816
-580.0126120766078
-7.2126120766076465
367.9873879233944
266.98738792339276
-74.41261207660884
-269.61261207660795
-209.41261207660912
-490.4126120766061
-532.6126120766069
-332.41261207661046
301.7873879233919
229.38738792339203
261.18738792339155
-134.81261207660648
-428.4126120766058
-3.612612076607853
231.38738792339223
34.18738792339181
103.18738792338998
238.387387923392
285.78738792339203
808.387387923392
483.7873879233931
181.18738792339198
42.98738792339265
531.9873879233954
-172.4126120766069
-436.61261207660993
-107.4126120766075
-287.0126120766099
-225.0126120766078
-453.01261207661
-436.212612076608
392.58738792339466
358.18738792339417
181.58738792339255
183.9873879233931
-78.81261207660945
-52.61261207660756
8.187387923392716
-86.81261207660779
-157.21261207660666
338.98738792339145
144.38738792339055
193.98738792339074
-19.212612076608508
-230.61261207660795
-313.6126120766088
129.58738792339136
254.38738792339052
301.1873879233907
54.98738792339191
265.18738792339195
505.18738792339116
564.7873879233924
139.38738792339066
-95.41261207660813
355.9873879233911
-144.61261207660792
-176.81261207660796
153.38738792339183
-118.81261207660809
-389.8126120766055
-138.41261207660716
-193.01261207660838
677.9873879233896
579.1873879233921
99.7873879233914
102.9873879233916
323.3873879233913
491.18738792339065
265.3873879233913
-115.2126120766093
-108.41261207660963
256.9873879233917
144.7873879233911
251.78738792339263
183.58738792339253
-365.2126120766093
-394.0126120766096
120.78738792339249
-149.01261207660917
156.58738792339182
-86.21261207660736
-67.01261207660978
289.18738792339286
299.9873879233918
203.18738792339244
198.78738792339084
-2.2126120766081847
18.187387923391043
419.3873879233918
33.18738792339205
-585.0126120766066
-671.8126120766059
-332.6126120766081
-467.2126120766087
295.18738792339127
434.58738792339216
106.78738792339213
-284.212612076609
26.587387923391073
354.187387923392
-58.21261207660781
62.18738792339264
-38.21261207660846
68.58738792339075
539.9873879233909
413.5873879233919
199.3873879233907
-200.01261207660897
-237.81261207660913
44.38738792339158
-127.81261207660849
-22.01261207660788
-54.212612076608735
383.78738792339055
481.38738792339103
129.18738792339076
452.18738792339
-289.0126120766095
-213.81261207660796
277.38738792339154
343.38738792339035
100.98738792339196
-304.41261207660915
-244.21261207660865
27.987387923390763
-84.01261207660826
-102.21261207660817
-281.6126120766083
-303.81261207660845
-530.4126120766082
-6.0126120766097415
254.38738792338836
-50.01261207660952
-151.81261207660827
-127.41261207660779
174.3873879233916
376.5873879233956
-90.41261207660865
272.58738792339193
149.78738792339215
-363.612612076609
-326.01261207661184
-322.2126120766117
-106.61261207660945
-72.61261207660849
266.18738792339184
284.58738792339227
-62.212612076608295
3.3873879233927404
-325.812612076609
-57.012612076606494
413.38738792338995
242.18738792339124
482.7873879233916
189.38738792339103
173.18738792338937
247.58738792339162
77.5873879233928
79.38738792339262
186.38738792339151
-109.41261207660669
48.187387923392755
515.7873879233925
315.7873879233906
-74.21261207660785
-397.61261207661045
-100.61261207660914
84.78738792339287
105.58738792339192
102.98738792339222
248.78738792339234
385.18738792338814
-14.812612076609302
-166.4126120766087
-419.81261207660697
-85.21261207660856
44.58738792339243
-162.41261207660997
-0.6126120766067658
119.98738792339134
-199.812612076609
323.9873879233922
133.98738792339194
-176.8126120766084
-22.41261207660802
554.1873879233913
35.78738792339115
-84.41261207660683
-449.2126120766086
-401.8126120766078
-40.212612076606604
-132.61261207660718
-458.41261207660915
77.1873879233918
445.5873879233919
-114.21261207660888
-292.21261207660876
-487.41261207660756
-395.61261207660766
-134.21261207660808
345.1873879233909
463.98738792339276
-155.81261207660796
84.98738792339171
365.1873879233901
208.58738792339207
-290.41261207661034
-219.01261207660886
487.58738792339346
498.18738792339195
399.3873879233917
106.98738792338986
-377.612612076608
-87.61261207660814
-324.2126120766097
-548.0126120766128
-308.81261207660845
40.78738792339256
-185.21261207660731
-356.21261207660774
-538.0126120766087
-320.4126120766093
-151.6126120766114
-481.4126120766095
-602.4126120766083
-209.2126120766073
123.78738792339178
-208.41261207660838
-465.8126120766101
-921.4126120766095
-771.2126120766106
-196.61261207660817
233.58738792339156
59.187387923391974
-337.412612076609
-282.6126120766074
-188.01261207660798
-20.012612076607795
-359.81261207661043
-348.01261207661
75.98738792339165
366.3873879233929
309.3873879233914
193.78738792339183
-398.412612076608
-792.6126120766081
-922.0126120766075
-397.812612076611
-314.2126120766066
-271.0126120766093
-343.81261207660873
-525.2126120766088
-576.8126120766061
-135.21261207661044
-74.41261207660958
-362.8126120766077
-74.21261207660862
239.7873879233936
417.5873879233918
267.7873879233903
-281.6126120766074
-843.2126120766085
-523.0126120766101
-531.812612076609
-59.21261207660678
154.78738792339348
-449.01261207660826
-452.21261207660837
-639.0126120766085
-648.8126120766094
-493.612612076607
-522.4126120766085
-357.8126120766082
-230.4126120766072
-533.2126120766048
-294.4126120766099
-631.2126120766095
-322.2126120766066
-507.8126120766096
-59.812612076608296
185.78738792339158
106.98738792339196
-321.4126120766077
-632.4126120766114
-626.2126120766083
-186.01261207660932
-139.8126120766096
-147.8126120766062
203.18738792339138
-119.21261207660865
-325.21261207660774
-80.61261207660854
-539.6126120766077
-769.4126120766081
-523.4126120766064
-382.01261207660815
-131.21261207660794
-78.01261207660815
-220.01261207660818
-320.0126120766077
-621.8126120766084
-805.2126120766054
-935.812612076611
-737.2126120766088
-483.6126120766082
-406.6126120766066
-590.4126120766064
-353.81261207660833
-315.6126120766092
-115.81261207660802
-298.4126120766081
-236.81261207660657
-171.8126120766087
-305.4126120766083
-481.4126120766085
-361.4126120766091
-452.612612076607
-300.6126120766089
52.387387923391806
-231.4126120766085
-90.6126120766094
-134.81261207660765
-565.0126120766097
-611.2126120766089
-862.0126120766104
-1006.6126120766068
-869.8126120766083
-376.61261207660675
-172.81261207660665
-344.4126120766129
-136.01261207660787
-460.01261207660775
-613.0126120766051
-798.8126120766071
-1071.4126120766095
-947.0126120766095
-570.2126120766061
-395.4126120766109
-302.0126120766102
-278.01261207660656
-371.01261207660895
-284.81261207660793
-42.81261207660619
159.38738792339063
-247.8126120766063
-415.41261207660745
-408.01261207660974
-638.4126120766077
-851.6126120766091
-368.612612076608
-164.41261207660784
-323.6126120766092
-331.6126120766086
-347.4126120766069
-497.61261207660954
-625.6126120766119
-768.4126120766107
-752.6126120766081
-921.0126120766087
-707.6126120766089
-483.4126120766083
-244.01261207660946
-382.0126120766072
-405.81261207660924
-474.01261207661025
-694.2126120766086
-486.0126120766077
-468.0126120766098
-217.4126120766089
-517.4126120766126
-399.01261207660747
-432.8126120766087
-899.0126120766065
