-89.1931337560586
-1112.393133756069
-516.5931337560455
194.60686624394478
-72.19313375606302
-210.19313375605753
343.0068662439439
-106.39313375605226
204.4068662439474
-1722.593133756069
546.4068662439463
797.406866243956
379.6068662439424
-230.39313375607082
1064.2068662439553
1010.6068662439263
879.8068662439542
237.20686624394574
18.006866243948025
1100.6068662439416
353.0068662439285
761.8068662439383
53.20686624395136
-1232.3931337560625
1910.2068662439294
2541.206866243974
1551.6068662439243
2096.406866243954
1080.006866243935
279.40686624395175
1289.006866243949
868.4068662439645
-1327.3931337560582
1063.6068662439468
716.6068662439204
324.0068662439512
1275.006866243943
-132.19313375606066
-124.59313375605367
-670.5931337560544
1946.806866243958
-594.3931337560696
-714.5931337560631
-606.1931337560586
-1004.3931337560523
1002.0068662439292
720.4068662439405
265.40686624394823
-12.193133756055012
147.80686624394124
770.6068662439449
1022.8068662439447
-1048.393133756057
-1477.3931337560678
-1714.19313375606
-904.5931337560543
-242.59313375605788
621.4068662439329
5.806866243959604
961.8068662439562
1416.0068662439774
64.00686624392999
509.0068662439395
287.40686624394215
560.6068662439628
764.2068662439502
669.2068662439368
-746.1931337560503
1131.206866243927
-1134.5931337560623
739.6068662439573
472.2068662439448
253.0068662439416
-1071.9931337560454
-1091.9931337560583
-1502.993133756077
291.60686624395333
606.8068662439413
-2075.1931337560754
-755.9931337560581
155.40686624394652
759.8068662439539
421.20686624393926
1011.0068662439711
-368.7931337560603
-627.7931337560584
978.2068662439458
-481.1931337560624
596.8068662439345
309.4068662439578
-140.9931337560502
1553.2068662439447
914.2068662439478
9.606866243948211
1044.8068662439377
328.8068662439405
51.40686624395572
-1607.9931337560506
654.8068662439485
302.0068662439342
1733.8068662439655
434.8068662439447
-127.19313375605145
522.4068662439477
524.6068662439438
1273.606866243943
2137.806866243918
-897.1931337560585
306.80686624394735
394.60686624395106
-1111.7931337560763
-681.9931337560507
-1072.7931337560576
-419.1931337560468
-557.7931337560644
200.00686624394606
368.2068662439411
-643.7931337560681
471.80686624394326
558.2068662439445
1580.806866243921
1176.2068662439603
-148.39313375605775
1370.2068662439153
573.6068662439312
-999.5931337560552
-509.9931337560556
1178.8068662439546
2252.8068662439355
-176.79313375605346
-558.993133756057
-1297.7931337560533
6.406866243944783
764.006866243939
-305.9931337560487
243.60686624394475
-360.3931337560539
1413.2068662439385
3810.606866243944
1062.006866243943
-1503.5931337560764
-226.39313375605133
-92.19313375606184
554.206866243958
671.0068662439486
1108.8068662439482
1401.4068662439383
1710.2068662439242
-124.59313375605353
-1961.3931337560916
-982.5931337560631
-78.39313375605434
48.606866243934846
-219.39313375605317
-632.7931337560557
711.4068662439513
268.4068662439304
-183.59313375605575
-1579.7931337560522
-654.1931337560612
-208.7931337560574
266.20686624393153
-362.5931337560648
-664.1931337560599
-998.7931337560651
-428.3931337560521
-850.1931337560574
-72.393133756051
-562.7931337560516
438.00686624394416
961.6068662439468
1389.606866243946
-25.59313375605758
2287.40686624393
349.6068662439491
244.20686624394688
828.2068662439183
303.4068662439463
-187.5931337560591
1297.0068662439046
630.2068662439457
-821.7931337560585
-717.5931337560577
1273.0068662439267
1139.606866243931
1296.8068662439384
1164.8068662439312
900.8068662439538
-378.3931337560545
-464.7931337560504
-180.19313375605844
-1264.7931337560753
-291.5931337560571
323.0068662439468
826.0068662439427
786.2068662439527
1470.406866243944
332.60686624394674
-580.1931337560677
-129.59313375605157
249.40686624394476
954.6068662439446
87.8068662439476
194.20686624394227
36.40686624394651
3134.4068662439436
606.6068662439336
-520.5931337560568
852.006866243929
-71.39313375606031
-12.393133756054869
328.00686624394297
-1239.9931337560624
-281.99313375605794
1370.2068662439176
1840.6068662439225
1632.806866243962
2483.6068662439156
639.6068662439523
810.8068662439485
1025.8068662439555
-704.5931337560623
-783.5931337560631
-444.99313375606164
694.006866243936
-585.9931337560633
260.60686624393963
793.8068662439471
322.00686624393836
-228.39313375606352
-882.7931337560678
-1073.5931337560585
156.80686624393314
-39.39313375606034
482.20686624392965
2192.0068662439403
543.2068662439441
1039.2068662439312
971.8068662439218
-674.5931337560579
472.80686624395116
-0.39313375606053036
403.80686624393
778.4068662439424
-486.3931337560391
-1107.3931337560568
-1048.5931337560737
-668.5931337560461
931.6068662439403
-616.5931337560664
138.0068662439433
379.0068662439382
-27.193133756059872
266.00686624394655
-711.9931337560563
306.20686624394114
-1327.7931337560476
-477.79313375605756
-798.9931337560474
-452.593133756058
671.2068662439475
-114.9931337560551
201.80686624393869
1994.2068662439024
1780.8068662439223
1347.4068662439038
-609.3931337560697
115.40686624394543
893.4068662439623
-444.39313375605764
2379.006866243959
992.0068662439438
485.0068662439521
1053.8068662439487
289.4068662439343
980.4068662439361
389.20686624393824
-865.793133756061
-970.5931337560634
-1406.393133756081
1191.4068662439333
-1656.1931337560939
793.0068662439413
713.206866243945
-541.5931337560579
248.40686624394428
-388.9931337560538
-947.3931337560666
-819.9931337560494
885.6068662439525
-576.7931337560556
-1074.193133756081
939.8068662439374
1.2068662439413629
686.8068662439416
1507.8068662439402
1248.4068662439242
1197.406866243939
-66.39313375605687
-430.39313375605303
258.00686624393376
1022.2068662439465
-56.39313375605386
-243.99313375605976
-86.19313375605583
518.8068662439563
1431.40686624394
1301.0068662439498
1072.4068662439395
-355.3931337560586
442.60686624394253
-476.59313375605825
827.60686624396
-1065.5931337560587
-443.9931337560535
1073.0068662439471
-840.1931337560782
-1182.393133756057
-1866.9931337560288
-1305.5931337560542
146.4068662439449
510.40686624393436
-960.393133756064
-1726.7931337560806
334.80686624393906
912.4068662439346
318.20686624394494
1712.6068662439493
645.6068662439081
-324.59313375605825
1129.00686624395
623.2068662439244
-702.5931337560523
1669.6068662439463
175.00686624393308
-174.7931337560556
789.0068662439542
771.6068662439346
1285.4068662439547
1265.2068662439367
1460.6068662439684
-418.9931337560552
161.0068662439424
-383.793133756062
-427.7931337560584
1507.8068662439337
2034.2068662439463
805.0068662439335
-1012.9931337560473
190.4068662439452
-2254.7931337560217
-1464.7931337560549
805.4068662439398
-620.1931337560608
-449.9931337560563
345.0068662439403
355.40686624394226
1359.8068662439025
-1036.1931337560861
-713.7931337560723
206.60686624394617
281.4068662439446
588.406866243932
506.4068662439556
-545.5931337560606
58.60686624394812
458.6068662439478
-829.1931337560519
31.406866243943956
934.6068662439251
1480.8068662439475
288.6068662439417
487.8068662439403
-75.19313375606495
-1792.7931337561001
135.80686624394096
-37.19313375605924
193.20686624394565
1220.0068662439485
-1.9931337560555242
-93.39313375605543
1081.606866243941
-766.9931337560542
-386.39313375606076
2083.606866243926
-235.39313375605536
619.0068662439446
1086.6068662439438
-156.7931337560628
811.806866243939
-406.3931337560564
-1766.193133756056
-336.99313375605516
-1465.5931337560653
205.60686624394
1238.806866243935
-171.19313375606052
-947.5931337560514
-197.9931337560635
-1810.9931337561
216.60686624393477
738.406866243948
343.0068662439483
-37.19313375605513
-700.1931337560544
-1007.9931337560583
-699.1931337560688
-1182.3931337560507
468.406866243944
489.0068662439428
-1207.7931337560765
-1746.7931337560499
444.00686624393194
229.60686624393688
-182.19313375605574
413.00686624394285
1109.8068662439457
1401.0068662439455
281.0068662439403
-315.39313375605605
1279.6068662439184
2237.606866243924
-721.3931337560696
-143.1931337560575
757.4068662439488
-343.19313375605384
-328.5931337560612
42.80686624393869
-730.993133756083
-304.79313375606006
621.8068662439524
-710.5931337560594
-1278.1931337560916
574.0068662439373
-153.79313375605935
-95.1931337560587
-982.1931337560492
68.80686624393732
1123.006866243941
253.00686624393452
-1178.393133756061
-410.9931337560632
383.2068662439413
-50.99313375606043
537.8068662439434
105.20686624394114
1734.8068662439337
-792.1931337560824
-981.993133756061
1706.4068662439333
-283.5931337560621
340.40686624394056
-1238.3931337560766
-293.59313375605745
-1351.193133756067
-426.1931337560581
138.20686624394395
717.2068662439351
873.0068662439415
1061.2068662439517
-49.59313375605921
-1337.3931337560712
-873.7931337560608
-795.5931337560629
-925.1931337560311
407.4068662439337
400.006866243947
-630.5931337560895
-409.7931337560527
-1492.9931337560251
333.60686624394384
976.2068662439457
-1801.993133756062
-1457.7931337560801
-1520.1931337560425
-827.3931337560575
1066.606866243947
-20.193133756059257
-687.5931337560735
588.606866243944
300.6068662439458
520.6068662439377
168.00686624393828
624.806866243952
-170.39313375605704
678.006866243941
953.0068662439202
313.80686624394565
-268.1931337560534
-963.5931337560461
-1024.393133756048
-610.1931337560621
-792.193133756063
57.806866243943674
-251.5931337560631
-1180.5931337560476
-1591.5931337560849
-173.59313375605646
431.8068662439427
-1384.1931337560507
-761.393133756062
-590.5931337560583
595.0068662439418
-287.19313375605884
-182.9931337560595
-462.59313375605365
-2197.1931337560745
-435.99313375606965
729.806866243949
-189.59313375605802
-235.19313375606473
664.0068662439303
-640.1931337560616
-47.993133756054476
874.0068662439506
-698.9931337560566
496.20686624393977
-147.59313375605768
799.0068662439436
1069.6068662439575
-58.5931337560645
1097.0068662439394
-340.993133756067
-266.9931337560558
-1075.593133756052
-265.7931337560655
-1830.7931337560763
-1096.993133756061
-462.9931337560585
1067.8068662439293
1126.406866243956
-1478.993133756047
-853.9931337560607
-884.9931337560608
-1192.9931337560338
-1777.3931337560382
954.0068662439437
863.4068662439564
29.206866243923436
161.40686624394297
504.40686624395084
-216.99313375606292
-126.19313375606541
294.40686624394215
-1530.9931337560388
-550.1931337560545
1422.0068662439344
-217.79313375606745
93.80686624393581
-1624.193133756097
-2013.9931337560897
173.60686624393514
150.40686624393283
427.4068662439467
850.4068662439446
-105.79313375605835
2.2068662439558793
-611.1931337560371
-815.1931337560607
-53.593133756063345
584.8068662439485
327.20686624394455
848.2068662439607
365.006866243938
61.40686624394301
-320.39313375606054
-863.7931337560904
-125.39313375606295
-392.99313375605254
-941.5931337560561
1522.4068662439436
1443.8068662439152
-526.5931337560438
407.2068662439406
-188.19313375605557
657.0068662439452
-906.793133756034
577.606866243953
-162.19313375605296
-558.5931337560518
-16.993133756069884
-570.3931337560682
-707.5931337560634
-397.7931337560556
949.6068662439416
586.6068662439446
471.6068662439433
-1186.9931337560656
-708.1931337560652
11.806866243940497
1095.2068662439667
-153.19313375606382
2111.60686624393
1547.406866243924
-1316.9931337560595
-1542.593133756069
-1339.3931337560675
-933.9931337560505
97.20686624394715
383.4068662439494
232.40686624395028
-1092.3931337560662
547.6068662439363
391.6068662439357
-2046.3931337560334
53.606866243941994
-3.59313375605986
-250.19313375606043
130.4068662439413
225.4068662439414
215.2068662439432
-18.593133756068404
-306.99313375604834
1166.0068662439376
2265.2068662439333
26.406866243941284
-565.7931337560694
860.60686624394
81.80686624394747
400.0068662439402
576.4068662439411
-1245.79313375605
321.2068662439492
362.806866243939
830.4068662439377
1930.4068662439427
-347.59313375605916
-867.5931337560453
-580.1931337560626
-1280.1931337560507
-96.99313375606073
624.0068662439495
1146.4068662439472
-223.1931337560596
-1017.3931337560512
-715.1931337560583
376.0068662439345
46.20686624394259
521.006866243953
155.00686624394183
911.0068662439372
-934.3931337560649
-575.7931337560591
1397.4068662439274
530.406866243942
94.60686624394549
604.4068662439446
-725.7931337560547
-1000.3931337560434
-508.5931337560608
287.806866243945
-622.7931337560672
434.40686624394834
-740.193133756051
1481.6068662439257
1172.6068662439475
971.0068662439484
684.2068662439311
-1051.193133756066
-850.3931337560533
-1784.193133756051
-977.993133756064
-1017.1931337560527
-1120.193133756062
-2056.5931337560214
-1388.3931337560741
-499.9931337560568
463.0068662439412
921.4068662439252
1390.0068662439521
772.0068662439418
76.40686624394353
-64.99313375605475
81.00686624394187
622.6068662439445
1062.0068662439342
261.4068662439396
299.80686624393394
-922.7931337560677
-838.3931337560545
-1222.1931337560477
659.4068662439353
759.0068662439407
-759.1931337560501
245.8068662439339
-1145.593133756062
-507.79313375606165
-448.99313375605857
482.806866243945
1125.6068662439557
826.4068662439358
122.80686624395423
-1521.59313375606
2380.0068662438853
-532.5931337560586
-573.9931337560621
-267.79313375606176
-1054.3931337560637
211.00686624394592
1109.6068662439222
454.40686624394965
843.4068662439337
-169.99313375606488
-869.9931337560514
-263.1931337560597
-476.7931337560505
-930.7931337560634
-1018.5931337560661
-386.5931337560575
501.60686624394464
-634.9931337560457
1289.6068662439375
-848.9931337560654
415.406866243942
357.606866243935
586.0068662439387
95.80686624394478
-694.9931337560553
-608.1931337560568
518.006866243939
2054.4068662439313
210.40686624394198
385.206866243938
783.4068662439374
-1169.9931337560558
687.4068662439495
-1205.1931337560566
-648.3931337560567
-40.79313375605887
-772.5931337560625
-1743.9931337560502
246.20686624394435
1466.2068662439408
943.6068662439518
-1033.9931337560733
-1460.7931337560433
-311.5931337560552
-73.79313375606284
351.2068662439415
499.8068662439453
-497.79313375605375
-726.5931337560495
-860.5931337560505
-372.99313375605635
-497.79313375605335
-386.39313375605434
1114.206866243949
551.6068662439437
-938.7931337560564
293.8068662439471
-488.9931337560569
79.00686624394541
1117.8068662439393
-322.99313375606124
-293.5931337560562
177.8068662439466
-415.99313375606914
-380.9931337560595
-428.79313375605517
-350.9931337560632
-1515.193133756062
-679.7931337560622
-174.59313375605598
322.6068662439474
442.8068662439409
651.0068662439511
1068.0068662439185
1621.206866243944
-640.5931337560493
-476.79313375604715
166.40686624394647
250.20686624394264
448.0068662439345
-534.3931337560501
-624.3931337560541
-780.7931337560598
68.80686624395004
395.00686624392455
1528.0068662439608
714.2068662439302
-195.19313375605705
-75.39313375606245
-639.1931337560468
-449.5931337560591
592.2068662439337
363.0068662439504
120.00686624394073
22.206866243944603
-776.5931337560615
-130.59313375605834
-165.39313375605968
166.2068662439529
-300.7931337560614
-303.7931337560564
522.6068662439371
61.006866243939356
-252.3931337560602
995.4068662439425
1783.2068662439322
1255.0068662439414
-1453.5931337560714
780.4068662439478
-347.99313375603487
522.8068662439514
-184.39313375605275
-1046.7931337560617
497.8068662439418
-229.9931337560555
1338.0068662439273
1976.2068662439358
2025.8068662439568
2852.80686624393
2253.6068662438906
1911.4068662439129
1983.6068662439504
854.4068662439352
-925.3931337560441
-1226.3931337560539
-1130.9931337560638
791.0068662439287
822.2068662439416
285.00686624394575
829.8068662439441
1797.2068662439171
1409.4068662439531
-118.99313375605828
-371.39313375605695
-2400.793133756072
-1009.3931337560616
517.406866243943
-359.59313375605734
-1410.5931337560621
114.8068662439458
332.00686624393796
-743.3931337560593
756.6068662439537
-39.19313375605672
-1283.1931337560798
-129.3931337560557
67.80686624394723
1770.0068662439337
1090.8068662439593
376.6068662439494
2236.006866243951
1390.2068662439672
204.40686624395005
-185.19313375607032
1306.4068662439583
164.40686624394658
250.60686624394393
-459.1931337560586
716.0068662439396
2239.406866243965
614.806866243945
-171.79313375605176
261.206866243945
1687.4068662439715
851.6068662439314
1148.6068662439473
286.00686624394393
205.00686624394166
661.6068662439421
-429.39313375604667
243.20686624394295
2042.0068662439494
-1132.5931337560528
27.206866243935394
-1396.3931337560614
-851.9931337560654
-1423.7931337560822
610.8068662439473
267.20686624392346
941.4068662439541
1693.0068662439442
-425.19313375605265
90.40686624394961
297.8068662439503
-448.5931337560591
-423.1931337560557
1529.4068662439504
-311.39313375606525
2469.6068662439493
1017.0068662439587
-403.59313375605666
-147.39313375606054
-961.1931337560501
-174.5931337560655
-198.59313375605154
44.606866243938654
-415.5931337560528
214.20686624395296
-1117.7931337560706
-877.7931337560697
-459.79313375606046
-90.99313375606249
1401.2068662439283
1789.0068662439642
-134.59313375606098
1171.8068662439384
-380.59313375605865
-56.79313375605486
-707.5931337560586
1945.8068662439928
1221.2068662439447
-1619.3931337560614
1017.6068662439484
572.8068662439329
-1133.993133756057
467.8068662439137
846.0068662439384
-659.3931337560512
314.0068662439403
-1999.1931337560563
981.806866243933
-290.3931337560622
-1706.5931337560676
-625.3931337560562
807.6068662439434
1250.6068662439457
519.2068662439419
727.8068662439547
2225.2068662439274
1898.4068662439156
894.8068662439508
678.4068662439323
404.6068662439362
723.6068662439435
-91.79313375606262
534.4068662439431
224.80686624394335
1593.4068662439367
-553.393133756059
904.6068662439213
-183.39313375605613
117.00686624394336
409.4068662439402
-2118.1931337560577
-497.59313375606007
1343.006866243922
1292.8068662439307
898.0068662439319
1198.606866243929
170.40686624394473
240.60686624393946
-671.7931337560505
-843.9931337560522
721.2068662439198
-171.79313375606583
143.20686624394608
305.00686624394444
400.4068662439477
-664.7931337560607
-875.7931337560457
-767.5931337560695
121.40686624394223
1035.0068662439521
105.80686624394309
-335.5931337560745
-2010.393133756018
-1845.793133756082
-894.9931337560612
1017.0068662439339
3014.2068662439538
-399.59313375607155
-307.5931337560579
-826.7931337560568
-1339.993133756051
-840.5931337560583
-1392.1931337560677
539.806866243956
872.2068662439527
417.80686624394355
100.2068662439405
77.80686624394016
658.2068662439409
437.2068662439468
286.6068662439407
182.00686624394638
709.8068662439367
-776.1931337560586
418.80686624394315
-382.79313375605267
469.006866243933
462.4068662439379
1321.20686624396
299.4068662439464
-217.59313375604916
-919.9931337560683
-289.7931337560616
-542.5931337560728
-1753.5931337560683
-295.3931337560646
-537.9931337560623
-1059.5931337560394
822.0068662439529
-520.9931337560611
-787.5931337560547
212.40686624394317
-779.3931337560578
-1015.1931337560668
-2540.793133756065
-5.193133756055726
236.2068662439488
-1400.9931337560542
225.8068662439343
12.006866243940447
856.2068662439302
88.80686624394424
-606.9931337560552
-833.5931337560432
-159.79313375605284
524.8068662439625
1569.406866243965
1242.0068662439576
-1286.9931337560502
-884.7931337560557
337.6068662439563
-881.3931337560621
-813.393133756047
-532.3931337560543
1070.0068662439483
1153.0068662439342
-489.9931337560613
-1019.7931337560501
-2206.7931337559953
-1242.7931337560474
41.006866243942355
-8.393133756058472
-84.19313375606085
-206.9931337560614
-71.19313375605763
-378.1931337560582
1104.2068662439626
-649.9931337560664
1034.0068662438978
747.0068662439535
244.4068662439431
-515.5931337560581
677.0068662439436
1561.4068662439204
790.2068662439498
-55.993133756051975
-1023.3931337560657
573.4068662439504
678.6068662439513
849.0068662439433
446.8068662439477
-1684.1931337560495
362.80686624394804
400.80686624394724
-1005.9931337560571
-129.39313375605263
-319.3931337560596
-984.9931337560533
265.2068662439497
485.6068662439424
-1820.9931337560358
1271.606866243938
1267.6068662439407
209.20686624394057
553.4068662439361
-372.3931337560528
-118.79313375605798
-648.1931337560422
2587.606866243959
-417.99313375606374
-584.993133756061
-791.5931337560469
-749.3931337560538
954.4068662439623
728.2068662439442
1021.8068662439373
143.60686624394458
215.00686624393447
501.8068662439406
1533.406866243946
756.6068662439527
-70.99313375605965
-506.79313375605994
-1186.793133756049
-1295.7931337560449
-734.5931337560614
-2141.793133756053
-1089.1931337560488
-177.3931337560579
-1363.5931337560953
-1479.993133756062
-1015.5931337560529
40.60686624394676
995.0068662439401
1539.4068662439463
-564.1931337560527
158.0068662439459
-1737.5931337560685
625.6068662439286
203.60686624394774
153.20686624394395
-1272.5931337560512
-1405.3931337560907
-1546.593133756077
986.4068662439546
1217.8068662439491
-1373.3931337560762
474.0068662439363
852.4068662439398
1797.406866243945
729.6068662439521
1158.2068662439601
1244.4068662439638
465.40686624394436
1327.0068662439319
-1143.19313375606
-791.1931337560479
-651.5931337560559
-1433.1931337560568
-8.193133756058344
-131.39313375605948
-1536.5931337560608
-839.5931337560804
-503.1931337560511
-448.39313375606605
-1352.3931337560612
2054.006866243916
1336.806866243984
1568.6068662439257
457.8068662439419
-488.993133756056
-565.7931337560648
-94.39313375606655
560.4068662439435
692.4068662439414
-1778.1931337560482
944.0068662439353
1161.6068662439484
-772.9931337560682
-266.39313375606673
-1167.1931337560547
259.8068662439402
-1108.5931337560644
-995.1931337560505
381.0068662439407
-901.393133756077
-118.39313375606412
-867.3931337560475
-588.7931337560613
-48.39313375606074
-1488.3931337560573
-187.1931337560597
-85.79313375606372
-1081.393133756068
-523.3931337560658
1190.6068662439268
1857.006866243976
517.4068662439408
1091.6068662439468
374.40686624394095
468.8068662439462
1262.4068662439367
85.60686624394401
-548.1931337560676
-919.7931337560715
-66.79313375605908
1226.6068662439473
-1222.5931337560728
-1812.5931337560578
-733.3931337560565
-919.5931337560893
-118.99313375605969
-1029.9931337560524
206.60686624394648
-254.79313375605216
215.00686624394623
-4.793133756055603
-1946.793133756075
-1699.5931337560496
-1974.793133756109
-2131.9931337560206
-2463.3931337560502
-2426.193133756063
-649.7931337560594
-236.59313375605956
667.4068662439411
304.20686624394307
145.2068662439426
-269.3931337560563
890.8068662439408
607.6068662439392
262.6068662439451
-736.5931337560548
754.2068662439461
861.0068662439498
156.0068662439396
-639.3931337560534
-522.1931337560567
-760.7931337560693
-910.1931337560636
-1068.7931337560583
551.6068662439365
-1475.5931337560787
-814.1931337560617
-694.7931337560577
-1476.9931337560527
-2157.793133756043
-44.993133756054156
967.606866243944
-142.3931337560598
-688.5931337560564
-166.7931337560682
-1271.5931337560535
-1455.9931337560886
-487.3931337560562
-53.99313375605831
-1008.9931337560636
169.80686624393448
1972.2068662439185
-256.79313375606966
-394.5931337560782
594.8068662439483
1315.8068662439443
491.40686624394704
886.6068662439332
679.006866243929
702.2068662439445
305.40686624394004
369.40686624394476
288.80686624394605
-1292.1931337560698
-1567.7931337560701
-1184.7931337560474
853.6068662439492
-2078.9931337560265
-1894.1931337560316
-755.9931337560333
-2172.5931337561
-1656.9931337560604
-519.9931337560595
-896.1931337560544
1081.8068662439393
1676.0068662439485
898.6068662439491
-302.99313375606056
570.0068662439398
-931.993133756068
282.80686624394144
233.6068662439415
-775.3931337560585
4.606866243945589
-332.19313375605844
191.40686624394138
-79.793133756061
954.8068662439496
-66.59313375606014
-1177.9931337560588
-1247.593133756045
-555.9931337560894
-888.5931337560697
-591.5931337560565
-1233.393133756028
-1187.593133756065
424.0068662439343
-709.5931337560672
155.2068662439425
-532.193133756066
-1472.5931337560737
-458.1931337560611
-756.193133756064
-219.79313375605676
279.6068662439426
-313.993133756043
388.80686624394616
-262.5931337560508
-567.7931337560507
644.0068662439363
-1138.3931337560473
-95.7931337560637
803.6068662439329
-15.1931337560606
248.4068662439393
-640.1931337560461
-256.1931337560503
-2434.7931337560326
477.60686624395265
-189.79313375605938
-1067.1931337560504
-274.19313375605634
-1020.1931337560707
208.20686624393653
1003.2068662439356
264.40686624394317
181.20686624393664
-1548.3931337560773
-474.7931337560626
-88.9931337560566
-1294.7931337560567
1430.8068662439373
44.006866243938084
-789.3931337560655
132.8068662439473
-973.3931337560604
-560.193133756059
-362.39313375605354
-392.3931337560456
-310.39313375606514
-776.9931337560549
1413.6068662439463
-1658.9931337560656
821.0068662439421
606.6068662439303
-240.9931337560577
422.4068662439484
-406.7931337560572
-460.99313375606073
-723.7931337560483
1047.2068662439392
-416.3931337560666
-1444.5931337560912
654.0068662439435
-537.9931337560615
265.6068662439387
328.2068662439416
-43.99313375604993
-662.1931337560665
-916.7931337560592
-86.39313375605296
-438.9931337560645
-491.1931337560576
-1001.9931337560744
-722.7931337560484
-1371.993133756057
-1869.1931337560543
-712.7931337560565
-127.39313375605715
925.6068662439294
427.6068662439499
461.6068662439518
69.80686624394772
888.2068662439438
-1314.193133756049
-503.59313375605603
290.8068662439435
-781.9931337560695
-358.5931337560546
-1151.1931337560563
-263.9931337560557
416.20686624393994
357.00686624394075
-731.5931337560506
-1727.593133756061
352.8068662439449
454.6068662439435
-234.7931337560714
589.2068662439474
-985.7931337560495
-2446.193133756051
194.00686624394797
790.8068662439431
-1274.5931337560353
-330.9931337560631
-1199.9931337560567
-477.39313375604536
-229.59313375605515
-1407.5931337560614
-338.9931337560581
-304.79313375605534
1228.4068662439347
243.0068662439461
605.0068662439411
725.606866243917
-184.99313375605718
795.6068662439469
1742.4068662439668
272.60686624394623
-1191.9931337560458
837.806866243943
-1471.7931337560392
-1064.3931337560655
192.60686624394134
-915.3931337560653
-184.19313375605816
727.4068662439402
441.60686624394447
668.2068662439419
-603.3931337560617
-898.1931337560496
-396.5931337560628
-352.7931337560622
408.4068662439399
684.0068662439612
-453.39313375606207
-578.1931337560552
511.40686624392674
-326.19313375606396
-118.99313375605122
-319.39313375605144
654.6068662439371
-574.9931337560595
567.6068662439606
349.0068662439499
-742.9931337560496
1813.2068662439572
68.00686624394615
-596.7931337560605
848.4068662439427
-124.39313375605678
-296.5931337560585
1437.606866243945
201.60686624394629
-533.9931337560566
973.20686624393
-1146.993133756058
-369.5931337560595
1367.2068662439399
36.40686624394321
25.20686624394562
22.40686624394519
-886.7931337560663
900.4068662439514
-693.7931337560706
-471.7931337560557
934.0068662439511
5.8068662439406875
-827.7931337560473
1288.4068662439456
53.80686624394265
1206.4068662439452
74.20686624393947
196.80686624394303
294.0068662439365
434.6068662439472
-90.19313375605788
-30.393133756059356
22.00686624394082
1137.0068662439348
900.0068662439477
-905.1931337560565
-900.1931337560621
216.40686624393342
-176.79313375605986
242.206866243938
524.4068662439365
55.406866243939575
-458.1931337560511
-1581.3931337560996
-445.9931337560496
1467.0068662439326
1665.206866243929
-798.3931337560567
219.40686624393908
1576.0068662439642
11.80686624393809
-602.5931337560667
257.80686624394343
-468.59313375608565
-35.99313375606138
1872.2068662439817
1367.4068662439684
405.8068662439419
684.0068662439568
-415.5931337560625
434.20686624393926
269.20686624393096
627.806866243957
1181.2068662439326
1051.206866243922
345.6068662439503
673.2068662439349
479.4068662439403
74.6068662439452
-437.1931337560604
-1140.9931337560538
681.2068662439465
-1214.1931337560832
-1908.1931337560345
-515.793133756056
-2597.393133756057
-192.39313375606898
-527.993133756053
127.80686624394141
-809.1931337560693
138.20686624394497
458.00686624394064
572.4068662439286
1389.0068662439303
2004.2068662439535
837.6068662439293
-1310.1931337560573
332.0068662439247
1141.8068662439466
359.00686624393444
1349.6068662439548
758.6068662439415
320.0068662439384
1309.80686624394
-885.1931337560575
278.80686624394895
1588.6068662439259
-288.393133756057
697.4068662439362
-227.79313375605747
-241.99313375606272
1172.206866243921
-119.39313375605813
-1775.9931337560445
276.6068662439431
-143.39313375605693
-1624.593133756058
-1993.7931337560503
-336.3931337560547
478.8068662439465
807.2068662439356
442.40686624393334
-361.3931337560636
-475.79313375605545
-991.5931337560628
-458.19313375605424
707.0068662439443
905.2068662439473
684.2068662439442
1507.0068662439367
1130.0068662439355
-631.3931337560729
358.606866243936
1581.6068662439384
167.00686624393708
1446.8068662439484
93.00686624393258
816.20686624397
64.20686624394033
135.6068662439317
847.8068662439512
-1264.9931337560627
58.40686624394881
1439.8068662439455
73.80686624394232
-1070.993133756064
-261.59313375605973
-1811.5931337560407
-1199.1931337560595
-234.59313375606368
-888.1931337560659
851.0068662439442
-74.79313375605447
46.00686624393734
-592.1931337560601
-469.79313375606216
745.606866243932
-146.99313375605533
1023.8068662439503
638.8068662439438
1061.4068662439445
-108.59313375605929
1117.0068662439433
82.20686624393906
326.6068662439459
1574.2068662439767
-522.1931337560543
687.0068662439512
74.00686624394363
-147.99313375606565
-969.1931337560534
925.4068662439311
574.6068662439434
-1276.5931337560996
-1043.7931337560635
148.20686624394654
-118.19313375605411
-642.5931337560664
-385.1931337560561
-2677.5931337560846
-1675.5931337560576
896.0068662439385
243.80686624394528
772.8068662439479
-950.9931337560599
-1267.9931337560388
-642.7931337560642
-656.9931337560653
-176.39313375606295
837.0068662439411
523.606866243946
908.0068662439392
364.8068662439474
667.2068662439447
1223.4068662439297
737.2068662439509
-1223.19313375606
836.2068662439493
1160.4068662439267
1061.4068662439147
401.60686624394737
-539.7931337560508
-322.19313375605896
-591.3931337560603
-1085.3931337560612
265.2068662439389
1124.2068662439326
-271.1931337560604
884.2068662439436
-260.39313375606184
4.006866243945723
-2135.5931337560505
-1029.3931337560778
-1422.193133756076
-1063.993133756054
32.80686624394929
-786.9931337560474
-95.19313375606002
-557.3931337560588
-34.793133756062524
-247.3931337560571
543.4068662439481
-709.9931337560512
-995.3931337560621
545.0068662439454
2113.2068662438905
-424.393133756059
1051.4068662439438
-185.99313375605945
-2247.7931337560303
-1090.993133756052
135.60686624394415
787.206866243951
1211.2068662439165
276.6068662439353
-161.5931337560604
-829.1931337560602
1133.2068662439451
1735.6068662439156
-1124.3931337560668
661.6068662439515
-311.9931337560553
-686.1931337560634
-887.3931337560599
-1619.393133756075
-1524.3931337560457
-1497.593133756041
-819.1931337560496
-249.79313375605435
1423.0068662439187
-140.1931337560539
-872.5931337560586
748.0068662439335
509.2068662439615
915.6068662439295
93.40686624394536
-653.9931337560624
405.80686624395327
-824.3931337560559
-930.3931337560574
671.2068662439389
-834.1931337560551
-175.5931337560376
640.2068662439391
245.80686624395372
1244.0068662439555
820.006866243925
1384.0068662439326
802.8068662439312
-91.19313375606016
-95.5931337560488
430.0068662439395
299.4068662439421
-425.99313375606016
-432.3931337560598
-251.3931337560585
-2666.193133756071
-1481.993133756065
190.0068662439415
-24.793133756057976
-646.5931337560555
196.20686624394617
-311.993133756057
-279.7931337560547
303.4068662439393
679.2068662439362
-839.9931337560432
-221.3931337560612
-198.59313375605117
1411.406866243947
461.0068662439451
-8.79313375606412
-592.9931337560682
-1767.7931337560676
-161.9931337560509
-972.3931337560753
-535.7931337560528
261.8068662439382
542.8068662439418
-90.39313375606106
736.4068662439448
-288.19313375606214
-225.7931337560632
-452.99313375605186
376.2068662439413
-266.3931337560621
-556.7931337560665
-1279.3931337560484
-1324.7931337560337
309.00686624394444
711.406866243941
98.00686624394262
-468.79313375605767
-839.9931337560593
-90.39313375605613
-182.39313375605576
1995.8068662439557
1315.006866243941
-874.1931337560358
125.00686624394908
-789.3931337560552
-433.59313375604904
-902.1931337560579
-339.99313375605936
-345.39313375605235
58.806866243944505
598.4068662439433
-509.79313375606193
2121.0068662439107
558.4068662439404
1740.6068662439661
1832.4068662439367
978.4068662439324
1257.0068662439444
928.8068662439349
-282.79313375605875
-49.593133756058336
-483.5931337560481
-636.5931337560623
-1090.7931337560549
-1542.193133756046
-959.9931337560608
-462.7931337560558
116.00686624394292
-236.19313375605742
-782.5931337560731
1388.2068662439283
-852.193133756039
260.6068662439397
-483.5931337560711
61.80686624394175
73.40686624394228
-726.793133756068
-870.9931337560575
503.6068662439506
1247.806866243938
-1599.7931337560367
-307.19313375606197
794.8068662439345
-261.19313375605554
895.0068662439362
158.406866243936
1149.406866243936
951.8068662439382
424.4068662439472
-557.5931337560609
277.40686624393743
132.6068662439425
-577.9931337560613
-1191.5931337560573
-1057.7931337560601
-1105.993133756033
-689.593133756056
462.0068662439465
998.6068662439486
434.006866243945
-356.39313375607077
-316.3931337560522
-34.193133756054664
-323.99313375605993
-800.1931337560618
-509.19313375604105
-694.9931337560527
-1209.1931337560377
358.6068662439402
-1109.193133756029
279.0068662439453
809.4068662439439
-993.1931337560613
-711.593133756068
-411.7931337560655
431.60686624393156
230.80686624394627
192.60686624394475
-49.59313375605773
-1183.1931337560584
-349.7931337560577
50.206866243943104
248.60686624395035
-952.7931337560584
-1557.9931337560477
11.806866243942949
1069.8068662439546
-1671.393133756029
-1021.1931337560511
-678.1931337560576
484.40686624393715
1229.2068662439035
212.4068662439436
487.80686624393456
-11.993133756049192
327.8068662439369
77.80686624394346
-420.393133756071
-1722.1931337560611
-1892.193133756055
-595.7931337560615
-1188.9931337560547
-101.79313375606468
1322.8068662439387
1395.8068662439273
439.60686624394043
-755.9931337560629
-668.7931337560697
-795.993133756071
-1349.993133756035
-1394.9931337560542
-993.7931337560611
55.80686624394438
817.2068662439491
526.2068662439444
150.60686624393878
34.80686624393968
1056.406866243944
855.4068662439399
-2277.59313375612
-352.1931337560629
-1072.9931337560563
800.006866243941
-15.793133756056479
-957.5931337560454
292.20686624394926
-1382.7931337560235
-908.5931337560487
182.80686624394906
-408.5931337560578
-519.1931337560615
-727.9931337560427
450.60686624393855
1011.8068662439565
341.60686624394634
-998.993133756064
-955.1931337560592
-802.9931337560579
287.6068662439503
183.80686624395025
-695.3931337560592
-614.9931337560404
189.20686624394568
26.00686624394406
-258.1931337560474
-507.19313375605554
-2417.1931337560695
-428.19313375605356
884.406866243942
-352.19313375605145
-2035.793133756111
-624.7931337560661
-423.7931337560463
-574.3931337560656
1883.606866243924
1060.0068662439453
-391.59313375605143
-482.193133756059
-1892.7931337560515
-1419.5931337560478
-1691.1931337560402
-2578.993133756043
-884.9931337560748
-291.39313375605667
-690.1931337560444
-807.7931337560783
-298.1931337560542
-1748.5931337560587
-819.7931337560584
-514.1931337560537
471.2068662439374
1590.6068662439432
-402.3931337560558
-1297.1931337560452
-374.7931337560603
285.806866243946
-406.39313375605855
938.8068662439397
236.60686624394924
475.4068662439445
906.0068662439458
-848.7931337560574
-1002.9931337560611
567.2068662439364
-2012.5931337561178
-361.3931337560488
-701.7931337560656
496.2068662439521
-37.99313375605423
305.6068662439447
-686.1931337560533
-905.3931337560537
-726.1931337560638
-2875.3931337560425
-1387.3931337560825
551.4068662439448
47.80686624393636
248.8068662439429
1329.2068662439356
-958.3931337560531
1593.406866243934
672.4068662439641
-425.1931337560587
104.0068662439438
-1140.9931337560495
-814.5931337560521
-640.3931337560798
-909.9931337560496
-2006.7931337560278
-181.79313375605778
-992.5931337560578
-722.9931337560618
-2.793133756057088
-604.5931337560535
66.00686624393944
684.4068662439445
-1435.993133756089
370.4068662439359
-906.3931337560733
419.6068662439512
-247.9931337560576
1455.4068662439563
1032.8068662439387
-1717.7931337560576
-178.5931337560603
-1277.3931337560532
-2245.1931337560673
530.0068662439359
934.80686624394
-423.39313375605775
1163.0068662439535
-1328.7931337560585
1561.0068662439337
554.6068662439448
-1338.3931337560593
-426.9931337560715
398.8068662439522
1201.606866243943
229.00686624394174
-17.193133756066466
796.2068662439467
777.8068662439491
267.00686624394336
334.4068662439404
703.4068662439504
928.6068662439482
286.0068662439457
1272.6068662439357
-1737.3931337560773
122.20686624394152
-1433.9931337560645
1424.8068662439678
-7.593133756059554
-321.59313375605336
707.006866243942
-1627.5931337560714
-1124.7931337560522
-290.7931337560581
870.0068662439386
1072.6068662439188
807.206866243945
-425.79313375604613
881.806866243946
-30.593133756061604
60.20686624394162
1725.406866243984
161.80686624394528
-576.1931337560537
-366.19313375606174
1102.4068662439427
109.20686624393932
-706.7931337560738
-820.1931337560602
-380.1931337560471
133.20686624393386
136.40686624394473
882.6068662439451
-676.3931337560466
-656.9931337560529
-201.5931337560563
-1438.3931337560596
1564.8068662439432
-1083.193133756056
94.80686624394033
-236.39313375606028
-940.3931337560775
-419.5931337560532
-705.9931337560569
307.00686624394
-166.99313375605732
184.4068662439414
-159.19313375605904
-766.7931337560541
-163.59313375604395
460.00686624395087
432.2068662439344
654.006866243949
956.6068662439532
-1440.993133756077
-719.3931337560399
-1325.593133756045
374.0068662439433
570.0068662439429
1285.8068662439298
497.6068662439438
-231.9931337560482
-1173.7931337560663
145.60686624394384
356.80686624394787
-801.1931337560553
348.4068662439435
-627.3931337560692
-2936.393133756075
-8.993133756053993
-1050.1931337560702
-1227.7931337560578
-65.19313375605924
-501.79313375607023
-490.3931337560601
-1536.5931337560653
330.80686624394707
-23.193133756063006
-1091.993133756052
807.0068662439268
236.20686624395017
278.60686624394435
-577.7931337560559
-1290.393133756035
-605.5931337560565
29.406866243944172
121.80686624394548
605.2068662439328
361.20686624393886
-1787.393133756071
-1079.7931337560547
-29.593133756051582
-592.193133756053
-746.993133756045
-868.993133756068
946.0068662439458
692.0068662439503
-969.1931337560495
-1289.1931337560243
-2623.3931337560393
-4178.593133756004
-1918.9931337560872
-1159.993133756026
-679.5931337560463
156.0068662439413
603.0068662439448
30.406866243948397
1211.2068662439317
-1163.393133756051
779.4068662439395
148.20686624394057
-155.19313375605688
-1195.1931337560688
-542.9931337560563
-225.79313375606634
-1021.9931337560346
-2074.593133756059
-3280.193133756057
-943.3931337560647
-476.3931337560588
-663.7931337560606
139.4068662439422
-1182.9931337560754
486.20686624393625
-430.193133756049
-2081.9931337560593
-975.9931337560671
-501.7931337560625
-1367.1931337560577
-315.5931337560614
-653.5931337560647
-3752.993133756055
-1473.1931337560359
-1085.5931337560316
-1521.5931337560755
-534.3931337560504
-459.79313375607677
480.206866243945
-168.39313375606125
2541.006866243987
-26.593133756064883
724.6068662439486
-563.3931337560458
-663.393133756043
412.0068662439413
-493.99313375605647
-470.1931337560464
-1584.5931337560735
-1491.1931337560463
-1288.5931337560285
472.00686624394405
-97.59313375604842
-841.593133756061
-635.1931337560535
-6.193133756058241
-226.59313375606027
52.20686624393847
-1112.193133756064
-934.5931337560555
-212.39313375605542
-1677.193133756038
-1759.1931337560547
-1847.7931337560874
-1596.7931337560722
-686.39313375607
-69.99313375605986
-1870.593133756065
-1035.3931337560623
-1820.1931337560573
1005.2068662439447
417.80686624394195
250.40686624393965
-1061.5931337560532
-261.59313375605575
-921.7931337560542
1017.606866243947
1274.4068662439695
-1540.3931337560646
401.20686624394216
528.0068662439421
1675.0068662439503
560.4068662439504
447.4068662439355
90.80686624393898
-29.79313375605934
1837.0068662439533
491.206866243942
370.40686624394306
337.40686624393726
-59.39313375605285
287.8068662439377
38.006866243935875
-1158.9931337560693
-678.3931337560422
-807.3931337560642
-945.7931337560664
-2299.9931337560793
903.4068662439291
81.20686624394918
1065.6068662439413
513.8068662439379
-927.5931337560563
-1112.9931337560715
-316.1931337560436
346.00686624393853
1131.8068662439518
-1957.3931337560373
627.206866243944
1450.8068662439216
-364.5931337560622
847.2068662439341
-205.79313375605955
982.6068662439401
-788.5931337560507
-1664.3931337560794
-413.7931337560584
-541.1931337560573
965.0068662439263
945.2068662439267
473.80686624395406
448.6068662439322
-640.9931337560598
-260.9931337560716
-83.3931337560635
-363.5931337560659
-586.5931337560647
1087.2068662439394
2177.0068662438903
-211.19313375605682
-25.593133756049543
-938.1931337560666
230.60686624394637
1445.0068662439382
-183.79313375607128
-935.3931337560451
-1111.7931337560713
337.6068662439463
2133.8068662439277
-1314.1931337560368
-1864.9931337560342
-453.99313375606357
-121.79313375606031
2003.206866243974
815.0068662439439
1058.4068662439422
-247.79313375605457
159.8068662439404
-17.793133756053535
-1144.3931337560557
65.20686624394087
186.8068662439433
-586.1931337560782
-962.5931337560548
-1312.9931337560604
-392.39313375606025
64.60686624395092
981.2068662439436
-285.7931337560647
105.80686624393871
71.00686624393992
-86.59313375605757
-580.9931337560589
-863.3931337560609
-983.5931337560556
521.6068662439362
1552.6068662439266
1537.2068662439297
530.8068662439301
701.0068662439527
1034.0068662439487
-96.99313375605578
-1378.793133756096
139.40686624395
-780.3931337560572
752.4068662439297
685.0068662439338
-0.7931337560512972
-1426.1931337560516
382.2068662439436
873.2068662439389
-198.5931337560515
-252.19313375605904
1256.6068662439254
186.60686624394137
-74.1931337560525
306.6068662439528
72.40686624394634
-1256.993133756051
281.0068662439402
1705.2068662439597
-476.993133756057
-180.39313375605687
-57.99313375605679
64.00686624394798
-757.1931337560621
106.60686624393765
-99.19313375605523
543.2068662439249
1415.2068662439494
1211.2068662439642
834.8068662439426
-266.99313375605
-1481.9931337560652
-2691.393133756059
-1149.193133756061
-2301.793133756059
-1268.7931337560517
-311.1931337560576
-1138.393133756069
-361.793133756055
24.406866243941405
-1261.3931337560791
542.0068662439504
439.00686624393535
657.8068662439472
-169.99313375605612
-43.99313375605918
-1063.993133756067
-444.9931337560535
-828.5931337560697
-744.193133756059
237.6068662439516
-481.5931337560598
711.4068662439724
-43.593133756057135
-24.19313375606479
-914.5931337560587
-1158.5931337560573
-1835.793133756083
-1363.993133756047
-770.5931337560496
-539.3931337560599
-1010.3931337560548
-605.1931337560443
-46.79313375606054
-1457.3931337560507
-1254.1931337560852
-555.3931337560589
-758.3931337560472
1.8068662439387886
-83.59313375605753
472.80686624394207
739.8068662439355
-294.7931337560719
897.6068662439408
-457.79313375604835
-1424.5931337560482
-227.19313375605992
-2184.393133756076
-213.7931337560622
615.8068662439432
-593.1931337560571
0.6068662439383239
-284.793133756053
1258.2068662439472
-419.59313375605615
2012.6068662439682
468.8068662439447
-411.19313375605833
1304.2068662439333
-590.9931337560654
-352.7931337560587
1093.4068662439531
360.40686624394283
429.60686624393975
-878.393133756045
-10.193133756058932
397.80686624393485
-955.5931337560536
1147.8068662439314
257.4068662439503
91.60686624394711
925.4068662439325
-883.7931337560541
-997.9931337560502
-1021.5931337560875
115.60686624394133
-433.5931337560682
-1638.39313375607
696.2068662439397
-1902.1931337560402
1223.2068662439483
1259.0068662439223
475.0068662439268
965.4068662439473
861.6068662439493
1885.8068662439232
1737.6068662439397
3035.606866243966
302.80686624394707
-593.593133756052
2313.406866243948
-269.1931337560598
-55.79313375605321
987.6068662439277
341.2068662439513
-1782.9931337560633
-1711.1931337560604
-44.9931337560579
-62.393133756054766
-194.59313375607377
-1489.393133756098
-273.5931337560612
596.6068662439359
-616.5931337560635
-680.993133756066
-1294.39313375606
-556.3931337560438
-502.9931337560665
-31.19313375605329
-564.3931337560499
390.0068662439427
-1054.193133756053
-365.39313375606866
713.4068662439587
551.2068662439357
834.8068662439315
80.80686624394622
1035.406866243925
1443.8068662439964
1983.8068662439507
156.40686624394024
-925.9931337560586
1663.606866243942
157.00686624394484
-530.1931337560615
1536.0068662439521
611.2068662439416
-2676.7931337560167
-1718.793133756051
-150.7931337560591
-1049.593133756095
-238.19313375604364
-1395.993133756064
-266.3931337560559
913.6068662439354
-982.7931337560468
-1193.393133756051
-1826.7931337560924
-441.5931337560697
-937.7931337560525
89.20686624392616
225.20686624394563
-173.3931337560627
806.0068662439397
1208.2068662439538
-380.19313375605736
-678.9931337560631
1705.6068662439395
-810.5931337560679
-710.1931337560553
351.80686624396117
404.2068662439494
1166.8068662439618
1755.2068662439422
663.2068662439422
-223.59313375605228
-616.1931337560699
534.4068662439465
1778.0068662439292
343.60686624394214
-767.3931337560559
-695.5931337560593
-415.19313375606447
255.40686624393837
399.60686624394816
-584.9931337560515
273.6068662439526
-93.19313375606552
-429.59313375604984
-1810.5931337560803
-552.3931337560559
-238.5931337560608
-1087.1931337560452
956.0068662439493
-178.79313375606114
-1088.393133756082
-73.9931337560537
-387.5931337560627
-264.1931337560551
1501.6068662439434
458.8068662439354
-84.19313375605496
1418.8068662439441
-621.5931337560551
480.0068662439392
2132.4068662439386
-201.7931337560604
-819.3931337560599
-189.99313375605058
-806.193133756056
1510.8068662439516
-588.3931337560493
-1084.1931337560395
-562.5931337560529
-1005.9931337560356
-980.5931337560504
187.80686624394477
-645.9931337560402
949.2068662439586
-149.99313375606073
-375.5931337560559
113.00686624396167
393.00686624394586
-241.993133756063
-47.99313375605522
-221.39313375605565
466.2068662439432
-297.5931337560619
-1430.9931337560388
-1119.5931337560326
-822.393133756059
-1595.7931337560549
313.8068662439342
946.2068662439448
603.8068662439309
227.60686624394808
-769.1931337560525
-66.59313375605812
502.2068662439449
210.20686624394668
-1155.5931337560244
176.4068662439348
1171.806866243963
-1002.593133756082
-2307.9931337560606
-2007.7931337560499
-1484.393133756095
-497.19313375604975
454.4068662439525
572.8068662439396
-97.39313375605231
851.4068662439337
-1155.7931337560397
-789.1931337560542
-604.1931337560588
-572.193133756063
-16.193133756055815
60.80686624394149
-412.3931337560552
-60.993133756059905
427.60686624394185
-575.5931337560651
-1926.9931337560843
-2153.7931337560562
607.006866243942
-1009.1931337560566
-921.9931337560646
1748.4068662439756
-667.1931337560587
351.6068662439432
-1742.193133756063
-1391.5931337560696
-1530.1931337560472
-79.19313375605633
-554.3931337560554
-655.9931337560574
-367.79313375605614
211.40686624394812
381.4068662439361
-1448.1931337560682
-624.5931337560636
533.8068662439347
45.80686624393879
1305.4068662439481
0.8068662439391296
-1358.3931337560623
-29.593133756062592
-1523.3931337560368
-665.3931337560565
383.0068662439398
-823.3931337560558
1072.0068662439448
518.606866243943
-1221.5931337560537
-494.19313375607453
-2.793133756059735
-905.5931337560567
1647.606866243964
1829.406866243944
728.0068662439256
409.4068662439388
670.4068662439539
-339.193133756059
-55.19313375606865
-262.59313375606047
-273.39313375606025
-615.9931337560482
-1292.5931337560612
-639.5931337560586
-271.7931337560631
494.00686624394154
-299.5931337560586
19.80686624395095
500.2068662439475
-1027.7931337560676
-135.99313375605672
280.4068662439464
-1154.793133756062
1379.006866243949
1257.6068662439393
1254.606866243945
-87.59313375606565
37.80686624394791
1414.006866243928
-965.1931337560779
-1410.1931337560582
228.40686624394786
1029.0068662439526
224.4068662439458
1731.2068662439583
1165.206866243914
-93.99313375606522
919.4068662439507
108.6068662439466
927.0068662439452
-809.1931337560578
-221.99313375606155
15.806866243938
-1110.993133756079
102.60686624394468
-254.19313375606214
200.6068662439454
78.60686624393969
56.60686624393466
-1810.993133756087
178.80686624394266
-649.193133756078
-869.5931337560565
699.2068662439353
-824.593133756057
214.80686624394048
-403.3931337560655
-674.7931337560346
-1119.7931337560633
906.406866243949
997.6068662439324
-1767.5931337560528
-2862.99313375606
-942.9931337560613
659.4068662439336
643.8068662439438
1359.8068662439405
369.20686624391493
678.6068662439533
3094.80686624396
2357.806866243979
1445.6068662439598
-397.39313375606076
-273.39313375605894
307.80686624394315
-1067.5931337560519
-1099.59313375606
302.6068662439364
589.4068662439363
571.4068662439465
139.60686624394557
122.80686624393917
607.4068662439348
-157.7931337560637
-2018.9931337560497
1594.20686624395
1601.806866243932
97.20686624394149
-1210.5931337560583
-1705.993133756057
-1091.5931337560594
-164.79313375606012
182.20686624394492
-63.19313375606122
30.606866243941536
-892.3931337560745
1446.0068662439483
531.2068662439434
1220.806866243921
691.4068662439165
2071.206866243995
1206.4068662439702
796.4068662439505
1349.0068662439458
-13.993133756056604
563.4068662439397
476.60686624393907
-221.19313375606805
-944.193133756059
337.80686624393866
-249.39313375605977
-461.39313375605616
1134.6068662439197
1671.0068662439362
-846.593133756051
-127.99313375605834
-501.5931337560644
-1178.1931337560554
-610.7931337560543
-484.1931337560657
51.4068662439421
464.40686624393913
-1111.9931337560738
-187.79313375606264
522.4068662439365
1259.4068662439443
940.8068662439448
-1824.9931337560654
1130.6068662439507
-190.79313375605787
-298.7931337560665
1343.4068662439524
308.6068662439391
-57.99313375605708
-956.3931337560571
-274.19313375606254
-8.19313375605855
907.2068662439475
-9.393133756056972
-1668.9931337560804
-921.1931337560428
-352.19313375605753
623.4068662439612
985.4068662439489
206.80686624394386
-74.39313375605815
-1269.1931337560634
-1372.9931337560733
197.206866243941
-784.5931337560543
-147.7931337560581
708.6068662439509
431.4068662439459
1313.2068662439558
-877.5931337560507
-240.59313375606266
1113.60686624392
299.00686624394916
80.00686624393461
-653.7931337560608
-182.59313375605288
-1471.3931337560452
-963.1931337560583
596.8068662439352
-1113.5931337560633
-843.9931337560679
165.4068662439427
305.40686624394147
-172.9931337560606
148.60686624394395
76.20686624394548
-581.7931337560628
-705.3931337560591
20.206866243947644
-1120.7931337560692
467.4068662439495
522.2068662439436
1753.0068662439362
961.4068662439381
1661.6068662439502
438.80686624394497
-1030.1931337560516
659.2068662439578
51.606866243944545
-758.1931337560613
137.00686624394376
-802.1931337560695
-2365.5931337560764
61.80686624394726
-26.19313375605892
156.0068662439433
-923.7931337560619
-52.593133756052524
-663.3931337560335
-499.39313375606065
-591.7931337560601
853.0068662439388
1327.6068662439468
513.6068662439415
-144.59313375606348
-114.79313375605675
-16.79313375605645
1196.806866243959
322.20686624394
2367.606866243964
1126.606866243927
-734.1931337560574
1723.4068662439925
740.4068662439402
832.4068662439535
453.4068662439391
1156.0068662439455
7.206866243941589
5.806866243941142
929.4068662439405
-532.193133756067
554.8068662439546
-131.19313375605614
558.8068662439482
555.406866243938
663.8068662439363
1240.4068662439445
1021.0068662439528
-202.99313375605777
214.40686624393814
78.80686624393412
210.80686624394144
576.4068662439412
1398.606866243945
252.2068662439426
-1012.7931337560573
-677.1931337560661
-443.99313375606016
-276.7931337560551
1960.8068662439111
-942.3931337560681
283.6068662439417
-46.99313375605698
533.0068662439486
2190.0068662439344
1578.2068662439394
1017.4068662439453
1715.606866243927
1457.8068662439443
-1415.3931337560275
-75.19313375606312
760.0068662439431
-883.3931337560493
-238.3931337560588
-408.59313375606524
871.8068662439371
1056.8068662439587
604.6068662439405
-1046.993133756056
-170.79313375606014
457.6068662439427
318.80686624393894
-329.9931337560632
361.00686624395127
631.2068662439547
2449.806866243971
1321.6068662439332
370.20686624394705
-158.1931337560561
-353.19313375604764
277.80686624394065
585.606866243945
-296.79313375606006
-1102.9931337560392
-38.19313375606378
199.00686624394675
722.8068662439492
2480.0068662439257
900.406866243942
1293.606866243945
1205.6068662439557
381.20686624393954
763.2068662439366
458.40686624395585
1271.4068662439377
647.6068662439517
293.80686624393957
79.20686624394244
-290.3931337560728
4.6068662439445855
-529.3931337560555
-733.9931337560567
-1440.3931337560919
-1032.393133756065
658.2068662439249
1788.0068662439287
-497.7931337560601
1363.4068662439363
-463.79313375604744
-454.3931337560529
50.20686624394078
-254.7931337560557
1102.2068662439394
1022.8068662439168
741.6068662439374
-197.39313375605332
-470.3931337560641
-1829.1931337560593
-1388.9931337560608
684.8068662439503
-226.19313375605694
354.40686624393345
2185.206866243944
2480.806866243938
669.0068662439464
-482.99313375605254
496.60686624394236
244.80686624393866
-228.39313375606096
-1082.7931337560615
-528.5931337560628
571.0068662439489
1110.8068662439596
-56.99313375605321
-641.7931337560557
-0.39313375604256606
1238.8068662439491
1033.206866243958
-1499.9931337560506
817.606866243945
-1443.9931337560947
-576.1931337560566
-1280.193133756053
-1156.9931337560542
1470.6068662439159
-125.59313375606021
-654.9931337560704
735.8068662439448
-328.5931337560579
-1189.1931337560711
-954.1931337560626
608.0068662439488
802.8068662439438
780.2068662439181
335.6068662439465
174.80686624394554
-1421.793133756064
-774.5931337560613
-391.59313375605484
-1088.9931337560374
-764.1931337560563
45.206866243941384
163.80686624396415
-240.3931337560473
-132.19313375605944
-1952.9931337560984
9.406866243935646
1368.8068662439566
72.80686624395005
-1558.593133756014
402.2068662439439
245.4068662439409
-1096.1931337560563
988.4068662439382
1288.406866243912
395.20686624393727
693.4068662439458
-606.3931337560571
-981.5931337560647
-340.59313375606706
-1111.1931337560811
-10.193133756058078
567.006866243944
-179.59313375605421
-735.993133756053
-174.5931337560567
-912.3931337560517
-39.59313375605508
-1243.993133756061
-309.5931337560582
753.0068662439504
-485.3931337560584
-853.1931337560684
-294.59313375605694
774.8068662439349
-522.1931337560568
1060.8068662439587
1224.2068662439565
1682.8068662439468
1825.4068662439445
-56.79313375606117
-567.993133756053
1203.6068662439322
-1033.39313375606
-497.39313375606287
-887.3931337560635
1279.0068662439346
974.0068662439078
682.2068662439323
-479.59313375604813
-590.9931337560573
656.206866243939
-1093.7931337560565
-157.19313375605313
1701.2068662439244
819.4068662439367
410.0068662439441
948.2068662439432
-1155.1931337560475
1865.2068662439447
1110.4068662439495
-308.59313375606075
-72.39313375605494
-747.7931337560545
45.60686624394644
13.206866243941587
-80.79313375605743
-1185.593133756063
708.2068662439457
310.00686624394666
297.8068662439481
875.6068662439372
52.206866243941455
-671.3931337560502
150.80686624394986
-485.39313375606935
928.2068662439438
-763.3931337560514
86.00686624393693
-540.3931337560604
833.4068662439406
596.0068662439514
-1748.9931337560583
851.606866243939
-54.793133756056946
-1465.9931337560643
584.4068662439566
586.0068662439455
-851.1931337560571
45.60686624394208
-1995.5931337560762
1876.6068662439618
1676.4068662439158
-568.9931337560621
314.80686624394207
761.6068662439396
1366.6068662439513
561.4068662439415
-150.19313375605387
521.0068662439428
622.2068662439461
1226.0068662439553
1025.6068662439495
923.4068662439366
715.0068662439577
-1035.9931337560633
431.40686624393686
-356.1931337560613
1411.8068662439384
-326.3931337560528
1352.806866243926
-1003.1931337560617
-1487.9931337560658
882.606866243946
-915.593133756057
-475.99313375605476
168.40686624394755
388.80686624393593
9.006866243944046
-155.7931337560599
-732.1931337560785
81.40686624393473
-461.1931337560503
43.206866243945676
2231.4068662439713
700.2068662439357
-126.39313375606223
-585.5931337560542
52.80686624394478
-387.5931337560609
-1274.1931337560607
-1771.7931337560758
-772.3931337560639
802.406866243928
814.4068662439599
1212.8068662439368
-641.5931337560608
-1206.9931337560633
-78.3931337560569
391.4068662439437
2528.006866243936
-140.79313375606
1056.8068662439164
-487.99313375605584
-1559.593133756066
759.8068662439582
1549.8068662439684
1736.2068662439374
376.20686624394324
272.80686624394036
-520.9931337560546
-1512.3931337560439
-911.7931337560257
-355.39313375606537
471.6068662439422
253.2068662439469
367.6068662439416
-1588.1931337560593
-943.7931337560472
-1340.5931337560598
189.0068662439435
340.0068662439412
945.0068662439533
829.20686624395
23.206866243942827
-915.793133756064
523.8068662439615
953.4068662439083
15.20686624394699
942.8068662439439
837.6068662439361
-1171.3931337560427
1064.206866243949
-167.39313375604996
-463.19313375606185
-104.99313375604999
410.40686624393516
1772.206866243911
1442.606866243942
2917.6068662439984
1935.6068662439432
584.2068662439515
2034.4068662439183
632.2068662439448
108.60686624394432
-545.793133756055
-725.9931337560607
-988.9931337560633
38.0068662439351
681.2068662439466
376.0068662439305
660.206866243943
-1164.5931337560694
-992.9931337560604
354.00686624393904
428.80686624395094
192.80686624394156
-374.39313375605843
1540.8068662439575
1720.2068662439763
535.4068662439403
241.40686624393905
-166.9931337560634
