-25.08062233666393
-136.48062233666428
-636.2806223366634
-456.280622336664
-309.08062233666686
-548.0806223366656
-539.0806223366667
-552.8806223366649
-643.880622336666
-379.4806223366647
-472.48062233666195
-149.88062233666076
-157.8806223366628
-263.0806223366632
-406.88062233666125
-353.2806223366636
-124.88062233666413
-157.68062233666495
-103.68062233666443
-19.280622336663555
-338.0806223366622
-513.6806223366619
-275.08062233666453
-577.0806223366651
-1113.6806223366646
-809.6806223366647
-759.0806223366646
-592.6806223366648
-518.6806223366643
-414.68062233666166
-405.68062233666495
-34.080622336664916
-231.28062233666446
-471.2806223366654
-590.880622336663
-607.6806223366646
-313.88062233666307
-543.480622336665
-225.08062233666433
-295.08062233666357
-565.480622336663
-298.68062233666353
-64.28062233666368
-248.88062233666616
-327.68062233666103
-294.68062233666257
-487.88062233666466
-570.0806223366632
-292.48062233666457
-58.88062233666492
344.51937766333674
425.31937766333766
227.71937766333576
-136.08062233666507
110.51937766333685
10.71937766333642
-308.28062233666526
-317.2806223366608
-319.68062233666114
-326.2806223366641
-206.48062233666434
-136.08062233666462
-206.880622336663
72.11937766333584
-434.0806223366621
-461.8806223366642
-717.680622336663
-779.8806223366632
-627.2806223366655
-689.4806223366611
-268.280622336664
-177.28062233666276
-760.8806223366647
-365.0806223366592
-54.68062233666209
-23.280622336664035
72.51937766333572
371.7193776633346
525.9193776633387
95.71937766333573
159.71937766333542
241.3193776633341
681.7193776633346
592.319377663335
516.9193776633372
195.31937766333493
169.1193776633362
114.91937766333629
-66.08062233666544
-177.0806223366657
11.119377663336905
-101.0806223366648
-290.0806223366629
-251.08062233666362
-422.2806223366638
-632.6806223366636
-902.280622336668
188.91937766333655
-355.68062233666404
-645.0806223366654
-556.480622336663
-682.6806223366634
-457.28062233666395
-260.0806223366642
-341.0806223366637
-267.28062233666293
-245.88062233666588
-96.68062233666456
415.91937766333433
747.9193776633343
662.3193776633354
369.3193776633358
545.3193776633345
268.3193776633387
478.1193776633376
61.319377663337384
90.71937766333636
243.71937766333622
96.71937766333645
327.5193776633376
380.31937766333556
245.11937766333534
353.5193776633355
331.7193776633361
-76.4806223366636
-260.4806223366654
-413.480622336663
-630.4806223366658
-746.6806223366629
165.51937766333606
-264.8806223366628
-528.2806223366629
-365.08062233666453
-268.680622336665
-284.28062233666435
-135.8806223366644
139.51937766333782
-73.4806223366632
104.51937766333731
29.519377663335874
960.5193776633405
907.3193776633335
616.7193776633383
607.3193776633346
1058.3193776633402
635.3193776633391
537.7193776633347
290.5193776633353
180.5193776633344
197.91937766333643
-193.88062233666676
-200.4806223366646
-187.08062233666405
-104.28062233666398
-84.8806223366645
-25.480622336664474
-42.28062233666153
103.31937766333627
-163.2806223366645
-484.4806223366618
-549.4806223366646
136.11937766333563
-240.0806223366651
-308.08062233666425
-272.0806223366641
-415.2806223366635
-193.08062233666476
-379.0806223366639
-262.88062233666165
40.71937766333587
211.51937766333808
-25.680622336664342
284.31937766333493
-133.2806223366653
-172.8806223366633
-13.680622336663994
428.91937766333507
585.9193776633332
166.1193776633355
135.71937766333738
362.71937766333616
77.71937766333623
-348.080622336664
-231.68062233666208
-423.48062233666445
-330.28062233666543
-607.0806223366646
-963.0806223366649
-451.4806223366639
-233.68062233666157
-523.680622336662
-668.8806223366619
-776.6806223366639
-359.68062233666427
-241.28062233666407
-85.88062233666467
-412.0806223366654
-488.08062233666516
131.3193776633358
-379.680622336663
-750.080622336666
-90.28062233666358
98.71937766333699
-102.88062233666409
177.71937766333653
-142.28062233666384
-128.88062233666406
-35.08062233666405
369.519377663335
61.51937766333571
-216.48062233666462
207.51937766333742
657.1193776633368
473.3193776633358
235.71937766333608
405.11937766333364
189.51937766333614
105.51937766333553
-59.880622336664516
-585.480622336666
-321.6806223366627
-298.8806223366643
-407.0806223366636
-192.68062233666416
-412.4806223366648
-423.8806223366656
-239.48062233666357
-412.2806223366668
-620.8806223366619
-463.68062233666507
-199.0806223366643
-151.4806223366647
-554.0806223366626
-120.68062233666471
-249.48062233666457
-190.48062233666403
21.719377663335845
-195.68062233666473
-355.4806223366641
-177.08062233666206
378.11937766333654
31.919377663335414
-137.0806223366625
-228.28062233666407
84.11937766333666
144.5193776633368
559.5193776633382
700.9193776633357
459.9193776633366
27.319377663333377
-219.08062233666607
-313.8806223366642
-81.48062233666334
-86.28062233666343
-382.28062233666316
36.9193776633355
-152.0806223366632
-581.2806223366641
-384.2806223366641
-325.88062233666324
-398.8806223366632
-686.4806223366643
-635.880622336664
-396.88062233666346
-405.48062233666496
-316.280622336665
-361.08062233666533
-104.08062233666476
19.91937766333571
573.9193776633347
778.5193776633389
452.31937766333505
524.719377663337
312.5193776633368
-267.2806223366629
-367.88062233666386
88.71937766333696
182.1193776633377
593.919377663335
485.519377663335
116.91937766333643
14.919377663335553
-214.08062233666314
98.71937766333562
-37.88062233666332
-390.28062233666446
-314.2806223366638
179.7193776633362
-339.28062233666486
26.31937766333694
105.31937766333586
-206.08062233666485
-493.88062233666534
-1072.8806223366641
-699.2806223366636
-269.08062233666465
52.9193776633365
-15.080622336664803
-330.8806223366648
-267.8806223366645
286.91937766333587
641.9193776633327
919.5193776633339
900.9193776633388
614.3193776633342
448.71937766334065
-329.080622336663
-481.8806223366626
-23.680622336665433
-80.88062233666335
355.5193776633377
483.9193776633335
201.31937766333664
308.1193776633357
17.519377663335472
-62.88062233666429
-188.28062233666427
-322.08062233666425
-64.28062233666448
335.91937766333774
-190.88062233666554
683.5193776633399
478.5193776633375
-60.28062233666459
-237.48062233666425
-655.6806223366635
145.11937766333722
309.51937766333884
252.51937766333577
436.3193776633356
-290.88062233666346
-392.68062233666564
-182.680622336663
-187.08062233666237
107.11937766333534
278.7193776633358
263.71937766333525
65.11937766333699
-67.88062233666355
-242.08062233666348
-15.68062233666586
-435.08062233666453
-33.880622336666455
431.319377663337
34.71937766333508
245.9193776633355
261.7193776633372
-15.480622336665078
-12.28062233666438
-36.88062233666421
-163.4806223366631
106.11937766333688
-251.48062233666423
343.91937766333547
274.5193776633363
268.9193776633371
24.31937766333471
-77.08062233666402
445.3193776633359
501.3193776633358
-559.680622336663
-313.6806223366643
-276.8806223366634
-105.0806223366642
-254.0806223366647
-396.48062233666303
-516.2806223366645
-361.4806223366639
133.51937766333674
-91.08062233666567
-244.8806223366634
-489.6806223366642
-179.0806223366642
-405.28062233666293
-419.6806223366646
-417.2806223366632
-520.6806223366663
-40.480622336662435
149.51937766333592
-25.880622336662725
96.31937766333652
-237.08062233666314
-141.6806223366637
129.1193776633366
-67.08062233666399
-188.68062233666424
-99.080622336663
-102.6806223366647
-139.88062233666432
-8.280622336663377
240.11937766333637
250.91937766333484
-887.6806223366619
-601.4806223366646
-528.2806223366626
-502.8806223366627
-272.08062233666436
-395.8806223366622
-751.4806223366647
-450.0806223366647
-8.880622336664551
21.51937766333387
-102.880622336663
-121.4806223366635
115.91937766333744
-49.680622336666474
176.1193776633376
-2.2806223366618497
-140.88062233666327
60.519377663337735
366.9193776633364
278.71937766333525
299.1193776633357
198.31937766333684
577.7193776633337
322.7193776633358
-274.280622336664
-708.880622336667
-274.6806223366633
-470.48062233666377
-113.08062233666567
-120.88062233666358
231.9193776633363
-293.28062233666293
-769.6806223366657
-530.6806223366627
-1008.2806223366638
-760.0806223366636
-478.48062233666474
-508.0806223366629
-521.0806223366629
-61.88062233666413
136.51937766333592
265.9193776633344
300.1193776633355
23.119377663335733
515.3193776633374
267.7193776633351
431.71937766333735
279.71937766333656
316.11937766333546
612.1193776633366
619.7193776633366
543.9193776633344
90.9193776633357
343.1193776633378
396.11937766333585
207.11937766333563
-352.28062233666446
-1069.2806223366642
-198.88062233666375
98.91937766333587
166.11937766333665
100.71937766333656
139.51937766333555
-534.6806223366629
-518.6806223366641
-343.88062233666443
-824.2806223366674
-837.8806223366665
-421.8806223366645
-118.28062233666355
-119.08062233666263
57.11937766333767
219.71937766333804
306.1193776633353
410.51937766333685
270.9193776633358
713.319377663337
94.91937766333587
-39.0806223366629
-62.48062233666387
90.91937766333638
639.1193776633364
175.3193776633347
-1.2806223366617466
4.319377663337836
248.1193776633359
467.5193776633364
246.11937766333676
-420.2806223366636
-1014.0806223366654
251.91937766333712
1028.9193776633356
913.9193776633406
-98.48062233666234
-204.28062233666165
-120.08062233666172
74.31937766333496
176.5193776633369
-106.28062233666483
-364.2806223366638
270.9193776633367
772.9193776633344
-37.880622336663585
-209.0806223366632
63.519377663335575
-3.2806223366634235
461.51937766333623
303.91937766333564
259.11937766333676
-75.2806223366629
-13.080622336663058
-225.2806223366631
270.7193776633364
973.7193776633384
538.9193776633377
68.31937766333517
-16.880622336664494
304.3193776633373
677.3193776633376
423.3193776633361
-603.4806223366638
-1298.8806223366637
569.9193776633349
1218.319377663335
809.5193776633389
9.519377663335922
-299.68062233666325
16.319377663336304
-108.68062233666431
149.71937766333684
125.31937766333445
283.3193776633362
941.3193776633361
1220.5193776633384
109.51937766333897
-47.28062233666383
240.71937766333616
22.919377663336753
340.3193776633359
681.7193776633356
889.1193776633384
369.51937766333594
183.31937766333525
-163.48062233666428
98.11937766333726
515.9193776633371
622.9193776633385
626.719377663337
324.3193776633357
330.5193776633344
763.3193776633344
786.9193776633387
-305.8806223366639
-567.280622336664
689.719377663337
650.7193776633374
-69.28062233666655
158.71937766333528
-5.6806223366635695
73.91937766333623
-307.88062233666284
340.3193776633358
276.51937766333674
299.9193776633364
769.1193776633344
868.9193776633379
657.3193776633389
648.7193776633385
719.3193776633339
430.3193776633403
562.9193776633387
768.3193776633345
1421.5193776633284
719.119377663334
597.9193776633336
-279.48062233666457
-166.0806223366622
148.11937766333187
520.1193776633362
495.7193776633372
545.3193776633358
245.91937766333513
920.719377663334
1122.3193776633395
224.5193776633354
121.51937766333536
841.719377663339
468.1193776633353
-25.08062233666444
226.7193776633354
14.319377663336834
-27.08062233666415
-117.08062233666448
218.31937766333598
153.7193776633355
113.71937766333573
243.11937766333875
551.7193776633361
771.7193776633401
681.1193776633365
838.1193776633351
366.71937766333787
471.5193776633372
379.719377663335
517.3193776633356
282.3193776633378
752.7193776633341
93.91937766333498
-80.48062233666359
346.51937766333384
581.1193776633346
-182.48062233666337
139.51937766333657
280.31937766333573
947.7193776633397
1299.1193776633347
538.1193776633368
436.7193776633354
511.9193776633373
408.7193776633379
-410.6806223366651
303.51937766333606
140.91937766333587
30.919377663337897
491.91937766333575
753.7193776633359
637.3193776633389
430.51937766333475
-375.2806223366669
-441.6806223366642
187.3193776633361
524.9193776633377
403.31937766333624
110.31937766333544
154.71937766333562
21.11937766333461
302.5193776633355
-85.2806223366616
410.91937766333666
-86.28062233666478
-726.480622336665
-370.8806223366624
272.3193776633372
-179.68062233666396
-319.2806223366654
242.71937766333645
1144.1193776633334
1248.719377663337
136.71937766333622
1026.1193776633336
606.7193776633356
866.3193776633393
242.71937766333542
645.1193776633374
153.11937766333568
87.91937766333648
-73.88062233666479
324.11937766333426
457.1193776633365
259.1193776633362
-760.2806223366646
-585.2806223366641
122.51937766333566
507.71937766333576
493.71937766333696
-79.48062233666386
-122.48062233666352
-85.08062233666185
158.31937766333635
100.9193776633345
284.71937766333673
-331.680622336665
-723.0806223366625
-443.88062233666426
89.71937766333515
-364.280622336664
-830.0806223366619
-42.08062233666242
956.91937766334
1477.7193776633349
217.51937766333592
987.1193776633362
465.71937766333764
980.1193776633347
724.3193776633361
345.3193776633357
-422.68062233666336
-235.08062233666413
-733.6806223366657
-485.2806223366628
-57.28062233666444
-701.680622336662
-946.280622336662
-624.0806223366656
47.319377663336475
540.1193776633368
203.31937766333562
-435.2806223366641
-423.48062233666457
-532.6806223366638
-675.4806223366667
-301.48062233666565
-184.08062233666286
-222.68062233666453
-588.6806223366614
-374.2806223366645
-163.4806223366653
-475.68062233666427
-1454.8806223366632
-715.2806223366636
213.11937766333546
1156.7193776633333
586.9193776633363
941.9193776633381
297.3193776633374
192.71937766333525
173.31937766333462
-134.68062233666475
-415.48062233666354
-0.880622336664326
-652.4806223366672
-707.4806223366637
237.91937766333757
-185.4806223366643
-412.48062233666343
-947.0806223366611
-1096.6806223366646
-332.48062233666633
-304.68062233666376
-880.6806223366639
-1018.6806223366641
-870.6806223366633
-735.6806223366609
-510.68062233666143
-301.28062233666213
-87.0806223366623
-420.08062233666107
-487.08062233666243
-416.8806223366646
-813.0806223366621
-1305.6806223366611
-475.8806223366651
-65.48062233666458
1151.5193776633398
719.3193776633343
1069.1193776633406
638.3193776633373
381.7193776633371
-19.08062233666252
-274.4806223366637
-355.4806223366642
-43.880622336662846
-453.28062233666253
-714.6806223366648
347.7193776633353
237.31937766333667
-254.88062233666474
-821.6806223366633
-989.4806223366644
-597.8806223366646
-317.8806223366638
-232.0806223366637
-37.68062233666451
-3.4806223366636964
-247.08062233666806
-211.08062233666558
-172.88062233666773
-239.2806223366629
-335.68062233666376
-341.4806223366635
-660.4806223366678
-1040.6806223366664
-510.08062233666453
-340.28062233666424
-94.4806223366658
945.1193776633341
1010.9193776633339
1219.919377663335
1010.1193776633337
731.5193776633351
196.31937766333755
-391.28062233666355
-648.680622336666
-562.8806223366663
-554.0806223366624
-896.4806223366637
-630.6806223366635
-151.68062233666404
58.51937766333545
-453.480622336666
-588.2806223366645
-482.6806223366639
-333.4806223366645
-49.08062233666569
232.71937766333613
187.7193776633368
-65.48062233666224
195.5193776633358
410.7193776633355
-116.68062233666575
113.71937766333562
-248.88062233666255
-799.2806223366667
-371.2806223366648
110.51937766333633
-74.68062233666403
289.5193776633353
1051.91937766334
1043.5193776633355
1000.1193776633334
756.9193776633374
488.1193776633404
125.51937766333563
-489.8806223366639
-821.880622336663
-970.4806223366643
-817.0806223366612
-989.8806223366646
-847.4806223366646
-337.4806223366629
-327.8806223366611
-713.0806223366634
-638.6806223366646
-316.0806223366636
-27.480622336661966
-54.08062233666623
95.31937766333694
138.71937766333605
256.7193776633359
475.3193776633369
507.3193776633365
11.319377663335082
105.91937766333582
-62.880622336663535
-300.48062233666207
-136.08062233666547
-54.280622336664386
325.31937766333624
747.1193776633361
978.5193776633367
641.5193776633367
1223.7193776633276
972.9193776633368
555.3193776633395
335.319377663337
46.71937766333618
-276.2806223366636
-593.0806223366606
-532.2806223366623
-561.4806223366647
-779.6806223366626
-752.4806223366639
-909.4806223366629
-1022.4806223366596
-709.2806223366667
-437.2806223366626
-119.48062233666558
-292.2806223366638
-150.08062233666138
-203.48062233666286
-257.48062233666235
379.9193776633359
115.11937766333816
-228.28062233666554
-13.880622336659854
345.919377663338
414.5193776633359
-13.08062233666431
-151.28062233666444
369.319377663336
922.5193776633364
911.9193776633348
767.1193776633354
1511.1193776633393
897.319377663338
348.91937766333444
-161.880622336665
-134.28062233666398
126.71937766333708
-243.08062233666263
-378.280622336665
-387.2806223366644
-361.6806223366646
-310.4806223366625
-716.2806223366657
-813.8806223366646
-868.8806223366706
-580.2806223366646
-466.88062233666335
-242.88062233666375
66.71937766333598
85.71937766333582
-283.4806223366635
-161.88062233666463
-332.48062233666377
-248.28062233666572
-161.88062233666366
5.519377663337069
174.3193776633353
282.3193776633365
368.51937766333504
467.71937766333707
1252.3193776633398
1206.5193776633432
1113.3193776633345
1698.7193776633317
626.9193776633366
-98.08062233666205
-387.48062233666417
-318.4806223366655
-14.080622336662802
-280.88062233666454
-162.48062233666263
-377.0806223366645
-588.6806223366625
-401.08062233666374
-631.4806223366623
-679.6806223366631
-940.4806223366646
-593.2806223366624
-525.480622336665
-343.68062233666313
58.11937766333628
274.319377663337
-451.0806223366633
-440.2806223366646
-377.0806223366605
208.51937766333583
21.119377663336337
-509.6806223366638
-312.0806223366632
139.5193776633356
297.9193776633359
268.3193776633355
1046.919377663337
1147.1193776633352
1420.719377663332
1402.7193776633328
574.719377663334
-58.08062233666422
-229.28062233666427
-552.8806223366637
-670.4806223366645
-569.0806223366648
-430.4806223366619
-507.48062233666275
-658.2806223366626
-171.28062233666395
206.71937766333448
57.719377663335976
-286.8806223366657
-326.4806223366655
-160.68062233666376
-264.6806223366636
-171.8806223366641
12.719377663335486
-644.4806223366629
-272.08062233666533
-246.88062233666417
307.5193776633358
90.31937766333593
-430.68062233666313
-206.68062233666342
28.519377663336456
220.719377663334
147.7193776633375
342.31937766333743
775.7193776633363
1265.3193776633316
1080.3193776633332
373.3193776633333
-35.680622336663994
-172.68062233666248
-197.08062233666269
-363.68062233666444
-514.4806223366636
-813.2806223366636
-978.0806223366656
-947.8806223366641
-426.68062233666427
-254.08062233666547
-485.68062233666427
-568.6806223366649
-496.08062233666504
-412.28062233666395
-363.8806223366634
-410.48062233666457
-172.88062233666474
-328.0806223366626
-382.28062233666355
-426.6806223366649
-299.4806223366639
-604.8806223366621
-499.08062233666374
-292.2806223366637
-172.6806223366649
132.11937766333705
402.71937766333315
393.31937766333584
558.519377663334
947.3193776633402
1303.719377663335
465.5193776633403
212.3193776633401
244.91937766334038
383.9193776633362
264.51937766333526
185.31937766333252
-41.28062233666236
-203.4806223366641
-78.68062233666397
318.7193776633372
611.5193776633364
495.3193776633376
641.1193776633348
911.3193776633428
746.9193776633325
415.1193776633341
240.51937766333745
489.91937766333496
626.3193776633337
586.5193776633336
487.11937766333625
401.5193776633361
172.11937766333477
376.7193776633381
459.11937766333097
632.9193776633354
780.9193776633409
854.1193776633377
807.1193776633346
1030.9193776633383
1200.3193776633352
572.9193776633382
124.11937766333637
351.5193776633374
507.71937766333986
124.11937766333865
66.91937766333669
99.51937766333714
81.91937766333777
439.11937766333756
314.11937766333716
472.91937766333604
318.5193776633361
161.71937766333596
139.9193776633357
127.31937766333465
338.5193776633364
294.51937766333737
322.5193776633364
406.11937766333733
203.91937766333686
53.91937766333753
369.9193776633389
173.71937766333565
-382.88062233666386
-184.68062233666294
-269.2806223366645
-149.48062233666397
-21.88062233666303
187.51937766333592
271.3193776633344
657.1193776633376
453.319377663337
169.51937766333563
200.51937766333668
337.91937766333604
640.9193776633365
208.1193776633354
334.31937766333624
287.71937766333457
56.919377663335744
196.7193776633353
329.5193776633358
41.519377663335725
-178.08062233666627
-105.08062233666416
-125.48062233666502
-338.68062233666376
-161.8806223366638
7.519377663336389
339.7193776633359
335.71937766333576
229.1193776633371
-161.48062233666425
206.71937766333596
296.1193776633355
55.71937766333667
116.51937766333621
99.31937766333681
96.11937766333565
297.91937766333467
393.51937766333276
409.71937766333616
753.3193776633343
284.91937766333564
24.919377663335126
-2.4806223366624423
173.91937766333868
376.91937766333695
140.71937766333838
323.31937766333607
390.7193776633368
-222.4806223366631
-113.08062233666371
-18.280622336664877
-175.88062233666398
-236.48062233666025
175.11937766333708
565.7193776633347
-36.88062233666429
-61.28062233666355
-75.68062233666357
257.5193776633365
141.31937766333624
86.71937766333673
-250.08062233666493
-22.28062233666561
162.71937766333537
18.51937766333464
-6.880622336664281
314.3193776633355
328.7193776633371
166.51937766333597
203.5193776633383
72.91937766333692
37.91937766333648
-175.08062233666476
567.7193776633346
154.11937766333614
85.51937766333565
220.31937766333644
-49.48062233666502
113.51937766333606
377.9193776633366
290.91937766333575
28.51937766333706
-258.68062233666535
-420.4806223366633
-127.28062233666489
267.31937766333573
449.7193776633374
77.31937766333508
81.11937766333604
-283.2806223366635
-144.48062233666397
-602.2806223366659
-504.280622336665
-217.88062233666275
-25.080622336664618
450.51937766333856
499.3193776633376
450.5193776633364
650.7193776633358
800.1193776633357
393.51937766333583
212.5193776633373
69.51937766333526
30.319377663335523
-10.080622336663764
429.31937766333533
16.719377663336644
-97.6806223366636
137.51937766333714
132.11937766333585
190.11937766333645
434.9193776633307
667.7193776633334
264.51937766333685
137.91937766333695
-230.28062233666424
505.3193776633367
470.71937766333576
330.91937766333683
347.7193776633345
571.9193776633372
241.91937766333803
185.1193776633364
-153.48062233666485
-253.48062233666496
-106.68062233666467
-153.28062233666407
12.11937766333633
18.519377663335405
309.9193776633368
386.71937766333656
585.5193776633348
542.719377663338
583.9193776633361
387.7193776633373
204.71937766333573
206.3193776633366
402.7193776633344
50.71937766333667
-4.680622336663951
76.11937766333672
-110.88062233666457
97.11937766333739
-16.480622336663878
85.91937766333297
294.5193776633366
355.51937766333515
-177.48062233666354
44.919377663335794
-363.88062233666477
-407.28062233666435
-232.28062233666458
44.71937766333537
364.1193776633363
-4.680622336663433
-48.28062233666385
143.7193776633353
-171.68062233666558
-324.28062233666367
38.719377663335955
-117.2806223366648
178.11937766333708
-14.880622336664132
-233.28062233666589
249.91937766333612
357.5193776633365
133.51937766333702
72.71937766333745
-59.88062233666441
-23.28062233666398
79.11937766333546
127.71937766333652
-45.08062233666323
-187.28062233666458
245.11937766333628
-320.4806223366635
-541.4806223366636
63.51937766333622
214.91937766333643
-154.68062233666407
102.51937766333609
-296.68062233666626
-345.480622336665
-228.28062233666125
79.91937766333527
-103.48062233666275
-402.08062233666374
-70.48062233666431
440.3193776633361
169.31937766333516
138.51937766333484
645.7193776633376
467.919377663337
492.9193776633374
415.11937766333614
88.51937766333631
364.9193776633366
337.3193776633364
190.71937766333681
347.9193776633357
161.91937766333612
-132.48062233666423
2.1193776633359533
-136.08062233666294
-102.88062233666383
-28.48062233666373
-48.88062233666442
-183.280622336664
-298.48062233666604
122.91937766333523
29.51937766333723
127.51937766333626
275.3193776633358
-325.6806223366624
-613.0806223366618
-340.4806223366667
145.51937766333592
-61.48062233666297
-419.48062233666394
-746.6806223366626
-331.6806223366652
-362.88062233666534
241.7193776633351
758.3193776633362
636.7193776633369
436.9193776633365
315.5193776633372
158.9193776633366
456.31937766333414
482.319377663339
7.319377663335715
333.9193776633371
321.71937766333605
-430.6806223366641
-148.08062233666277
10.919377663335574
111.91937766333622
-306.880622336664
-485.880622336664
-415.6806223366637
-180.68062233666436
-117.48062233666406
68.91937766333638
181.71937766333588
18.919377663337382
-66.2806223366639
89.31937766333601
-20.08062233666566
27.719377663336385
6.3193776633361765
-684.4806223366656
-930.0806223366649
-334.08062233666413
-150.08062233666493
277.91937766333655
415.71937766333656
136.31937766333508
255.31937766333698
153.51937766333526
440.71937766333537
396.11937766333534
48.51937766333492
-126.88062233666359
270.9193776633365
101.71937766333576
79.71937766333775
244.3193776633376
75.51937766333576
-189.88062233666338
-911.6806223366646
-896.2806223366638
-503.2806223366641
-15.08062233666395
-86.88062233666388
-105.48062233666552
-179.48062233666485
74.31937766333567
-114.68062233666586
123.51937766333651
352.51937766333725
76.9193776633364
51.11937766333726
-668.4806223366631
-825.6806223366643
-273.8806223366648
-177.08062233666413
105.11937766333436
206.9193776633342
25.319377663339843
282.71937766333343
129.9193776633354
163.51937766333583
188.71937766333605
24.119377663336238
29.919377663335162
324.7193776633352
101.31937766333374
594.9193776633347
502.1193776633358
128.71937766333664
42.91937766333568
-468.8806223366633
-42.48062233666529
78.31937766333557
157.31937766333533
418.3193776633341
-0.08062233666207774
-222.28062233666483
-156.08062233666317
-319.8806223366658
-160.0806223366633
187.5193776633364
137.3193776633367
-45.08062233666474
-142.08062233666385
-199.88062233666398
216.11937766333656
-216.88062233666452
-92.2806223366651
271.51937766333566
135.9193776633359
366.1193776633362
362.7193776633364
137.11937766333574
379.91937766333604
318.7193776633364
52.31937766333621
336.5193776633357
141.11937766333577
4.1193776633349515
23.319377663336386
152.11937766333847
293.5193776633362
218.9193776633363
407.7193776633336
282.71937766333474
-528.0806223366648
-55.48062233666268
7.9193776633340605
143.31937766333607
124.11937766333504
-41.48062233666444
-229.48062233666442
-12.280622336666283
235.71937766333653
-182.68062233666174
-293.8806223366624
-328.2806223366631
133.71937766333514
-109.68062233666284
-264.4806223366647
-319.2806223366632
-193.4806223366635
342.5193776633363
465.5193776633385
137.1193776633378
364.51937766333793
-45.48062233666405
-108.08062233666357
179.91937766333695
59.319377663334855
-635.2806223366615
-441.28062233666344
-466.28062233666276
-123.88062233666304
156.71937766333602
250.3193776633369
225.31937766333513
-644.4806223366621
-125.68062233666318
65.11937766333594
41.51937766333657
258.31937766333533
37.51937766333609
-295.48062233666235
212.3193776633367
424.51937766333646
143.91937766333558
-154.2806223366635
1.9193776633360145
300.3193776633347
85.51937766333575
160.71937766333642
60.319377663336674
38.71937766333729
125.31937766333665
408.91937766333683
272.9193776633355
311.3193776633369
170.3193776633371
376.71937766333616
168.5193776633361
-456.6806223366646
-1149.0806223366644
-622.8806223366637
-950.2806223366628
-387.8806223366629
-72.68062233666421
372.71937766333747
-8.08062233666287
-439.2806223366636
18.519377663337593
-308.4806223366657
-263.6806223366641
-143.2806223366659
-298.88062233666676
-304.8806223366645
259.11937766333733
257.91937766333467
274.1193776633357
82.71937766333602
-59.88062233666322
628.9193776633348
343.5193776633366
198.91937766333606
21.11937766333422
155.11937766333702
199.71937766333608
140.7193776633363
258.119377663338
-189.48062233666397
66.11937766333571
-103.48062233666485
-184.28062233666296
-608.4806223366654
-1698.8806223366664
-726.4806223366604
-486.08062233666675
-99.28062233666454
140.31937766333658
407.71937766333417
-145.0806223366643
-227.88062233666466
31.519377663336527
-485.6806223366642
-653.8806223366647
-368.8806223366641
-270.8806223366639
-207.48062233666528
29.11937766333582
76.11937766333727
219.71937766333457
191.1193776633354
20.519377663334886
717.5193776633367
219.9193776633348
-91.68062233666532
-291.8806223366643
-200.88062233666432
1.3193776633355867
-517.0806223366644
-447.88062233666415
-483.68062233666285
-311.0806223366636
-205.88062233666497
-381.48062233666275
-878.8806223366636
-1854.2806223366567
-474.8806223366654
360.71937766333576
571.9193776633366
-93.48062233666492
90.51937766333656
244.31937766333633
332.9193776633353
328.7193776633362
28.519377663336364
-169.68062233666404
334.9193776633367
589.7193776633376
-192.48062233666423
-301.48062233666604
-119.48062233666435
-57.08062233666471
184.319377663336
-227.4806223366685
-117.28062233666395
-18.680622336663248
112.51937766333587
-303.88062233666227
37.71937766333551
396.3193776633376
-184.4806223366643
-403.0806223366632
-365.4806223366636
-282.880622336664
-209.68062233666285
-311.8806223366694
-1180.880622336666
-2117.8806223366673
-115.68062233666384
546.7193776633352
209.1193776633361
-201.48062233666408
-187.68062233666265
196.31937766333596
-82.08062233666439
-227.68062233666396
-308.2806223366639
197.51937766333612
828.9193776633346
871.1193776633368
-156.48062233666417
-166.88062233666233
-86.08062233666374
-301.88062233666346
-268.2806223366641
-252.6806223366632
47.31937766333604
87.71937766333525
156.11937766333588
-452.6806223366663
-440.6806223366632
-271.4806223366641
-244.48062233666494
-32.480622336663934
-136.8806223366635
-318.6806223366644
-325.8806223366645
-175.08062233666544
-959.6806223366598
-1599.880622336667
-287.6806223366639
-242.88062233666298
-781.4806223366619
-283.0806223366648
-181.0806223366641
31.519377663335547
-589.680622336666
-512.480622336665
-580.480622336666
-258.280622336664
51.11937766333648
-175.280622336664
-150.48062233666442
44.519377663336925
126.51937766333768
-81.4806223366642
-64.08062233666465
-109.08062233666445
464.9193776633367
-54.68062233666332
105.31937766333601
-860.280622336664
-984.8806223366616
-732.880622336666
-420.08062233666317
-167.68062233666444
128.51937766333805
-295.880622336664
-139.08062233666442
170.7193776633364
-575.0806223366596
-1023.480622336663
-315.48062233666275
-648.8806223366635
-834.0806223366634
-300.4806223366631
-375.8806223366628
-463.88062233666363
-712.8806223366623
-691.2806223366645
-796.4806223366621
-533.6806223366627
-521.6806223366627
-507.48062233666303
-76.28062233666307
-223.88062233666486
38.11937766333665
-154.08062233666337
-92.08062233666337
-384.0806223366653
-291.48062233666593
-518.8806223366607
-66.2806223366635
-642.8806223366638
-884.4806223366691
-408.0806223366611
-188.28062233666572
-607.0806223366653
-170.68062233666654
-199.88062233666375
120.71937766333652
416.3193776633381
-502.0806223366636
-539.8806223366652
-575.6806223366691
-676.4806223366643
-1240.4806223366677
-290.88062233666375
-302.2806223366632
-482.6806223366657
-258.6806223366625
-93.28062233666301
-111.88062233666575
-1.0806223366635095
-767.4806223366649
-809.6806223366609
-242.28062233666344
-258.080622336664
-417.88062233666363
-332.280622336665
-292.2806223366637
-504.4806223366609
-58.08062233666163
-318.0806223366641
-83.28062233666316
-492.68062233666194
-990.6806223366649
-623.6806223366629
12.71937766333472
-283.0806223366629
-664.4806223366667
-152.08062233666237
361.5193776633381
191.5193776633358
-1079.4806223366613
308.71937766333804
-199.08062233666348
40.11937766333623
-473.6806223366653
49.51937766333493
-329.0806223366646
-425.0806223366653
-675.2806223366659
-466.88062233666454
-214.48062233666562
-135.08062233666698
-970.2806223366617
-534.8806223366627
66.11937766333597
193.71937766333724
23.719377663335734
-193.68062233666345
-304.0806223366639
-392.68062233666495
203.31937766333635
124.5193776633362
135.5193776633365
-575.2806223366626
-874.2806223366604
-524.2806223366633
23.319377663336866
-390.4806223366639
-1062.4806223366602
-384.2806223366667
192.5193776633359
337.71937766333514
-1084.0806223366628
343.51937766333606
-204.08062233666382
247.11937766333875
103.91937766333662
-106.48062233666141
-755.880622336663
-493.8806223366644
-956.6806223366657
-965.4806223366647
-533.8806223366628
-896.0806223366634
-874.0806223366623
-340.2806223366651
97.11937766333719
242.71937766333747
-169.68062233666342
-549.8806223366655
-653.4806223366634
-772.6806223366629
-500.48062233666525
-155.68062233666248
-205.48062233666238
-402.68062233666336
-744.0806223366646
-541.6806223366652
-171.2806223366632
-369.0806223366667
-1461.4806223366677
-846.2806223366633
-361.2806223366638
131.51937766333492
-738.6806223366636
60.519377663335106
-527.4806223366623
-620.8806223366624
-334.4806223366639
-407.480622336662
-609.680622336662
-162.88062233666736
-748.0806223366649
-968.0806223366652
-66.68062233666278
-180.08062233666277
-125.48062233666472
-465.4806223366631
-715.6806223366642
-382.0806223366655
-581.8806223366644
-944.280622336664
-1067.6806223366632
-975.0806223366652
-534.2806223366651
-273.68062233666586
-303.28062233666816
-139.08062233666345
-539.6806223366677
-755.2806223366606
-466.4806223366636
-763.8806223366632
-1370.480622336665
-699.4806223366625
-503.0806223366666
202.51937766333552
-671.8806223366631
42.11937766333494
-275.68062233666416
-519.6806223366631
-514.4806223366618
-510.4806223366635
-562.2806223366645
-280.88062233666545
-621.2806223366649
-896.0806223366626
184.91937766333598
277.11937766333654
34.71937766333544
-410.6806223366645
-551.8806223366637
-402.4806223366642
-417.2806223366649
-270.6806223366657
72.51937766333603
13.319377663336002
-248.68062233666052
-230.88062233666824
-367.88062233666307
-384.48062233666496
-584.4806223366643
-582.2806223366601
-670.6806223366611
-1202.8806223366648
-813.2806223366626
-792.680622336664
-613.880622336664
78.11937766333561
-305.8806223366612
204.11937766333656
143.91937766333749
-121.0806223366626
-194.88062233666346
-536.0806223366645
-790.2806223366663
-763.0806223366632
-635.080622336661
-837.8806223366639
-517.4806223366643
39.719377663335806
352.11937766333625
-45.08062233666276
-92.88062233666489
-43.48062233666452
-205.48062233666437
-153.8806223366619
324.5193776633354
322.1193776633365
-71.8806223366621
30.519377663335415
93.31937766333583
-395.0806223366647
-346.8806223366636
-800.0806223366639
-1223.480622336667
-827.8806223366666
-234.08062233666345
-453.2806223366659
-255.4806223366635
188.31937766333633
-161.4806223366647
-59.28062233666261
-104.88062233666186
-249.4806223366635
-191.6806223366638
-521.6806223366638
-804.4806223366652
-1157.6806223366568
-897.0806223366621
-867.8806223366661
-666.8806223366646
-154.28062233666395
-91.6806223366644
-295.28062233666844
-96.48062233666285
148.31937766333587
-38.2806223366635
-303.6806223366652
30.51937766333452
154.51937766333361
104.7193776633351
99.51937766333762
72.31937766333539
-356.8806223366635
-455.0806223366598
-745.8806223366653
-835.2806223366662
-601.8806223366629
-283.28062233666327
-73.680622336663
108.31937766333564
180.51937766333648
-265.8806223366638
173.9193776633374
158.7193776633352
-82.08062233666331
59.319377663336596
-53.88062233666421
-279.6806223366638
-717.4806223366622
-620.4806223366681
-461.0806223366689
-665.8806223366622
-643.0806223366644
-713.680622336661
-630.2806223366639
-328.680622336665
-230.68062233666512
-157.28062233666387
-511.0806223366635
-330.28062233666327
-282.4806223366673
-526.4806223366636
-76.48062233666278
-276.48062233666565
-484.28062233666185
-263.08062233666135
-13.480622336665505
36.51937766333584
-462.8806223366637
-466.4806223366641
-126.2806223366645
175.31937766333627
115.11937766333574
-45.08062233666394
529.1193776633377
180.31937766333797
-121.28062233666401
-425.8806223366641
-374.28062233666463
-11.680622336663077
-375.2806223366644
-532.4806223366629
-425.2806223366631
-348.4806223366619
-227.28062233666364
-492.8806223366624
-484.0806223366631
-598.8806223366627
-480.68062233666467
-382.2806223366651
-314.08062233666385
-86.08062233666533
2.319377663336418
-620.2806223366629
-578.8806223366614
-656.4806223366675
-584.4806223366604
-522.2806223366623
-405.2806223366632
-296.2806223366641
-267.88062233666363
-86.88062233666366
-80.28062233666273
583.1193776633341
436.1193776633381
268.5193776633393
767.7193776633356
-48.4806223366636
-416.4806223366636
-557.2806223366637
-468.2806223366638
-29.080622336664376
-282.0806223366653
-119.08062233666382
-310.0806223366632
-549.2806223366639
-460.88062233666426
-626.2806223366651
-536.2806223366642
-725.8806223366663
-567.2806223366648
-509.4806223366605
-337.68062233666257
15.919377663335782
270.71937766333656
-694.0806223366645
-713.480622336666
-603.2806223366601
-177.28062233666319
-372.4806223366644
-879.6806223366622
-761.4806223366637
-405.6806223366658
-223.6806223366643
-319.08062233666595
515.7193776633387
539.1193776633362
680.3193776633357
580.5193776633357
-51.28062233666399
-379.28062233666435
-424.0806223366658
-609.280622336663
-543.2806223366632
-432.28062233666384
-219.08062233666212
-311.4806223366633
-539.4806223366616
-228.68062233666427
89.71937766333836
118.91937766333481
-37.48062233666405
-249.48062233666275
-92.88062233666346
-175.48062233666485
-229.28062233666427
23.31937766333556
-612.0806223366628
-258.48062233666195
-278.2806223366627
141.51937766333486
-124.68062233666566
-653.4806223366626
-516.480622336662
-384.68062233666325
-305.8806223366637
-438.4806223366647
-207.48062233666477
226.71937766333576
645.1193776633365
385.71937766333764
-105.48062233666431
-397.2806223366649
-416.68062233666416
-326.4806223366652
-384.28062233666344
-503.28062233666515
-815.2806223366628
-914.4806223366661
-863.4806223366618
-411.8806223366631
-319.2806223366604
-505.08062233666095
-527.6806223366643
-563.6806223366641
-454.8806223366634
-381.4806223366639
-555.0806223366657
-233.88062233666395
-270.480622336665
-364.8806223366647
-446.8806223366644
-356.280622336665
-723.280622336665
-670.080622336665
-517.4806223366633
-555.0806223366641
-387.28062233666475
-109.08062233666435
-52.08062233666351
122.11937766333509
428.1193776633335
668.7193776633404
-0.08062233666220386
-190.88062233666435
-87.48062233666437
137.71937766333633
31.719377663337276
-100.88062233666429
-336.0806223366636
-337.28062233666435
-148.08062233666405
201.91937766333797
508.71937766333895
388.5193776633342
414.71937766333735
650.119377663337
549.7193776633359
221.3193776633375
90.31937766333522
383.91937766333587
481.9193776633372
382.7193776633348
272.919377663335
161.31937766333593
-135.4806223366654
85.91937766333601
83.11937766333563
113.31937766333803
128.31937766333695
269.31937766333596
396.31937766333795
595.119377663335
694.5193776633365
1301.719377663343
733.7193776633359
849.5193776633249
911.3193776633353
525.5193776633367
511.91937766334115
511.71937766333724
404.51937766333634
738.7193776633363
618.1193776633314
825.1193776633397
739.3193776633398
559.5193776633389
552.1193776633369
562.1193776633366
549.919377663332
418.51937766333674
425.519377663334
558.1193776633414
417.3193776633365
400.71937766333775
782.7193776633391
745.7193776633353
282.9193776633335
266.919377663334
107.51937766333845
285.1193776633317
497.9193776633318
760.3193776633358
838.3193776633352
1314.5193776633348
1224.7193776633349
570.7193776633328
491.3193776633383
495.3193776633364
780.5193776633324
319.5193776633323
446.91937766333456
358.3193776633375
35.519377663337316
181.9193776633358
381.3193776633371
44.71937766333589
-116.48062233666641
-121.48062233666394
-302.88062233666557
-481.88062233666415
-336.280622336664
-266.080622336663
21.319377663335576
60.31937766333825
-87.08062233666314
-411.08062233666294
86.71937766333687
401.7193776633351
304.9193776633367
243.11937766333878
208.3193776633367
284.3193776633368
566.5193776633362
735.7193776633388
775.5193776633379
1292.1193776633347
1002.3193776633333
316.51937766333276
178.3193776633372
336.71937766333616
658.7193776633372
358.91937766333456
416.51937766333396
440.3193776633367
-258.480622336663
-176.48062233666545
-134.48062233666369
-280.2806223366624
-387.6806223366635
-107.88062233666332
166.91937766333555
-335.0806223366645
-307.2806223366655
-434.8806223366631
-97.28062233666083
-123.08062233666311
-354.6806223366652
-696.4806223366642
-326.28062233666304
106.71937766333654
121.71937766333683
94.71937766333554
416.7193776633362
458.11937766333955
208.31937766333655
277.5193776633349
213.31937766333675
390.31937766333397
460.31937766333385
631.1193776633393
260.71937766333906
289.91937766333615
570.7193776633355
223.91937766333325
294.7193776633378
537.5193776633373
284.3193776633354
46.91937766333551
-339.08062233666385
-452.6806223366605
-252.88062233666378
11.919377663337606
146.91937766333575
-148.680622336664
-137.4806223366631
-497.28062233666395
-348.88062233666346
-739.4806223366637
-726.0806223366658
-435.0806223366622
-137.88062233666295
515.119377663337
749.3193776633324
801.7193776633363
921.5193776633355
895.1193776633337
380.51937766333657
238.71937766333835
176.91937766333785
242.71937766333707
373.7193776633364
198.7193776633363
-79.2806223366635
-83.08062233666377
163.51937766333856
238.7193776633365
322.3193776633375
590.9193776633346
654.7193776633325
319.7193776633366
85.519377663337
-334.6806223366639
232.31937766333655
106.91937766333653
-19.28062233666433
98.51937766333708
328.71937766333576
61.51937766333543
55.91937766333657
-380.4806223366677
-367.28062233666446
-177.08062233666737
-116.88062233666636
106.51937766333816
179.71937766333537
557.5193776633351
562.3193776633365
546.9193776633349
462.91937766333814
526.5193776633336
379.9193776633375
172.71937766333602
264.11937766333654
-48.28062233666545
-253.8806223366642
-129.88062233666489
-54.88062233666261
-79.68062233666399
208.7193776633372
164.51937766333606
211.71937766333704
443.5193776633365
429.91937766333706
-159.4806223366649
-93.68062233666545
-547.2806223366657
-490.8806223366629
-290.680622336664
-75.68062233666504
229.3193776633361
-26.68062233666464
-160.28062233666458
72.71937766333494
-188.08062233666334
-249.68062233666507
132.71937766333576
-31.280622336662653
303.3193776633368
8.11937766333697
-427.4806223366643
4.519377663335845
183.51937766333677
141.71937766333997
22.71937766333542
-96.08062233666365
-485.6806223366677
-171.8806223366638
21.11937766333536
-274.4806223366632
-243.28062233666702
308.9193776633365
-106.08062233666436
-373.88062233666415
203.119377663335
378.31937766333596
-35.08062233666436
161.51937766333654
-212.68062233666495
-260.2806223366645
-208.88062233666503
4.119377663334461
-121.08062233666395
-417.28062233666344
-228.0806223366639
393.11937766333585
180.31937766333482
258.9193776633355
651.9193776633363
391.11937766333585
418.9193776633366
354.5193776633338
-200.0806223366638
-34.68062233666337
58.11937766333476
162.91937766333604
393.9193776633379
165.11937766333506
-565.6806223366635
-221.48062233666326
-112.48062233666366
-116.48062233666577
142.51937766333543
304.1193776633367
218.11937766333662
-34.08062233666385
415.71937766333673
389.9193776633355
531.3193776633367
576.1193776633376
-40.88062233666357
-314.88062233666705
-35.680622336662914
417.7193776633362
177.11937766333725
-274.88062233666386
-767.0806223366653
-364.680622336664
-250.8806223366629
313.3193776633358
602.3193776633383
397.91937766333587
217.51937766333597
187.11937766333577
-81.88062233666324
102.71937766333502
228.11937766333944
-112.48062233666427
374.71937766333457
340.5193776633379
-755.2806223366649
-234.88062233666423
155.11937766333554
292.3193776633357
76.91937766333572
99.51937766333725
105.1193776633363
259.7193776633367
461.119377663338
599.119377663337
711.9193776633377
297.9193776633364
173.9193776633354
571.3193776633371
521.1193776633359
474.31937766333704
404.1193776633353
-277.28062233666367
-668.8806223366646
-252.08062233666345
26.919377663335766
500.91937766333837
343.31937766333556
-40.68062233666338
16.51937766333553
-71.48062233666289
174.51937766333754
132.71937766333645
-85.28062233666229
-272.8806223366644
245.3193776633347
45.31937766333566
-200.08062233666445
128.51937766333816
152.7193776633348
9.319377663335715
-579.2806223366644
-434.28062233666446
-151.48062233666346
229.11937766333364
336.1193776633362
315.1193776633354
184.3193776633355
69.51937766333765
-174.28062233666296
305.7193776633348
719.9193776633371
399.51937766333737
390.7193776633384
-343.4806223366643
-661.6806223366661
-115.28062233666357
88.11937766333577
435.31937766333596
221.51937766333737
-247.8806223366648
-165.0806223366629
-223.8806223366641
-167.08062233666413
-123.08062233666459
-203.88062233666375
-135.48062233666388
283.5193776633364
40.719377663336104
358.9193776633356
377.31937766333766
60.31937766333664
48.319377663334954
-177.48062233666352
341.51937766333344
291.3193776633377
294.7193776633364
702.5193776633309
292.1193776633367
-48.080622336664845
-217.88062233666415
-347.4806223366651
-140.88062233666295
331.3193776633364
174.1193776633368
84.31937766333502
-57.68062233666352
-342.48062233666434
221.7193776633367
86.71937766333525
200.31937766333766
226.71937766333485
-210.0806223366649
-129.68062233666473
-16.480622336662
-172.6806223366628
0.5193776633367904
-53.2806223366635
-239.28062233666387
239.71937766333676
52.71937766333511
-175.6806223366654
59.71937766333505
254.51937766333543
425.1193776633368
572.5193776633369
689.119377663335
464.119377663336
-406.08062233666294
104.31937766333526
110.71937766333693
107.51937766333617
-150.280622336664
-238.88062233666477
-363.08062233666305
-54.480622336663814
65.11937766333699
-214.88062233666278
-336.0806223366654
-736.2806223366622
-162.48062233666448
-182.48062233666386
-269.28062233666543
-360.6806223366624
-454.4806223366606
-203.48062233666388
-5.480622336665043
-219.6806223366647
-32.480622336664204
-382.48062233666377
-345.88062233666574
39.119377663336174
-84.28062233666351
-809.0806223366696
-380.48062233666485
-203.680622336665
66.1193776633362
476.9193776633374
479.7193776633356
353.51937766333594
-603.480622336662
-56.28062233666406
87.31937766333508
-92.28062233666513
-21.280622336664578
-132.4806223366648
-391.0806223366652
186.31937766333743
307.9193776633372
78.91937766333761
-169.28062233666415
-299.6806223366647
41.519377663334964
-32.6806223366646
122.31937766333556
67.31937766333678
-103.08062233666513
-435.8806223366659
-57.88062233666352
-162.88062233666292
-168.88062233666417
-191.88062233666327
160.9193776633374
33.71937766333661
-573.6806223366646
-1263.480622336667
-534.6806223366643
-629.0806223366668
-125.28062233666384
268.91937766333876
616.9193776633335
34.11937766333565
-473.68062233666546
37.91937766333669
-283.4806223366659
-354.88062233666335
-364.28062233666395
-400.0806223366665
-252.88062233666506
352.7193776633366
345.919377663337
328.5193776633362
153.91937766333547
-183.08062233666274
383.71937766333633
161.91937766333618
250.1193776633364
97.11937766333453
105.11937766333719
-64.28062233666347
-28.280622336663342
-10.280622336664436
-523.0806223366629
-176.28062233666398
-256.8806223366647
-236.68062233666004
-721.4806223366676
-1669.280622336667
-526.880622336666
-93.08062233666581
332.5193776633363
695.319377663336
845.5193776633363
19.31937766333625
-141.28062233666398
110.11937766333709
-342.4806223366645
-654.0806223366629
-666.2806223366645
-487.68062233666467
-229.08062233666203
99.71937766333717
303.3193776633341
405.5193776633359
351.31937766333624
-63.88062233666527
473.9193776633371
66.11937766333685
-50.68062233666459
-200.08062233666558
-173.68062233666535
-59.08062233666577
-522.2806223366667
-580.480622336664
-700.6806223366638
-441.6806223366623
-353.88062233666403
-439.88062233666034
-1085.680622336674
-1854.6806223366616
-358.2806223366641
554.1193776633377
898.7193776633377
497.1193776633358
634.3193776633384
389.91937766333604
317.91937766333604
241.3193776633381
130.51937766333614
-101.28062233666367
177.91937766333686
443.1193776633346
-150.6806223366675
-228.8806223366619
74.51937766333685
322.91937766333615
521.5193776633363
-145.48062233666255
-123.68062233666433
117.71937766333723
452.5193776633347
43.31937766333538
237.51937766333697
490.3193776633348
-194.28062233666398
-547.4806223366645
-540.8806223366624
-402.08062233666357
-291.6806223366641
-344.28062233666606
-1500.480622336663
-2234.4806223366654
-128.4806223366649
517.719377663334
360.9193776633343
121.31937766333637
349.1193776633373
491.5193776633369
77.11937766333644
-244.68062233666467
-186.68062233666473
415.5193776633363
1031.1193776633354
951.7193776633391
0.5193776633334686
-66.68062233666481
33.71937766333602
57.31937766333516
156.9193776633368
-4.28062233666455
173.71937766333645
476.1193776633356
750.519377663339
137.5193776633368
-81.08062233666391
-103.08062233666462
-232.08062233666357
-127.68062233666394
-274.28062233666407
-535.4806223366643
-628.0806223366629
-530.680622336664
-1509.2806223366606
-1708.6806223366655
-213.88062233666378
-116.48062233666339
-538.8806223366644
-10.08062233666543
327.31937766333715
480.9193776633362
-228.28062233666532
-341.0806223366642
-323.4806223366636
58.91937766333567
405.31937766333743
103.71937766333522
5.319377663335512
240.71937766333622
316.5193776633357
191.71937766333403
267.3193776633352
209.7193776633363
827.9193776633385
573.3193776633351
829.9193776633376
-86.28062233666543
-414.28062233666355
-425.8806223366652
-368.88062233666386
-158.28062233666353
149.91937766333655
-388.48062233666377
-577.2806223366632
-527.4806223366614
-1398.0806223366571
-1343.6806223366677
-421.28062233666503
-435.6806223366634
-489.0806223366631
28.319377663335878
127.51937766333657
-56.280622336663974
-333.6806223366646
-344.88062233666375
-371.8806223366654
32.51937766333684
-105.88062233666336
-129.0806223366639
126.91937766333668
157.9193776633362
528.3193776633378
337.11937766333705
322.3193776633363
25.519377663335298
253.71937766333616
186.1193776633372
741.1193776633377
197.9193776633361
-325.2806223366634
-40.28062233666365
-28.480622336663806
-448.6806223366624
-7.880622336661853
-167.68062233666524
-181.0806223366641
-302.48062233666406
-1511.6806223366739
-1062.0806223366612
-782.6806223366691
-482.6806223366627
-893.6806223366682
117.11937766333679
230.9193776633374
6.519377663335998
344.51937766333583
474.5193776633356
379.5193776633355
645.5193776633374
-245.08062233666402
-386.6806223366652
157.7193776633356
363.91937766333797
298.5193776633354
257.51937766333833
322.7193776633355
104.51937766333492
604.5193776633363
344.71937766333684
722.1193776633377
267.5193776633368
-555.4806223366635
-245.0806223366636
207.7193776633362
-8.68062233666398
-347.68062233666416
-83.08062233666276
139.9193776633363
-517.2806223366615
-2156.680622336656
-400.0806223366661
-392.6806223366656
254.91937766333498
-258.8806223366661
348.5193776633356
84.71937766333585
35.91937766333703
-35.28062233666367
160.31937766333607
246.5193776633354
414.91937766333496
-370.68062233666365
-109.28062233666452
621.3193776633364
905.7193776633375
824.5193776633344
520.7193776633346
442.31937766333493
396.91937766333757
938.9193776633355
731.1193776633357
933.3193776633335
223.11937766333523
-435.68062233666495
-62.280622336664074
395.71937766333633
-32.88062233666347
-783.8806223366665
-244.48062233666414
112.51937766333519
-227.08062233666493
-2103.8806223366687
-403.68062233666205
-419.480622336662
407.119377663338
365.3193776633385
167.31937766333482
-395.28062233666293
-87.88062233666452
-368.4806223366631
-247.28062233666373
144.71937766333488
-86.08062233666494
-120.68062233666457
298.1193776633355
819.5193776633372
1057.7193776633353
700.7193776633353
439.3193776633365
307.5193776633365
136.71937766333656
405.1193776633353
539.7193776633368
565.519377663335
435.9193776633363
-139.28062233666276
6.519377663337715
314.31937766333107
63.51937766333693
-1161.680622336666
-632.8806223366662
-172.88062233666435
-47.28062233666345
-1415.6806223366614
-395.28062233666407
-496.2806223366666
-402.28062233666196
-80.28062233666456
-192.8806223366646
-235.28062233666347
251.9193776633375
-109.48062233666302
-249.68062233666393
428.91937766333785
355.31937766333675
467.51937766333816
308.9193776633364
171.11937766333733
413.91937766333524
190.71937766333633
-24.680622336663074
-250.28062233666418
-218.08062233666493
342.5193776633364
480.31937766333476
426.71937766333446
759.1193776633341
214.7193776633368
-159.88062233666398
156.519377663338
-194.480622336664
-1017.8806223366637
-556.0806223366654
-405.8806223366641
79.11937766333672
-1222.480622336668
-504.28062233666554
-420.8806223366652
-485.68062233666285
-416.080622336666
-355.2806223366653
-239.68062233666484
163.5193776633354
86.71937766333689
-120.48062233666425
615.719377663336
728.119377663334
605.119377663338
406.3193776633346
354.1193776633359
432.3193776633381
346.51937766333606
462.3193776633335
591.3193776633368
493.71937766333605
440.11937766333523
357.319377663335
296.31937766333647
332.1193776633347
14.719377663336445
-31.88062233666292
-62.48062233666218
-610.2806223366646
-436.4806223366647
-759.8806223366662
-733.2806223366649
-244.68062233666484
-1033.080622336662
-377.2806223366642
-200.48062233666462
-276.0806223366645
-201.2806223366648
-286.080622336665
-307.68062233666325
-232.88062233666366
-19.880622336664693
-200.28062233666395
41.31937766333645
659.7193776633363
1097.9193776633324
816.5193776633341
866.1193776633352
906.7193776633358
558.1193776633371
366.5193776633361
722.5193776633358
748.3193776633371
492.1193776633367
514.319377663338
664.3193776633356
160.5193776633367
172.91937766333626
-257.8806223366663
-694.4806223366644
-288.68062233666393
90.11937766333644
-490.0806223366639
-459.4806223366657
-196.68062233666296
-1018.2806223366601
-561.6806223366644
-485.2806223366655
-575.8806223366637
-347.8806223366641
-280.88062233666346
-280.4806223366607
-584.6806223366632
-318.2806223366652
-311.48062233666434
-61.68062233666331
551.5193776633398
705.5193776633348
543.5193776633353
853.5193776633364
1171.3193776633384
772.5193776633353
247.9193776633353
468.71937766333497
607.3193776633373
632.3193776633368
637.5193776633377
713.5193776633373
298.11937766333597
201.11937766333446
-179.68062233666407
-312.4806223366651
-91.88062233666321
0.11937766333532807
-75.28062233666633
-124.28062233666388
-268.8806223366622
-1163.8806223366657
-212.08062233666382
-168.2806223366643
-365.08062233666595
-125.68062233666357
-10.0806223366648
1.9193776633355952
-316.0806223366634
-116.28062233666363
80.51937766333593
-51.480622336665874
52.31937766333716
17.51937766333572
195.91937766333672
526.7193776633356
767.5193776633365
667.1193776633363
149.91937766333774
294.719377663336
322.7193776633362
188.11937766333565
579.7193776633368
407.5193776633369
161.11937766333673
367.119377663338
583.9193776633373
538.5193776633349
-89.08062233666324
-204.6806223366637
-95.48062233666329
-35.68062233666384
-302.8806223366654
-857.2806223366589
359.51937766333515
128.7193776633346
-84.28062233666334
-383.48062233666496
-272.6806223366654
195.31937766333706
-91.68062233666276
-224.48062233666593
-8.680622336664456
243.51937766333717
392.71937766333684
283.3193776633358
401.7193776633374
336.919377663337
465.7193776633311
402.7193776633351
478.7193776633389
680.5193776633381
799.1193776633381
297.7193776633362
244.71937766333457
224.91937766333658
190.71937766333477
122.3193776633361
258.5193776633345
149.7193776633353
54.5193776633363
164.51937766333594
-53.68062233666357
416.31937766333465
59.31937766333676
-392.08062233666425
796.3193776633362
107.71937766333525
-183.88062233666395
-359.68062233666365
-241.2806223366642
267.7193776633372
88.11937766333608
197.91937766333584
102.11937766333577
-44.08062233666445
16.7193776633359
53.31937766333678
297.9193776633382
143.1193776633352
353.5193776633342
294.71937766333633
445.9193776633378
753.11937766334
1052.9193776633372
205.91937766333575
110.51937766333603
269.3193776633359
596.9193776633357
314.7193776633363
-241.28062233666398
-311.8806223366638
-186.4806223366634
-9.680622336662825
-165.8806223366648
430.3193776633368
270.3193776633371
230.31937766333553
724.7193776633372
106.51937766333526
-176.28062233666466
-249.48062233666428
-417.4806223366647
-308.8806223366647
-179.2806223366637
53.71937766333607
85.9193776633367
-85.68062233666431
176.31937766333644
566.5193776633353
605.3193776633358
566.9193776633373
453.5193776633351
542.3193776633331
436.9193776633341
419.9193776633357
663.319377663336
46.919377663335524
467.11937766333585
468.91937766333604
713.1193776633359
448.9193776633356
-33.2806223366646
-142.08062233666374
-282.0806223366643
-174.48062233666394
-267.08062233666516
-203.48062233666448
63.71937766333626
259.1193776633364
591.119377663335
53.51937766333705
-208.88062233666383
-313.8806223366643
-271.4806223366652
-321.48062233666417
-449.28062233666435
-660.0806223366633
-654.2806223366646
-622.6806223366634
-248.28062233666253
-97.48062233666212
-307.0806223366646
-166.28062233666395
-128.2806223366635
-66.68062233666171
72.11937766333513
-41.480622336663316
161.9193776633364
140.71937766333656
114.51937766333636
12.919377663335634
-36.88062233666383
-414.280622336665
-323.0806223366643
-399.88062233666375
-658.6806223366657
-472.28062233666526
-175.68062233666546
-204.080622336664
-29.680622336663554
162.31937766333652
775.1193776633355
94.31937766333621
-109.28062233666418
-73.88062233666341
102.31937766333573
-29.080622336663716
-159.08062233666345
-295.2806223366646
-239.68062233666436
-70.88062233666466
234.31937766333596
562.3193776633384
412.51937766333583
478.71937766333684
687.5193776633345
524.9193776633396
340.51937766333566
276.51937766333623
524.3193776633365
627.3193776633367
541.5193776633374
359.71937766333707
178.31937766333664
-102.88062233666483
69.51937766333732
-124.68062233666387
-190.08062233666402
-103.88062233666344
6.319377663335345
75.71937766333699
361.51937766333384
485.31937766333283
