-136.08062233666482
451.51937766333725
-1050.2806223366542
-1061.8806223366576
-508.6806223366706
-778.2806223366598
-1169.6806223366684
-986.2806223366671
-1480.280622336658
-655.8806223366778
-1615.6806223366552
-627.0806223366573
-470.08062233667033
-484.08062233665805
-34.6806223366611
47.91937766334284
-281.0806223366648
-479.28062233666327
-526.8806223366673
-240.68062233666006
-783.480622336664
-1679.480622336655
-459.08062233667135
-582.8806223366586
-2362.8806223366664
-1144.4806223366663
-1253.080622336689
-1148.2806223366526
-973.2806223366769
-601.2806223366589
-1749.0806223366656
-409.480622336667
-744.8806223366618
-1068.680622336653
-832.0806223366661
-1207.8806223366619
-9.280622336670028
-688.4806223366556
637.3193776633316
380.3193776633371
-1024.8806223366719
-61.48062233666136
568.1193776633373
-617.2806223366695
-1074.6806223366686
-650.0806223366573
-761.8806223366614
-1212.6806223366639
-938.4806223366644
-98.48062233666684
998.5193776633391
1298.31937766332
1444.51937766335
62.9193776633351
1237.1193776633309
1127.7193776633421
589.3193776633334
951.1193776633345
299.91937766334456
-421.080622336656
96.51937766333717
882.3193776633399
-542.6806223366532
288.31937766333647
-1083.4806223366556
-1042.4806223366645
-1348.8806223366742
-838.6806223366788
-636.2806223366646
-1254.880622336663
-19.880622336663343
268.7193776633417
-1841.6806223366605
-50.680622336659866
1569.5193776633275
1018.1193776633432
231.31937766333184
714.9193776633257
1654.7193776633394
270.71937766333406
1149.5193776633369
920.5193776633301
1813.1193776633395
1883.7193776633542
1812.9193776633283
833.3193776633414
875.9193776633327
152.91937766333737
-432.6806223366648
117.71937766333755
453.31937766333857
-928.8806223366718
-1207.8806223366703
56.319377663336454
-1077.4806223366738
-2036.8806223366894
-1898.480622336656
1029.919377663342
17.119377663335356
-702.6806223366705
-556.6806223366578
-985.4806223366579
-1127.6806223366632
-1023.6806223366607
-1354.4806223366622
-398.08062233666305
-280.6806223366699
204.51937766333327
1057.7193776633421
1414.5193776633166
789.5193776633372
-408.48062233666366
304.9193776633407
-494.2806223366609
361.51937766334044
-749.4806223366669
246.51937766333918
1011.3193776633286
-60.680622336664
452.9193776633234
718.7193776633231
823.7193776633319
816.319377663335
371.5193776633399
-805.4806223366588
-572.2806223366717
-882.88062233666
-1842.2806223366933
-1465.0806223366865
869.9193776633424
206.31937766333778
-674.2806223366636
-534.0806223366669
79.51937766333182
-689.8806223366666
-591.0806223366623
537.1193776633412
-611.08062233666
-171.08062233665908
-322.08062233666533
2156.5193776633178
1986.3193776633245
726.3193776633519
350.9193776633305
1567.7193776633196
424.5193776633516
982.7193776633268
212.51937766333572
521.7193776633364
580.7193776633369
-647.8806223366736
-278.4806223366652
-921.2806223366724
-669.8806223366638
-38.68062233666561
60.319377663335594
-360.0806223366522
456.5193776633366
38.91937766333365
-874.6806223366615
-463.8806223366724
1333.3193776633398
372.5193776633341
-11.480622336665114
-329.2806223366642
-358.4806223366635
-31.880622336663535
-587.480622336662
-34.48062233666003
-336.4806223366668
-230.88062233666088
-291.4806223366647
789.319377663351
-1373.0806223366599
-551.6806223366648
-735.4806223366604
166.71937766332184
814.5193776633279
106.31937766333607
-380.8806223366618
332.51937766333754
-338.0806223366675
-1502.2806223366274
-257.4806223366595
-1593.280622336669
-1334.8806223366576
-1583.2806223366306
-2416.4806223366327
-775.480622336654
-343.28062233665605
-1183.4806223366709
-1233.8806223366657
-1459.6806223366666
-623.4806223366645
63.91937766333671
870.919377663342
-1003.6806223366634
-1035.6806223366755
987.1193776633369
-185.68062233666075
-1417.0806223366676
263.5193776633411
693.9193776633416
-39.480622336664744
729.7193776633343
-450.2806223366616
236.51937766333546
-515.2806223366665
679.1193776633403
183.51937766333396
-148.2806223366635
514.71937766334
1534.1193776633315
1413.5193776633369
-259.48062233666735
188.71937766333838
31.31937766333627
348.9193776633385
754.1193776633295
-1280.8806223366553
-112.68062233666296
-166.680622336665
-1269.880622336665
114.71937766333909
-198.08062233666587
-912.8806223366627
53.91937766333657
-562.8806223366676
-974.2806223366572
-605.0806223366694
-4.680622336660221
566.3193776633346
-1388.6806223366657
-21.280622336661416
-1147.4806223366636
-1487.6806223366705
-1339.8806223366566
-1467.2806223366679
-1087.8806223366657
-1270.4806223366736
-43.68062233666228
-33.480622336664524
948.5193776633362
-546.2806223366622
346.5193776633355
285.31937766333715
236.31937766334403
660.1193776633306
547.3193776633448
-573.2806223366667
-658.2806223366672
-1036.4806223366684
-681.4806223366672
103.51937766333864
-806.6806223366632
111.5193776633336
119.71937766333156
-1835.080622336673
-654.8806223366577
-236.88062233666426
267.7193776633359
-749.6806223366689
-214.08062233666774
624.3193776633456
-874.4806223366675
-784.480622336665
-1509.0806223366553
-820.8806223366623
-532.4806223366638
710.1193776633427
2310.7193776633308
692.5193776633298
209.91937766333297
642.9193776633216
340.91937766333285
-535.6806223366638
1014.5193776633397
362.11937766333944
811.1193776633418
28.71937766332914
34.31937766333775
239.71937766333573
-496.08062233666726
665.7193776633301
-10.480622336660105
-979.0806223366509
-871.8806223366568
742.7193776633366
-1141.2806223366606
-416.08062233666476
-117.28062233666422
-762.0806223366724
-760.2806223366625
-2132.0806223366517
-52.48062233666039
194.1193776633313
21.91937766333725
-354.6806223366645
-1695.4806223366586
-735.0806223366526
1520.7193776633135
1700.1193776633427
2570.119377663362
2309.719377663346
572.7193776633194
1282.1193776633309
-503.08062233666044
-1000.8806223366631
674.7193776633436
-307.8806223366669
525.1193776633505
908.3193776633306
29.519377663336876
1228.519377663321
409.71937766333394
383.71937766333485
-311.0806223366699
-446.2806223366629
69.31937766333206
1429.1193776633284
-925.2806223366663
1888.3193776633268
643.3193776633415
-674.2806223366662
-237.48062233666428
-1203.480622336666
1318.9193776633292
1254.319377663334
956.3193776633383
933.919377663332
-1288.8806223366723
-409.8806223366608
-77.48062233666596
-358.4806223366677
500.3193776633397
509.91937766335025
-251.28062233666583
-82.88062233666028
16.719377663337557
-356.2806223366618
330.5193776633401
-1342.6806223366523
356.3193776633325
1625.3193776633493
65.71937766333541
1011.3193776633428
427.31937766333874
-653.0806223366652
-747.0806223366652
579.3193776633328
-293.8806223366675
337.1193776633321
-743.8806223366655
1131.519377663335
335.11937766333085
504.7193776633381
25.519377663334602
-309.88062233666267
583.9193776633329
1882.919377663362
-429.8806223366709
-229.8806223366601
315.11937766333807
861.7193776633358
-739.0806223366594
-996.080622336658
-1038.2806223366692
-1061.0806223366721
363.3193776633361
-115.48062233666413
251.31937766333357
-526.4806223366745
-429.2806223366606
-1208.880622336656
-666.8806223366735
-238.28062233666168
-606.8806223366599
80.1193776633376
-165.080622336661
-742.6806223366617
-276.4806223366654
-1187.6806223366923
-814.6806223366646
-188.48062233666275
522.7193776633368
370.9193776633389
-596.8806223366648
57.51937766333171
176.51937766333242
17.31937766333187
-351.28062233666145
661.9193776633359
-1153.4806223366577
250.71937766333417
-591.8806223366587
-427.2806223366591
-381.2806223366629
-962.0806223366725
-1736.8806223366596
-1710.4806223366681
-790.2806223366632
-9.080622336668306
-311.8806223366604
90.31937766333851
455.1193776633374
-311.2806223366706
347.51937766334026
582.31937766334
-185.88062233667125
124.11937766333942
992.7193776633466
68.91937766333263
360.1193776633343
383.51937766334146
2020.719377663335
298.5193776633336
-525.88062233666
-646.0806223366653
-131.0806223366604
-871.8806223366702
172.31937766333078
-475.28062233666174
536.9193776633416
454.5193776633412
-647.6806223366634
406.519377663343
-1776.880622336668
-208.08062233666055
-73.48062233666532
-707.2806223366543
-460.68062233665955
-160.08062233666385
-191.8806223366619
1006.7193776633374
409.7193776633339
-737.6806223366644
634.1193776633379
326.31937766333624
512.5193776633407
164.5193776633387
-340.2806223366541
1109.9193776633297
859.7193776633407
314.9193776633371
-796.4806223366623
1164.9193776633297
1789.3193776633423
390.1193776633369
-250.0806223366615
-1351.0806223366642
32.1193776633384
-532.0806223366603
-600.2806223366642
-615.0806223366756
537.3193776633371
-529.8806223366735
-748.480622336661
-394.88062233665903
-1352.4806223366604
-1111.4806223366672
-115.88062233666305
-254.88062233667188
227.31937766333832
37.319377663341
-15.68062233665883
175.7193776633337
850.9193776633389
-21.28062233666448
751.3193776633424
-472.2806223366603
-271.08062233666317
-557.0806223366586
-464.0806223366451
1242.9193776633447
-24.28062233665787
364.11937766333716
23.71937766333871
123.71937766333423
835.7193776633375
828.5193776633361
-34.48062233665842
-1408.8806223366762
728.5193776633217
1219.3193776633407
1401.1193776633395
-1069.6806223366812
-1647.0806223366442
-843.0806223366693
-226.88062233666392
128.31937766333573
141.5193776633373
-1073.6806223366743
76.11937766333601
1347.11937766333
-564.8806223366596
-368.0806223366651
176.91937766333862
-800.6806223366651
966.1193776633298
-139.2806223366641
-645.2806223366558
-1788.4806223366584
-676.4806223366649
-936.4806223366653
460.31937766333965
2070.519377663331
653.1193776633353
216.31937766333544
-64.8806223366652
-486.88062233666585
476.1193776633365
669.9193776633399
-1523.2806223366406
-2799.680622336634
1257.519377663327
909.7193776633377
876.3193776633371
-421.2806223366622
-2364.080622336663
-98.88062233666453
-769.6806223366694
70.71937766333893
55.319377663336084
-88.48062233666478
895.9193776633218
1412.719377663339
-921.4806223366686
151.11937766333153
740.5193776633374
-273.08062233666533
861.119377663335
784.9193776633275
1690.5193776633307
-38.48062233666434
-364.2806223366674
-1008.8806223366618
-35.48062233666164
626.9193776633518
469.71937766332945
986.3193776633566
-121.88062233665865
-493.2806223366642
1273.5193776633284
1537.9193776633165
-781.0806223366578
-228.0806223366557
2077.9193776633247
148.51937766332563
-934.6806223366705
309.31937766333544
-579.8806223366585
556.119377663337
-1146.6806223366611
1735.7193776633335
1292.1193776633322
176.71937766333568
1361.5193776633328
956.1193776633304
476.1193776633663
650.3193776633514
868.9193776633233
28.919377663342257
1026.9193776633338
1629.7193776633385
3942.119377663371
651.1193776633318
496.5193776633231
-1129.480622336669
-210.6806223366609
64.31937766332007
574.5193776633258
123.71937766332864
453.11937766333006
-863.6806223366603
1188.919377663313
1189.319377663362
282.51937766333805
1532.119377663325
2584.7193776633508
832.1193776633194
869.9193776633387
1026.3193776633389
-467.4806223366672
513.3193776633369
-431.28062233666543
452.71937766333866
558.9193776633387
-429.6806223366589
528.1193776633492
1565.3193776633486
1396.3193776633416
335.11937766333244
806.7193776633427
-879.8806223366649
367.9193776633383
371.7193776633345
1024.5193776633334
-386.68062233666484
1296.5193776633328
1215.9193776633313
504.11937766333546
869.9193776633311
1966.5193776633462
-1164.4806223366586
456.5193776633407
-1034.2806223366633
146.71937766333812
2109.7193776633194
1721.7193776633303
1096.9193776633253
463.51937766333833
847.1193776633398
-891.2806223366607
-74.08062233666213
92.719377663343
598.9193776633422
1167.719377663319
1563.3193776632988
953.1193776633352
799.319377663341
-1072.6806223366625
-541.2806223366644
-125.08062233666037
304.91937766334047
445.1193776633417
-153.28062233666336
1098.1193776633347
-21.480622336660467
601.5193776633354
-1078.6806223366539
41.719377663339245
150.91937766333558
-1275.280622336678
-1508.680622336669
463.71937766334463
-308.48062233666525
227.31937766332928
-141.2806223366656
1421.9193776633201
2579.119377663325
1108.5193776633325
989.3193776633334
-404.28062233666617
2046.1193776633384
703.5193776633377
1474.9193776633406
80.31937766333918
655.1193776633351
-193.2806223366659
1044.719377663326
367.31937766333067
752.3193776633283
-1299.4806223366752
-131.88062233665948
521.5193776633337
381.51937766334214
840.5193776633328
-399.88062233665903
-243.68062233666598
-112.68062233665987
-216.6806223366692
-107.08062233666743
800.5193776633446
-197.08062233666337
-754.8806223366547
-807.6806223366589
142.11937766333563
-318.08062233666504
-508.88062233665465
67.71937766334085
1380.5193776633375
2900.5193776633178
971.9193776633373
613.5193776633372
-861.2806223366647
2185.519377663355
1660.1193776633395
839.1193776633347
-1836.2806223366674
-506.8806223366697
-1611.280622336638
-196.88062233666145
724.9193776633484
-2414.280622336657
-1763.6806223366502
-367.680622336668
999.1193776633279
1560.9193776633522
482.11937766333443
-908.4806223366643
294.919377663342
-599.4806223366663
-1988.080622336694
-1246.2806223366545
-88.08062233666254
-468.6806223366629
-1402.4806223366809
-51.48062233666559
342.919377663328
-33.88062233666691
-2460.8806223367087
-1471.680622336668
-377.88062233666227
2100.71937766336
1632.11937766334
926.3193776633299
285.1193776633402
207.91937766333535
644.5193776633294
-130.480622336663
-1463.880622336678
552.9193776633385
-1714.4806223366672
-1219.0806223366699
1757.5193776633485
-452.68062233665705
-152.88062233666702
-1158.4806223366668
-2162.6806223366534
468.91937766333365
458.5193776633379
-1280.4806223366463
-1309.6806223366725
-1216.4806223366718
-510.2806223366592
-1392.6806223366682
-451.8806223366628
423.91937766334087
-551.28062233666
-195.68062233665967
-605.8806223366586
-1154.0806223366892
-2057.4806223366418
-391.4806223366694
-1261.080622336685
1914.3193776633605
1677.1193776633409
1454.7193776633665
1674.1193776633497
922.1193776633407
-253.48062233666718
-746.8806223366686
-764.0806223366675
592.51937766334
-296.6806223366649
-1109.4806223366659
1768.9193776633442
1472.919377663353
-360.28062233666344
-935.8806223366686
-1006.8806223366709
54.1193776633426
171.11937766333554
433.91937766333626
1257.1193776633424
987.7193776633403
-384.0806223366708
-692.4806223366586
-699.2806223366728
-1097.680622336663
-655.480622336662
-360.280622336661
-1555.0806223366887
-2108.6806223366666
-222.88062233666605
-77.68062233666495
-996.880622336668
1772.5193776633469
2756.9193776633438
2033.5193776633382
2620.7193776633344
1833.3193776633336
360.11937766333546
-1225.8806223366648
-890.6806223366665
-335.88062233667006
322.9193776633413
-1148.280622336666
-1171.6806223366566
3.7193776633343845
-54.88062233666551
-595.0806223366703
-609.280622336661
-796.4806223366528
-307.88062233665914
-37.280622336660215
341.9193776633404
232.31937766333925
-593.0806223366611
-124.48062233666654
483.1193776633348
-1020.2806223366607
585.7193776633384
-91.28062233666076
-1429.0806223366742
-383.48062233665763
704.1193776633451
-188.68062233666365
318.31937766332965
1829.9193776633338
2452.719377663339
1486.1193776633497
1704.1193776633538
1284.3193776633434
422.5193776633254
-955.2806223366604
-1413.8806223366523
-1397.4806223366734
-760.8806223366561
-1168.8806223366703
-1203.4806223366604
-287.08062233665686
-498.2806223366543
-846.2806223366734
-1643.6806223366727
-858.6806223366694
660.7193776633366
473.7193776633274
743.3193776633408
310.71937766333724
409.9193776633379
468.11937766333466
1366.7193776633276
68.51937766334095
174.71937766333906
-73.48062233665915
26.319377663336
2.719377663334063
50.71937766333657
546.7193776633331
1445.1193776633427
1304.9193776633263
399.9193776633416
1889.7193776633137
1509.1193776633768
1271.9193776633435
895.7193776633397
273.9193776633404
-543.6806223366638
-681.4806223366556
-295.4806223366651
-145.6806223366671
-593.4806223366617
-358.8806223366571
-1794.2806223366586
-1889.2806223366536
-1413.680622336674
-1192.280622336663
-79.0806223366676
94.71937766333454
921.1193776633387
-349.2806223366638
-753.4806223366709
777.3193776633364
251.71937766333897
-1039.2806223366665
-273.2806223366537
551.3193776633385
847.5193776633406
-604.0806223366636
-1072.880622336675
56.51937766333732
2405.9193776633256
1653.5193776633323
931.9193776633206
2474.3193776633593
834.9193776633416
10.919377663335972
-808.6806223366593
-693.0806223366656
807.119377663333
-125.68062233666132
-918.8806223366748
-488.2806223366605
-10.280622336661889
805.9193776633406
-1296.2806223366597
-1456.6806223366716
-1481.6806223366727
-351.88062233666346
-1.080622336657349
-156.6806223366617
962.1193776633319
279.7193776633342
-58.48062233666165
877.1193776633352
-132.48062233665888
-281.8806223366721
-390.280622336664
-508.2806223366657
-134.08062233666595
217.31937766333797
334.91937766333524
-181.08062233666172
2578.1193776633622
2160.319377663345
1677.719377663336
3312.919377663373
797.5193776633309
-1179.8806223366767
-857.0806223366706
-581.6806223366704
524.5193776633396
-490.28062233666833
13.519377663341857
-622.2806223366575
-1032.880622336645
51.3193776633352
-1566.6806223366636
-1360.4806223366718
-1766.6806223366514
-754.0806223366756
-760.6806223366611
-1189.280622336666
-253.88062233666534
646.519377663346
-808.080622336648
-214.88062233666594
-580.0806223366551
1463.919377663329
1235.319377663339
-1424.2806223366583
-1280.8806223366744
380.9193776633334
526.5193776633412
-1071.280622336668
1214.1193776633318
1545.119377663328
2618.1193776633277
2577.5193776632914
933.9193776633351
-692.2806223366681
-90.68062233666642
-474.48062233666576
-1294.0806223366508
-609.0806223366601
-137.0806223366581
-479.6806223366732
-1011.4806223366696
543.319377663337
1292.9193776633342
675.7193776633369
-142.88062233666872
-418.88062233667216
-103.68062233666168
-310.8806223366637
-60.680622336663745
674.9193776633392
-1692.4806223366359
-197.2806223366616
-521.8806223366643
1296.3193776633248
1154.9193776633476
-598.0806223366544
-527.4806223366631
243.11937766333702
699.3193776633381
-719.8806223366598
-474.2806223366631
430.91937766333314
1708.9193776633365
1918.5193776633243
652.9193776633251
-114.28062233666562
-125.28062233666581
828.9193776633338
785.119377663344
223.91937766333774
-861.0806223366561
-1842.280622336661
-1444.2806223366597
-178.48062233666172
-271.8806223366589
-903.0806223366562
-1657.680622336665
-1060.080622336653
-557.4806223366573
-433.08062233666294
-484.48062233665473
68.71937766333191
-919.2806223366563
-1424.6806223366698
-919.680622336663
-618.6806223366676
-1791.4806223366627
-931.480622336664
-437.48062233666633
-774.8806223366612
145.51937766333776
532.1193776633254
583.7193776633378
-64.4806223366646
643.7193776633525
1547.319377663315
-573.8806223366558
-701.4806223366606
-260.88062233665323
958.91937766333
889.5193776633431
672.9193776633317
98.5193776633381
-612.680622336656
-438.08062233666766
56.51937766333738
694.9193776633344
700.9193776633224
814.3193776633226
1909.1193776633572
1831.719377663324
974.5193776633184
456.1193776633464
1061.3193776633348
1353.919377663337
784.5193776633223
1240.5193776633291
1212.1193776633377
150.31937766333866
840.119377663341
1113.9193776633206
759.5193776633258
1132.3193776633348
1211.9193776633394
1159.119377663343
1035.719377663345
796.5193776633506
1351.7193776633255
-94.48062233666451
4.519377663343427
641.9193776633512
-187.08062233666587
-651.4806223366601
44.119377663337204
-32.48062233666137
1214.3193776633427
284.51937766334066
732.3193776633371
481.1193776633375
260.3193776633353
1195.7193776633405
1089.519377663339
708.7193776633322
464.71937766334037
437.9193776633331
716.9193776633275
605.9193776633408
-483.2806223366619
751.3193776633326
659.3193776633308
-1441.280622336676
-670.6806223366648
-1157.680622336672
-766.8806223366588
-88.28062233666111
582.7193776633287
-410.48062233666104
1061.119377663331
658.7193776633374
-380.88062233666545
190.51937766334456
264.51937766333583
1509.5193776633296
130.3193776633391
1036.7193776633194
1287.9193776633283
160.71937766333386
625.5193776633332
1149.1193776633363
-60.68062233666444
-929.0806223366563
-298.28062233666367
470.7193776633335
-435.0806223366681
-565.8806223366649
-14.880622336664125
936.5193776633372
886.5193776633394
1223.1193776633413
-376.08062233666726
909.7193776633341
1034.7193776633248
259.9193776633394
713.1193776633341
141.31937766333607
-277.6806223366675
877.3193776633416
1874.1193776633365
822.1193776633216
1786.9193776633222
313.9193776633379
-828.4806223366635
-542.6806223366647
924.7193776633393
1393.5193776633248
330.5193776633377
988.5193776633419
1463.9193776633306
-642.0806223366618
102.91937766333587
1173.719377663334
272.11937766333796
-719.4806223366767
375.91937766334
2234.9193776633606
11.319377663333306
420.31937766333596
-99.68062233666559
642.5193776633373
564.1193776633369
278.9193776633365
-799.0806223366503
128.51937766333293
-129.08062233666433
-1025.0806223366644
-707.2806223366691
12.11937766333746
-462.6806223366628
-333.28062233666503
1063.7193776633164
104.71937766333949
-663.080622336663
-677.480622336671
966.5193776633479
62.11937766334491
380.11937766333926
887.9193776633441
132.319377663333
44.9193776633358
456.51937766333293
248.31937766333485
-5.280622336654055
-788.8806223366868
-845.2806223366596
-402.8806223366627
380.31937766333704
772.5193776633366
-765.2806223366618
-699.4806223366688
-1714.4806223366754
-950.0806223366641
-2204.480622336653
-1180.2806223366933
-143.08062233666985
75.71937766333373
1051.1193776633509
924.9193776633224
585.3193776633362
661.519377663333
1146.5193776633257
6.119377663334397
503.31937766334283
158.31937766333306
-588.0806223366627
-238.28062233666202
492.3193776633437
-711.0806223366644
-840.2806223366696
50.91937766333987
457.91937766333206
31.119377663340572
520.5193776633254
1826.5193776633441
170.1193776633387
-254.88062233666284
-903.4806223366674
1270.7193776633314
1351.5193776633394
644.5193776633383
247.71937766333718
868.5193776633374
-54.6806223366614
549.9193776633384
-282.6806223366697
-65.48062233667233
256.5193776633361
103.11937766333358
659.5193776633405
-251.88062233666298
271.3193776633371
657.7193776633347
1291.5193776633453
539.91937766334
1085.519377663343
886.5193776633398
128.31937766333567
723.5193776633366
1399.5193776633212
-19.880622336660167
-140.68062233666515
253.11937766333534
-5.880622336665802
65.11937766334253
-217.08062233665856
742.1193776633332
334.1193776633408
284.7193776633385
-463.08062233667033
686.7193776633384
-1035.4806223366618
-468.4806223366651
-669.0806223366703
-159.68062233666507
678.119377663332
-91.68062233666254
-593.0806223366595
96.31937766333729
-944.2806223366604
-1489.0806223366515
506.91937766333797
-690.8806223366637
-63.28062233666103
-274.48062233666377
-465.2806223366622
858.7193776633343
879.9193776633409
120.51937766333768
88.11937766333858
-242.68062233666552
343.31937766333425
478.9193776633359
1025.519377663337
76.31937766333601
-341.2806223366629
751.3193776633293
-865.6806223366622
-1291.2806223366572
354.31937766334227
836.5193776633308
-61.28062233666641
1052.5193776633373
-263.6806223366691
68.71937766333716
-597.8806223366599
224.11937766333668
-178.08062233666246
-833.0806223366662
-434.68062233665927
1112.7193776633371
510.919377663337
-671.0806223366604
931.3193776633373
802.5193776633345
1145.7193776633374
1861.9193776633122
685.7193776633419
1885.9193776633406
1695.119377663349
62.51937766333934
780.319377663345
619.319377663334
285.5193776633371
514.7193776633363
115.31937766333735
900.3193776633514
564.3193776633373
-126.8806223366677
-345.8806223366598
-947.6806223366597
851.3193776633382
-100.08062233666342
-65.88062233666588
318.7193776633355
-1123.2806223366742
-1383.2806223366458
-1090.6806223366602
-270.48062233666906
-333.2806223366679
-11.480622336664347
-1874.680622336653
-408.0806223366656
-1224.2806223366538
-667.4806223366622
1256.3193776633318
1314.9193776633251
647.1193776633451
678.1193776633359
-172.28062233666247
642.5193776633369
1705.1193776633238
-72.68062233666245
278.1193776633393
863.7193776633417
-1229.280622336658
-176.8806223366632
882.7193776633372
2160.919377663332
-128.48062233666354
-535.6806223366664
-53.680622336664754
-268.0806223366625
224.31937766333758
653.9193776633447
511.91937766333484
-140.08062233666425
-1226.2806223366626
-53.48062233666524
-681.2806223366647
-1088.0806223366649
-242.2806223366619
-991.8806223366765
-1995.6806223366602
271.9193776633381
-352.28062233666657
-38.28062233666284
156.91937766333098
174.31937766333817
635.9193776633338
-135.88062233666676
794.3193776633398
867.719377663327
-44.08062233666627
-986.6806223366655
389.5193776633358
-184.48062233666423
-382.4806223366652
-14.880622336662508
284.3193776633349
340.5193776633374
-2414.280622336666
-1934.4806223366566
-1303.6806223366589
-336.48062233666445
-527.8806223366583
-579.0806223366719
-489.28062233665884
875.1193776633407
-886.6806223366641
-595.0806223366629
82.5193776633373
-1408.8806223366719
28.319377663337
-1438.2806223366604
-1875.880622336685
192.71937766333434
-196.0806223366668
-123.88062233666602
-38.280622336666426
-827.2806223366641
445.71937766333986
-227.6806223366633
451.71937766333554
782.9193776633422
231.7193776633345
-326.2806223366622
838.1193776633363
-456.88062233666426
1468.919377663353
662.1193776633183
81.11937766334118
524.9193776633371
-1240.6806223366539
-310.6806223366634
-361.6806223366654
435.31937766333476
777.9193776633306
-424.68062233666456
-171.8806223366652
-8.280622336660315
-655.2806223366726
-525.8806223366723
70.1193776633344
-694.0806223366668
-210.28062233666347
119.31937766334234
286.91937766333587
1451.719377663329
-489.0806223366664
268.51937766333174
1175.7193776633396
345.11937766333057
1174.519377663337
365.31937766333465
-314.48062233666207
585.9193776633398
1183.9193776633374
-285.4806223366632
812.7193776633212
257.11937766333733
80.71937766333352
-213.0806223366638
238.11937766334265
614.7193776633311
189.91937766334252
-205.48062233666565
490.3193776633367
-563.6806223366599
472.51937766333685
602.7193776633392
815.9193776633473
284.7193776633346
535.3193776633369
276.9193776633377
288.7193776633294
639.9193776633363
-551.480622336662
23.519377663339114
307.11937766334387
682.5193776633214
-316.88062233666466
-46.680622336666524
214.51937766334095
537.9193776633413
1187.9193776633472
541.9193776633367
-472.88062233665914
708.9193776633275
-1134.2806223366674
-1537.8806223366535
-284.6806223366628
720.1193776633411
-672.8806223366505
-981.0806223366601
-724.080622336664
179.31937766333877
195.31937766334346
-861.0806223366675
-61.280622336657885
-984.8806223366407
1063.519377663336
407.5193776633363
400.7193776633382
1003.7193776633396
671.1193776633404
-99.68062233666237
396.11937766332755
370.7193776633334
85.11937766333392
-614.0806223366588
983.9193776633392
1320.3193776633411
146.31937766333516
364.9193776633367
841.919377663332
690.3193776633366
522.3193776633341
971.919377663329
-2.0806223366642342
871.719377663338
145.3193776633385
728.9193776633313
-247.68062233666495
-1076.280622336679
-1059.4806223366597
-9.080622336660632
-1736.480622336661
-470.0806223366572
-250.28062233666827
512.9193776633429
490.1193776633375
-486.6806223366692
1218.519377663335
-311.48062233666525
683.9193776633365
852.1193776633379
29.519377663336808
-49.08062233666071
117.11937766333821
-605.4806223366692
497.719377663333
-575.8806223366703
-506.8806223366667
1731.7193776633383
871.1193776633428
-344.68062233666177
-756.480622336669
-338.88062233666886
256.3193776633366
-431.080622336662
-156.08062233666556
-1133.6806223366636
451.3193776633356
-315.68062233666654
-1014.2806223366679
-1055.0806223366621
-2102.880622336673
-98.48062233665777
-1369.0806223366778
-862.6806223366588
-81.88062233666126
1036.1193776633459
214.1193776633354
-278.2806223366671
151.11937766334208
-834.2806223366616
-933.8806223366652
292.71937766333724
-381.8806223366622
-91.4806223366634
-570.8806223366665
-1030.6806223366675
-186.48062233666738
266.9193776633367
-154.88062233666497
2025.3193776633143
1101.1193776633274
104.71937766333734
-1017.2806223366637
-741.0806223366698
-229.48062233665863
-1567.8806223366769
29.11937766333743
-786.2806223366679
-1339.4806223366656
-1445.0806223366733
-935.6806223366582
-1088.2806223366886
-2781.6806223366966
-127.68062233666629
249.31937766334218
1034.7193776633244
-796.0806223366567
-452.8806223366681
511.91937766333723
736.1193776633265
299.7193776633359
379.5193776633385
-100.68062233666086
787.1193776633405
1447.7193776633453
-674.8806223366604
-842.0806223366624
-578.8806223366684
-378.48062233666747
778.1193776633376
-1200.6806223366752
-1030.28062233666
-401.68062233666626
844.9193776633205
-470.68062233666046
437.31937766333783
1202.719377663347
-597.0806223366707
255.51937766333714
86.3193776633331
-1725.280622336652
-1744.6806223366896
-595.6806223366767
-2339.280622336659
-3819.6806223366843
611.3193776633374
291.5193776633303
-170.2806223366643
-495.28062233665514
-1200.4806223366759
1287.9193776633297
278.11937766334074
-608.4806223366661
-779.4806223366628
458.519377663334
1384.919377663337
1478.919377663344
-836.8806223366803
534.7193776633417
319.1193776633356
-524.2806223366536
-253.68062233665881
-1438.6806223366618
-543.280622336662
-35.08062233666686
992.9193776633315
-616.2806223366663
-532.6806223366634
-661.2806223366662
-835.6806223366417
685.7193776633436
158.5193776633394
-1251.880622336651
-1196.2806223366654
-11.480622336666407
-1416.6806223366416
-2320.280622336656
52.91937766333707
-951.680622336665
-2182.280622336667
-513.4806223366647
-202.6806223366645
1450.1193776633197
-903.2806223366538
-171.28062233666546
-729.4806223366808
-737.6806223366783
95.91937766333812
-1087.0806223366646
-515.480622336661
346.11937766334125
490.31937766334227
-274.080622336662
153.31937766333078
46.31937766334014
1574.3193776633295
-905.6806223366655
337.91937766333064
-1641.4806223366688
-1300.8806223366707
-1139.680622336669
-609.680622336664
49.119377663336905
1201.119377663344
-826.280622336662
-697.6806223366629
372.1193776633358
-389.6806223366559
-850.6806223366591
276.11937766333904
-911.6806223366559
-538.8806223366664
24.919377663339574
-647.4806223366515
-146.28062233665983
-1752.480622336669
-1403.0806223366653
-1203.680622336682
-1078.880622336657
-518.2806223366631
-821.8806223366637
210.9193776633377
-961.8806223366634
-150.08062233666504
-866.280622336662
133.71937766333937
-707.4806223366678
-496.8806223366646
-1819.2806223366638
0.31937766333970075
-43.080622336663275
-615.8806223366846
-14.680622336662294
691.9193776633317
-1153.48062233667
807.719377663332
-952.4806223366603
-980.2806223366657
1258.3193776633257
-120.08062233667502
-181.28062233666736
-1324.2806223366795
-1036.6806223366773
-2496.0806223366512
-1352.080622336671
-552.6806223366716
-329.28062233666554
-614.6806223366614
-21.680622336663273
-67.68062233666272
823.1193776633402
-770.880622336674
-538.4806223366597
-291.8806223366586
-1137.2806223366686
-1079.880622336657
-135.88062233666523
474.1193776633368
-1018.0806223366473
609.9193776633399
-638.4806223366585
-432.48062233666684
-8.280622336662415
-889.8806223366477
-1562.6806223366486
189.5193776633368
89.1193776633366
-556.4806223366529
-231.28062233666648
-48.280622336661914
355.7193776633406
-1710.2806223366674
1091.5193776633319
-1062.6806223366682
852.7193776633368
-799.2806223366812
280.51937766333447
-600.480622336668
-415.48062233667133
-1462.2806223366874
-857.8806223366701
-966.8806223366664
785.7193776633278
-902.6806223366737
309.11937766334086
308.5193776633368
-653.2806223366501
-653.2806223366628
-46.2806223366626
-662.4806223366679
-854.080622336654
1027.5193776633369
906.319377663336
1261.9193776633376
-282.4806223366578
-707.0806223366574
-840.6806223366593
338.7193776633389
149.31937766333732
-1028.8806223366523
-96.28062233666903
-15.880622336666583
446.3193776633387
-1782.0806223366455
1015.9193776633335
-1259.0806223366749
1018.7193776633352
419.51937766333924
190.51937766334336
-1760.08062233667
-570.880622336672
-1674.8806223366664
-1549.2806223366674
-728.8806223366657
-2296.2806223366674
-1335.0806223366594
-96.28062233665794
374.519377663341
-116.48062233666259
-1232.280622336658
-1142.8806223366705
-556.4806223366637
-1348.880622336672
-904.6806223366804
-568.280622336653
-48.48062233666373
-1028.280622336665
-1650.2806223366697
-252.48062233666218
896.7193776633383
982.3193776633332
-1904.4806223366822
-691.0806223366567
-781.4806223366619
266.5193776633342
-975.4806223366734
468.3193776633311
-793.4806223366619
-1110.6806223366684
242.7193776633315
429.91937766333893
-589.8806223366495
1082.9193776633242
-1236.8806223366605
-1834.6806223366555
804.5193776633292
-289.28062233666117
311.11937766333716
-234.68062233666782
-1507.0806223366528
-421.8806223366634
-934.8806223366591
-1495.8806223366669
-1602.480622336621
-1659.280622336666
557.9193776633311
-122.2806223366722
-299.4806223366759
497.91937766334
-307.6806223366707
-394.2806223366577
26.31937766333663
-190.88062233666437
-1104.6806223366743
470.9193776633371
-1007.2806223366686
193.1193776633372
-1596.8806223366678
-58.080622336662856
-45.68062233666142
-776.4806223366718
-458.28062233665014
-130.48062233666604
-428.88062233666477
186.51937766333543
-815.8806223366632
-1737.480622336674
1078.119377663338
1069.3193776633316
-326.0806223366643
-492.4806223366637
-526.680622336665
-268.6806223366676
-799.6806223366672
-12.480622336668521
1294.5193776633273
825.7193776633383
-239.28062233665182
-85.88062233666486
-604.8806223366657
-621.0806223366668
-414.0806223366634
-70.88062233666146
-221.28062233666387
-1500.2806223366608
78.11937766333729
-104.68062233666467
-1098.680622336654
30.51937766333674
-633.4806223366475
-2.280622336664468
935.5193776633441
41.11937766333935
289.51937766333816
-514.6806223366643
-582.4806223366686
-1031.2806223366622
-31.680622336657393
-853.8806223366632
-914.0806223366604
-29.880622336665585
-34.88062233666365
-164.28062233666017
-68.0806223366626
-341.88062233666255
-204.08062233667053
-566.4806223366521
586.5193776633347
955.7193776633419
-25.280622336656673
345.7193776633405
518.1193776633347
-878.2806223366657
-184.28062233666287
-1302.0806223366906
-1809.0806223366724
-847.280622336674
746.1193776633357
196.51937766333054
3.119377663334456
-11.280622336660795
-624.6806223366676
-644.6806223366613
225.7193776633395
162.5193776633344
661.519377663338
252.5193776633368
-451.8806223366724
-1936.8806223366976
-1214.6806223366564
-898.2806223366732
-1122.8806223366623
-561.6806223366618
-358.8806223366639
205.5193776633285
-226.68062233666183
327.3193776633393
60.51937766333536
-896.4806223366671
267.9193776633306
429.71937766332576
282.1193776633296
-291.48062233665814
435.519377663333
-556.6806223366737
-1190.2806223366756
-1815.0806223366849
-906.6806223366626
-698.2806223366595
268.11937766333375
535.9193776633368
384.7193776633372
-299.0806223366658
-1398.2806223366651
-139.2806223366618
329.1193776633309
509.5193776633386
1255.1193776633456
1221.1193776633302
248.31937766333758
-1002.2806223366578
-698.4806223366749
104.71937766332977
-767.6806223366596
-715.0806223366681
-1486.6806223366475
-650.2806223366543
-238.48062233666292
-520.6806223366649
-556.8806223366608
-1202.4806223366854
-76.08062233666496
-829.8806223366705
-1618.4806223366904
-692.6806223366592
-992.0806223366715
-1352.8806223366587
-171.68062233665805
414.31937766332993
809.1193776633371
-1023.0806223366656
-1222.280622336661
-647.2806223366647
652.3193776633327
-79.68062233666178
-555.2806223366645
554.5193776633492
-296.48062233666303
-518.0806223366676
-641.4806223366543
-478.8806223366649
966.5193776633345
-381.28062233665815
-1371.2806223366604
-472.08062233666226
-69.28062233666049
963.5193776633358
-598.0806223366601
-427.4806223366628
-649.880622336664
-19.680622336664143
304.11937766333534
-565.8806223366583
269.91937766333183
-106.48062233666556
-1362.0806223366608
-696.8806223366424
-1116.8806223366955
-873.4806223366498
-1040.6806223366648
-1150.6806223366598
-649.8806223366739
-482.88062233666636
-111.08062233666658
-860.6806223366558
1400.119377663343
603.7193776633437
51.719377663341625
1123.519377663352
-672.2806223366595
-1543.2806223366738
-642.8806223366614
-414.0806223366644
718.719377663336
-358.2806223366636
282.1193776633366
-20.880622336662775
-622.280622336667
-69.48062233666509
-1618.0806223366756
-1005.6806223366676
-1145.4806223366493
-632.8806223366678
-604.0806223366477
-999.2806223366651
-266.2806223366673
783.1193776633356
-1793.4806223366597
-1164.8806223366785
-1285.6806223366634
372.71937766333804
16.919377663333695
-2250.6806223366516
-2029.2806223366629
-647.8806223366663
-318.4806223366662
-1932.8806223366541
582.919377663341
269.51937766333873
998.7193776633468
437.91937766333984
-733.080622336667
-1396.880622336649
-364.08062233666186
-420.6806223366629
-737.8806223366628
-32.08062233666269
707.9193776633327
459.319377663335
-302.48062233665996
568.3193776633383
891.1193776633357
955.5193776633349
838.7193776633343
-69.08062233666044
224.91937766333004
149.11937766333747
-324.48062233666496
706.119377663332
-1308.2806223366513
131.11937766333733
-414.6806223366617
878.31937766334
724.11937766334
-734.4806223366605
-611.2806223366468
-50.28062233666492
70.91937766333491
-1477.4806223366743
-1132.8806223366585
-639.8806223366657
291.5193776633386
446.31937766333607
-124.48062233666414
-689.0806223366576
-505.0806223366632
543.1193776633266
792.1193776633315
555.3193776633291
-663.880622336667
-1278.6806223366923
-705.0806223366732
293.5193776633356
-187.4806223366544
-746.8806223366443
-1176.2806223366686
-1333.4806223366634
-716.8806223366511
-448.6806223366657
-1080.4806223366622
-6.080622336665719
-239.68062233666828
-900.4806223366629
-636.4806223366687
-382.2806223366608
-1646.6806223366539
-807.4806223366766
-65.08062233666345
-745.4806223366559
-426.68062233667376
-10.880622336665805
213.51937766333768
-517.6806223366643
-140.280622336667
388.9193776633599
-1046.0806223366708
-998.6806223366572
-718.8806223366638
469.1193776633298
400.31937766333476
235.71937766333124
-357.6806223366676
-334.8806223366657
176.11937766333998
493.7193776633392
1136.119377663345
881.7193776633245
522.5193776633406
1285.1193776633431
1329.719377663336
551.5193776633364
248.1193776633362
1052.7193776633499
1364.3193776633382
677.5193776633392
923.3193776633276
799.5193776633412
-416.88062233666415
684.7193776633453
846.5193776633362
60.71937766334247
-169.68062233666333
89.91937766333405
714.9193776633433
722.9193776633323
261.71937766334275
3613.5193776633328
1463.519377663311
986.5193776632765
1269.5193776633294
536.3193776633357
359.9193776633506
767.31937766333
293.51937766333367
1569.319377663326
638.7193776633121
1174.519377663339
1334.5193776633482
799.3193776633422
1425.1193776633386
1736.5193776633268
927.3193776633395
852.3193776633494
568.3193776633303
682.9193776633681
725.7193776633449
17.51937766334423
1338.5193776633776
1786.5193776633216
136.9193776633252
41.519377663323326
-807.6806223366568
-269.6806223366672
490.7193776633161
1111.7193776633285
187.51937766332895
2548.9193776633506
3080.519377663381
864.3193776633311
790.1193776633247
14.519377663334375
1221.3193776633204
112.91937766332552
708.71937766333
566.1193776633271
-854.8806223366587
-438.8806223366654
339.1193776633381
-900.080622336672
-1106.680622336672
-934.2806223366678
-908.4806223366775
-1307.880622336666
-1175.68062233666
-720.4806223366639
-249.68062233666444
-302.4806223366601
-210.88062233666557
-2067.680622336653
-429.48062233666485
692.7193776633274
552.5193776633419
414.3193776633485
-634.8806223366576
-553.0806223366626
954.9193776633418
2116.919377663354
1087.9193776633092
2950.5193776633564
2587.5193776633446
-139.68062233666166
-416.8806223366623
653.9193776633326
1556.9193776633404
598.7193776633305
539.9193776633213
522.3193776633307
-1751.8806223366864
-1118.6806223366532
77.91937766333544
-373.48062233666184
-1166.0806223366587
-512.4806223366734
853.7193776633384
-602.8806223366666
79.91937766333112
-722.4806223366642
-61.88062233666105
141.11937766334057
-1002.2806223366713
-2665.880622336643
-1634.2806223366733
-692.6806223366608
-931.4806223366652
-909.6806223366666
-496.0806223366634
-586.2806223366571
-808.2806223366606
588.5193776633271
38.3193776633409
175.119377663329
1359.1193776633293
528.7193776633302
-119.28062233665169
463.1193776633412
1517.719377663338
660.7193776633359
136.71937766333775
248.51937766334322
-369.4806223366637
-454.880622336668
-1250.6806223366405
-803.0806223366588
-411.8806223366691
-25.880622336664945
103.31937766333633
-723.6806223366649
-425.68062233666546
-1485.080622336649
-838.6806223366684
-1978.2806223366795
-1439.4806223366938
-832.2806223366618
-632.6806223366664
1058.7193776633233
1546.1193776633402
1339.9193776633358
1114.3193776633366
1238.5193776633173
-606.8806223366629
-173.28062233665992
-35.0806223366622
-292.68062233666467
807.319377663338
-857.4806223366663
-1338.2806223366697
-1085.680622336665
-349.4806223366551
380.11937766332414
101.71937766333829
555.5193776633243
1306.1193776633318
57.1193776633329
-668.4806223366588
-1375.8806223366691
549.1193776633405
481.71937766334247
-369.2806223366705
197.71937766334068
1271.5193776633298
560.3193776633354
983.319377663327
-448.4806223366777
374.9193776633353
386.31937766333067
245.51937766333273
768.9193776633269
-217.6806223366654
480.919377663333
741.11937766334
894.3193776633312
-90.8806223366586
396.9193776633271
187.91937766333797
-423.68062233666467
604.9193776633323
-775.0806223366703
-1534.4806223366593
-1075.4806223366602
-1066.880622336665
-628.6806223366649
-39.680622336657414
1.719377663341703
625.7193776633409
434.3193776633456
393.7193776633493
-635.080622336664
212.9193776633335
-1519.8806223366728
-760.0806223366582
-330.68062233666114
471.3193776633308
1223.5193776633425
632.7193776633401
-273.0806223366664
879.9193776633333
-150.0806223366625
-748.0806223366646
621.1193776633327
-1159.2806223366617
-457.8806223366615
-835.880622336666
-1484.6806223366605
-214.48062233666363
-201.48062233666582
-377.88062233665914
-430.6806223366666
-688.6806223366663
-1780.4806223366672
-774.0806223366645
270.11937766333875
-1460.2806223366633
-1522.8806223366544
120.71937766333664
-808.2806223366624
-1317.8806223366585
378.71937766334156
1069.9193776633274
-284.0806223366719
977.1193776633326
35.3193776633353
203.31937766333726
-325.88062233668364
510.71937766334315
50.319377663337
-840.0806223366591
-727.0806223366667
1316.719377663335
926.119377663335
41.719377663327606
886.3193776633293
62.31937766333655
79.9193776633422
980.3193776633416
-633.2806223366712
242.31937766334025
-24.08062233666463
-704.4806223366662
720.5193776633446
343.11937766333654
-1576.080622336674
-450.6806223366642
52.31937766333505
389.51937766333583
320.51937766333646
197.31937766333903
226.719377663341
-711.2806223366605
1301.519377663356
615.5193776633262
433.3193776633359
971.919377663337
22.31937766333435
-261.4806223366788
193.71937766333826
1289.119377663326
695.1193776633384
378.71937766333866
-1726.2806223366376
-316.2806223366652
-902.4806223366597
-672.4806223366647
429.71937766334486
368.11937766333733
-480.0806223366688
-40.48062233666502
-825.8806223366578
-476.2806223366658
637.1193776633444
-758.4806223366627
213.71937766332476
370.11937766333847
-2423.6806223366575
-445.0806223366645
1231.519377663334
2215.319377663354
694.9193776633373
874.3193776633424
938.1193776633334
556.3193776633473
1650.719377663329
1867.5193776633362
1410.5193776633316
104.51937766333717
-488.0806223366656
1430.7193776633433
1187.119377663331
1062.7193776633328
1671.9193776633147
639.1193776633319
-687.4806223366608
847.1193776633305
83.31937766333286
349.5193776633415
-225.280622336663
-292.4806223366702
-207.08062233666368
-770.6806223366682
398.3193776633406
171.11937766333796
-189.88062233665931
-1007.0806223366659
456.3193776633358
-584.2806223366642
-1203.880622336662
-424.6806223366563
238.51937766333765
545.9193776633346
-1582.0806223366753
-753.0806223366684
-919.48062233667
-407.480622336662
238.11937766334205
347.5193776633367
27.519377663331213
250.11937766333673
-1394.0806223366749
-501.08062233666584
1094.1193776633338
165.31937766333468
1571.7193776633198
-471.2806223366623
-1644.480622336657
678.719377663333
622.9193776633381
486.1193776633377
-373.2806223366609
-1748.0806223366735
-1117.0806223366624
-1189.680622336675
-212.68062233666421
-336.28062233666367
-602.6806223366713
-710.480622336667
1165.1193776633272
-416.6806223366639
895.7193776633417
89.51937766333893
-596.0806223366785
104.71937766332921
-570.2806223366633
691.1193776633272
-138.68062233666524
69.31937766334215
898.7193776633364
-117.88062233666103
-277.88062233666477
-482.4806223366628
-814.6806223366651
-1135.680622336681
239.51937766334098
-520.8806223366598
367.71937766333264
114.91937766333949
-808.0806223366661
1351.3193776633132
420.7193776633344
895.9193776633359
795.3193776633402
-770.8806223366614
-271.6806223366633
-501.88062233666193
-726.6806223366585
-348.08062233666084
-78.480622336661
-1095.8806223366687
1277.1193776633252
705.7193776633278
-185.88062233667114
-161.28062233666316
141.91937766333768
483.3193776633425
738.9193776633397
41.91937766333052
454.9193776633364
-869.2806223366574
85.5193776633349
184.1193776633393
163.11937766333727
-520.0806223366711
154.71937766333494
-485.280622336654
237.71937766333565
339.31937766333465
-337.6806223366625
-171.88062233666665
-1636.8806223366578
-591.8806223366646
-922.8806223366618
-358.6806223366681
-82.88062233666014
-294.2806223366611
-511.0806223366629
-811.4806223366663
-1238.8806223366696
-137.48062233666388
-1874.880622336646
-1834.8806223366491
342.1193776633339
1418.1193776633263
-907.2806223366737
-846.2806223366687
-135.08062233666942
296.5193776633374
874.9193776633392
-768.2806223366613
-563.4806223366713
-1722.2806223366847
385.11937766333807
-333.4806223366657
-553.2806223366676
-184.88062233666548
39.919377663335894
-618.0806223366747
704.9193776633236
593.5193776633301
332.31937766334096
-775.8806223366641
-654.0806223366591
-104.0806223366661
-724.4806223366697
-185.88062233666687
841.1193776633407
355.7193776633338
-1203.2806223366777
-424.6806223366665
-1343.2806223366638
-104.08062233666394
-3.6806223366606474
981.5193776633364
549.9193776633384
-256.68062233667746
-1194.0806223366533
131.71937766333428
-783.480622336672
60.51937766333911
729.7193776633353
647.3193776633348
-446.4806223366613
-1355.2806223366645
525.9193776633383
-1106.280622336669
-481.4806223366606
-719.4806223366636
-599.0806223366744
-132.68062233666757
766.7193776633386
295.519377663336
1040.3193776633366
-637.0806223366575
-1601.6806223366666
347.91937766333496
-279.08062233666425
-454.88062233666363
-274.88062233666915
-41.880622336660785
-194.0806223366638
-522.0806223366637
-545.8806223366615
-1060.2806223366538
1342.5193776633446
550.7193776633383
138.71937766333792
-404.68062233667683
-1531.0806223366988
683.9193776633283
-92.28062233666972
520.5193776633354
1727.7193776633271
2193.9193776633283
-15.880622336664427
-536.8806223366606
-35.28062233666122
-828.6806223366676
-1588.4806223366738
-1436.0806223366699
-1176.080622336668
69.5193776633374
182.71937766333716
353.1193776633348
773.319377663337
551.1193776633385
-926.680622336668
825.5193776633458
-50.48062233666292
-122.28062233666154
-538.8806223366647
-446.4806223366717
-95.88062233666943
-907.2806223366749
347.91937766334024
-189.88062233666383
174.91937766334075
-302.08062233666703
414.5193776633393
-718.0806223366935
-1911.8806223366573
506.3193776633295
805.5193776633357
2117.919377663352
1389.5193776633275
1435.3193776633493
368.3193776633375
-38.28062233666203
-497.2806223366652
591.7193776633409
-194.48062233666337
-309.880622336666
645.1193776633398
-367.4806223366803
-359.0806223366587
352.91937766333996
930.7193776633378
1585.319377663345
-1427.08062233668
-1706.4806223366622
-835.4806223366693
1350.5193776633323
547.7193776633425
1174.7193776633417
1717.3193776633118
-268.4806223366638
110.91937766333348
291.71937766334366
-596.080622336664
-163.0806223366617
1084.9193776633267
-2020.4806223366656
-2959.68062233672
1143.5193776633307
335.51937766333157
578.1193776633272
773.1193776633335
576.7193776633371
1678.9193776633351
257.5193776633362
-999.6806223366448
-740.6806223366755
421.3193776633378
1129.7193776633308
904.1193776633427
-755.0806223366895
490.719377663338
592.7193776633383
207.11937766333133
354.91937766333706
-1567.480622336663
-1234.2806223366695
84.319377663336
2003.5193776633255
809.7193776633213
727.5193776633402
-55.080622336668824
-873.6806223366469
46.51937766334112
-233.48062233665996
-1269.0806223366667
-632.2806223366566
651.7193776633287
-1556.8806223366491
-1655.2806223366413
609.7193776633397
-468.28062233666816
-1375.8806223366648
133.91937766333547
1364.9193776633304
2717.319377663334
-56.08062233666671
6.119377663334809
-405.4806223366573
-843.2806223366622
-81.68062233666261
-1670.6806223366573
-988.2806223366747
411.7193776633382
575.1193776633381
-135.88062233666307
68.31937766333698
-408.6806223366595
1346.7193776633248
9.919377663329946
1522.1193776633131
40.31937766333613
18.119377663340153
-701.4806223366631
-915.6806223366699
-266.0806223366628
1200.7193776633485
-657.0806223366627
-902.6806223366484
-303.2806223366636
-1527.6806223366116
-1310.680622336703
-175.08062233666624
-494.28062233666407
202.91937766333746
649.1193776633324
651.7193776633306
1024.319377663342
-1009.2806223366587
-1182.2806223366592
-643.8806223366702
-337.480622336665
-642.8806223366576
-1016.0806223366601
-20.280622336660407
-477.68062233666274
554.319377663333
-143.8806223366641
129.91937766333425
-990.8806223366664
-45.080622336662415
-760.8806223366586
1261.3193776633316
1591.3193776633466
104.51937766333562
-113.28062233666185
322.7193776633396
-994.480622336648
1235.5193776633416
-483.88062233666614
-1058.6806223366589
132.91937766333675
-2137.6806223367003
-1266.280622336653
-2049.6806223366343
-862.6806223366542
-1978.4806223366716
-663.6806223366623
419.5193776633386
708.5193776633326
792.7193776633212
1077.3193776633416
838.7193776633253
1765.7193776633114
-681.4806223366577
-771.4806223366674
-208.68062233666424
-80.08062233666209
418.9193776633332
808.3193776633448
1137.9193776633356
-424.4806223366522
1356.7193776633337
-227.28062233666697
426.1193776633507
1077.919377663342
-859.0806223366831
-1688.2806223366638
-278.88062233666705
197.31937766333255
313.11937766333244
207.31937766333965
-28.08062233666975
-869.2806223366517
-4405.680622336651
-737.28062233667
-1672.6806223366734
1058.319377663333
-916.2806223366632
173.91937766333717
-437.6806223366654
298.7193776633332
65.11937766333747
519.1193776633396
-125.08062233666797
1476.7193776633371
-434.0806223366564
84.11937766333827
963.9193776633334
741.3193776633318
1077.9193776633354
1084.9193776633315
639.9193776633249
716.9193776633346
2133.3193776633516
1048.9193776633374
1968.119377663361
952.3193776633283
-662.8806223366629
-665.4806223366661
297.91937766333035
398.51937766333197
-357.8806223366609
613.7193776633374
578.1193776633372
-114.08062233666288
-4204.080622336648
-1159.2806223366447
-1855.4806223366666
958.7193776633374
266.11937766334233
-47.280622336666134
-1775.8806223366794
-16.28062233666175
-335.080622336665
-94.08062233666263
417.91937766333206
-697.2806223366516
-234.0806223366751
728.1193776633385
1589.7193776633442
1433.7193776633221
458.3193776633354
916.5193776633222
1484.7193776633349
614.11937766334
608.7193776633383
-63.48062233665918
782.719377663335
497.9193776633373
-838.4806223366626
83.31937766334038
1038.7193776633612
1480.3193776633238
-1629.0806223366694
-105.08062233666992
680.5193776633321
1213.1193776633354
-1715.6806223366775
-729.2806223366645
-564.0806223366687
-761.0806223366603
322.31937766333976
241.71937766333542
-292.6806223366596
1577.919377663331
8.119377663336664
-562.8806223366616
997.7193776633442
43.31937766333636
914.3193776633377
1095.1193776633395
-22.68062233666115
581.3193776633359
106.51937766333536
-130.4806223366652
-767.4806223366539
-879.4806223366719
1589.519377663338
413.5193776633369
319.9193776633298
2225.1193776633454
868.9193776633294
-63.680622336662026
502.91937766334
368.7193776633279
-1358.680622336669
223.7193776633343
-28.080622336665375
1248.3193776633327
-2001.6806223366552
-1696.2806223366524
-544.280622336663
-950.8806223366447
-611.280622336674
-324.48062233666815
-147.08062233666558
684.5193776633387
418.71937766333815
-398.68062233666313
1030.7193776633326
818.1193776633369
-240.6806223366635
314.71937766332826
573.9193776633377
692.7193776633479
97.91937766333407
327.5193776633344
535.3193776633452
213.91937766333209
193.11937766333654
-244.2806223366688
-170.48062233666417
388.5193776633341
244.31937766333988
521.9193776633332
517.5193776633467
-770.8806223366674
225.91937766333018
-512.0806223366683
-1027.8806223366614
184.91937766333496
-2040.680622336678
-1759.8806223366707
-370.8806223366686
-862.6806223366704
-316.280622336664
-434.68062233666365
146.5193776633346
-496.28062233666367
530.7193776633362
-458.8806223366595
-1012.2806223366567
-57.48062233666166
407.7193776633327
512.3193776633335
964.5193776633364
728.5193776633425
592.3193776633398
-751.2806223366512
-297.4806223366621
418.7193776633417
235.3193776633355
236.11937766334162
953.9193776633327
-401.48062233666104
409.71937766333696
-470.2806223366655
-1369.8806223366532
-115.2806223366656
1310.5193776633175
-121.48062233665993
-327.68062233665927
-181.28062233665779
-2483.480622336659
-1852.0806223366546
-1247.0806223366621
-1565.0806223366678
-529.8806223366629
175.31937766333877
229.31937766334156
-1243.280622336669
-611.2806223366654
-608.4806223366663
-814.6806223366694
261.51937766333253
733.5193776633268
1069.719377663347
1050.719377663332
1990.7193776633096
1275.1193776633309
-560.8806223366719
-28.08062233666311
238.11937766333287
394.5193776633365
28.919377663339432
1439.919377663325
489.91937766333206
-27.880622336665454
-920.2806223366687
-423.48062233667406
10.919377663340171
693.9193776633363
456.7193776633327
-168.28062233666498
-959.8806223366602
-3603.2806223366606
-431.88062233666506
-452.2806223366591
-836.8806223366701
51.71937766333671
684.7193776633342
6.1193776633365715
-898.0806223366612
58.51937766333593
843.1193776633365
49.31937766333681
401.71937766333576
-461.880622336666
261.91937766333746
548.119377663333
921.1193776633326
509.71937766334264
-598.0806223366625
407.319377663338
-236.880622336659
-644.2806223366648
155.31937766333638
141.31937766333616
-307.0806223366633
964.1193776633389
1599.5193776633344
1611.5193776633287
-651.480622336663
-767.2806223366645
-429.6806223366599
288.91937766333785
-562.8806223366544
-2463.6806223366893
1348.119377663339
435.71937766333673
-344.28062233666
-763.680622336661
-632.4806223366708
712.1193776633386
-521.0806223366721
-1208.6806223366648
66.11937766333052
981.3193776633474
1935.519377663341
733.5193776633383
761.1193776633364
66.51937766333612
740.3193776633165
756.9193776633313
183.71937766333252
1032.3193776633364
1142.9193776633483
478.3193776633413
837.7193776633385
755.719377663342
586.319377663331
211.919377663336
221.3193776633343
4.3193776633343255
-75.48062233666101
576.519377663329
-624.4806223366602
1045.9193776633351
31.119377663336856
-1163.6806223366605
2435.9193776633456
736.3193776633378
-466.6806223366639
-63.28062233666212
-197.08062233666675
1022.3193776633289
224.51937766333572
557.9193776633357
424.11937766333415
82.91937766333552
517.9193776633276
-434.88062233666625
22.31937766334306
-564.4806223366654
113.51937766332898
-39.28062233666209
-260.0806223366623
395.9193776633436
1742.9193776633335
-243.88062233666702
70.31937766333564
422.71937766333554
1733.7193776633344
1229.5193776633187
-1140.0806223366562
-1279.8806223366644
-456.88062233666574
309.51937766333856
-1233.480622336664
323.9193776633374
-155.28062233666162
449.5193776633257
1906.1193776633288
539.9193776633358
-237.88062233667063
218.31937766333652
-274.4806223366633
-595.6806223366646
268.5193776633369
905.7193776633402
1017.1193776633282
419.9193776633369
1015.3193776633377
1443.3193776633254
1189.3193776633318
1297.9193776633367
681.3193776633198
781.3193776633192
679.9193776633323
335.31937766334244
1285.3193776633225
-538.8806223366604
1136.519377663334
837.7193776633429
1788.7193776633364
1677.319377663336
389.91937766334144
-94.4806223366626
-33.68062233666322
505.1193776633346
-675.8806223366607
-872.2806223366646
-673.2806223366629
-105.68062233666208
1936.9193776633326
911.9193776633424
397.31937766333874
-204.2806223366667
185.71937766333374
266.5193776633377
135.91937766333862
-860.2806223366717
-1171.680622336684
-678.8806223366635
-201.0806223366729
-695.8806223366598
-1099.2806223366745
-772.880622336665
-792.680622336661
-563.0806223366595
-75.28062233666721
-634.0806223366594
-103.48062233666447
-210.2806223366631
-560.0806223366612
-266.48062233666315
-198.48062233666633
-1378.6806223366607
-355.28062233666515
-149.6806223366632
-1091.4806223366736
-437.4806223366692
95.31937766333485
-3.4806223366624565
-518.880622336664
-127.88062233666508
1624.3193776633173
-66.48062233665715
-241.2806223366644
-640.2806223366673
16.519377663337345
-241.88062233666267
-112.08062233666388
-315.6806223366619
-312.2806223366598
52.9193776633388
-57.880622336664985
624.7193776633394
669.3193776633343
399.3193776633442
711.7193776633294
312.7193776633481
140.91937766333848
161.11937766333324
712.1193776633261
1110.5193776633555
432.319377663335
637.5193776633312
358.3193776633337
-675.0806223366653
343.51937766333543
236.51937766333836
-604.480622336663
-329.2806223366645
-9.480622336663608
455.11937766333926
1027.7193776633262
861.1193776633227
