-42.827382429925166
-464.8273824299297
861.5726175700743
1283.3726175700842
152.5726175700802
16.972617570072003
1012.972617570068
300.17261757006247
516.5726175700701
367.3726175700786
-227.8273824299293
134.9726175700738
482.97261757007254
-708.6273824299207
-168.22738242992773
-106.82738242992619
1153.5726175700822
673.3726175700812
-312.827382429929
-1286.2273824299348
33.972617570076736
-299.82738242992656
-299.62738242992293
151.9726175700788
-414.6273824299247
41.172617570074095
148.97261757007934
-723.4273824299299
71.57261757007637
893.1726175700693
757.7726175700778
482.17261757007816
-251.62738242992054
-439.42738242992374
745.3726175700681
1440.772617570076
809.3726175700799
-364.4273824299228
8.372617570073665
-113.82738242992227
38.97261757007755
-149.0273824299224
185.972617570078
418.37261757007417
688.3726175700766
-790.627382429923
-39.02738242992385
-155.8273824299241
-591.8273824299323
-183.82738242992593
131.37261757007676
-858.2273824299383
-659.027382429926
-1021.8273824299296
-474.4273824299256
-301.42738242992317
-800.0273824299289
-309.8273824299224
-1082.4273824299255
-680.8273824299218
57.572617570075984
856.9726175700752
958.3726175700727
1380.1726175700742
391.17261757007583
-145.22738242992247
-131.82738242992735
-499.42738242992436
-102.6273824299271
-365.8273824299223
-486.427382429928
549.5726175700698
462.97261757007334
345.3726175700746
1132.5726175700806
742.3726175700702
1166.7726175700723
769.7726175700615
-260.0273824299261
-494.02738242993087
-194.82738242992565
-70.82738242992542
21.172617570075516
-21.027382429923414
83.37261757007388
-317.6273824299292
-188.4273824299222
-347.0273824299225
-1214.6273824299242
-818.8273824299215
-628.227382429925
634.9726175700724
-179.22738242992793
-112.8273824299236
491.17261757006963
1287.3726175700635
441.7726175700778
1153.972617570071
-438.8273824299228
-1999.4273824299314
-1442.2273824299136
-1414.827382429912
-1384.8273824299376
-247.42738242992732
-118.02738242992592
415.1726175700768
897.972617570077
152.97261757007547
472.97261757007715
467.97261757007897
-209.8273824299265
-91.42738242992182
457.1726175700689
140.37261757007605
-532.2273824299297
151.57261757007646
556.3726175700648
982.1726175700776
670.3726175700807
-146.22738242992688
-458.8273824299238
-1114.0273824299234
278.17261757007475
713.7726175700699
149.37261757007542
447.9726175700779
461.37261757007093
525.9726175700755
0.3726175700715828
352.5726175700746
-136.62738242991912
-873.6273824299292
-987.8273824299258
-539.4273824299178
75.17261757007537
694.5726175700909
-267.0273824299258
-299.6273824299256
394.1726175700758
184.5726175700774
358.57261757007126
486.9726175700695
113.17261757007171
-881.4273824299258
33.772617570075575
-149.6273824299299
-1014.0273824299248
-710.6273824299249
-869.6273824299333
364.77261757008
-29.427382429924645
-445.62738242992805
51.372617570078305
326.37261757007855
187.37261757007843
-550.4273824299285
2.572617570076332
-99.4273824299251
-310.42738242992385
-60.427382429923085
675.972617570082
-692.2273824299266
-71.42738242992067
158.97261757007038
-31.4273824299273
147.97261757007618
-372.02738242993064
471.57261757007615
195.37261757007224
-178.42738242992624
-548.4273824299262
-425.82738242992644
-56.027382429919605
670.7726175700816
630.9726175700738
-1301.0273824299238
-706.0273824299233
84.37261757007315
205.5726175700767
448.57261757006825
634.9726175700763
-86.42738242991952
-395.8273824299329
104.57261757007566
-64.82738242992501
-390.4273824299299
-688.2273824299278
248.9726175700777
939.1726175700777
28.972617570073815
-403.02738242992643
-322.82738242992446
843.3726175700747
-811.2273824299293
-1487.8273824299347
-1012.4273824299266
-102.22738242992803
-58.627382429929014
12.972617570072131
-413.62738242992486
-1048.0273824299231
-538.427382429923
-1164.4273824299191
-1015.2273824299275
-1204.627382429928
-142.62738242992822
2843.3726175700613
1489.3726175700747
-930.6273824299225
473.9726175700699
922.3726175700688
1251.172617570089
282.57261757006074
237.57261757007322
213.37261757007406
584.3726175700721
-33.02738242992466
-1267.427382429942
-548.0273824299268
607.1726175700713
853.9726175700713
338.37261757007434
201.9726175700759
195.3726175700723
865.9726175700703
-1045.0273824299254
-390.6273824299263
-549.4273824299279
40.17261757006959
-1040.6273824299142
-175.02738242992453
-406.8273824299255
-1229.0273824299236
182.57261757007498
-580.0273824299228
-2190.0273824299416
-640.8273824299293
191.5726175700743
1838.172617570085
1824.3726175700879
-20.627382429923937
702.1726175700721
-407.027382429924
-369.227382429925
-1245.8273824299336
186.57261757007444
231.37261757007747
12.372617570072713
565.7726175700761
165.37261757007622
806.3726175700741
954.9726175700674
558.1726175700769
282.9726175700691
-779.0273824299236
-420.42738242992476
127.77261757007483
966.3726175700706
794.7726175700587
-637.6273824299254
-355.2273824299285
-1428.4273824299316
-905.0273824299261
-230.02738242992802
-219.22738242992426
-728.0273824299294
-245.22738242992816
-896.4273824299335
-564.4273824299262
585.5726175700752
1350.1726175700705
981.1726175700809
1959.772617570055
1585.3726175700826
-662.6273824299261
-607.2273824299272
249.57261757007677
218.9726175700717
142.1726175700682
111.17261757007029
-329.8273824299265
227.17261757007876
784.3726175700766
-219.02738242992953
-454.42738242992397
-120.02738242992305
-533.2273824299253
-476.0273824299238
-486.227382429925
-189.62738242992475
-990.8273824299271
-990.2273824299172
-297.4273824299306
-145.827382429929
-606.4273824299386
61.37261757007322
700.1726175700737
-850.0273824299254
-1343.0273824299247
-512.0273824299306
-1193.8273824299229
-268.427382429925
952.5726175700755
1439.972617570086
1287.5726175700754
416.3726175700779
-947.0273824299245
-379.0273824299222
382.9726175700701
-447.6273824299311
-1503.427382429923
-26.427382429923306
-335.22738242992443
-381.8273824299275
380.7726175700724
-1171.2273824299389
-925.2273824299101
-356.8273824299291
-554.227382429932
-370.8273824299274
-400.62738242992504
-909.4273824299279
-1149.4273824299298
-501.02738242992353
-429.0273824299273
-431.82738242993446
-556.2273824299301
-566.2273824299344
-192.8273824299226
19.97261757007471
-1304.4273824299337
-660.4273824299169
-714.0273824299194
-488.4273824299229
646.972617570069
2154.77261757009
161.77261757007636
702.3726175700617
1624.5726175700654
642.572617570075
-237.02738242992183
32.17261757007812
-247.8273824299339
506.37261757007593
67.77261757006902
-859.0273824299318
-28.62738242992419
-423.8273824299247
-311.4273824299266
-343.8273824299296
-321.02738242992535
-93.62738242991904
-801.6273824299242
75.17261757007708
274.37261757007644
201.3726175700748
-915.2273824299376
-752.6273824299241
-447.0273824299283
-536.0273824299206
-801.027382429924
-435.427382429924
-1002.4273824299189
-261.2273824299255
-574.0273824299358
888.5726175700702
759.5726175700798
1248.1726175700967
693.972617570075
2160.97261757007
1829.5726175700977
872.9726175700785
-343.62738242992475
-40.827382429925564
-50.827382429923354
-193.42738242992502
-39.02738242992532
-912.8273824299282
388.77261757007983
-204.4273824299362
336.57261757007154
49.3726175700734
-1288.227382429926
-784.4273824299223
-1318.8273824299215
-136.02738242992692
173.3726175700743
-323.8273824299277
-881.827382429927
-591.0273824299226
-899.8273824299243
-239.62738242992606
-309.62738242993277
-760.4273824299471
-1313.2273824299352
-402.8273824299339
8.172617570073811
1057.7726175700668
513.5726175700796
488.1726175700831
1292.3726175700754
1842.3726175700688
1797.7726175700589
234.37261757008122
-608.0273824299296
189.37261757006996
-409.22738242991903
-1118.627382429926
-108.42738242992564
583.9726175700744
339.3726175700707
-1810.8273824299354
-470.6273824299233
414.97261757007675
418.5726175700726
1067.7726175700866
-53.22738242992551
533.572617570074
533.5726175700679
437.97261757007783
-396.6273824299242
-567.8273824299199
336.7726175700757
1011.3726175700738
87.77261757006482
-229.2273824299387
-1237.8273824299267
-1276.6273824299305
241.17261757007327
1421.572617570066
1649.1726175700705
828.77261757009
1773.3726175700451
823.1726175700686
1330.7726175700732
-187.0273824299221
-1046.0273824299175
133.77261757006818
-447.8273824299326
-1676.2273824299164
-928.4273824299189
-547.2273824299286
-587.4273824299254
-1501.8273824299504
-477.6273824299268
123.57261757007163
-237.6273824299322
582.3726175700696
425.1726175700817
753.3726175700759
1591.9726175700637
1669.7726175700893
143.17261757006963
-246.0273824299166
-451.02738242992365
-1055.4273824299228
-1990.4273824298946
-429.4273824299269
289.1726175700755
-1172.227382429933
-139.22738242992637
833.7726175700722
1409.7726175700675
909.1726175700653
1947.9726175700876
-60.02738242992322
-329.8273824299306
-120.6273824299239
1.7726175700710805
488.77261757007784
-200.42738242992792
-1452.4273824299291
-1652.6273824299083
-1072.8273824299167
-1562.8273824299163
-292.0273824299267
50.172617570065356
38.37261757007644
-730.0273824299261
-509.8273824299302
-533.2273824299255
133.17261757007574
1453.9726175700737
748.9726175700782
-193.2273824299226
-364.6273824299169
-1432.0273824299172
-829.4273824299255
-822.0273824299301
-1305.4273824299325
-1362.4273824299191
-922.6273824299366
44.97261757007425
377.5726175700771
-190.82738242993054
-535.2273824299226
-108.22738242993279
187.37261757007155
-636.4273824299293
328.37261757007275
371.5726175700711
175.57261757007518
-1239.2273824299418
-1478.8273824299363
-1479.8273824299101
-1455.4273824299523
-1300.4273824299435
-52.827382429918785
-362.02738242992484
62.97261757007281
956.972617570081
58.17261757007344
-216.22738242992537
-471.6273824299252
1115.1726175700708
629.5726175700781
410.97261757006964
161.372617570074
-478.22738242992517
-295.027382429928
-282.02738242992166
-238.22738242992992
-1196.027382429924
-317.4273824299251
-122.82738242992457
-103.42738242991854
29.172617570071694
-441.827382429929
-592.2273824299261
23.97261757007343
270.57261757007836
840.772617570077
351.1726175700739
458.97261757006794
-451.6273824299175
-334.6273824299161
-1164.2273824299411
-1373.227382429931
-625.4273824299199
-264.4273824299209
-268.0273824299271
-496.42738242992556
-122.02738242992747
-613.8273824299275
-471.82738242992485
-374.22738242992307
1144.9726175700675
1003.9726175700749
815.3726175700675
-181.22738242992932
-572.6273824299265
-1640.6273824299187
-1092.0273824299247
-441.22738242991176
-1126.8273824299217
-700.4273824299255
-930.4273824299278
-1229.0273824299197
-977.0273824299342
-927.0273824299237
-97.02738242992287
-526.2273824299275
-253.22738242992395
1089.3726175700776
836.1726175700699
-31.427382429924457
-525.2273824299281
-355.62738242992896
-499.8273824299139
-735.4273824299279
-296.827382429924
-1360.4273824299373
-1171.8273824299424
-496.0273824299275
-330.0273824299246
185.9726175700768
359.972617570073
-1007.6273824299168
-40.02738242992528
214.37261757007286
453.57261757007404
-665.827382429925
-1512.4273824299169
-1851.027382429908
-832.8273824299233
-270.82738242993867
-771.8273824299306
-2121.027382429887
-949.8273824299516
-770.627382429934
-1112.427382429932
155.17261757008174
-261.8273824299283
-473.02738242992496
134.37261757007496
-197.027382429922
343.97261757007374
-870.427382429928
-1807.8273824299426
-531.8273824299285
-467.22738242992784
-81.22738242991744
-480.0273824299249
-1072.0273824299202
-530.4273824299331
210.57261757007365
103.9726175700743
652.9726175700724
-67.2273824299259
-521.4273824299258
317.9726175700778
-144.2273824299276
1124.5726175700831
93.77261757007295
-358.02738242992507
-637.6273824299276
-561.6273824299238
-269.82738242992065
-622.8273824299348
-1506.4273824299494
-839.0273824299226
-629.6273824299232
21.7726175700764
980.3726175700723
415.972617570073
-287.0273824299258
1077.5726175700754
-198.2273824299351
10.97261757007061
8.172617570078721
-1421.427382429903
-1090.62738242993
-807.4273824299313
-398.2273824299255
83.77261757007399
-335.22738242992324
-398.627382429924
-566.2273824299223
-288.0273824299245
73.1726175700756
-518.027382429934
592.3726175700652
-64.62738242992383
-97.02738242992848
987.3726175700683
-35.62738242992606
526.1726175700773
-586.2273824299273
-590.827382429932
-798.4273824299254
-497.6273824299258
61.972617570076295
-1315.8273824299436
-502.42738242992687
-1091.0273824299409
-968.6273824299158
218.37261757007252
-386.02738242992405
-299.62738242992486
-162.42738242992743
186.77261757007508
-532.0273824299288
80.17261757007329
-876.8273824299292
-198.82738242992676
-911.2273824299203
-1531.02738242993
-1784.0273824299425
-1069.6273824299255
-569.4273824299253
206.77261757007483
-119.02738242992547
-1586.4273824299028
-175.02738242992655
-711.827382429924
107.77261757007572
196.1726175700745
-763.427382429928
-310.6273824299286
-479.8273824299226
349.57261757007086
-900.4273824299205
-333.6273824299265
-287.82738242992417
-1896.627382429924
1233.1726175700762
420.57261757007365
-1132.8273824299336
-39.62738242993035
518.3726175700708
-367.2273824299255
-304.62738242992367
113.57261757007707
-773.2273824299239
-416.6273824299273
46.172617570079474
224.77261757007523
-79.02738242992437
-431.4273824299274
-585.0273824299308
-471.2273824299248
209.7726175700728
1204.9726175700662
960.9726175700827
-1128.6273824299203
-953.6273824299018
-306.2273824299231
777.9726175700716
-85.62738242992575
-113.02738242992325
-737.2273824299261
-844.6273824299235
-232.82738242992735
-381.62738242992754
-785.6273824299213
-1207.4273824299157
-1219.4273824299082
580.1726175700782
1012.9726175700767
44.37261757007381
-762.4273824299264
-816.8273824299312
-982.2273824299197
-442.8273824299251
-469.4273824299292
738.1726175700735
62.77261757007235
-1198.627382429939
-100.02738242992386
-17.827382429922167
1184.5726175700618
593.5726175700729
-618.2273824299305
94.57261757007396
131.37261757007846
889.5726175700715
-1589.6273824299321
-820.6273824299345
255.3726175700757
-615.0273824299259
389.7726175700708
259.7726175700703
-1316.2273824299255
-251.82738242992633
-487.0273824299275
167.97261757007607
-442.8273824299213
-1571.2273824299257
-158.62738242992458
21.17261757007506
-996.627382429927
-342.82738242992366
571.1726175700771
-207.62738242992864
-374.2273824299248
-578.0273824299239
-414.82738242991667
436.77261757007966
424.3726175700724
-1066.6273824299176
311.1726175700821
-1519.8273824299151
-526.8273824299262
-507.6273824299265
-182.82738242992303
252.7726175700743
-566.0273824299286
569.7726175700777
-1363.0273824299238
-1160.8273824299297
138.5726175700737
-1317.2273824299323
327.5726175700729
633.9726175700821
-1109.8273824299238
-227.62738242991986
-535.0273824299288
65.97261757007091
-149.42738242991584
-1044.027382429916
973.3726175700707
-288.2273824299231
-1471.427382429933
-79.22738242992665
343.77261757007415
-95.02738242992748
520.1726175700765
-209.82738242993213
520.5726175700756
122.37261757007552
-367.8273824299252
-565.6273824299303
-599.8273824299273
-2185.8273824299154
-1315.4273824299187
-775.2273824299305
-73.8273824299246
596.1726175700767
355.57261757007467
858.3726175700733
-501.4273824299242
-1574.2273824299587
-7.827382429927461
53.9726175700755
-1113.2273824299289
226.37261757007624
489.57261757007797
172.57261757007083
-746.0273824299278
-326.0273824299223
-271.8273824299274
-1406.4273824299294
-350.8273824299237
-829.6273824299288
469.1726175700713
467.37261757007707
289.17261757007464
129.1726175700753
-234.22738242992386
-1220.4273824299385
1683.172617570077
582.5726175700771
-657.0273824299262
-803.6273824299263
-814.4273824299256
-901.0273824299285
-1092.2273824299257
-1235.2273824299266
-897.4273824299206
11.57261757007349
429.3726175700737
1292.372617570073
849.1726175700777
-963.6273824299195
331.772617570077
-533.2273824299266
-1345.0273824299345
579.372617570075
1025.5726175700704
41.772617570077294
61.572617570072296
261.57261757007313
667.7726175700728
796.3726175700766
230.17261757007444
-691.4273824299299
662.9726175700794
-300.2273824299239
366.37261757007406
1129.572617570068
419.5726175700772
-855.4273824299306
757.3726175700783
-462.02738242993127
473.5726175700676
465.77261757006977
-985.6273824299199
-407.42738242992846
-438.62738242992504
-1336.0273824299284
-619.2273824299334
-809.6273824299187
-750.8273824299231
61.97261757007308
149.9726175700779
-532.627382429931
-42.62738242992809
-598.8273824299298
-122.62738242992246
102.57261757007478
-227.82738242992525
-296.8273824299287
314.77261757006636
-90.02738242992606
315.7726175700757
725.1726175700721
572.5726175700842
66.5726175700772
283.1726175700745
-432.82738242992247
279.9726175700801
1323.9726175700914
1585.9726175701014
879.3726175700943
178.97261757006922
164.77261757007486
1465.5726175700725
1052.5726175700727
72.57261757007629
-454.0273824299276
-382.827382429925
-511.6273824299279
-210.42738242992814
250.37261757007127
-604.6273824299298
-1611.0273824299168
-81.22738242992767
264.9726175700774
565.9726175700702
109.1726175700746
969.7726175700597
268.7726175700839
113.57261757007367
-168.22738242992557
382.7726175700752
824.3726175700801
701.7726175700767
342.7726175700723
444.57261757007694
1068.972617570067
388.17261757007645
327.3726175700776
669.9726175700771
576.3726175700739
1417.9726175700591
1033.17261757007
843.7726175700703
432.3726175700722
1148.972617570072
206.37261757007633
-234.4273824299288
-179.62738242992586
-499.0273824299264
-892.2273824299298
253.1726175700748
423.97261757007607
33.172617570078145
-689.4273824299293
1038.3726175700813
723.3726175700729
928.7726175700823
72.97261757007524
215.57261757007845
149.9726175700748
-406.82738242992457
-393.22738242992733
656.1726175700701
982.1726175700808
406.9726175700738
1543.1726175700676
1358.3726175700624
810.3726175700763
580.3726175700732
860.9726175700723
640.3726175700834
1820.572617570091
842.9726175700766
-265.0273824299203
961.9726175700705
-168.02738242992675
-715.0273824299244
-646.6273824299257
-228.82738242992616
-256.02738242992876
-5.427382429925277
-124.02738242992372
-211.02738242992328
-243.6273824299281
-245.42738242992363
1539.372617570078
1521.772617570064
180.57261757007458
690.5726175700762
-113.22738242992861
-99.42738242993103
-347.2273824299253
-966.2273824299335
-679.6273824299242
481.17261757006605
446.3726175700726
687.9726175700694
1857.5726175700672
1374.9726175700775
1592.7726175700752
1840.3726175700615
792.1726175700642
590.3726175700815
2335.972617570081
968.7726175700772
171.17261757007535
1045.9726175701048
902.7726175700808
-357.027382429931
873.7726175700681
481.1726175700806
-950.0273824299195
-729.6273824299263
655.9726175700663
-281.4273824299257
-370.2273824299239
137.17261757007503
1.9726175700708666
-489.42738242992795
301.37261757007207
401.57261757007376
62.9726175700743
181.9726175700754
316.77261757008137
-233.22738242992511
-366.227382429923
1045.7726175700552
1045.3726175700701
567.9726175700717
582.3726175700701
-95.22738242992767
842.7726175700764
1193.3726175700747
221.37261757007556
-177.82738242993634
-27.82738242992723
487.17261757007594
376.5726175700779
322.97261757007425
-168.02738242992916
13.172617570071118
1332.172617570079
970.3726175700701
620.172617570083
-1080.627382429921
-323.22738242992676
-113.02738242992578
789.9726175700716
2047.972617570079
1239.9726175700744
171.37261757007235
-707.4273824299232
730.9726175700765
1480.7726175700773
286.7726175700685
526.5726175700795
1311.172617570085
470.77261757007244
656.3726175700793
481.372617570075
350.97261757007504
966.7726175700774
497.37261757007343
-75.42738242992769
729.5726175700743
609.1726175700799
1955.7726175700886
1382.9726175700746
800.7726175700694
-249.42738242992434
977.3726175700666
812.1726175700669
1069.3726175700779
1287.9726175700757
1027.7726175700604
1229.1726175700703
1425.9726175700741
522.5726175700735
668.9726175700725
1233.9726175700714
652.3726175700823
589.77261757007
108.57261757007487
-547.2273824299222
738.3726175700641
1748.172617570088
873.7726175700702
-242.02738242991938
153.97261757007738
-368.6273824299284
-403.427382429925
-660.0273824299326
-411.4273824299249
84.57261757007467
106.172617570076
-795.2273824299263
-69.02738242992272
116.97261757007331
77.37261757007408
56.37261757007333
363.1726175700758
-1146.4273824299246
-1091.4273824299296
-785.8273824299248
-80.62738242992438
-44.82738242992362
-184.22738242992708
80.77261757007423
-240.82738242992326
164.57261757007615
417.97261757008414
774.5726175700642
670.9726175700732
1091.772617570078
629.3726175700772
262.77261757007955
342.9726175700786
249.37261757007525
339.9726175700859
-53.62738242992204
-309.2273824299273
216.17261757007822
-27.627382429925365
-179.62738242992762
32.772617570078296
-382.0273824299294
108.37261757007744
187.17261757007364
-446.02738242992285
-300.22738242992705
420.7726175700743
430.9726175700764
422.9726175700763
-277.22738242992654
-585.8273824299278
-341.02738242992564
249.37261757007317
218.57261757007282
-792.4273824299155
-650.8273824299359
-47.22738242992486
1306.772617570066
381.572617570076
-5.427382429925558
389.7726175700735
897.5726175700721
686.372617570076
1594.5726175700806
24.172617570072276
-1116.6273824299337
-443.42738242993
-568.4273824299208
-650.4273824299274
-639.2273824299302
-500.4273824299236
63.37261757007722
-396.6273824299232
-1114.2273824299336
-543.4273824299206
-187.62738242992208
-439.0273824299196
72.97261757007385
829.7726175700778
374.3726175700755
-407.0273824299332
224.7726175700776
453.37261757007957
973.3726175700701
955.1726175700813
100.3726175700765
-14.427382429923401
-594.0273824299221
851.572617570073
1061.5726175700706
421.7726175700745
741.1726175700755
683.9726175700791
232.97261757007348
-42.02738242992372
938.9726175700861
325.77261757007534
-240.82738242992397
-276.22738242992585
56.77261757007517
361.7726175700707
116.17261757007256
-649.6273824299304
-287.6273824299271
-34.027382429926135
-172.02738242992254
35.37261757007408
214.3726175700768
-48.22738242992609
-791.4273824299137
87.97261757007138
-709.4273824299299
-1733.6273824299174
-1271.4273824299394
-1205.2273824299182
59.3726175700765
-274.427382429923
-519.2273824299243
641.7726175700774
1247.972617570065
734.9726175700697
-638.8273824299184
-328.62738242993254
40.17261757007573
-275.4273824299208
-494.8273824299254
525.3726175700798
-87.02738242992376
358.57261757007893
538.9726175700791
211.772617570076
231.7726175700778
-472.2273824299275
238.77261757007346
320.5726175700753
640.172617570075
171.5726175700763
-65.62738242992626
-313.2273824299273
77.1726175700777
-234.22738242992256
-1915.4273824299198
-737.6273824299348
-614.6273824299366
-1136.427382429925
-658.8273824299303
-355.62738242992384
-842.4273824299247
-1327.2273824299077
-188.4273824299223
602.3726175700697
666.1726175700747
-394.62738242992225
-320.8273824299243
178.57261757007495
-217.82738242992906
-569.0273824299275
-692.0273824299297
661.3726175700717
-380.82738242992536
-761.6273824299226
90.97261757007266
574.1726175700753
263.57261757007745
605.5726175700738
91.37261757006958
-422.8273824299215
400.772617570076
-466.82738242992855
-271.8273824299181
-1552.627382429901
-1308.8273824299213
1342.9726175700696
157.3726175700744
-1435.8273824299313
-215.22738242993202
-388.4273824299275
-149.62738242993203
-723.4273824299307
-560.2273824299252
-1129.827382429931
-166.827382429926
351.97261757007874
-610.0273824299267
-479.62738242993146
232.9726175700736
538.5726175700777
233.77261757007702
167.37261757007647
-276.62738242992515
438.97261757007004
-704.2273824299247
365.77261757006124
694.372617570087
1036.9726175700741
-142.82738242992778
888.772617570074
256.1726175700751
-851.0273824299192
932.1726175700768
501.57261757006967
-724.2273824299209
-299.02738242992507
-1028.627382429929
-35.02738242992366
305.9726175700758
-1100.027382429946
-8.627382429927366
-1020.2273824299203
-974.8273824299301
-1359.8273824299247
-466.82738242992053
-938.0273824299376
-202.62738242992793
932.5726175700668
242.37261757007394
679.572617570074
681.9726175700694
638.9726175700703
795.5726175700753
-288.42738242992596
-601.2273824299241
69.77261757007335
1051.5726175700745
1281.1726175700453
374.97261757006424
624.5726175700701
-380.2273824299211
-284.0273824299253
32.97261757007095
-120.02738242992542
-323.42738242992357
718.5726175700787
561.7726175700792
158.1726175700745
-60.027382429925524
114.57261757007244
-765.8273824299248
-230.82738242992644
201.37261757007414
-1173.0273824299113
-904.0273824299263
-68.22738242992911
-348.0273824299284
235.77261757007477
1034.9726175700594
487.972617570078
686.3726175700797
1070.972617570068
-215.82738242992284
-30.22738242992447
1134.172617570073
370.37261757006524
-113.0273824299263
108.1726175700737
71.57261757007794
-453.22738242992483
218.77261757008182
808.972617570068
634.3726175700743
-162.62738242992424
427.7726175700753
940.9726175700691
-349.2273824299265
-191.42738242992422
1165.972617570076
-374.62738242992765
-630.8273824299309
321.37261757007496
-350.62738242992685
-1218.4273824299219
-1468.427382429924
-2192.6273824299215
-1097.8273824299217
-236.62738242992245
-614.6273824299317
-605.4273824299382
1266.9726175700703
472.9726175700812
394.77261757007034
1439.7726175700632
-21.027382429925844
274.9726175700776
1264.5726175700665
520.172617570079
113.17261757006906
502.7726175700765
-827.0273824299264
-806.4273824299221
486.3726175700657
562.372617570074
50.57261757008075
-27.827382429921578
-21.027382429927023
398.37261757007013
728.772617570073
21.572617570082876
1120.5726175700665
29.572617570071365
-790.6273824299291
266.9726175700713
606.1726175700821
-1959.8273824299426
-1650.8273824299351
-719.827382429924
-819.8273824299218
-867.827382429925
-32.8273824299288
100.1726175700733
1281.9726175700737
561.1726175700586
-261.0273824299228
1141.97261757008
876.1726175700823
1066.3726175700574
755.9726175700815
351.57261757008484
-2.2273824299221694
-192.6273824299251
30.1726175700757
192.97261757006987
752.7726175700747
46.97261757007124
-124.62738242992043
243.9726175700698
-208.42738242992746
-641.2273824299224
278.1726175700762
853.1726175700767
1997.3726175700538
48.77261757007744
-145.82738242992787
-482.6273824299254
-621.8273824299258
-1914.4273824299173
-669.6273824299153
-442.02738242992996
-596.0273824299124
-1003.6273824299316
242.37261757007522
740.9726175700871
877.1726175700807
561.3726175700783
-654.2273824299241
1076.9726175700746
734.5726175700726
1255.1726175700735
957.1726175700705
-557.4273824299195
-356.42738242992687
-570.8273824299226
-176.62738242992356
135.1726175700685
380.77261757007375
197.17261757007802
400.77261757006954
-133.62738242992953
-313.8273824299241
-281.62738242992157
470.77261757006715
1013.1726175700763
2168.1726175700533
773.1726175700802
-374.82738242992707
-769.0273824299188
-1553.0273824299304
-1678.8273824299213
-1062.0273824299284
-96.22738242992686
-692.8273824299256
-1030.0273824299209
780.5726175700757
1274.17261757007
651.7726175700826
1392.5726175700586
1100.3726175700756
1063.9726175700825
-743.4273824299217
406.5726175700726
1156.372617570077
825.172617570092
1465.1726175700746
587.7726175700873
318.5726175700764
127.77261757007146
603.3726175700684
226.7726175700745
317.37261757007474
767.5726175700768
1069.772617570082
700.3726175700793
1173.1726175700796
398.3726175700692
760.5726175700786
778.7726175700607
37.77261757007568
245.17261757007367
-881.6273824299362
-932.8273824299375
-1865.6273824299544
-590.8273824299159
-807.0273824299276
-953.2273824299253
799.7726175700678
1314.3726175700838
53.77261757008805
1012.7726175700882
771.5726175700728
867.9726175700686
237.77261757007528
749.3726175700692
577.9726175700769
-92.6273824299272
677.5726175700773
569.172617570077
18.772617570072278
485.7726175700698
914.3726175700633
210.7726175700723
389.5726175700644
-4.227382429927751
-484.0273824299251
-662.0273824299318
1122.7726175700464
1305.9726175700855
329.57261757006944
65.17261757006975
-482.2273824299259
166.77261757007753
-522.4273824299268
132.97261757008016
-2038.8273824299556
-1973.6273824299335
-1237.2273824299327
-377.4273824299238
990.1726175700783
1488.5726175700888
610.1726175700788
907.3726175700758
1375.5726175700686
759.9726175700796
1601.5726175700604
1180.1726175700724
307.97261757007243
-773.8273824299198
-607.2273824299278
-443.22738242992517
-440.4273824299276
270.37261757007974
-76.42738242992243
-234.4273824299272
351.5726175700838
-71.02738242992497
718.7726175700744
1034.9726175700812
646.7726175700672
201.77261757008398
690.1726175700633
595.572617570074
-786.4273824299325
-822.2273824299222
-1008.0273824299328
-584.4273824299255
-894.827382429922
-1273.6273824299221
-639.4273824299273
-651.4273824299247
252.77261757007636
59.77261757007214
622.5726175700656
1178.3726175700683
1521.7726175700775
1382.5726175700802
1998.5726175700572
806.172617570074
615.3726175700682
735.7726175700778
-509.8273824299333
-506.02738242992547
-686.0273824299219
482.57261757007996
148.3726175700719
370.97261757007715
1058.772617570071
1210.1726175700835
1547.5726175700659
1504.5726175700688
1636.7726175700523
165.37261757007812
1312.9726175700716
1098.7726175700757
-300.62738242992833
209.772617570073
-190.82738242992508
-503.62738242992714
-92.6273824299242
829.3726175700697
989.9726175700777
106.57261757007636
809.972617570074
353.9726175700745
1137.9726175700787
720.1726175700811
995.5726175700746
1525.372617570084
1940.9726175700775
1511.372617570091
619.1726175700778
-77.42738242992445
-1264.4273824299346
-1053.4273824299237
-580.8273824299262
796.5726175700727
709.1726175700715
392.97261757008243
740.9726175700672
1370.7726175700946
406.57261757007035
901.3726175700663
1202.9726175700762
-96.82738242992521
1111.7726175700864
951.9726175700592
-446.2273824299183
259.7726175700735
306.37261757007036
589.372617570073
469.9726175700795
397.9726175700712
1138.1726175700742
1013.572617570074
912.9726175700926
73.17261757007552
61.972617570069694
337.17261757007316
670.5726175700858
1051.772617570086
487.57261757007825
622.7726175700847
488.3726175700747
-454.22738242992347
-511.4273824299264
-348.02738242992467
-899.42738242993
-286.2273824299271
4.1726175700743156
94.7726175700746
239.37261757007656
641.1726175700717
92.17261757007834
844.9726175700794
831.9726175700762
179.97261757007402
263.37261757007764
1274.372617570069
242.5726175700744
-479.6273824299252
644.1726175700828
117.37261757007195
48.1726175700764
-259.027382429923
-1013.6273824299336
251.97261757007766
-62.827382429928456
-1208.027382429917
-83.82738242992221
146.17261757007714
738.97261757008
266.77261757007915
-5.627382429930499
923.7726175700752
996.3726175700649
-150.62738242992768
-135.0273824299261
-967.6273824299235
-350.62738242992305
-49.227382429921164
-542.6273824299226
948.7726175700883
827.3726175700778
1114.3726175700872
559.9726175700737
106.97261757007777
302.7726175700777
37.57261757007586
483.7726175700742
1197.5726175700777
650.5726175700773
124.37261757007727
688.1726175700741
-18.62738242992633
-746.8273824299331
639.1726175700737
-874.6273824299349
-588.6273824299299
718.9726175700657
-440.42738242992766
130.77261757007406
95.572617570071
462.37261757007985
836.7726175700795
705.772617570068
1391.772617570079
669.1726175700879
185.17261757008134
-401.4273824299294
-1022.2273824299303
901.3726175700808
-694.4273824299197
-369.02738242992183
1043.7726175700668
488.972617570083
1599.972617570085
431.77261757007045
88.172617570075
190.1726175700799
671.9726175700703
1833.972617570086
612.3726175700851
848.5726175700595
-1240.827382429923
-1537.2273824299111
-111.82738242992534
-530.0273824299277
-73.42738242992493
12.97261757007417
149.572617570077
237.37261757007124
1018.5726175700628
193.77261757008233
655.572617570066
-97.02738242992382
-430.0273824299264
-307.02738242992245
769.7726175700709
864.772617570066
893.1726175700768
-140.22738242992332
-1260.6273824299265
303.9726175700774
-867.2273824299278
470.372617570071
629.7726175700811
129.57261757007973
789.5726175700737
204.57261757007143
421.5726175700752
-129.42738242992544
1031.7726175700852
1604.372617570074
152.37261757007082
2130.9726175701007
258.17261757007316
-1128.227382429929
-346.8273824299212
239.1726175700771
15.172617570072923
470.17261757007714
518.7726175700795
29.772617570081902
412.37261757006445
835.5726175700682
903.7726175700748
817.3726175700677
506.1726175700782
718.1726175700834
787.1726175700873
1230.572617570083
1271.3726175701015
731.772617570067
-922.4273824299355
-284.8273824299259
-163.82738242992724
1387.1726175700696
512.9726175700696
657.1726175700753
430.37261757007235
15.172617570074529
-286.6273824299259
-102.62738242992661
-107.62738242993291
-61.227382429922784
298.7726175700768
1123.9726175700728
749.5726175700744
-215.82738242992284
-1184.4273824299187
-1481.8273824299215
-780.2273824299242
294.97261757006936
-64.22738242992142
1470.5726175700665
1086.5726175700786
-73.42738242992581
1369.7726175700834
1388.9726175700878
2027.3726175700672
1610.3726175700854
187.7726175700707
562.1726175700735
-181.0273824299312
466.172617570076
-1575.827382429931
-839.8273824299213
284.97261757007703
-130.6273824299249
1036.572617570076
964.3726175700745
-152.22738242992656
812.172617570069
431.97261757007635
1452.7726175700764
818.7726175700753
-459.027382429925
594.5726175700775
33.57261757007854
-1227.827382429934
-754.0273824299262
212.77261757007815
-982.2273824299202
-290.4273824299381
61.9726175700709
71.57261757007242
1081.3726175700674
1479.572617570074
-4.827382429925667
2100.172617570086
591.9726175700714
1128.7726175700716
1020.7726175700803
1366.1726175700717
1279.9726175700662
-621.4273824299287
552.372617570068
-989.0273824299215
-1605.2273824299268
-74.02738242992676
-1173.8273824299313
851.9726175700766
1017.1726175700778
-748.4273824299339
488.77261757007403
582.5726175700701
1498.972617570083
1286.172617570084
280.37261757006854
1666.5726175700859
-182.2273824299281
-1329.0273824299218
-85.02738242992194
84.3726175700736
-629.0273824299265
945.7726175700742
729.7726175700784
644.1726175700686
416.9726175700774
339.17261757007424
262.57261757007336
832.9726175700744
4.1726175700732355
877.1726175700754
887.3726175700771
1442.5726175700572
1740.5726175700595
338.97261757006805
741.3726175700784
-325.4273824299259
-1988.2273824299355
-417.22738242992335
8.772617570071482
-699.2273824299243
530.1726175700669
675.1726175700782
651.5726175700739
-50.62738242992873
250.972617570079
526.5726175700651
-253.02738242992308
-19.227382429922677
-815.8273824299324
216.37261757007266
115.77261757007619
-140.22738242992736
-569.8273824299282
200.37261757007371
-393.42738242992004
1654.9726175700778
993.972617570068
257.97261757007317
147.97261757006987
678.9726175700729
1112.172617570088
1051.372617570068
267.97261757007163
32.372617570078475
314.5726175700768
127.7726175700744
785.7726175700705
253.37261757007596
-1327.2273824299411
264.97261757007476
-193.02738242992237
-663.6273824299249
1074.5726175700709
912.5726175700644
421.3726175700727
484.7726175700828
104.17261757007667
333.77261757007756
1027.372617570088
-25.42738242992588
-1006.8273824299264
-80.22738242992952
-851.827382429918
-508.82738242992946
-297.82738242992275
-266.22738242993137
-1421.8273824299288
236.77261757007577
-728.8273824299215
530.1726175700727
831.3726175700667
-213.42738242992345
942.9726175700735
1131.9726175700741
-77.62738242992413
262.17261757007634
-522.0273824299261
-808.627382429913
-125.82738242992679
-338.4273824299272
-802.2273824299386
-103.02738242992885
-17.227382429927367
746.3726175700871
831.1726175700726
-101.82738242992403
-130.4273824299289
475.77261757007324
-702.4273824299344
-509.6273824299414
302.7726175700788
-123.8273824299292
-686.6273824299275
-968.2273824299131
-1624.8273824299115
-1322.8273824299145
-694.2273824299211
56.572617570075906
-581.4273824299254
-915.0273824299181
-1064.6273824299217
676.3726175700878
727.372617570086
502.77261757007625
510.5726175700721
570.5726175700678
461.97261757007294
571.7726175700749
319.5726175700754
-720.2273824299226
-1734.8273824299345
-332.6273824299223
-36.427382429925785
187.77261757008222
284.77261757006966
1443.1726175700965
889.1726175700766
176.1726175700768
-152.2273824299265
440.7726175700747
240.77261757007795
-264.62738242992043
-520.8273824299288
-781.6273824299278
-261.0273824299324
-1119.8273824299238
-1264.4273824299548
-1323.0273824299295
-2061.227382429912
-911.42738242993
-1023.0273824299215
-420.0273824299207
-433.6273824299273
784.9726175700727
201.5726175700809
195.5726175700769
379.172617570076
216.7726175700752
-133.0273824299273
785.7726175700712
182.17261757007165
-386.2273824299253
-1149.4273824299264
471.5726175700766
229.57261757007245
426.17261757007446
-404.22738242992665
126.97261757007632
347.1726175700751
-460.42738242992436
-500.22738242993734
592.772617570075
232.37261757007576
-927.4273824299248
-233.62738242992612
-553.8273824299235
-1108.8273824299224
-1388.627382429925
-1043.4273824299298
-1584.2273824299418
-934.6273824299146
-1673.0273824299272
-2447.2273824299205
-589.4273824299321
-1102.427382429927
-1014.2273824299207
-627.6273824299279
-74.22738242993256
-22.82738242993015
267.9726175700732
262.17261757006946
181.9726175700764
-284.8273824299234
-492.02738242992393
915.9726175700648
957.1726175700649
-390.027382429926
59.77261757007267
-564.0273824299265
-394.6273824299232
-598.6273824299315
-1041.627382429926
-722.4273824299396
-81.82738242992292
-696.027382429935
-898.0273824299261
-375.8273824299246
-1075.8273824299279
-631.8273824299175
-242.22738242991912
-1237.0273824299236
-1874.2273824299284
-779.2273824299275
-1495.227382429923
-1505.827382429922
-496.0273824299263
-137.42738242992598
-802.6273824299323
143.3726175700746
-172.22738242992574
-1378.2273824299198
-978.8273824299223
291.57261757007996
-589.4273824299233
-921.6273824299329
-492.22738242991977
-627.6273824299221
-980.427382429928
-125.62738242992566
193.1726175700764
40.37261757007846
184.97261757007334
390.372617570076
146.5726175700758
-68.6273824299258
366.9726175700791
-217.02738242992686
-854.2273824299253
-1529.6273824299333
-2881.227382429901
-1917.6273824299524
-1466.0273824299318
-2341.227382429938
-2894.6273824298887
-3277.627382429926
-2343.627382429941
-1571.427382429904
-1466.0273824299259
-1361.4273824299403
-748.0273824299267
144.57261757007439
-99.02738242992393
-203.82738242992366
-1468.8273824299226
-1183.6273824299121
-1163.8273824299208
-351.62738242992435
832.1726175700767
278.3726175700734
-355.62738242992515
-2766.427382429919
-1261.8273824299094
-500.0273824299257
-1381.4273824299328
-1249.6273824299112
-93.62738242992398
-193.2273824299242
-36.4273824299253
-472.4273824299406
-752.2273824299274
-100.22738242992912
-581.4273824299265
-1724.4273824299114
-1138.627382429942
-1293.0273824299375
284.17261757007293
96.37261757007246
-521.6273824299267
-1403.027382429921
-441.62738242992344
-248.827382429924
-44.82738242992842
-23.02738242993006
-750.8273824299185
-250.22738242993145
-37.02738242992953
-1050.2273824299202
-1076.4273824299323
-674.4273824299369
-1339.0273824299204
-1846.8273824299463
-2187.2273824299036
-1792.2273824299384
-578.2273824299239
480.17261757007645
-45.227382429925576
-1209.627382429909
-658.2273824299269
-574.6273824299341
-505.2273824299176
-764.0273824299258
-326.02738242993024
333.5726175700727
366.9726175700782
-1270.027382429922
-578.2273824299182
-458.8273824299241
-15.027382429928686
131.37261757007812
522.7726175700777
-1157.227382429921
-1241.2273824299332
-725.2273824299269
288.3726175700763
159.37261757007596
-1141.0273824299309
-339.22738242992966
-505.4273824299267
-299.827382429933
-519.0273824299237
-551.2273824299273
-787.0273824299219
-995.4273824299142
-1451.0273824299256
-785.8273824299296
-689.0273824299303
-806.2273824299268
-209.62738242992953
-581.4273824299236
-981.4273824299354
-333.2273824299284
-19.427382429928684
-107.82738242992858
396.57261757007524
816.7726175700788
1673.9726175700819
1097.372617570072
421.9726175700767
325.37261757007127
939.1726175700765
932.1726175700751
760.1726175700725
289.9726175700763
51.17261757007037
201.97261757007567
615.9726175700717
436.57261757007376
-1141.2273824299298
-246.22738242992438
232.9726175700769
1096.7726175700745
71.37261757007529
-373.6273824299278
-111.62738242992253
-62.42738242993092
-513.0273824299052
359.3726175700748
-1022.827382429928
-1888.6273824299083
-888.4273824299185
-722.227382429928
-1044.427382429919
-1068.4273824299257
-971.0273824299236
-434.0273824299277
-725.4273824299308
-619.827382429927
519.1726175700787
773.7726175700684
455.7726175700676
962.7726175700691
1786.3726175700835
1075.1726175700762
122.37261757007403
591.1726175700715
856.3726175700673
1473.9726175700573
973.7726175700742
-16.627382429926328
-324.2273824299237
-17.627382429925206
1307.9726175700757
863.9726175700797
357.1726175700744
900.5726175700777
948.9726175700725
83.97261757007632
-390.6273824299186
-95.02738242992214
-256.0273824299243
-689.6273824299166
-1131.4273824299187
-711.8273824299258
-426.22738242992546
-620.627382429925
-1526.42738242991
-985.427382429923
-751.0273824299198
-447.0273824299323
507.97261757008425
1320.57261757007
925.7726175700691
257.17261757007657
1893.3726175700763
553.1726175700761
-739.027382429931
-645.6273824299271
-974.6273824299208
-130.22738242992494
-432.4273824299291
-253.82738242992667
398.5726175700757
961.1726175700722
690.9726175700746
-986.6273824299356
-666.4273824299298
7.172617570073406
189.7726175700777
-286.42738242993073
494.7726175700726
-561.4273824299305
186.37261757007192
198.77261757007096
-373.627382429925
-285.0273824299258
-1169.22738242993
-957.8273824299296
-961.0273824299342
-317.2273824299245
-93.22738242992862
11.772617570078275
208.77261757007813
1106.7726175700695
646.5726175700813
-1472.627382429928
453.9726175700771
930.172617570067
426.97261757007476
599.7726175700844
283.9726175700649
-520.0273824299211
-580.427382429933
402.7726175700737
555.7726175700673
304.1726175700721
-448.0273824299321
-620.2273824299339
-263.2273824299291
-344.22738242992983
70.17261757007478
-187.22738242992713
949.172617570066
-252.02738242992544
-708.2273824299252
-171.02738242992456
359.972617570078
206.57261757007458
292.57261757007404
-351.42738242992505
-1122.0273824299268
-125.22738242992511
-147.6273824299264
658.7726175700708
-691.827382429906
-513.0273824299331
1616.172617570066
-61.027382429926234
-1158.0273824299236
1149.5726175700754
1294.7726175700604
1392.5726175700715
367.1726175700785
11.372617570077878
-388.22738242992057
240.1726175700728
385.77261757007443
-906.2273824299297
-849.827382429918
-520.8273824299241
-132.2273824299249
134.37261757007505
735.1726175700776
335.7726175700741
1234.3726175700747
-68.82738242992264
652.7726175700737
413.7726175700776
649.9726175700785
-831.2273824299244
466.3726175700765
172.9726175700733
-1157.0273824299347
890.1726175700792
1050.172617570091
97.17261757007677
293.7726175700782
-317.02738242992507
-88.42738242992662
-287.0273824299278
-1398.027382429925
667.7726175700701
644.1726175700644
799.7726175700743
-75.62738242992128
-170.42738242992527
-1296.8273824299067
-185.0273824299217
962.372617570074
39.97261757007169
-52.427382429925316
-440.2273824299263
-437.8273824299249
415.17261757007714
251.97261757007567
-310.4273824299309
628.3726175700682
1397.5726175700613
1383.7726175700557
137.37261757007536
-155.62738242992347
-899.2273824299265
-241.8273824299206
-248.02738242992302
-613.0273824299244
-254.42738242992755
919.3726175700815
425.57261757007626
101.37261757007407
129.5726175700744
-15.427382429923536
-1224.82738242994
-701.6273824299367
467.17261757007225
619.9726175700767
1103.5726175700654
1428.7726175700927
454.37261757007167
-238.427382429916
460.7726175700756
-122.42738242992885
255.57261757007296
136.97261757007797
-1337.2273824299464
-1338.0273824299097
547.3726175700745
695.7726175700685
61.372617570076216
461.7726175700771
259.57261757007456
-803.4273824299274
-494.4273824299272
173.57261757007646
781.5726175700695
117.77261757007292
504.1726175700834
418.1726175700787
-527.6273824299257
-239.42738242992908
974.9726175700712
-729.8273824299206
-1037.8273824299197
154.77261757007506
-408.42738242992596
-1298.427382429928
-741.0273824299238
-248.427382429934
746.5726175700836
1379.372617570076
625.1726175700743
-642.2273824299123
411.1726175700769
-803.627382429923
-393.8273824299268
360.5726175700761
-1141.2273824299118
-994.8273824299304
315.9726175700744
-30.22738242992594
-419.2273824299278
226.17261757007722
-609.4273824299307
-1300.4273824299298
-486.2273824299316
-106.42738242992408
-107.22738242992425
-281.8273824299234
-242.02738242992297
-223.22738242992517
356.77261757007636
-285.2273824299299
999.3726175700697
94.97261757007415
-709.8273824299282
669.1726175700699
984.1726175700662
-1515.827382429926
-812.0273824299263
124.37261757007509
-156.62738242992452
103.3726175700773
528.1726175700746
-492.8273824299302
400.7726175700742
-562.8273824299264
-715.2273824299299
293.5726175700713
-131.02738242992856
-408.2273824299279
-597.4273824299256
-751.4273824299203
-1049.2273824299318
-734.2273824299284
-45.627382429922406
-81.62738242992693
647.1726175700685
57.97261757007654
-359.42738242992624
197.57261757007444
-70.82738242992778
-807.6273824299224
-139.2273824299301
33.37261757008001
1240.5726175700709
-98.82738242992566
61.97261757007257
157.97261757007595
-623.0273824299235
-2061.2273824299023
-286.8273824299279
-455.62738242992674
-216.82738242993264
-23.62738242992694
375.3726175700785
-318.4273824299256
-34.82738242992586
-104.82738242992467
-689.8273824299276
1081.5726175700688
-8.827382429924086
-380.62738242992424
-423.82738242992673
-1450.2273824299248
-1070.827382429933
-807.0273824299286
53.97261757006716
488.97261757007834
322.7726175700769
375.37261757007593
336.3726175700759
274.17261757007225
302.37261757007485
-591.2273824299274
-656.827382429923
-244.82738242993057
1361.5726175700745
391.77261757007636
-1064.8273824299283
-778.6273824299186
-1317.0273824299327
-2265.0273824299015
-1181.6273824299176
162.7726175700756
153.3726175700684
524.7726175700719
1348.5726175700715
183.57261757007242
-66.6273824299336
1487.5726175700668
1154.5726175700959
1222.3726175700847
-1088.0273824299354
-817.4273824299278
134.57261757007595
586.7726175700742
1635.3726175700622
897.7726175700611
181.77261757007207
-325.4273824299279
-268.62738242992674
40.17261757007538
-115.42738242992834
762.9726175700886
922.7726175700701
-255.82738242992482
-147.42738242993076
-495.8273824299288
-153.42738242992345
-433.82738242993287
-1704.2273824299525
-601.0273824299298
-753.2273824299132
-1479.0273824299395
-2191.4273824299003
17.772617570064703
380.7726175700716
283.5726175700784
1394.172617570086
681.5726175700726
-532.8273824299293
998.7726175700608
1096.7726175700693
935.3726175700741
17.572617570076318
192.97261757007468
114.37261757006773
239.17261757007185
1266.9726175700703
1195.1726175700653
-125.82738242993028
-151.4273824299275
-54.8273824299329
-478.02738242993104
-352.0273824299312
-132.42738242992584
-564.8273824299262
-948.0273824299285
457.5726175700734
746.5726175700655
-518.4273824299221
-1224.4273824299255
-1764.8273824299456
-429.8273824299233
-700.8273824299322
-450.8273824299247
-1962.2273824299305
-1365.427382429911
-410.82738242992315
-181.42738242992633
696.3726175700756
1224.1726175700685
242.37261757008378
384.17261757007714
1025.3726175700767
332.77261757007926
940.5726175700743
616.7726175700785
-17.62738242992128
-631.8273824299237
-255.22738242992625
-36.82738242992658
-476.42738242993727
-324.42738242992203
-1220.6273824299296
-1040.6273824299387
-263.62738242992697
-510.6273824299274
854.9726175700722
935.1726175700893
335.37261757008275
-38.42738242992279
115.57261757008328
-83.42738242992579
-880.4273824299349
-64.02738242992172
-555.4273824299269
-377.0273824299244
-341.8273824299314
-804.6273824299193
-397.4273824299158
-1246.827382429904
-534.2273824299228
-196.4273824299227
559.9726175700717
531.3726175700824
702.5726175700689
23.17261757007583
243.77261757007074
-437.02738242992103
51.5726175700719
297.3726175700753
-427.8273824299361
59.17261757007492
-256.8273824299269
-24.22738242992418
-1091.6273824299305
-572.2273824299278
-8.227382429924237
-23.427382429927835
995.5726175700734
757.9726175700781
1173.572617570096
-60.02738242992583
463.37261757007525
229.97261757007792
-197.62738242992646
635.1726175700757
356.9726175700799
-177.82738242992315
-526.6273824299193
221.57261757007447
433.97261757007794
-1038.4273824299114
-155.62738242992432
445.7726175700738
1533.5726175700754
416.57261757007336
360.5726175700742
389.9726175700799
561.3726175700824
620.5726175700797
292.9726175700694
-77.62738242992839
-560.2273824299195
187.17261757007608
-101.82738242992575
99.17261757007564
-339.62738242992725
-397.0273824299245
-524.8273824299258
-96.42738242991713
-348.22738242992716
192.9726175700764
700.1726175700696
-588.2273824299234
12.972617570073062
-193.6273824299229
-1014.6273824299196
161.17261757007847
696.5726175700651
465.9726175700775
-630.2273824299289
-929.6273824299295
90.77261757007733
-210.82738242992323
539.572617570073
832.5726175700729
781.5726175700757
257.9726175700727
39.372617570077104
76.77261757007471
123.5726175700774
480.97261757008323
452.77261757007295
112.37261757007516
611.9726175700786
1562.7726175700702
-335.2273824299286
-432.02738242992814
-347.8273824299339
-401.827382429925
-1199.0273824299252
-973.2273824299244
-782.8273824299222
145.57261757007464
35.372617570075704
-809.8273824299243
-568.2273824299276
333.972617570073
-477.62738242992265
-609.4273824299349
674.9726175700795
-95.62738242992367
-649.2273824299199
-1378.427382429924
-1532.2273824299025
-73.62738242992302
345.57261757007615
-395.227382429936
48.77261757007437
141.37261757007593
659.3726175700745
-211.22738242992617
-537.4273824299219
548.7726175700708
88.17261757007427
-138.22738242992543
779.9726175700788
653.1726175700715
102.9726175700792
185.17261757007716
-968.0273824299243
220.77261757007807
-1004.22738242993
-700.2273824299291
-680.0273824299278
-689.0273824299339
-688.027382429929
-661.0273824299371
205.97261757007624
935.1726175700776
438.97261757007345
-285.8273824299264
809.172617570082
107.3726175700741
-997.827382429923
342.7726175700742
-875.8273824299313
-871.2273824299111
895.172617570074
-157.427382429933
201.17261757007523
141.97261757007556
916.7726175700753
1287.9726175700766
475.17261757007265
290.5726175700745
-1322.4273824299266
-725.6273824299265
189.77261757007415
272.3726175700741
1533.372617570061
-635.8273824299214
-1205.2273824299227
92.9726175700745
-784.6273824299227
60.77261757007429
-915.8273824299179
-887.8273824299276
-507.02738242992206
-0.6273824299232516
1183.3726175700906
-219.02738242993019
154.77261757007608
-1798.6273824299335
-1328.6273824299294
-393.227382429924
-772.2273824299168
-11.627382429928748
285.37261757007377
435.572617570076
315.7726175700768
612.9726175700772
-138.82738242992372
410.3726175700756
-349.62738242992816
-835.6273824299185
-450.22738242993023
2.572617570078293
-1214.82738242993
-490.4273824299256
236.57261757007927
105.57261757007595
918.3726175700735
-1002.0273824299186
-459.22738242992654
-175.82738242992164
-642.0273824299303
-338.02738242992746
-629.0273824299313
-168.22738242992594
-634.4273824299249
425.57261757007456
898.572617570063
-1317.6273824299271
1203.572617570077
5.172617570077541
-1110.6273824299176
-1073.6273824299237
40.172617570073385
447.17261757007776
877.1726175700796
981.1726175700757
-216.62738242992106
-518.4273824299207
-277.42738242992687
-129.427382429925
-635.0273824299262
-1432.2273824299307
-918.4273824299438
-159.22738242992523
-289.42738242992965
408.9726175700719
804.5726175700726
191.77261757007352
415.97261757008005
61.9726175700725
708.372617570079
199.37261757007647
681.7726175700757
14.572617570072804
19.77261757007286
-173.22738242992585
102.37261757007131
77.97261757007101
166.97261757007772
-345.4273824299218
497.9726175700767
644.7726175700745
7.972617570073467
-1450.627382429931
-838.4273824299227
131.77261757007508
532.7726175700742
95.57261757007294
945.5726175700735
330.1726175700791
-913.0273824299222
520.572617570082
193.17261757007591
-174.8273824299252
-630.427382429917
-1115.4273824299132
-279.82738242992406
-371.6273824299257
701.9726175700737
-208.027382429925
59.17261757007752
563.3726175700831
-561.2273824299247
701.5726175700767
919.3726175700772
-554.4273824299283
727.1726175700705
208.77261757007798
1134.172617570052
428.77261757007136
-388.8273824299241
495.1726175700773
-470.2273824299249
-1325.6273824299192
-736.2273824299242
94.3726175700759
-345.22738242992534
-114.82738242992602
-487.6273824299268
-185.02738242992626
333.5726175700761
660.9726175700735
-1078.8273824299297
968.1726175700661
-547.4273824299236
-702.427382429916
-933.8273824299214
-113.62738242992691
412.9726175700765
-783.4273824299286
549.772617570081
243.17261757007617
-561.0273824299281
500.3726175700752
-1103.4273824299314
784.172617570064
742.772617570071
-1150.627382429931
177.57261757007632
-248.22738242992565
-66.62738242992421
-150.02738242992746
-259.82738242992735
982.9726175700613
-838.6273824299234
-877.0273824299276
188.3726175700773
438.97261757007783
532.9726175700739
881.3726175700692
-81.62738242992671
126.37261757007927
-354.22738242992466
-451.027382429932
-738.6273824299163
-441.82738242992895
-1278.6273824299194
-391.4273824299217
-582.4273824299187
483.7726175700778
1162.5726175700681
46.572617570068246
640.3726175700745
913.7726175700758
-208.8273824299234
1077.1726175700828
1015.1726175700852
-280.0273824299264
141.17261757007742
295.9726175700762
501.372617570079
-719.4273824299268
-655.2273824299293
-503.4273824299221
-742.0273824299239
-356.6273824299257
-971.0273824299225
1177.5726175700684
786.5726175700744
690.7726175700819
943.5726175700729
519.3726175700762
-546.4273824299212
1605.3726175700774
1192.3726175700706
73.77261757006755
-418.2273824299223
130.7726175700726
916.1726175700721
545.7726175700772
-316.42738242992266
-391.427382429927
59.172617570074635
92.77261757007786
922.1726175700745
1522.372617570074
234.1726175700726
1394.5726175700597
361.5726175700733
-849.2273824299217
441.1726175700744
112.37261757007438
-344.0273824299244
-45.22738242992296
99.37261757008119
422.37261757007144
1047.972617570075
264.3726175700735
-508.227382429923
1091.1726175700778
763.1726175700718
971.5726175700825
1160.172617570072
129.17261757007773
-1290.0273824299115
877.1726175700804
405.1726175700766
493.3726175700757
82.17261757007361
-862.4273824299208
901.7726175700877
1179.1726175700758
-440.0273824299245
-739.427382429928
-976.6273824299423
-739.2273824299323
381.3726175700765
886.1726175700759
-537.427382429925
-148.2273824299255
-372.627382429925
-379.4273824299242
-112.62738242992702
-760.6273824299235
-411.0273824299286
14.17261757007521
-736.4273824299263
-255.82738242992903
534.3726175700752
171.9726175700727
-103.42738242992637
75.37261757007605
329.5726175700753
577.372617570076
768.7726175700751
644.5726175700739
-621.4273824299268
-472.2273824299295
-578.8273824299292
142.17261757007026
-516.8273824299266
-448.82738242992497
137.97261757007635
541.7726175700741
-15.627382429923733
159.37261757007363
228.97261757007757
-738.2273824299234
-1273.2273824299484
600.1726175700762
-429.4273824299199
-558.8273824299254
-477.22738242991943
861.5726175700601
952.1726175700668
488.37261757007275
308.3726175700764
127.97261757007476
-120.62738242992533
-397.0273824299301
-340.2273824299308
-312.8273824299239
366.5726175700747
20.372617570076383
766.3726175700756
358.1726175700739
-682.6273824299265
262.7726175700806
-512.627382429924
-66.22738242992253
-172.42738242991942
500.572617570078
-463.22738242992557
167.3726175700757
398.57261757007115
28.972617570078523
-813.0273824299238
425.9726175700731
289.1726175700779
-238.62738242992214
-1301.6273824299412
524.7726175700739
-972.2273824299177
-817.2273824299298
-1195.8273824299206
67.3726175700772
998.9726175700839
471.772617570077
671.1726175700715
1153.17261757007
560.572617570083
-531.8273824299207
443.7726175700767
248.17261757007446
307.57261757007313
821.572617570078
1383.9726175700634
701.3726175700752
1043.3726175700751
193.37261757007167
-996.8273824299189
18.572617570076016
-703.6273824299236
-634.0273824299253
-548.427382429927
394.37261757007485
459.7726175700705
537.3726175700702
38.172617570072404
283.7726175700715
-106.62738242992671
-470.427382429928
498.172617570075
680.572617570078
-1360.6273824299308
-745.0273824299265
-1318.4273824299407
-885.8273824299403
-159.22738242992511
-184.02738242992623
264.3726175700727
808.5726175700677
60.37261757007576
131.77261757007744
674.9726175700767
210.17261757007526
1167.9726175700791
2110.372617570074
1218.1726175700708
1011.1726175700825
1698.9726175700873
390.77261757008336
314.3726175700649
242.77261757007125
485.5726175700845
293.17261757007844
892.972617570082
306.5726175700773
-576.627382429931
-212.8273824299273
893.9726175700758
428.37261757007605
-64.82738242992345
-223.2273824299289
-739.8273824299262
-1002.4273824299196
-503.0273824299364
-195.22738242992313
-923.6273824299191
-777.0273824299297
240.37261757007968
626.5726175700806
669.5726175700721
1178.772617570073
867.3726175700839
575.1726175700802
-253.82738242992718
-1219.6273824299215
-0.027382429924484697
905.1726175700717
600.3726175700746
-38.42738242992843
-813.6273824299245
-61.82738242992032
382.97261757007396
-243.62738242992543
-469.2273824299221
558.7726175700699
935.1726175700871
553.1726175700725
805.7726175700782
-323.4273824299261
-422.4273824299265
-415.2273824299249
57.97261757007625
485.7726175700723
-639.4273824299341
-1049.627382429935
