-28.027382429925026
-330.82738242992673
689.1726175700754
1020.7726175700802
121.57261757007558
155.5726175700722
933.9726175700739
358.7726175700643
506.5726175700703
376.572617570079
-131.42738242992854
143.37261757007496
375.57261757007456
-471.4273824299226
-2.4273824299263964
169.772617570074
1110.1726175700708
826.7726175700773
-5.227382429926742
-901.2273824299263
-44.427382429924194
-383.22738242992546
-495.82738242992286
63.772617570077394
-310.42738242992374
84.37261757007474
251.57261757007797
-439.227382429927
136.77261757007687
730.3726175700726
565.9726175700755
294.9726175700763
-261.02738242992314
-344.42738242992357
712.572617570071
1144.5726175700709
550.7726175700733
-230.82738242992266
109.37261757007303
-71.02738242992392
-38.8273824299242
-127.82738242992312
266.37261757007684
499.17261757007475
707.3726175700775
-423.0273824299229
78.57261757007527
20.772617570076285
-368.2273824299295
-36.42738242992422
164.57261757007495
-697.6273824299316
-701.4273824299282
-1084.22738242993
-626.2273824299245
-393.6273824299246
-766.427382429927
-315.6273824299233
-759.8273824299223
-521.6273824299251
94.77261757007625
668.972617570077
694.1726175700753
892.972617570076
156.17261757007716
-134.2273824299227
155.97261757007325
-199.42738242992462
-101.82738242992646
-341.8273824299225
-328.82738242992764
302.3726175700718
216.77261757007312
294.5726175700741
1067.372617570077
809.37261757007
1201.5726175700806
867.372617570065
21.972617570074505
-169.02738242992825
-42.627382429925134
-5.227382429923942
-33.82738242992526
-41.027382429923904
-78.62738242992597
-312.02738242992905
-186.02738242992316
-364.227382429921
-1042.6273824299258
-807.8273824299248
-380.8273824299228
758.3726175700718
128.77261757007338
70.57261757007572
420.17261757007276
919.3726175700705
259.172617570078
932.3726175700733
-161.62738242992242
-1503.6273824299356
-1156.8273824299247
-1245.4273824299164
-1158.627382429931
-348.62738242992657
-163.6273824299258
437.3726175700766
822.5726175700768
115.77261757007594
491.9726175700769
501.3726175700761
-115.22738242992739
1.7726175700774007
209.17261757006995
-121.8273824299236
-675.0273824299269
-66.82738242992328
459.9726175700659
863.9726175700758
451.97261757007715
-195.42738242992743
-381.6273824299228
-1058.6273824299196
124.5726175700735
531.1726175700728
199.57261757007686
357.5726175700779
195.1726175700713
259.772617570075
-88.62738242992768
446.9726175700711
211.97261757008036
-608.2273824299293
-759.8273824299251
-509.4273824299186
87.77261757007491
663.572617570088
-178.82738242992576
-167.02738242992456
352.1726175700762
29.97261757007678
192.372617570072
325.972617570072
-42.22738242992842
-984.0273824299286
-376.4273824299244
-442.6273824299294
-1078.8273824299254
-802.4273824299288
-576.8273824299288
410.97261757007783
-231.82738242992517
-553.4273824299266
15.772617570076548
4.572617570077952
-110.8273824299223
-443.2273824299259
147.57261757007703
34.17261757007612
-388.0273824299247
-61.62738242992393
564.3726175700826
-326.22738242992443
249.17261757007816
280.7726175700744
-76.62738242992414
-116.82738242992278
-334.22738242992943
385.972617570078
98.57261757007598
-185.2273824299275
-387.8273824299266
-305.0273824299258
-106.82738242992181
583.3726175700804
476.77261757007346
-1151.4273824299214
-587.027382429929
-72.62738242992747
-42.22738242992379
296.77261757007045
700.1726175700752
-10.027382429919562
-549.4273824299299
-233.62738242992404
-12.427382429925771
-477.6273824299274
-854.4273824299296
211.17261757007773
849.5726175700795
153.37261757007442
-390.02738242992564
-197.6273824299239
823.972617570076
-492.62738242992873
-920.0273824299301
-796.4273824299271
-283.42738242992607
-398.62738242992805
-149.2273824299279
-397.2273824299251
-832.8273824299229
-558.4273824299246
-1043.4273824299223
-742.8273824299276
-957.4273824299254
-102.22738242992715
2267.1726175700674
1358.7726175700677
-453.627382429922
505.57261757007115
790.7726175700698
1051.172617570087
323.7726175700678
112.57261757007518
-199.62738242992617
186.97261757007382
45.37261757007551
-1190.2273824299355
-620.4273824299291
320.1726175700737
591.9726175700691
407.9726175700757
45.372617570075164
154.9726175700728
864.972617570073
-677.827382429923
-238.02738242992623
-564.0273824299277
-296.6273824299295
-1193.2273824299198
-203.42738242992402
-310.427382429926
-1062.027382429926
142.77261757007395
-452.6273824299216
-1583.4273824299303
-368.82738242992804
215.37261757007377
1590.3726175700833
1532.3726175700829
149.17261757007495
734.9726175700741
-179.6273824299239
-271.82738242992366
-1260.6273824299278
-193.42738242992448
-294.02738242992405
-350.0273824299278
330.77261757007483
-191.22738242992403
508.9726175700765
603.1726175700688
309.97261757007726
454.97261757007396
-503.4273824299242
-200.42738242992422
320.77261757007426
887.1726175700724
669.3726175700623
-528.6273824299282
-350.02738242992643
-1341.2273824299284
-882.2273824299248
-311.0273824299292
-318.0273824299242
-434.22738242993074
-165.827382429927
-702.6273824299288
-330.0273824299246
839.7726175700762
1496.9726175700694
920.3726175700784
1602.9726175700616
1146.3726175700822
-508.0273824299281
-302.0273824299238
26.17261757007654
-338.0273824299293
-277.02738242993104
-84.22738242992904
-236.02738242992623
222.57261757007606
656.5726175700745
-295.6273824299277
-525.2273824299209
99.57261757007632
-168.42738242992436
-163.8273824299231
-217.8273824299248
-122.62738242992488
-724.0273824299243
-979.4273824299249
-402.6273824299303
-515.4273824299278
-920.6273824299333
-207.8273824299264
430.572617570076
-738.6273824299255
-1110.6273824299244
-514.2273824299261
-1057.6273824299235
95.1726175700748
1248.5726175700754
1345.3726175700797
996.1726175700818
202.772617570078
-834.027382429924
-200.6273824299222
62.77261757007132
-949.627382429929
-1717.2273824299211
-270.82738242992286
-475.02738242992524
-412.8273824299262
238.57261757007117
-989.6273824299341
-917.4273824299137
-317.4273824299287
-366.0273824299299
-203.22738242992745
-391.4273824299256
-876.2273824299243
-1158.0273824299268
-741.8273824299209
-658.6273824299267
-595.2273824299332
-702.0273824299298
-672.8273824299309
-441.02738242992643
-149.62738242992594
-910.2273824299298
-525.8273824299207
-611.8273824299207
-83.62738242992393
861.1726175700716
1890.772617570089
216.5726175700774
634.972617570066
1394.97261757007
520.7726175700755
-410.6273824299228
-472.82738242992303
-707.2273824299306
34.17261757007704
-202.2273824299299
-979.6273824299327
-330.8273824299241
-346.42738242992584
-273.2273824299256
-249.02738242992763
-410.62738242992475
-303.4273824299192
-834.8273824299254
-44.027382429923904
30.572617570075522
152.57261757007598
-697.6273824299353
-483.02738242992234
-280.4273824299286
-699.227382429923
-1162.0273824299259
-654.2273824299236
-927.2273824299207
-313.22738242992375
-537.8273824299341
713.572617570072
640.9726175700777
1120.7726175700927
435.17261757007225
1630.5726175700709
1511.5726175700886
655.3726175700774
-304.0273824299252
-102.02738242992561
-5.627382429922751
-193.227382429926
-67.82738242992473
-1013.0273824299247
-130.02738242991958
-205.0273824299318
338.57261757007325
162.77261757007363
-1022.0273824299296
-785.6273824299258
-1163.6273824299212
-66.22738242992574
225.5726175700755
-51.02738242992665
-483.22738242992625
-393.4273824299266
-483.8273824299251
-237.4273824299254
-567.027382429932
-938.4273824299398
-1426.4273824299323
-724.827382429932
-391.0273824299287
748.7726175700719
490.37261757007883
616.1726175700825
1136.372617570074
1570.772617570072
1692.1726175700621
416.7726175700808
-313.2273824299277
238.37261757007136
-208.02738242991995
-847.2273824299274
-112.827382429925
233.17261757007316
243.172617570071
-1551.627382429929
-542.0273824299253
295.1726175700759
416.1726175700734
1017.7726175700806
144.37261757007562
408.97261757007436
410.57261757007166
296.3726175700749
-305.4273824299258
-599.6273824299219
325.1726175700752
799.1726175700736
37.57261757006693
-403.8273824299354
-1187.627382429932
-1374.827382429923
-162.8273824299265
1055.1726175700749
1326.5726175700709
981.7726175700836
1873.5726175700547
1122.9726175700707
1326.572617570076
-39.02738242992392
-574.027382429922
303.5726175700698
-464.6273824299325
-1403.4273824299194
-859.2273824299207
-763.0273824299258
-439.027382429926
-1353.0273824299443
-785.2273824299272
-277.62738242992845
-340.82738242993213
690.9726175700715
666.9726175700805
451.97261757007635
1194.1726175700767
1110.3726175700808
-13.827382429930587
-470.8273824299168
-584.0273824299229
-1118.0273824299252
-1547.6273824299037
-174.02738242992615
348.77261757007483
-830.4273824299358
-151.62738242992606
580.7726175700752
1081.1726175700649
1059.7726175700705
2147.7726175700795
331.7726175700782
-339.22738242993086
-319.8273824299227
-106.6273824299284
256.77261757007676
-350.0273824299289
-1380.627382429931
-1607.2273824299118
-1421.8273824299217
-1613.2273824299161
-399.6273824299272
-165.02738242993252
-336.2273824299228
-787.4273824299254
-283.4273824299288
-178.0273824299259
71.57261757007528
1236.3726175700765
503.5726175700753
-363.82738242992116
-512.4273824299181
-1353.627382429921
-839.4273824299282
-631.4273824299308
-974.02738242993
-845.0273824299209
-562.027382429928
85.97261757007321
-48.42738242992294
-462.6273824299286
-267.4273824299244
524.5726175700705
372.3726175700736
-659.4273824299273
-77.22738242992699
91.77261757006978
-41.82738242992389
-1145.8273824299363
-1145.2273824299339
-1413.8273824299129
-1716.4273824299376
-1600.0273824299406
-250.2273824299188
-378.6273824299254
-16.42738242992686
537.9726175700762
-129.8273824299265
-40.02738242992564
-542.4273824299263
939.3726175700632
465.572617570076
80.57261757007225
-93.42738242992738
-507.42738242992533
-378.42738242992607
-383.2273824299237
-368.4273824299286
-804.2273824299219
-221.02738242992552
-188.42738242992456
-562.6273824299193
-553.4273824299283
-284.02738242992933
27.972617570073425
367.97261757007345
284.9726175700768
410.5726175700753
195.57261757007393
201.37261757006854
-467.42738242991777
-266.02738242991944
-1037.4273824299316
-1380.0273824299356
-927.2273824299235
-415.42738242992147
-258.82738242992434
-469.42738242992687
-114.62738242992718
-631.4273824299274
-251.0273824299252
-576.6273824299238
869.1726175700733
815.9726175700773
334.5726175700719
-420.0273824299272
-559.8273824299268
-1332.2273824299193
-918.0273824299231
-680.0273824299177
-920.2273824299284
-533.6273824299262
-1006.6273824299245
-1549.6273824299246
-1187.627382429926
-712.2273824299256
32.37261757007637
8.172617570071719
-18.627382429924747
740.9726175700738
755.7726175700742
36.97261757007514
-630.4273824299277
-381.0273824299292
-552.0273824299188
-572.6273824299279
-300.6273824299243
-1045.0273824299366
-888.0273824299381
-594.0273824299288
-294.627382429924
173.77261757007756
522.9726175700742
-768.0273824299155
-51.82738242992547
-44.627382429928836
-22.227382429925985
-793.4273824299265
-1222.0273824299227
-1306.0273824299072
-759.827382429928
-631.227382429937
-917.2273824299293
-1861.0273824299027
-919.0273824299481
-933.4273824299331
-1101.4273824299346
258.57261757008024
-94.22738242992685
-85.2273824299248
267.1726175700748
-175.2273824299238
363.9726175700737
-651.4273824299272
-1647.427382429937
-512.6273824299263
-419.42738242992675
-145.2273824299191
-178.8273824299245
-634.0273824299225
-481.22738242993216
15.772617570074893
12.57261757007469
391.97261757007476
47.372617570075064
-76.42738242992581
242.97261757007544
-357.0273824299266
744.5726175700843
56.57261757007475
-270.62738242992543
-538.0273824299275
-672.2273824299231
-611.8273824299214
-636.0273824299312
-1325.0273824299454
-578.2273824299315
-352.22738242992614
246.17261757007583
998.372617570073
460.7726175700755
-192.82738242992465
750.3726175700717
-244.2273824299339
48.57261757007228
1.1726175700781098
-1188.8273824299163
-830.0273824299321
-529.8273824299259
-351.2273824299245
262.97261757007453
-188.4273824299244
-298.8273824299239
-341.62738242992555
-122.62738242992447
-112.02738242992532
-290.62738242993316
777.9726175700722
-32.42738242992449
-117.02738242992692
933.3726175700638
12.572617570074478
370.37261757007644
-473.2273824299266
-613.4273824299291
-988.8273824299266
-511.42738242992675
87.97261757007536
-961.6273824299334
-241.6273824299263
-601.4273824299323
-593.6273824299176
206.5726175700732
-341.2273824299222
-195.62738242992475
89.17261757007192
300.97261757007516
-211.42738242992738
337.3726175700728
-502.0273824299292
3.7726175700726436
-643.4273824299222
-1229.2273824299248
-1626.827382429931
-920.4273824299246
-471.0273824299251
157.5726175700758
-130.02738242992515
-988.4273824299106
-123.4273824299258
-703.0273824299234
-26.227382429924617
193.77261757007486
-749.2273824299249
-299.4273824299275
-314.0273824299247
262.1726175700736
-864.8273824299222
-210.0273824299258
-110.02738242992544
-1602.8273824299247
1047.1726175700762
444.3726175700726
-753.4273824299315
-91.42738242992891
222.37261757007278
-69.82738242992524
159.17261757007597
56.772617570074075
-628.0273824299237
-392.2273824299269
76.5726175700776
337.3726175700766
-196.0273824299245
-612.8273824299255
-718.8273824299292
-576.8273824299256
26.772617570073006
876.7726175700664
662.1726175700785
-766.6273824299226
-911.0273824299102
-711.8273824299206
364.17261757007486
-37.427382429926254
-229.82738242992522
-631.4273824299283
-569.2273824299233
-118.22738242992867
-332.6273824299264
-559.2273824299197
-967.6273824299161
-1271.0273824299168
290.1726175700761
839.172617570076
144.17261757007333
-466.82738242992696
-819.2273824299316
-789.2273824299217
-300.8273824299239
-465.22738242992625
537.7726175700734
-283.22738242992796
-1181.6273824299312
55.772617570076406
-58.4273824299228
876.572617570071
523.1726175700745
-516.627382429926
-27.42738242992629
10.972617570078237
482.5726175700731
-1307.6273824299283
-802.2273824299295
-178.42738242992496
-438.0273824299266
407.97261757007425
104.5726175700712
-1034.4273824299244
-155.4273824299264
-270.22738242992614
198.97261757007658
-381.82738242992235
-1171.427382429924
-138.42738242992544
138.3726175700737
-513.4273824299247
112.97261757007635
888.5726175700765
-222.02738242992555
-453.22738242992295
-711.4273824299245
-472.6273824299174
277.3726175700775
-147.0273824299259
-1220.2273824299193
503.17261757008123
-1112.6273824299258
-513.8273824299267
-379.02738242992257
-136.22738242992315
-4.027382429926028
-685.6273824299265
310.1726175700781
-1014.4273824299263
-953.8273824299281
-66.62738242992639
-797.6273824299279
488.9726175700753
510.5726175700785
-838.0273824299264
-372.4273824299206
-492.2273824299254
-17.027382429928473
-265.42738242991607
-763.0273824299204
981.9726175700733
-66.02738242992356
-979.6273824299291
135.97261757007377
414.1726175700753
-64.82738242992697
316.77261757007614
-301.6273824299275
472.3726175700761
142.77261757007594
-608.2273824299242
-608.2273824299307
-199.8273824299264
-1600.8273824299208
-1116.4273824299219
-624.6273824299302
-32.02738242992493
357.37261757007855
21.77261757007481
474.77261757007403
-419.22738242992483
-1272.0273824299438
-167.42738242992772
-12.627382429923333
-863.227382429927
127.57261757007683
343.5726175700755
13.972617570070746
-658.6273824299258
-364.427382429923
-287.82738242992656
-995.8273824299281
-77.82738242992345
-618.2273824299272
259.9726175700722
397.37261757007695
515.5726175700755
432.37261757007485
-186.22738242992574
-993.2273824299298
1429.7726175700789
550.3726175700755
-727.8273824299285
-695.8273824299249
-467.22738242992784
-457.4273824299235
-641.8273824299205
-717.4273824299269
-582.2273824299261
-26.027382429924568
92.37261757007455
755.1726175700717
594.972617570078
-917.827382429926
52.972617570077496
-539.8273824299259
-1165.427382429927
261.7726175700743
573.3726175700726
-20.227382429923413
128.97261757007288
284.3726175700735
479.9726175700736
753.3726175700765
372.7726175700742
-496.4273824299268
521.5726175700748
132.5726175700761
895.9726175700738
1209.972617570069
427.57261757007814
-725.627382429925
577.5726175700764
-460.22738242992847
75.17261757006976
203.97261757007513
-803.2273824299223
-296.4273824299257
-213.02738242992604
-807.4273824299364
-442.4273824299319
-931.6273824299207
-995.627382429923
-343.6273824299268
-50.82738242992183
-532.6273824299295
-230.42738242992766
-660.8273824299288
-164.02738242992314
-34.027382429925886
-476.02738242992365
-394.62738242992776
241.3726175700687
-23.827382429925066
86.5726175700752
452.17261757007327
718.7726175700793
325.17261757007765
285.77261757007386
-197.42738242992456
513.7726175700797
1207.3726175700856
1414.7726175700877
693.3726175700916
65.57261757006887
-46.42738242992552
949.5726175700764
767.3726175700724
90.37261757007622
-298.42738242992624
-34.22738242992531
-289.8273824299262
-190.62738242992717
57.37261757007211
-735.6273824299276
-1478.4273824299219
-234.42738242992806
127.17261757007645
207.77261757007363
-48.8273824299253
921.3726175700664
179.3726175700808
-152.62738242992603
-309.2273824299254
276.97261757007374
814.3726175700796
553.172617570077
301.5726175700723
612.172617570077
1116.5726175700656
510.1726175700766
126.17261757007799
582.5726175700746
805.1726175700745
1358.9726175700685
768.3726175700737
523.3726175700717
408.97261757007226
1070.572617570075
282.77261757007636
-59.227382429928376
9.772617570074331
6.972617570072817
-519.0273824299272
275.9726175700745
345.37261757007485
-114.42738242992205
-624.6273824299259
709.3726175700785
488.7726175700766
545.7726175700794
-85.22738242992331
100.57261757007815
-46.82738242992531
-514.6273824299238
-430.4273824299269
586.3726175700705
947.3726175700796
393.3726175700716
1074.3726175700674
1023.7726175700649
783.1726175700762
677.1726175700762
747.7726175700737
655.5726175700813
1575.7726175700836
764.7726175700732
-195.4273824299203
878.172617570073
90.17261757007255
-446.62738242992555
-478.6273824299248
-242.42738242992334
-223.62738242992683
106.5726175700743
145.77261757007753
-75.02738242992342
-300.4273824299272
-282.42738242992414
1162.5726175700818
1198.1726175700699
163.17261757007378
403.972617570076
-268.627382429927
-311.62738242992833
-365.22738242992574
-777.627382429935
-551.2273824299227
561.3726175700713
479.7726175700738
477.17261757007225
1203.1726175700692
956.9726175700758
1456.572617570074
1578.7726175700652
639.7726175700684
436.57261757007996
1668.9726175700766
667.1726175700759
232.37261757007624
971.1726175700949
625.5726175700803
-460.42738242992914
577.9726175700717
261.5726175700793
-889.8273824299232
-595.8273824299255
669.1726175700697
-170.22738242992534
-347.62738242992305
85.7726175700754
30.57261757007072
-274.2273824299283
477.5726175700729
312.37261757007565
-75.227382429926
11.572617570075032
242.57261757008013
12.572617570076641
-198.02738242992325
987.1726175700624
1074.5726175700795
575.1726175700697
409.7726175700698
-41.62738242992584
702.9726175700754
1016.7726175700727
231.17261757007498
-280.2273824299324
-154.2273824299273
276.57261757007456
416.1726175700766
391.17261757007515
-230.62738242992816
27.972617570071158
1141.1726175700749
866.5726175700743
419.9726175700785
-845.0273824299288
-43.42738242992456
131.57261757007404
778.9726175700739
1754.7726175700807
1179.372617570082
258.17261757007356
-556.2273824299219
501.7726175700748
1217.9726175700735
354.37261757006786
691.57261757008
1245.7726175700823
539.1726175700732
626.5726175700821
439.372617570074
276.97261757007624
739.572617570075
389.97261757007493
35.77261757007365
649.9726175700753
657.3726175700775
1690.172617570084
1288.1726175700728
770.9726175700727
-88.82738242992349
753.3726175700721
616.7726175700675
756.3726175700807
1124.1726175700746
949.972617570065
1117.7726175700664
1280.5726175700731
558.7726175700742
685.772617570075
1106.9726175700698
628.3726175700791
470.1726175700715
49.3726175700748
-470.42738242992374
608.9726175700689
1408.372617570084
706.7726175700708
-18.4273824299206
266.572617570079
-300.2273824299271
-429.82738242992633
-597.6273824299286
-267.2273824299253
157.77261757007406
183.37261757007502
-500.6273824299273
-7.6273824299227755
162.77261757007372
92.9726175700738
72.97261757007537
276.57261757007495
-893.427382429924
-917.6273824299293
-720.2273824299264
-113.82738242992501
-59.82738242992362
-180.42738242992792
102.97261757007485
-34.62738242992345
227.372617570077
503.97261757008175
736.3726175700682
627.1726175700755
801.3726175700743
394.97261757007556
102.37261757007784
371.97261757007874
343.3726175700771
277.3726175700811
-32.027382429922774
-192.42738242992644
-56.62738242992353
-277.0273824299256
-202.42738242992579
123.3726175700772
-158.02738242992615
300.97261757007584
321.1726175700745
-232.42738242992294
-93.02738242992463
389.5726175700753
318.9726175700763
235.17261757007486
-210.82738242992536
-509.627382429928
-221.02738242992584
259.57261757007274
153.5726175700729
-618.2273824299186
-546.6273824299291
157.7726175700742
1366.372617570071
658.7726175700755
259.97261757007567
442.3726175700744
670.7726175700726
451.1726175700746
1205.7726175700802
110.3726175700712
-842.0273824299309
-395.22738242992807
-541.0273824299203
-591.2273824299252
-708.2273824299261
-546.6273824299225
93.57261757007674
-245.22738242992278
-931.2273824299268
-343.02738242992524
-31.227382429924006
-379.0273824299243
62.37261757007375
476.1726175700759
49.972617570075116
-602.0273824299306
-38.0273824299232
381.57261757007797
878.9726175700691
698.9726175700777
84.57261757007555
143.5726175700765
-484.82738242992343
661.1726175700763
889.9726175700756
487.37261757007485
651.3726175700738
451.17261757007725
76.97261757007334
-137.82738242992357
857.1726175700838
506.97261757007414
-151.42738242992414
-239.82738242992554
-25.42738242992535
280.97261757007107
192.37261757007505
-499.22738242992676
-210.02738242992564
-13.627382429926115
-303.8273824299246
-103.22738242992557
106.77261757007645
-210.42738242992584
-957.0273824299161
-340.2273824299278
-855.8273824299278
-1622.827382429924
-1224.6273824299356
-806.6273824299235
179.37261757007656
-373.02738242992405
-485.62738242992606
658.3726175700767
844.5726175700682
373.3726175700703
-432.62738242992236
-64.62738242992829
173.77261757007585
-300.62738242992265
-353.6273824299256
410.9726175700783
124.77261757007672
519.7726175700792
543.9726175700785
108.9726175700759
-21.027382429923723
-412.42738242992573
209.7726175700734
198.1726175700751
436.3726175700757
192.9726175700761
-91.4273824299262
-390.22738242992716
54.77261757007674
-305.0273824299242
-1720.0273824299204
-614.6273824299325
-611.427382429934
-1118.427382429925
-557.4273824299254
-14.227382429923097
-591.627382429927
-1240.0273824299077
-364.6273824299221
636.1726175700718
438.7726175700717
-573.4273824299255
-148.42738242992482
306.1726175700752
-26.427382429927682
-517.4273824299268
-494.82738242992843
622.1726175700741
-102.02738242992575
-271.62738242991986
166.37261757007258
362.7726175700747
-0.027382429922901963
412.97261757007317
67.37261757007207
-324.2273824299212
207.1726175700787
-425.62738242992634
-218.8273824299169
-1318.6273824299144
-1113.0273824299243
908.1726175700694
121.37261757007377
-965.22738242993
-105.22738242993063
-298.82738242992616
-65.02738242993277
-416.02738242992814
-419.42738242992453
-1080.4273824299328
-217.62738242992663
514.5726175700778
-491.8273824299245
-426.0273824299282
132.77261757007378
348.1726175700772
294.17261757007634
17.97261757007577
-194.82738242992494
498.57261757007205
-344.0273824299242
501.372617570065
596.9726175700805
698.5726175700731
-237.42738242992633
831.7726175700751
330.17261757007554
-657.0273824299259
870.972617570076
533.1726175700757
-395.2273824299227
-87.02738242992586
-787.027382429929
-29.627382429924356
138.9726175700743
-885.8273824299392
62.37261757007295
-685.0273824299204
-686.227382429927
-1226.8273824299247
-478.8273824299217
-877.6273824299352
-152.82738242992693
984.3726175700733
155.37261757007474
598.7726175700735
516.772617570072
384.7726175700707
833.5726175700731
-62.427382429926084
-266.22738242992335
273.9726175700746
998.9726175700716
1196.1726175700576
477.97261757006527
652.5726175700689
-233.22738242992128
-126.62738242992506
99.97261757007087
-21.227382429926177
109.57261757007515
816.9726175700757
597.1726175700798
340.7726175700748
377.97261757007453
451.5726175700741
-622.8273824299267
-249.6273824299255
-27.82738242992533
-914.0273824299172
-467.6273824299264
-96.02738242992854
-597.6273824299275
75.9726175700742
1040.772617570061
853.1726175700771
873.7726175700799
1085.572617570073
-78.82738242992261
-58.027382429925396
1164.7726175700755
688.1726175700676
250.97261757007502
225.17261757007552
148.37261757007718
-150.2273824299227
201.17261757007978
738.9726175700652
416.3726175700719
-251.42738242992442
405.7726175700762
881.5726175700675
-109.82738242992554
89.17261757007617
1108.3726175700763
-201.62738242992697
-81.82738242993065
680.1726175700755
-207.02738242992598
-1086.0273824299236
-1411.8273824299226
-1903.8273824299188
-755.6273824299238
-297.2273824299211
-921.4273824299319
-753.0273824299348
1096.9726175700705
574.7726175700795
537.3726175700688
1326.972617570069
117.97261757007415
173.3726175700764
1086.372617570072
670.3726175700757
326.17261757006906
273.17261757007793
-693.0273824299259
-734.2273824299258
229.57261757007169
398.7726175700736
135.17261757007844
72.17261757007762
123.77261757007176
358.77261757007216
691.7726175700743
434.5726175700803
1229.9726175700687
218.37261757007002
-228.42738242992664
440.77261757007255
475.37261757007644
-1690.2273824299332
-1449.2273824299295
-605.2273824299257
-669.8273824299204
-771.2273824299277
-258.22738242992773
-94.4273824299265
972.3726175700774
542.7726175700633
-129.0273824299227
917.9726175700804
876.1726175700825
935.1726175700626
745.1726175700848
307.17261757008157
-96.2273824299234
-372.82738242992457
29.772617570075298
117.57261757007434
745.3726175700755
287.7726175700734
325.77261757007966
567.9726175700692
-107.42738242992566
-699.027382429924
180.37261757007826
799.7726175700768
1740.372617570058
135.77261757007693
-7.227382429926173
-430.22738242992585
-585.6273824299258
-1883.427382429917
-799.627382429919
-442.6273824299284
-629.2273824299191
-761.2273824299281
333.37261757007434
913.9726175700815
933.9726175700793
776.3726175700776
-375.2273824299237
779.9726175700753
746.3726175700737
1143.172617570071
929.3726175700718
-372.82738242992366
-389.22738242992443
-618.8273824299249
-72.82738242992411
301.57261757007024
638.7726175700757
559.5726175700762
632.1726175700679
367.17261757007066
20.572617570076183
-254.4273824299247
299.3726175700684
703.3726175700725
1544.7726175700632
391.1726175700802
-333.8273824299258
-651.827382429925
-1280.6273824299271
-1523.027382429925
-938.8273824299259
-55.62738242992833
-564.4273824299225
-693.6273824299268
801.9726175700765
1293.1726175700721
793.1726175700817
1424.9726175700646
1099.9726175700753
1172.9726175700785
-469.0273824299243
262.57261757007376
936.3726175700779
765.9726175700881
1322.372617570073
575.7726175700831
203.17261757007614
134.37261757007127
528.7726175700689
380.77261757007443
361.97261757007567
906.3726175700783
1080.172617570083
760.7726175700793
1020.5726175700779
447.9726175700696
473.3726175700783
424.17261757006406
-66.2273824299249
26.572617570074286
-691.0273824299308
-627.0273824299327
-1207.8273824299442
-389.2273824299186
-757.0273824299247
-568.2273824299258
912.1726175700697
1132.9726175700766
271.3726175700842
1010.172617570086
681.7726175700723
1059.1726175700728
327.97261757007453
439.3726175700741
271.9726175700774
-60.02738242992682
851.3726175700762
746.9726175700754
-168.02738242992663
386.7726175700699
680.5726175700663
256.9726175700728
299.5726175700665
30.172617570073268
-457.82738242992644
-355.82738242992895
1226.3726175700572
1392.9726175700841
503.1726175700701
51.97261757007132
-541.8273824299242
-73.02738242992191
-297.02738242992547
440.37261757007775
-1399.6273824299424
-1821.4273824299348
-1344.2273824299282
-377.6273824299235
851.7726175700784
1267.9726175700844
612.9726175700775
739.5726175700746
823.3726175700681
569.3726175700764
1460.1726175700728
1065.7726175700725
141.1726175700727
-555.0273824299244
-206.42738242992556
-118.2273824299259
-369.2273824299256
418.37261757007946
90.57261757007761
-156.62738242992742
366.7726175700809
47.77261757007382
618.1726175700727
966.572617570077
619.1726175700676
509.9726175700868
797.772617570066
477.9726175700755
-1041.4273824299257
-1048.227382429926
-795.227382429932
-125.82738242992605
-621.2273824299234
-1329.6273824299203
-919.8273824299292
-603.4273824299241
230.17261757007662
164.17261757007455
908.9726175700698
1037.3726175700722
919.1726175700774
896.5726175700756
1723.7726175700616
823.3726175700723
651.5726175700696
606.1726175700738
-407.02738242993007
-203.2273824299255
-696.0273824299251
525.9726175700754
301.77261757007244
296.7726175700774
947.1726175700655
1204.5726175700815
1371.9726175700707
1269.3726175700715
1239.772617570061
429.77261757007676
1204.1726175700696
816.7726175700731
-704.2273824299274
-379.4273824299262
-145.827382429924
-87.82738242992613
162.5726175700749
648.5726175700703
529.5726175700742
157.9726175700758
710.3726175700741
513.7726175700741
1318.9726175700773
836.372617570077
810.3726175700764
1123.172617570074
1591.1726175700755
1354.1726175700837
626.5726175700785
125.37261757007582
-1010.0273824299279
-611.0273824299238
-713.8273824299254
650.9726175700748
749.7726175700718
296.37261757008065
645.5726175700672
1297.37261757009
616.7726175700715
990.9726175700715
862.572617570074
91.77261757007365
1066.972617570083
607.7726175700698
-844.8273824299192
-181.02738242992584
208.77261757007113
489.37261757007445
666.3726175700771
458.5726175700735
891.1726175700746
1141.5726175700686
1070.972617570088
244.17261757007492
305.3726175700714
351.772617570076
713.9726175700823
931.5726175700877
508.97261757007834
669.9726175700837
394.1726175700737
-178.02738242992393
-260.8273824299266
-31.227382429924507
-654.0273824299306
-168.22738242992634
-70.62738242992575
-11.027382429924948
206.37261757007445
704.372617570075
539.972617570078
914.1726175700777
554.5726175700768
95.17261757007451
213.37261757007653
955.3726175700706
-82.82738242992602
-582.4273824299224
565.7726175700805
84.17261757007344
177.1726175700752
-117.42738242992408
-799.6273824299282
425.77261757007767
170.77261757007233
-947.6273824299258
0.7726175700783173
181.17261757007742
608.9726175700783
486.3726175700763
286.37261757007076
769.3726175700757
784.7726175700612
3.172617570072667
-111.22738242992561
-705.2273824299236
45.572617570077455
21.372617570077814
-531.227382429924
818.7726175700809
821.1726175700742
1096.7726175700848
756.9726175700732
260.1726175700759
194.1726175700787
210.57261757007694
493.5726175700744
1174.3726175700765
733.9726175700737
373.37261757007735
696.5726175700765
-9.827382429924576
-664.0273824299277
276.9726175700758
-827.027382429931
-348.2273824299268
644.1726175700699
-342.02738242992575
202.5726175700735
308.172617570071
475.9726175700788
978.7726175700742
770.7726175700732
1219.9726175700791
754.7726175700857
364.97261757007936
-447.2273824299278
-808.2273824299292
991.1726175700725
-522.8273824299206
-270.0273824299216
1100.5726175700693
581.772617570083
1421.7726175700782
638.3726175700709
281.3726175700742
85.57261757007853
643.9726175700727
1681.3726175700845
669.9726175700843
870.5726175700662
-682.6273824299245
-1105.4273824299144
-153.4273824299247
-532.0273824299254
-123.22738242992673
172.77261757007255
266.97261757007595
379.17261757007145
1031.972617570069
346.57261757008
750.1726175700696
82.77261757007739
-326.4273824299259
-407.6273824299217
591.5726175700751
777.5726175700667
751.9726175700781
-199.82738242992403
-871.6273824299255
194.17261757007662
-858.027382429927
272.77261757007375
560.5726175700812
36.97261757007973
717.9726175700725
404.3726175700738
489.97261757007607
-97.6273824299251
992.3726175700818
1521.7726175700718
104.77261757007054
1834.5726175701
354.7726175700743
-835.4273824299227
-382.0273824299207
35.57261757007629
233.17261757007233
746.772617570077
396.7726175700771
30.772617570082584
253.37261757006888
764.5726175700723
979.7726175700741
566.3726175700692
155.1726175700765
360.9726175700769
517.9726175700869
994.5726175700773
1091.9726175700876
534.1726175700687
-656.4273824299275
-441.2273824299248
-626.8273824299264
849.5726175700786
431.172617570071
442.5726175700747
406.77261757007295
202.17261757007498
-69.82738242992626
-69.02738242992666
40.37261757006806
40.57261757007673
13.372617570074638
791.1726175700733
665.3726175700763
-134.82738242992446
-888.6273824299201
-1288.227382429924
-564.4273824299219
280.17261757007213
-66.42738242992179
1248.1726175700726
638.972617570078
-155.2273824299259
1312.772617570079
1092.572617570082
1601.9726175700705
1448.7726175700834
304.17261757007
548.5726175700753
-0.02738242992990436
287.7726175700775
-1295.8273824299288
-759.6273824299233
-79.4273824299236
27.572617570074975
1012.1726175700722
821.5726175700746
40.77261757007421
827.7726175700706
538.3726175700762
1205.7726175700768
666.7726175700728
-248.42738242992488
451.9726175700753
116.97261757007936
-768.027382429931
-336.6273824299256
480.7726175700788
-797.0273824299204
-286.22738242993495
-180.0273824299294
42.172617570074024
981.5726175700711
823.3726175700713
-295.4273824299253
1882.572617570088
492.5726175700722
784.1726175700696
894.1726175700769
1244.772617570075
1031.7726175700698
-489.4273824299268
461.7726175700701
-654.827382429927
-1159.227382429923
-53.627382429925596
-492.6273824299259
1093.1726175700792
1017.772617570077
-402.2273824299281
300.1726175700751
442.97261757007186
1171.7726175700839
943.5726175700817
294.37261757007286
1476.9726175700844
-119.0273824299264
-1057.4273824299219
-60.02738242992192
114.37261757007354
-452.6273824299265
669.9726175700731
395.9726175700765
630.5726175700712
450.7726175700775
5.172617570075122
15.17261757007444
808.1726175700783
25.17261757007308
542.572617570077
673.3726175700748
1230.5726175700643
1438.3726175700658
261.3726175700677
603.1726175700787
-169.22738242992693
-1411.6273824299328
-240.02738242992518
221.57261757007285
-317.8273824299249
524.1726175700688
664.7726175700762
512.3726175700747
-102.62738242992774
110.3726175700792
407.37261757006814
-81.82738242992315
145.9726175700764
-730.2273824299306
-88.42738242992719
-120.82738242992411
-34.827382429927454
-208.02738242992677
32.97261757007416
-487.22738242992267
1357.9726175700805
816.5726175700726
-88.4273824299265
-71.82738242992994
551.9726175700739
1018.9726175700782
895.3726175700738
404.3726175700721
143.77261757007673
322.9726175700747
62.97261757007422
540.772617570073
241.97261757007433
-1012.0273824299326
261.37261757007514
-0.02738242992403883
-434.42738242992425
752.5726175700751
666.5726175700676
398.7726175700731
383.77261757008097
66.57261757007693
223.17261757007782
954.5726175700784
181.37261757007536
-810.8273824299279
-201.8273824299274
-585.6273824299217
-74.22738242992831
-64.82738242992396
-292.8273824299313
-1294.6273824299278
124.37261757007676
-791.8273824299247
6.772617570073006
406.1726175700721
-286.2273824299232
724.1726175700726
944.3726175700732
170.17261757007572
272.9726175700767
-594.6273824299261
-888.6273824299138
-407.2273824299257
-396.4273824299259
-596.8273824299324
-56.22738242992813
-53.027382429925794
618.3726175700797
629.1726175700755
-266.2273824299238
-196.8273824299286
241.97261757007257
-659.427382429932
-595.6273824299336
79.17261757007819
92.97261757007018
-405.627382429929
-903.8273824299139
-1354.627382429913
-981.4273824299174
-571.6273824299209
-15.027382429924696
-640.2273824299267
-914.4273824299208
-1190.8273824299242
184.17261757007876
439.5726175700827
381.77261757007454
444.5726175700743
758.1726175700708
527.7726175700766
475.17261757007526
197.17261757007648
-749.0273824299234
-1597.2273824299327
-515.6273824299215
-13.027382429926309
91.77261757007942
183.57261757007083
1340.3726175700867
702.372617570075
-65.02738242992523
-296.62738242992606
193.77261757007585
204.37261757007582
-277.0273824299227
-447.2273824299283
-432.827382429927
-118.62738242993147
-921.6273824299216
-1341.6273824299426
-1228.4273824299335
-1516.8273824299183
-725.6273824299299
-1021.627382429924
-631.4273824299229
-510.22738242992574
584.5726175700739
101.3726175700781
129.97261757007539
378.57261757007495
582.5726175700759
120.57261757007284
736.3726175700718
215.7726175700736
-409.0273824299241
-1027.0273824299281
180.7726175700771
150.37261757007332
275.3726175700752
-334.0273824299252
132.17261757007626
138.37261757007528
-564.8273824299226
-557.0273824299323
380.57261757007535
195.57261757007475
-789.0273824299233
-403.0273824299257
-576.8273824299214
-928.4273824299232
-1141.2273824299275
-1031.8273824299258
-1426.427382429933
-899.0273824299177
-1450.4273824299307
-2087.627382429925
-504.8273824299293
-840.0273824299267
-865.0273824299277
-657.2273824299274
-281.6273824299324
-121.02738242992943
316.37261757007434
473.57261757007416
276.17261757007583
-267.62738242992253
-466.42738242992345
664.1726175700718
760.5726175700728
-271.0273824299255
-18.627382429927305
-546.6273824299243
-492.42738242992283
-566.4273824299264
-871.6273824299217
-613.8273824299325
-6.22738242992355
-561.4273824299302
-898.8273824299273
-653.6273824299278
-1096.0273824299315
-469.2273824299157
-289.6273824299217
-1199.4273824299248
-1840.0273824299302
-1045.6273824299274
-1486.4273824299219
-1300.8273824299217
-465.82738242992593
-416.42738242992607
-1003.6273824299285
-174.22738242992492
-408.6273824299261
-1280.4273824299246
-769.4273824299231
390.17261757007947
-419.4273824299213
-762.8273824299292
-417.0273824299203
-494.42738242992294
-744.4273824299272
76.97261757007433
111.77261757007481
-166.22738242992168
-45.22738242992599
187.9726175700759
177.5726175700762
-95.42738242992594
293.7726175700758
-108.22738242992656
-734.4273824299265
-1412.4273824299298
-2366.627382429907
-1620.6273824299421
-1265.227382429933
-1971.2273824299468
-2660.0273824298924
-2899.227382429931
-2147.427382429936
-1342.6273824299128
-1248.227382429923
-1383.0273824299334
-745.627382429925
56.5726175700738
-102.02738242992353
-272.6273824299243
-1135.027382429916
-709.8273824299168
-697.4273824299257
-121.42738242992507
790.1726175700728
378.97261757007396
-272.02738242992393
-2444.6273824299265
-1347.4273824299185
-586.0273824299258
-1203.2273824299298
-916.8273824299137
6.572617570074563
-92.62738242992376
-2.8273824299262316
-341.227382429935
-661.4273824299286
-160.2273824299293
-510.62738242992464
-1323.0273824299127
-911.2273824299299
-954.227382429933
208.77261757007284
132.77261757007304
-415.4273824299254
-1176.2273824299216
-517.0273824299225
-366.22738242992386
-266.02738242992814
-129.2273824299305
-673.0273824299195
-224.82738242992818
-59.6273824299284
-926.6273824299191
-984.2273824299263
-692.8273824299316
-1181.0273824299177
-1592.4273824299396
-1912.4273824299137
-1754.427382429929
-763.2273824299256
124.97261757007618
-208.2273824299259
-901.8273824299123
-394.42738242992743
-435.62738242993066
-457.42738242991857
-564.0273824299253
-148.4273824299282
361.37261757007224
386.9726175700763
-843.6273824299212
-399.8273824299216
-307.8273824299249
-18.227382429927538
128.97261757007763
395.1726175700783
-954.427382429919
-1122.8273824299351
-768.2273824299278
77.37261757007647
-13.6273824299235
-1022.4273824299294
-290.62738242992856
-323.8273824299252
-270.42738242993266
-433.6273824299229
-415.02738242992586
-549.0273824299222
-842.8273824299202
-1318.8273824299245
-976.4273824299263
-728.8273824299305
-745.427382429926
-335.42738242992823
-529.4273824299228
-721.6273824299318
-427.427382429928
-211.82738242992812
-50.82738242992785
459.17261757007526
782.1726175700798
1467.7726175700789
1040.1726175700692
451.7726175700759
403.57261757007245
825.9726175700763
748.5726175700721
521.7726175700728
168.77261757007616
-150.22738242992983
88.97261757007576
466.37261757007286
251.37261757007434
-1012.227382429926
-387.02738242992376
275.3726175700757
1098.5726175700795
296.3726175700754
-65.62738242992967
47.77261757007739
-80.62738242992947
-545.0273824299122
111.57261757007352
-852.6273824299259
-1624.2273824299125
-877.0273824299218
-709.8273824299282
-914.8273824299198
-1045.0273824299245
-949.4273824299233
-345.6273824299274
-592.8273824299275
-614.427382429924
374.57261757007717
591.7726175700719
205.3726175700709
725.9726175700707
1226.5726175700856
577.7726175700745
-229.62738242992427
128.37261757007295
510.7726175700712
1110.7726175700584
604.9726175700749
-113.2273824299263
-310.02738242992484
-275.82738242992434
803.3726175700743
568.9726175700754
317.17261757007407
685.1726175700741
595.5726175700731
-86.82738242992346
-467.8273824299206
-16.627382429922875
-36.427382429923625
-605.6273824299219
-1005.4273824299208
-654.2273824299272
-359.22738242992614
-510.2273824299255
-1363.8273824299135
-915.8273824299226
-771.4273824299198
-640.0273824299295
165.17261757008055
782.7726175700791
397.37261757007093
-180.42738242992388
1014.7726175700718
87.57261757007564
-869.4273824299294
-825.4273824299262
-744.227382429924
-61.82738242992552
-593.4273824299294
-429.02738242992626
193.57261757007765
352.772617570075
72.77261757007335
-904.827382429932
-463.4273824299293
33.97261757007428
13.372617570077395
-227.22738242993077
334.97261757007163
-328.2273824299292
303.57261757007404
203.1726175700744
-470.627382429926
-530.0273824299259
-1012.627382429929
-843.8273824299285
-1010.4273824299308
-483.62738242992395
-175.82738242992798
-108.42738242992294
-31.827382429923972
784.1726175700707
357.5726175700811
-1325.8273824299254
289.3726175700752
501.3726175700699
64.17261757007421
329.9726175700821
399.9726175700679
-471.02738242992194
-822.0273824299317
-30.42738242992633
341.17261757007174
-128.62738242992765
-831.2273824299274
-519.4273824299283
-139.8273824299282
-213.62738242992714
-36.427382429924734
-124.02738242992596
755.572617570071
-102.42738242992536
-334.0273824299234
-75.42738242992422
110.57261757007589
-191.4273824299249
76.77261757007336
-384.227382429925
-1043.6273824299237
-277.62738242992504
-178.2273824299263
508.9726175700723
-652.4273824299097
-503.62738242993413
1130.9726175700673
14.772617570074338
-682.6273824299313
906.9726175700771
951.3726175700679
1105.1726175700708
398.97261757007664
-58.627382429922605
-588.4273824299232
61.17261757007318
346.3726175700747
-974.227382429921
-878.8273824299181
-517.8273824299266
-256.8273824299243
142.3726175700747
445.37261757007684
220.3726175700736
937.7726175700733
38.57261757007774
584.9726175700766
300.3726175700757
362.5726175700763
-849.4273824299265
460.1726175700763
219.77261757007437
-989.8273824299303
836.1726175700693
1083.3726175700774
330.5726175700753
426.9726175700764
-258.8273824299249
-159.6273824299258
-356.62738242992714
-1079.2273824299286
614.7726175700719
706.1726175700707
778.7726175700717
-170.62738242992185
-162.6273824299248
-1043.0273824299143
-103.62738242992306
882.372617570075
-159.02738242992726
-104.82738242992556
-479.62738242992725
-567.6273824299242
407.57261757007655
229.77261757007523
-176.42738242993025
507.57261757007154
1126.1726175700742
1129.7726175700673
242.5726175700758
53.17261757007606
-629.6273824299255
-10.227382429922251
-10.627382429923713
-354.427382429922
239.97261757007232
1063.7726175700789
579.3726175700755
421.1726175700759
506.3726175700741
223.17261757007577
-1087.8273824299395
-714.6273824299336
203.77261757007292
636.172617570077
1211.97261757007
1154.5726175700825
155.37261757007255
-172.42738242991834
623.5726175700753
284.572617570073
400.37261757007275
137.97261757007698
-1158.6273824299335
-1175.2273824299198
608.3726175700749
879.1726175700746
365.1726175700759
453.5726175700767
197.3726175700745
-483.42738242992675
-256.6273824299273
335.97261757007493
641.7726175700672
170.77261757007216
638.9726175700794
573.7726175700745
-154.6273824299262
132.17261757006975
1059.9726175700735
-358.02738242992336
-370.227382429918
516.1726175700746
-318.2273824299259
-1243.4273824299285
-893.8273824299284
-319.42738242993227
830.1726175700788
1092.5726175700752
182.9726175700745
-681.0273824299164
479.97261757007556
-505.02738242992507
-256.2273824299254
234.37261757007477
-949.0273824299119
-869.6273824299317
359.17261757007503
282.57261757007404
-19.227382429926717
75.17261757007357
-598.0273824299286
-1163.2273824299214
-404.02738242993064
-4.427382429925139
146.97261757007374
50.77261757007661
67.57261757007674
-65.22738242992494
443.5726175700772
260.17261757007043
1242.7726175700727
352.3726175700743
-130.02738242993013
753.172617570075
782.172617570074
-1450.4273824299273
-915.0273824299243
61.17261757007587
-11.227382429924784
93.3726175700773
313.57261757007313
-447.8273824299278
325.3726175700731
-412.8273824299271
-707.0273824299271
45.572617570074065
-115.02738242992623
-385.027382429927
-392.6273824299265
-599.4273824299239
-900.8273824299275
-833.6273824299299
-117.62738242992184
-172.2273824299268
666.5726175700704
319.3726175700725
212.17261757007492
682.7726175700772
61.97261757007208
-819.8273824299245
-119.82738242992886
237.37261757008025
1264.1726175700753
116.9726175700749
222.1726175700731
88.77261757007544
-587.6273824299268
-2114.027382429922
-648.0273824299259
-491.62738242992543
-278.6273824299292
7.17261757007379
455.1726175700774
104.97261757007482
159.97261757007337
124.57261757007653
-604.4273824299264
569.172617570072
-83.22738242992409
-371.82738242992315
-334.6273824299275
-1186.6273824299221
-1014.8273824299291
-909.2273824299282
41.572617570066825
505.1726175700778
482.1726175700766
615.9726175700756
588.3726175700757
800.1726175700762
536.1726175700782
-547.0273824299271
-580.8273824299231
-254.22738242992952
988.3726175700778
184.3726175700755
-790.0273824299254
-697.6273824299193
-1248.2273824299325
-2189.2273824299127
-1200.427382429915
17.572617570074364
20.37261757006958
410.77261757007295
1153.972617570074
392.17261757007265
177.97261757006606
1437.572617570068
1037.572617570093
1157.5726175700809
-946.0273824299323
-938.627382429928
-85.42738242992507
413.9726175700753
1301.7726175700723
643.5726175700653
50.572617570072346
-304.8273824299267
-300.2273824299284
132.9726175700747
1.5726175700731133
994.9726175700835
1032.3726175700738
-25.827382429924786
-43.62738242992855
-256.22738242992676
-168.0273824299241
-394.0273824299284
-1397.6273824299437
-687.2273824299288
-816.4273824299133
-1378.0273824299356
-1702.6273824299142
-92.82738242993341
67.37261757007201
353.5726175700763
1368.5726175700802
631.9726175700756
-120.22738242992942
1058.3726175700658
924.3726175700715
1079.9726175700705
-8.227382429924454
-291.4273824299251
-368.82738242993116
-16.62738242992882
1121.9726175700775
1033.972617570068
-289.0273824299293
-197.627382429926
-230.82738242993042
-408.02738242992933
-294.2273824299307
-42.22738242992574
-480.8273824299269
-572.0273824299277
728.5726175700738
982.1726175700685
-98.82738242992227
-804.4273824299225
-1434.227382429934
-566.2273824299222
-657.4273824299318
-314.0273824299249
-1599.027382429932
-1492.227382429913
-765.4273824299222
-221.22738242992577
646.572617570076
1088.7726175700695
418.9726175700822
461.7726175700778
741.5726175700756
388.3726175700817
848.9726175700747
382.3726175700755
-344.4273824299226
-665.0273824299248
-133.02738242992817
23.97261757007427
-424.22738242993495
-140.82738242992167
-1008.6273824299238
-936.027382429932
-211.82738242992696
-418.4273824299281
628.3726175700729
899.1726175700832
474.57261757008126
409.9726175700775
455.7726175700819
95.97261757007554
-921.8273824299305
-346.02738242992194
-535.6273824299276
-157.42738242992377
-414.62738242993055
-1168.4273824299205
-905.2273824299143
-1144.8273824299088
-447.4273824299251
-125.42738242992472
841.9726175700736
592.9726175700825
465.37261757006974
9.172617570076675
323.17261757007225
-275.827382429918
73.77261757007444
158.97261757007595
-438.02738242993036
150.57261757007421
-322.82738242992605
98.97261757007601
-799.0273824299263
-477.827382429928
51.772617570075774
73.37261757007201
858.3726175700746
739.7726175700737
1059.3726175700815
444.57261757007404
756.1726175700752
330.57261757007495
-419.6273824299252
171.37261757007624
270.77261757007585
-10.827382429923707
-387.02738242992075
-47.22738242992554
-46.02738242992285
-842.2273824299186
-222.62738242992464
333.77261757007386
1451.7726175700782
544.1726175700741
328.77261757007466
268.9726175700773
490.57261757007996
580.572617570078
275.9726175700708
73.77261757007216
-490.22738242992125
317.7726175700753
-262.8273824299252
137.37261757007605
-161.82738242992625
-354.02738242992626
-417.22738242992426
28.172617570081442
-73.82738242992784
402.772617570078
574.3726175700734
-137.82738242992266
419.57261757007427
-52.827382429922196
-1152.0273824299234
-184.0273824299217
497.17261757007
225.77261757007585
-410.62738242992657
-804.6273824299285
-53.62738242992506
37.372617570077125
540.7726175700733
527.5726175700731
637.3726175700759
129.37261757007252
103.7726175700763
116.37261757007525
149.7726175700768
400.57261757008246
190.17261757007358
128.37261757007485
542.3726175700774
1348.1726175700699
-264.62738242992816
-356.02738242992933
-567.6273824299305
-663.8273824299245
-1196.2273824299227
-801.4273824299252
-418.2273824299227
130.57261757007566
-104.62738242992353
-609.2273824299251
-287.62738242992816
380.17261757007384
-618.4273824299233
-737.6273824299267
579.1726175700763
-130.02738242992348
-526.0273824299234
-1222.8273824299222
-1409.6273824299153
-38.627382429923436
241.77261757007506
-584.2273824299324
-91.42738242992581
-1.0273824299241099
405.77261757007466
7.772617570074495
-270.0273824299217
255.37261757007235
-153.62738242992583
-181.22738242992438
496.5726175700789
483.37261757007354
280.97261757007715
86.37261757007603
-1116.2273824299239
-85.02738242992197
-952.2273824299297
-650.4273824299261
-550.227382429928
-698.0273824299286
-733.4273824299288
-346.82738242993236
360.1726175700751
993.9726175700762
488.772617570074
-4.827382429925279
829.9726175700787
117.97261757007443
-953.827382429926
-117.42738242992434
-984.227382429933
-688.6273824299144
603.9726175700756
-299.22738242993205
76.97261757007482
115.57261757007525
595.9726175700749
1089.172617570078
371.57261757007353
167.37261757007468
-945.0273824299186
-436.8273824299255
-44.42738242992628
124.57261757007254
1421.3726175700674
-553.8273824299233
-1109.8273824299247
121.17261757007444
-602.6273824299235
40.97261757007507
-645.8273824299207
-766.0273824299237
-677.6273824299232
53.97261757007712
1228.9726175700866
60.17261757007101
305.5726175700766
-1147.6273824299292
-938.8273824299303
-360.827382429924
-772.02738242992
-174.62738242992728
243.97261757007527
383.9726175700756
281.9726175700759
580.5726175700764
-59.62738242992423
402.37261757007536
-307.22738242992693
-918.8273824299254
-764.027382429929
-210.42738242992226
-1021.0273824299296
-401.0273824299268
86.77261757007876
142.77261757007523
678.1726175700743
-985.6273824299185
-631.227382429927
-346.8273824299211
-764.4273824299289
-319.62738242992674
-444.2273824299309
-178.42738242992542
-649.227382429925
432.97261757007135
962.7726175700666
-999.8273824299318
1125.9726175700728
156.3726175700769
-849.0273824299198
-1003.8273824299256
-183.02738242992734
481.1726175700761
935.9726175700748
664.7726175700737
-301.4273824299233
-577.2273824299228
-154.8273824299265
158.57261757007498
-598.4273824299268
-1576.6273824299258
-1171.8273824299374
-472.4273824299248
-428.02738242992865
211.57261757007183
576.7726175700726
218.17261757007333
178.17261757008023
-432.42738242992647
183.57261757007785
-71.8273824299251
236.77261757007366
-125.22738242992715
27.972617570074085
-189.4273824299259
-79.42738242992748
74.97261757007212
125.37261757007705
-558.4273824299232
261.9726175700754
571.1726175700762
8.572617570074286
-1163.4273824299232
-808.6273824299227
119.57261757007493
417.1726175700745
30.17261757007362
805.3726175700755
32.77261757007703
-807.8273824299254
659.5726175700801
138.17261757007455
-374.8273824299257
-618.8273824299221
-962.0273824299181
-352.82738242992525
-366.02738242992575
473.3726175700767
-237.82738242992338
28.77261757007687
196.77261757007994
-391.02738242992484
609.972617570077
677.7726175700801
-389.0273824299258
665.7726175700737
196.97261757007718
784.5726175700584
317.5726175700717
-348.22738242992466
187.97261757007942
-367.6273824299252
-931.2273824299236
-425.4273824299259
308.172617570075
-290.62738242992646
-99.82738242992664
-587.6273824299288
-142.2273824299248
389.17261757007554
243.77261757007176
-1067.427382429922
980.3726175700688
-402.02738242992376
-819.427382429919
-882.2273824299223
-84.82738242992636
173.3726175700763
-670.8273824299275
553.9726175700782
332.7726175700753
-376.62738242992947
371.7726175700734
-538.4273824299253
944.1726175700667
820.3726175700725
-714.2273824299283
4.772617570075717
-325.02738242992524
-139.02738242992422
-184.0273824299277
-217.82738242992716
779.5726175700619
-682.2273824299228
-725.827382429928
123.77261757007497
358.7726175700749
483.1726175700719
704.3726175700693
-217.627382429926
193.97261757007888
-209.22738242992318
-567.2273824299314
-696.8273824299208
-149.02738242992592
-939.4273824299263
-529.2273824299234
-571.8273824299216
437.772617570077
959.1726175700694
135.77261757006784
696.9726175700738
906.5726175700775
-165.82738242992448
810.9726175700731
861.5726175700812
-82.42738242992644
258.3726175700759
377.9726175700764
307.37261757007815
-730.027382429927
-661.4273824299256
-411.6273824299239
-512.8273824299232
-182.62738242992432
-830.6273824299252
692.9726175700703
486.7726175700741
671.1726175700799
987.9726175700746
359.5726175700762
-558.6273824299246
1273.1726175700712
940.7726175700743
-189.0273824299299
-443.42738242992414
151.17261757007304
887.9726175700733
510.572617570077
-48.42738242992314
-160.62738242992756
198.97261757007595
210.3726175700767
794.9726175700742
1277.1726175700749
91.17261757007199
1066.372617570068
349.3726175700742
-595.8273824299232
323.9726175700748
37.97261757007577
-280.82738242992497
-68.02738242992316
20.972617570080512
276.57261757007257
976.1726175700755
414.9726175700734
-366.2273824299227
765.9726175700758
715.1726175700745
1121.572617570079
1088.3726175700735
91.97261757007826
-1098.2273824299168
647.972617570075
131.37261757007633
66.77261757007624
-34.42738242992616
-680.2273824299208
722.3726175700823
984.7726175700739
-80.22738242992463
-428.0273824299254
-850.0273824299323
-723.6273824299287
43.57261757007605
484.1726175700749
-438.227382429924
-99.02738242992447
-370.82738242992326
-247.82738242992298
-93.02738242992692
-775.2273824299226
-439.2273824299287
-100.62738242992467
-725.4273824299246
-406.42738242992687
372.5726175700757
410.37261757007343
103.77261757007393
-31.02738242992502
191.57261757007433
560.1726175700765
606.1726175700751
514.3726175700758
-545.6273824299225
-456.22738242992904
-682.8273824299282
-74.02738242992996
-361.4273824299269
-250.0273824299238
166.17261757007594
712.1726175700773
182.77261757007597
215.1726175700736
123.37261757007556
-776.2273824299247
-1251.8273824299415
121.57261757007501
-353.62738242992106
-494.0273824299258
-435.4273824299214
812.37261757007
616.1726175700693
125.37261757007435
64.7726175700763
-58.62738242992484
-152.8273824299251
-428.02738242992484
-272.6273824299268
-53.027382429924074
345.97261757007516
-19.02738242992258
334.5726175700778
209.17261757007543
-367.0273824299262
276.57261757007683
-459.0273824299264
-183.62738242992359
-166.8273824299204
527.7726175700742
-231.0273824299248
258.77261757007636
461.37261757007553
488.97261757007874
-320.827382429924
513.1726175700734
227.5726175700757
-349.42738242992317
-1224.2273824299318
117.97261757007415
-755.627382429919
-673.6273824299254
-930.6273824299202
106.97261757007674
633.1726175700782
194.3726175700762
413.57261757007296
876.5726175700773
450.77261757008097
-491.62738242992066
126.77261757007564
92.17261757007425
225.77261757007415
663.3726175700787
1069.1726175700662
599.3726175700749
837.9726175700714
194.9726175700718
-704.4273824299235
170.97261757007445
-372.62738242992504
-325.2273824299261
-296.4273824299258
322.9726175700745
390.9726175700712
621.3726175700729
445.9726175700731
467.17261757007344
-106.2273824299264
-470.0273824299271
271.1726175700759
464.57261757007507
-954.8273824299229
-592.6273824299275
-1055.827382429933
-744.6273824299365
-146.42738242992388
-102.02738242992606
274.17261757007475
777.1726175700709
75.17261757007509
-46.42738242992354
266.57261757007694
73.77261757007534
1096.7726175700827
1790.1726175700755
1067.1726175700712
827.9726175700833
1264.372617570079
336.77261757008176
429.7726175700697
368.7726175700729
284.3726175700837
132.17261757007768
754.9726175700769
291.17261757007674
-433.22738242992693
3.572617570073124
1103.5726175700756
592.5726175700745
24.37261757007648
-194.62738242992754
-601.4273824299239
-795.6273824299226
-233.02738242993215
-147.62738242992336
-825.4273824299264
-707.627382429927
108.3726175700787
578.1726175700794
540.5726175700714
925.1726175700737
722.5726175700795
425.1726175700771
-296.02738242992615
-963.0273824299281
-17.427382429924066
805.572617570073
617.3726175700752
-46.827382429928115
-633.4273824299215
-44.82738242992089
420.372617570075
-142.22738242992585
-575.6273824299246
400.77261757007005
868.7726175700843
649.7726175700717
698.9726175700748
-89.02738242992471
77.57261757007416
17.17261757007379
232.37261757007605
449.17261757007424
-421.02738242993223
-907.0273824299322
