-119.17755380184258
1145.0224461981584
-355.57755380183886
182.02244619816136
403.2224461981577
-432.37755380184115
273.62244619815954
-368.9775538018388
-746.1775538018525
-1254.3775538018506
-1296.5775538018438
-532.3775538018424
628.8224461981564
-130.77755380184348
-1434.577553801849
-707.5775538018383
-1151.377553801853
-503.9775538018478
-26.177553801836225
-126.97755380184721
267.62244619816096
-430.9775538018372
-341.3775538018373
-315.17755380183314
-568.7775538018382
-111.77755380184037
845.4224461981554
71.62244619816049
-1913.5775538018502
-1126.9775538018391
283.02244619815957
48.02244619816054
1901.6224461981585
-312.37755380183745
-524.3775538018368
136.42244619815966
-234.37755380184655
-696.5775538018291
467.0224461981596
-957.9775538018444
-1064.977553801844
-688.3775538018352
-1006.977553801841
-994.5775538018532
4.222446198160091
210.22244619815953
-366.577553801841
-175.1775538018394
-1172.5775538018515
-1720.3775538018651
-1238.1775538018514
-1153.57755380184
42.42244619816221
-292.77755380183504
-210.3775538018413
-696.377553801861
-1666.1775538018744
-797.9775538018561
-662.9775538018479
-1352.5775538018686
-1797.7775538018764
-925.1775538018786
-380.1775538018428
-1195.777553801847
629.2224461981588
918.6224461981569
795.0224461981618
739.6224461981564
353.4224461981584
-109.17755380183938
233.62244619815402
-251.7775538018422
266.4224461981605
-499.57755380184665
-927.1775538018497
-1417.7775538018545
-337.3775538018452
-995.7775538018475
-230.57755380183875
817.6224461981657
616.8224461981616
-369.77755380184203
-917.3775538018547
-998.5775538018556
-258.1775538018366
-96.37755380184211
-796.9775538018437
-1646.7775538018595
-1258.177553801846
-268.9775538018373
-170.17755380183644
-208.77755380184354
-558.1775538018439
-402.97755380185407
122.62244619815323
-36.17755380184157
741.4224461981523
278.8224461981609
376.6224461981592
168.42244619816074
589.0224461981587
729.6224461981631
586.2224461981596
830.8224461981521
433.0224461981592
-898.7775538018537
-199.97755380183864
262.42244619816165
-722.3775538018481
-1422.5775538018675
-993.7775538018587
396.0224461981578
1889.6224461981537
1039.6224461981558
1093.2224461981664
-191.17755380184263
-502.97755380184196
-909.3775538018409
-941.177553801845
-1698.5775538018697
-674.5775538018387
-139.77755380184198
-589.7775538018445
48.82244619815839
154.2224461981633
-245.17755380184042
436.4224461981595
-88.97755380184203
-616.177553801845
-621.3775538018393
-1063.977553801846
104.42244619815956
171.82244619815853
-229.97755380184873
637.0224461981663
922.6224461981502
185.22244619815928
-359.1775538018421
-1216.17755380185
-597.977553801841
-744.3775538018401
-1067.977553801834
-1112.7775538018393
-103.37755380183991
172.02244619815764
1205.022446198157
2061.622446198158
73.42244619816071
-1520.177553801844
-2057.7775538018545
-1542.5775538018408
-1632.1775538018417
-932.1775538018442
-835.7775538018457
-1443.1775538018494
288.6224461981616
528.0224461981677
-96.7775538018365
1064.6224461981515
736.6224461981609
230.22244619815808
-103.17755380184556
-1213.5775538018488
-721.5775538018422
-630.1775538018437
1023.0224461981574
1166.2224461981507
-7.5775538018429955
819.4224461981505
1304.422446198152
335.82244619816174
-144.77755380184612
640.8224461981591
-0.9775538018449961
219.62244619815988
844.2224461981543
-1235.9775538018364
-514.9775538018433
114.62244619816039
-305.9775538018361
-1263.9775538018414
-1737.9775538018434
-1270.9775538018384
-391.37755380183967
-276.1775538018413
-43.17755380184025
-431.577553801841
681.4224461981462
1000.2224461981351
613.4224461981456
1160.8224461981451
663.4224461981576
-931.1775538018431
-120.77755380184186
-772.177553801839
-1031.777553801845
-857.5775538018461
1629.222446198137
12.022446198159894
-376.57755380184204
1722.42244619817
795.822446198155
652.4224461981605
444.42244619815926
-684.7775538018484
-652.9775538018433
-403.3775538018466
118.62244619815976
-8.17755380184116
-618.5775538018503
-767.377553801844
858.0224461981583
-26.377553801842247
-697.7775538018357
-368.5775538018421
431.2224461981463
720.2224461981621
326.2224461981604
278.4224461981624
836.6224461981691
785.422446198162
687.8224461981532
744.8224461981556
876.6224461981614
-1323.3775538018178
554.6224461981598
453.6224461981603
564.2224461981529
-80.37755380184034
658.4224461981581
503.2224461981586
38.422446198157786
1235.822446198156
1364.4224461981685
1341.422446198166
988.42244619815
-528.1775538018439
446.62244619816204
1571.8224461981576
129.62244619816215
-51.177553801839196
-242.977553801843
-633.1775538018339
-1035.5775538018436
-1280.5775538018358
-791.7775538018416
-357.3775538018457
1235.8224461981586
1131.622446198174
818.6224461981612
831.822446198163
213.8224461981598
594.4224461981624
426.2224461981589
1145.0224461981654
632.8224461981586
-314.3775538018499
61.82244619816145
-422.57755380183585
-1369.9775538018462
-916.7775538018494
506.62244619816386
1222.2224461981539
131.0224461981641
722.4224461981681
984.2224461981507
255.42244619816432
204.62244619816212
1075.8224461981524
1798.2224461981552
1525.0224461981686
500.2224461981572
1688.822446198156
932.4224461981552
471.02244619815565
132.82244619815208
1048.6224461981556
1420.2224461981482
1291.02244619816
1394.2224461981696
438.82244619816606
-807.7775538018363
381.822446198151
664.2224461981646
907.0224461981663
58.62244619815323
-67.77755380184095
10.622446198161512
900.4224461981594
-1015.9775538018426
-1214.5775538018336
-2211.377553801851
-1037.5775538018413
156.4224461981618
-158.3775538018416
365.42244619815176
-64.3775538018403
110.82244619815725
1335.4224461981635
834.4224461981545
1268.4224461981166
443.82244619816896
298.42244619815705
402.4224461981505
1391.0224461981597
1360.622446198153
2016.022446198151
2414.0224461981607
2726.8224461981645
1655.6224461981349
1685.2224461981793
2234.8224461981267
2986.622446198141
-80.97755380184654
75.82244619816029
996.0224461981495
-127.9775538018385
-337.7775538018428
-397.77755380184084
44.0224461981607
1283.8224461981692
-795.5775538018423
-235.1775538018424
-213.37755380184325
-138.57755380184017
194.62244619815843
77.02244619815725
144.62244619816647
488.6224461981525
-29.577553801836665
2037.6224461981349
2668.222446198174
1678.222446198139
776.2224461981459
1405.8224461981529
2182.4224461981794
1332.622446198151
617.4224461981731
1753.42244619816
896.6224461981689
1888.6224461981637
1627.822446198139
2043.4224461981614
1503.6224461981537
1511.8224461981592
601.0224461981612
-1337.977553801833
-733.377553801835
-1398.177553801852
-1582.777553801836
-370.77755380184186
-104.17755380184444
-9.377553801842847
-1521.377553801828
-505.1775538018544
-646.9775538018563
-291.37755380182944
289.2224461981579
-300.5775538018377
-731.9775538018423
659.0224461981675
-159.3775538018426
659.0224461981581
1882.2224461981625
1789.6224461981483
1478.4224461981387
1458.822446198145
1800.4224461981676
533.0224461981445
-960.3775538018355
196.8224461981581
-523.1775538018384
754.822446198155
2370.422446198172
2398.2224461981573
1480.6224461981606
1008.8224461981661
871.4224461981573
-709.9775538018401
-1417.9775538018437
-1021.177553801842
-1313.777553801847
-166.17755380184144
667.0224461981585
-22.17755380184254
-636.3775538018475
-270.57755380184483
-120.17755380184167
-335.7775538018407
-517.5775538018502
-678.7775538018357
-1204.5775538018395
-496.77755380184095
492.02244619815997
574.4224461981604
1047.8224461981545
1602.622446198169
847.2224461981549
1121.8224461981563
740.4224461981704
1036.822446198144
-330.17755380184155
128.02244619816432
-328.1775538018378
1444.6224461981703
1598.4224461981612
1124.22244619816
764.4224461981535
566.0224461981587
487.82244619816015
-452.1775538018408
-726.1775538018403
-860.5775538018531
-728.1775538018478
-475.3775538018352
-301.3775538018479
-244.77755380183805
-451.777553801847
-10.17755380184007
694.6224461981558
-424.3775538018405
-1852.9775538018482
-385.7775538018417
82.02244619816233
-1770.3775538018408
-604.7775538018476
644.2224461981624
1451.622446198169
954.6224461981413
1290.622446198156
826.0224461981552
102.6224461981605
967.4224461981657
-64.57755380183585
414.2224461981482
-574.1775538018354
388.62244619813663
-484.9775538018362
1034.8224461981645
1198.4224461981619
-131.37755380184313
-525.3775538018455
-213.97755380184043
-141.77755380184257
-759.3775538018373
-1492.1775538018435
-695.7775538018393
148.62244619815613
384.42244619815807
-604.1775538018381
-546.777553801839
423.22244619815524
-1048.9775538018455
-2051.977553801816
-1088.1775538018476
-276.77755380184306
-1914.7775538018443
-16.377553801841223
1660.6224461981535
329.6224461981648
-123.5775538018369
1984.0224461981597
536.82244619816
338.8224461981479
801.4224461981441
-325.177553801842
-448.57755380184204
165.82244619815796
-363.1775538018401
134.22244619815365
1058.2224461981518
317.4224461981597
1033.4224461981648
-61.377553801840634
-199.37755380184024
-1718.1775538018342
-2148.977553801858
-1197.7775538018366
-220.57755380183997
306.6224461981632
398.0224461981609
972.6224461981708
406.42244619816034
687.222446198154
-797.1775538018528
-1076.1775538018273
-681.7775538018444
-1913.1775538018496
-1002.7775538018348
-13.777553801844055
862.822446198163
-173.77755380184166
900.4224461981614
1409.6224461981833
1165.622446198157
804.6224461981474
591.2224461981654
-541.9775538018412
-1500.5775538018402
-1587.5775538018486
-362.97755380184265
340.82244619816913
-712.1775538018404
-1171.1775538018326
572.6224461981668
-1117.57755380184
-314.1775538018409
-1177.9775538018384
-1276.3775538018435
-1008.977553801839
-903.1775538018306
-1105.577553801848
-417.97755380184486
177.22244619815797
-636.7775538018442
-397.77755380184124
-461.97755380184105
-672.977553801837
-1570.1775538018396
-2708.9775538018566
-783.7775538018352
10.822446198155344
34.222446198157336
-406.3775538018417
1261.8224461981433
1942.0224461981693
707.2224461981656
106.82244619816126
384.222446198161
-220.97755380184356
-1142.5775538018345
-2027.1775538018474
474.4224461981644
697.2224461981598
-808.1775538018453
274.22244619816036
237.62244619816127
-922.3775538018474
-457.57755380184705
-38.97755380184112
509.8224461981566
-414.97755380184356
-828.777553801847
-874.5775538018398
629.0224461981649
-501.37755380184376
-694.5775538018388
200.62244619815874
400.4224461981598
-44.97755380184173
-777.1775538018395
-558.3775538018467
-386.3775538018456
-447.3775538018371
-839.777553801846
64.02244619815673
-509.7775538018423
379.02244619815684
-232.97755380184168
-335.57755380184
-583.7775538018345
362.82244619815526
185.62244619815914
-960.377553801829
-166.17755380184002
149.82244619815927
76.02244619816024
-12.77755380184001
222.6224461981587
-392.7775538018408
-120.17755380183658
-144.17755380183868
-327.37755380184365
582.6224461981584
546.6224461981561
247.22244619816107
1764.4224461981505
617.8224461981533
995.4224461981521
46.222446198159574
-607.7775538018417
-341.977553801844
-801.977553801842
-214.97755380184407
-927.5775538018382
-1411.9775538018469
-1278.977553801832
-199.777553801838
716.622446198161
-777.9775538018416
-995.7775538018349
-612.3775538018333
-1314.177553801844
-961.1775538018502
-1077.9775538018675
-586.3775538018472
-971.5775538018312
-856.7775538018457
416.0224461981597
164.0224461981574
-125.37755380184888
-756.7775538018515
-544.377553801838
663.422446198155
-166.9775538018361
368.2224461981601
762.6224461981614
-297.9775538018397
490.62244619816136
548.4224461981628
976.8224461981608
675.2224461981498
531.0224461981527
-325.5775538018369
-1090.5775538018383
181.8224461981598
-640.9775538018376
-888.7775538018363
-2061.177553801833
-1927.7775538018402
587.8224461981544
-1326.7775538018373
-2551.1775538018346
-1754.5775538018622
-564.7775538018375
-909.7775538018371
-1275.9775538018466
-65.97755380184157
-1171.977553801852
-1286.9775538018575
379.4224461981603
151.62244619816005
-398.77755380184306
-985.3775538018506
-268.3775538018429
841.0224461981584
-265.77755380184374
-943.977553801841
-145.37755380184473
-249.77755380184013
982.8224461981605
50.422446198165815
960.0224461981521
-12.177553801837202
-310.37755380183853
-652.5775538018422
-640.9775538018432
408.02244619815616
-1348.7775538018593
342.222446198166
-778.9775538018379
-2378.777553801826
-468.97755380183526
-1503.777553801849
-1694.3775538018494
-1776.7775538018334
-1038.9775538018428
-1620.1775538018214
-1305.7775538018552
-1070.5775538018347
-1276.9775538018484
-982.3775538018476
-1292.9775538018298
-396.9775538018418
-255.57755380184298
-1557.9775538018644
-963.1775538018355
59.22244619815747
272.6224461981598
-877.5775538018431
-1001.3775538018466
660.022446198164
982.2224461981637
108.02244619816183
1031.222446198149
-269.57755380184216
-375.97755380183844
95.62244619815768
513.0224461981625
839.8224461981605
-538.1775538018406
-699.7775538018441
-241.77755380184254
253.02244619816207
279.022446198159
-1502.9775538018519
-431.9775538018389
-1008.3775538018435
-19.777553801837662
-1387.3775538018456
-1078.177553801834
-540.5775538018385
-977.5775538018422
-1063.3775538018285
-654.3775538018386
-861.9775538018389
-361.7775538018441
-972.577553801847
-702.1775538018392
-115.77755380184387
1229.622446198156
831.0224461981563
-334.77755380184436
255.22244619815683
68.22244619815547
70.42244619815838
-315.9775538018408
-179.7775538018427
-443.1775538018436
-345.9775538018424
-692.5775538018435
-113.9775538018409
89.62244619815465
372.4224461981681
-1051.3775538018472
695.0224461981577
-888.9775538018419
-748.3775538018419
-489.7775538018423
-1616.1775538018444
136.42244619815907
-405.7775538018377
58.22244619815888
-1278.7775538018457
-181.17755380184536
-364.57755380184034
-357.77755380184215
-838.9775538018358
-777.9775538018276
-603.377553801839
309.82244619816095
-86.57755380184285
518.4224461981587
1046.6224461981549
1384.4224461981637
969.8224461981468
292.22244619815615
959.2224461981672
375.02244619814536
1149.0224461981734
360.22244619816314
-309.77755380184254
127.82244619816039
15.2224461981574
-479.3775538018427
583.022446198165
-1083.7775538018495
-121.77755380184297
-831.9775538018331
-676.7775538018494
304.82244619816123
-1319.9775538018475
-1128.977553801845
-1871.17755380184
-966.3775538018419
-1774.777553801845
223.2224461981594
-451.57755380183914
688.8224461981561
835.2224461981623
-519.5775538018479
-194.9775538018423
819.6224461981603
827.0224461981512
366.8224461981598
47.222446198156476
88.02244619816304
1004.2224461981696
-318.177553801842
769.0224461981575
265.0224461981543
900.6224461981619
47.022446198161106
555.0224461981645
1468.4224461981717
54.622446198160546
-954.177553801857
-235.97755380184142
-49.17755380183954
14.422446198155942
-451.77755380183055
-810.9775538018405
544.6224461981597
-1079.1775538018355
-343.1775538018454
-143.37755380184353
272.02244619815906
-1574.5775538018438
-136.7775538018446
-402.1775538018425
617.0224461981585
-37.377553801843845
-358.37755380185615
-404.97755380184293
85.02244619815949
865.0224461981531
1302.4224461981685
946.8224461981624
761.6224461981569
1113.2224461981566
597.6224461981659
1301.22244619815
928.2224461981458
1182.2224461981702
435.8224461981581
1289.6224461981597
1543.8224461981638
-336.77755380184544
-1252.3775538018433
-41.77755380184023
692.6224461981561
-448.7775538018482
-375.77755380184595
-285.5775538018484
40.422446198156614
-1052.7775538018332
100.82244619816335
313.82244619815907
1270.02244619816
4.622446198166209
310.82244619815896
420.4224461981598
527.422446198161
-689.3775538018415
582.4224461981579
933.422446198156
223.2224461981579
562.2224461981626
911.022446198157
1171.8224461981672
1439.0224461981643
1883.0224461981509
1051.6224461981603
540.2224461981514
550.6224461981571
276.4224461981611
145.22244619816564
822.0224461981738
592.2224461981481
-189.77755380184482
-432.7775538018509
-276.5775538018416
308.4224461981616
-195.97755380184424
-176.17755380185417
403.2224461981568
-508.3775538018398
-246.97755380184657
-611.7775538018367
-321.3775538018449
510.8224461981596
693.4224461981564
241.2224461981612
-308.57755380184375
-294.7775538018417
306.22244619816087
863.4224461981532
488.4224461981611
-500.3775538018413
267.42244619815824
-159.17755380184545
-203.57755380184216
1134.2224461981489
1134.422446198152
-76.57755380183991
573.8224461981556
628.6224461981624
367.82244619816277
-334.57755380184193
511.82244619815503
313.6224461981623
165.02244619816295
45.02244619815849
-297.37755380184416
-215.3775538018412
-152.57755380184264
-46.97755380183731
170.02244619815633
114.22244619816345
464.2224461981573
220.62244619816042
-715.5775538018438
-831.9775538018406
-704.5775538018358
-20.7775538018415
-647.5775538018497
216.2224461981591
-114.97755380184469
-461.17755380184184
-514.9775538018425
-555.1775538018377
-62.777553801841236
486.8224461981551
350.2224461981589
1290.4224461981553
513.822446198156
313.2224461981569
181.42244619816225
1450.8224461981567
1035.2224461981589
-686.7775538018434
1589.0224461981527
163.02244619815713
-210.3775538018391
-129.97755380184498
-156.1775538018423
268.2224461981656
414.2224461981515
247.8224461981589
-233.57755380184213
677.622446198156
559.8224461981582
747.4224461981618
-1117.1775538018305
-472.3775538018458
654.4224461981536
334.62244619815795
-373.57755380184636
499.2224461981616
-383.77755380183766
-1118.5775538018445
-59.37755380184116
-302.5775538018446
-820.9775538018417
-92.97755380183816
26.022446198160836
803.2224461981539
779.6224461981594
990.2224461981689
563.0224461981554
1082.2224461981518
669.8224461981479
-704.1775538018369
712.2224461981494
-277.37755380183756
-719.3775538018427
-580.5775538018422
-5.977553801842252
751.0224461981628
-322.3775538018402
-656.9775538018397
-497.77755380184516
378.42244619815676
-287.77755380183976
555.0224461981588
-650.3775538018429
-182.37755380184043
1211.8224461981629
-157.97755380184006
137.822446198156
333.2224461981612
296.82244619815947
-386.5775538018513
-295.1775538018384
172.62244619815792
-145.37755380183836
-597.7775538018477
686.6224461981612
1580.0224461981302
1918.0224461981759
1036.8224461981551
1270.8224461981592
494.2224461981671
770.2224461981659
159.62244619816292
767.4224461981642
104.62244619816556
-93.17755380183894
-659.3775538018435
-174.97755380183887
508.82244619815987
358.6224461981586
120.62244619816066
-490.5775538018385
152.42244619815898
741.622446198163
2081.622446198164
241.8224461981606
188.6224461981617
349.62244619816425
-842.5775538018382
508.2224461981591
-237.17755380183948
-341.17755380183905
253.82244619815808
1039.2224461981596
1053.222446198158
315.82244619815555
-548.1775538018419
849.4224461981564
1463.622446198159
1745.0224461981577
1206.822446198154
2894.8224461981604
1464.222446198143
1323.6224461981687
1422.222446198151
2186.2224461981436
716.2224461981558
1029.8224461981556
702.8224461981538
-540.5775538018397
266.4224461981562
1387.6224461981487
-227.17755380183985
-470.37755380183955
-611.9775538018419
-43.17755380183709
1380.8224461981767
783.2224461981561
153.42244619815753
-553.3775538018443
622.6224461981618
1555.4224461981564
188.22244619816686
-813.5775538018415
-816.9775538018397
362.22244619815126
789.6224461981566
226.42244619816088
-213.37755380183822
-109.7775538018405
732.4224461981569
719.0224461981434
1573.6224461981449
938.8224461981545
-1028.377553801841
-425.97755380183935
-311.77755380184334
-1028.7775538018336
547.822446198158
650.8224461981642
435.22244619816126
-229.9775538018402
-668.9775538018473
-233.57755380184307
653.6224461981533
-322.7775538018414
-1502.7775538018561
-513.7775538018496
-939.9775538018586
-376.3775538018488
291.8224461981585
-6.177553801840478
409.2224461981526
-162.3775538018423
-88.57755380183708
-48.57755380184021
-20.377553801840154
507.62244619816084
1543.8224461981533
948.022446198154
-754.3775538018456
-54.177553801836794
483.8224461981627
17.222446198160007
1854.4224461981737
-891.5775538018513
-1274.1775538018414
-542.9775538018386
-1367.1775538018476
-1799.9775538018393
60.422446198159584
-430.9775538018365
59.02244619815769
762.4224461981476
291.4224461981593
180.22244619816027
581.4224461981565
298.82244619816163
11.222446198165407
221.82244619816046
-1088.5775538018404
-1572.777553801849
-840.1775538018326
-549.9775538018413
954.2224461981581
917.8224461981561
969.4224461981507
400.0224461981628
-477.97755380183855
157.6224461981633
168.02244619816068
-596.9775538018423
-1035.5775538018593
-78.17755380183385
66.2224461981577
-1032.577553801842
695.8224461981495
183.4224461981579
276.22244619816024
241.62244619815752
-482.5775538018459
-1312.5775538018383
-811.3775538018474
-584.3775538018383
426.0224461981562
182.82244619816154
92.02244619815889
-5.377553801841977
716.0224461981607
-446.5775538018416
262.02244619815923
1080.8224461981708
348.22244619816445
-575.777553801844
-650.9775538018434
176.2224461981593
1754.822446198156
2081.022446198157
958.6224461981706
-332.7775538018406
-114.77755380183987
639.222446198151
161.8224461981583
-384.9775538018407
-602.5775538018377
-177.17755380184292
482.82244619815464
251.82244619816197
716.6224461981591
393.02244619816287
691.6224461981607
370.42244619816233
504.2224461981658
-103.17755380184067
-494.17755380184263
146.22244619815666
-265.37755380184535
-988.1775538018436
642.8224461981606
1540.8224461981486
704.822446198149
-316.1775538018449
-511.7775538018431
254.4224461981579
1309.0224461981697
295.62244619815874
866.2224461981621
948.4224461981568
1344.4224461981603
1146.0224461981695
745.0224461981591
-466.57755380184284
314.0224461981585
274.42244619816125
-667.5775538018432
-538.3775538018477
-446.97755380184503
-443.7775538018344
773.8224461981564
163.02244619816156
-845.377553801838
263.22244619816183
250.22244619815922
1186.6224461981633
522.2224461981583
-729.7775538018469
-315.37755380183654
-234.77755380184203
-1414.1775538018314
-1527.7775538018416
-845.5775538018415
544.2224461981773
567.622446198157
591.6224461981516
-349.1775538018449
-692.9775538018451
-751.1775538018477
238.4224461981595
1791.2224461981577
889.0224461981675
190.22244619816092
-308.1775538018422
244.82244619815685
-2.5775538018414714
94.62244619815793
-543.9775538018392
-1528.7775538018495
-322.97755380184157
-480.7775538018411
-449.5775538018414
1000.8224461981603
649.2224461981596
-220.97755380183904
878.6224461981631
300.02244619815787
296.42244619815636
-381.17755380184707
646.0224461981585
497.62244619816016
-1254.177553801848
-1010.1775538018601
-749.3775538018451
-409.5775538018402
425.22244619815564
1219.822446198169
867.6224461981582
681.8224461981646
697.6224461981574
-1667.3775538018485
-681.977553801844
604.422446198162
615.2224461981613
292.6224461981578
-412.17755380184724
-41.9775538018348
342.0224461981607
-647.3775538018425
-543.5775538018464
-1009.5775538018611
-526.7775538018434
-600.5775538018446
-361.37755380183745
632.2224461981494
-14.777553801840574
-1359.5775538018386
1651.2224461981848
762.6224461981569
-90.5775538018394
-1006.7775538018403
925.6224461981591
-991.9775538018424
-1816.7775538018589
-366.1775538018385
-1570.577553801827
-740.3775538018374
436.2224461981573
-589.9775538018563
-602.9775538018414
-631.5775538018337
-619.7775538018426
-599.9775538018405
-450.57755380184545
-286.1775538018372
1492.8224461981401
719.22244619816
-414.37755380182625
-516.1775538018334
-630.3775538018439
-1151.9775538018412
-1046.1775538018421
-568.3775538018397
-450.37755380184484
-1105.9775538018398
-536.1775538018393
195.222446198157
-38.377553801841636
-1972.5775538018438
2205.8224461981335
1843.4224461981682
1346.6224461981565
-590.1775538018385
-375.5775538018431
-982.5775538018331
-1784.5775538018224
-1170.5775538018238
-1310.577553801846
-471.3775538018444
575.2224461981635
-761.3775538018434
-569.5775538018496
71.62244619815738
-1507.3775538018372
-1523.3775538018454
-1277.1775538018246
-958.9775538018355
-1184.9775538018398
-1882.3775538018085
-1604.9775538018177
-1593.7775538018504
-1069.9775538018157
-1211.577553801812
-609.9775538018334
-384.9775538018399
-1016.9775538018268
-1079.7775538018411
-503.7775538018439
906.2224461981648
278.2224461981581
-835.5775538018428
681.822446198158
520.2224461981597
-1001.9775538018391
-1540.5775538018431
-256.77755380184686
429.2224461981582
-1193.1775538018464
-1326.9775538018396
-1357.1775538018162
-1929.5775538018272
-1112.3775538018383
-582.9775538018382
-323.77755380184243
-670.5775538018273
-1781.9775538018305
-697.7775538018415
-1410.7775538018302
-1753.1775538018485
-2387.1775538018196
-1885.5775538018179
-1150.977553801816
-1641.7775538018695
-2078.97755380182
-2742.3775538018
-2998.777553801843
-1200.7775538018407
-754.7775538018391
-575.7775538018446
-963.57755380186
-362.17755380184
-381.5775538018386
240.022446198161
-272.5775538018373
91.22244619816081
-1657.3775538018454
-1417.377553801845
-429.9775538018392
-367.57755380184125
119.22244619815679
-1202.3775538018383
-1382.1775538018483
-858.1775538018405
-1482.9775538018341
-948.1775538018328
-1465.577553801846
-2341.9775538018403
-2699.3775538017967
-1917.3775538018604
-2364.9775538018453
-1892.577553801839
-1643.3775538018313
-1230.7775538018027
-1794.3775538018228
-1660.5775538018777
-959.1775538018211
-71.9775538018437
-2552.377553801869
-1158.177553801837
-84.57755380183966
-1036.5775538018552
-535.1775538018381
-214.5775538018409
-276.77755380184215
820.0224461981531
337.4224461981598
1369.0224461981616
567.0224461981661
-323.3775538018389
-222.37755380184208
142.62244619816212
542.4224461981607
-301.9775538018386
-1790.9775538018464
-998.1775538018543
-754.1775538018228
-1234.177553801845
-1414.3775538018444
-1404.977553801854
-1547.5775538018115
-2398.3775538018313
-3484.9775538018466
-1789.7775538018382
-2425.9775538018694
-2104.5775538018306
-1863.7775538018393
-919.377553801837
-1615.7775538018677
-1368.9775538018466
-738.7775538018445
-975.5775538018526
-196.7775538018422
-1064.977553801844
-715.177553801846
513.6224461981643
-312.77755380184163
-541.377553801839
-547.1775538018311
1139.6224461981499
63.42244619816059
-323.3775538018404
599.0224461981607
931.2224461981543
355.02244619815673
319.62244619815783
-1557.1775538018471
-2402.977553801832
-1986.1775538018492
-1547.577553801842
-1251.3775538018238
-1239.5775538018177
-1230.777553801842
-2326.977553801829
-3534.577553801807
-1647.177553801862
-2415.377553801826
-2333.7775538018964
-1031.9775538018068
-1125.7775538018702
-2222.577553801842
-1740.7775538018427
112.4224461981598
333.2224461981581
15.222446198161506
374.4224461981563
-42.57755380184359
1016.0224461981487
851.8224461981533
-621.3775538018385
267.42244619816097
1033.222446198151
646.0224461981511
-138.77755380184374
316.6224461981574
1578.0224461981495
856.0224461981628
-7.777553801839694
-242.1775538018418
-1956.3775538018244
-2220.3775538018126
-1543.1775538018433
-1593.9775538018448
-1372.7775538018582
-1666.3775538018406
-1140.7775538018582
-2430.977553801847
-1480.9775538018469
-2307.577553801847
-1334.1775538018276
-1438.17755380182
-2111.5775538018634
-2447.777553801839
-1977.1775538018521
-458.9775538018426
-131.37755380183958
231.0224461981579
376.2224461981607
730.6224461981593
1132.4224461981535
66.0224461981625
-900.1775538018442
-59.177553801838755
811.2224461981584
1311.2224461981784
215.82244619815197
-630.5775538018356
1695.8224461981642
2315.6224461981724
-809.577553801838
-1331.5775538018415
-1581.7775538018368
-1334.3775538018297
-2141.5775538018434
-1250.7775538018445
-1003.7775538018367
-1828.977553801827
-934.5775538018227
-1788.9775538018748
-800.9775538018541
-1999.5775538018165
-1879.7775538018411
-2925.1775538018614
-1169.3775538018465
-488.9775538018326
-1392.1775538018496
-634.3775538018511
40.22244619815756
561.6224461981554
771.6224461981569
495.0224461981529
1290.4224461981275
1054.422446198161
768.4224461981707
-628.1775538018419
203.82244619815708
1229.8224461981547
164.82244619815683
7.82244619816198
1774.2224461981364
2632.022446198168
-128.17755380184434
-296.77755380184453
-261.97755380184367
-1946.1775538018474
-2823.1775538018464
-1108.5775538018386
-1588.9775538018525
-1547.3775538018647
-1099.7775538018304
-1442.1775538018842
-1071.5775538018238
-386.7775538018436
-1995.1775538018421
-2103.177553801844
-603.5775538018397
-731.5775538018382
539.6224461981573
1099.0224461981552
826.8224461981688
-419.977553801842
0.8224461981581221
1690.022446198155
1975.2224461981623
1759.4224461981537
1318.022446198166
1414.822446198136
1205.2224461981245
1678.222446198176
95.82244619815911
638.4224461981528
1882.622446198167
755.822446198164
519.2224461981594
58.62244619815763
93.62244619815834
-1728.1775538018553
-1317.1775538018444
-1763.1775538018344
-1485.7775538018561
-843.7775538018346
-964.177553801848
-1467.5775538018167
-1217.9775538018416
-1268.1775538018699
-1211.9775538018487
-907.5775538018472
-1196.1775538018517
-1429.5775538018227
340.6224461981561
257.6224461981598
621.222446198167
-232.77755380184158
346.62244619816494
1301.8224461981602
1127.0224461981506
133.8224461981604
474.4224461981597
708.0224461981553
470.0224461981562
922.4224461981607
322.622446198159
496.4224461981594
727.4224461981557
-249.5775538018402
923.6224461981546
996.2224461981434
649.022446198161
-1160.5775538018293
-632.3775538018447
-448.3775538018321
-1605.9775538018557
-1332.577553801823
-621.9775538018353
-1255.3775538018383
-1304.5775538018522
-2162.9775538018685
-369.17755380184076
-132.57755380184216
-728.5775538018507
811.2224461981573
987.0224461981564
352.8224461981609
60.22244619816159
206.22244619815982
1267.022446198147
594.6224461981582
456.0224461981675
142.82244619815964
980.0224461981555
150.62244619814476
487.8224461981744
1396.4224461981617
967.4224461981725
1244.4224461981585
1501.4224461981607
1613.8224461981602
1304.6224461981524
1359.8224461981372
511.42244619816006
415.2224461981599
-1512.177553801845
-1256.5775538018352
-1662.7775538018318
-1308.3775538018283
-726.177553801845
49.222446198158465
12.022446198160956
-1552.3775538018463
-1470.1775538018437
-767.377553801839
-356.17755380184593
123.8224461981577
938.4224461981545
657.8224461981495
-121.17755380184474
-425.37755380184353
144.02244619816113
1388.8224461981356
1733.4224461981712
1043.4224461981535
1858.8224461981686
711.622446198166
1252.8224461981558
658.4224461981393
-254.37755380184382
639.2224461981556
268.42244619816086
536.422446198162
-248.3775538018417
263.82244619815896
662.0224461981612
436.0224461981644
292.8224461981509
-1361.7775538018473
-1391.77755380183
-360.97755380184833
-447.3775538018419
-506.9775538018348
-656.7775538018421
-681.1775538018438
-1388.9775538018391
-974.3775538018422
527.4224461981555
454.8224461981531
890.8224461981586
840.2224461981616
-65.57755380184182
9.222446198160632
38.82244619816901
1478.422446198158
1576.8224461981465
-64.37755380184132
416.2224461981688
271.62244619816056
627.622446198156
749.0224461981621
785.2224461981413
270.8224461981518
-629.9775538018424
325.4224461981742
229.02244619815195
1484.6224461981767
570.0224461981608
-462.7775538018391
1229.2224461981584
-575.7775538018419
-1051.977553801843
661.4224461981595
1793.8224461981677
783.422446198163
162.62244619816016
1297.0224461981466
-367.7775538018431
-397.7775538018432
1310.2224461981718
1128.2224461981518
789.6224461981581
1059.622446198152
856.4224461981518
288.2224461981615
-226.77755380184283
-317.37755380184166
-220.37755380184223
-171.97755380183025
1239.8224461981845
-613.977553801845
390.222446198159
-49.57755380184437
-216.17755380184195
-600.3775538018386
-690.1775538018386
298.22244619816337
-634.577553801842
2416.222446198168
1675.62244619818
-488.17755380183775
958.0224461981478
-456.9775538018415
599.0224461981579
2204.4224461981835
2528.4224461981566
1631.6224461981358
1890.8224461981424
1864.6224461981603
630.822446198158
721.4224461981589
279.0224461981622
1242.2224461981505
1176.0224461981393
25.422446198159818
4.622446198158748
-478.37755380184217
22.622446198162656
-1087.3775538018417
-1609.7775538018504
524.8224461981569
1436.0224461981798
-347.1775538018397
418.6224461981598
-588.977553801841
-424.97755380183906
-229.57755380184278
-344.57755380184824
375.8224461981599
-378.37755380184143
391.022446198165
1064.4224461981557
1203.2224461981434
1170.422446198145
-261.3775538018441
2242.622446198185
3450.2224461981864
4240.022446198152
2105.222446198157
2421.0224461981693
2436.222446198148
816.6224461981562
443.8224461981615
708.6224461981577
625.0224461981593
1083.2224461981582
132.02244619815932
-792.5775538018416
-1082.7775538018507
113.62244619815901
-717.577553801835
-1615.5775538018524
-381.9775538018358
-121.9775538018405
-101.17755380184053
-907.7775538018377
-789.5775538018455
-607.1775538018458
-942.1775538018394
-1893.5775538018436
-702.1775538018392
232.02244619815627
1121.62244619816
-55.7775538018396
1868.2224461981705
130.2224461981608
721.8224461981556
2036.0224461981707
2741.222446198145
4677.622446198181
3173.822446198175
3518.6224461981396
1897.2224461981598
1693.422446198128
632.4224461981519
553.622446198175
796.0224461981568
650.0224461981522
95.62244619815917
-376.3775538018433
-1335.177553801857
-604.7775538018391
-486.97755380184145
-75.17755380184224
172.4224461981567
-60.57755380183734
1163.2224461981612
-28.177553801839004
622.2224461981602
117.22244619815685
-891.1775538018412
-1065.7775538018439
-189.77755380184578
318.6224461981548
2165.822446198158
589.0224461981717
1610.822446198154
806.8224461981573
608.4224461981587
2036.822446198136
1826.2224461981546
2538.222446198156
1307.222446198138
2598.822446198175
1503.8224461981524
1946.2224461981393
230.82244619814276
1433.4224461981692
2115.0224461981534
281.2224461981695
-426.5775538018436
-102.17755380184167
-432.3775538018466
-646.7775538018411
-1142.3775538018365
-1337.777553801833
21.022446198161163
-859.1775538018362
811.0224461981584
-310.7775538018418
-108.57755380184233
-524.1775538018463
-486.3775538018366
-118.77755380184676
-428.9775538018361
-84.77755380184357
1503.6224461981471
1658.022446198153
1313.8224461981308
534.6224461981581
144.22244619815874
1817.2224461981664
1046.4224461981646
1818.0224461981604
1800.4224461981316
2699.8224461981686
430.02244619816025
886.0224461981654
-122.97755380184422
555.0224461981635
267.8224461981535
-52.77755380183778
-738.3775538018309
-828.5775538018534
-433.37755380183705
-163.9775538018417
-610.377553801846
-748.9775538018328
-77.97755380184137
-14.177553801838982
517.822446198164
-396.3775538018415
-633.7775538018482
-1036.3775538018408
-251.1775538018443
-120.97755380183929
-990.3775538018403
-905.1775538018376
842.2224461981588
1627.0224461981545
-83.77755380183962
-455.77755380183964
421.2224461981683
1303.4224461981626
619.0224461981394
1415.422446198171
1236.6224461981883
2305.222446198152
766.4224461981604
743.2224461981598
386.622446198175
214.02244619815468
-771.9775538018389
754.4224461981521
1001.6224461981562
121.02244619816142
-296.57755380184454
-670.7775538018433
-498.77755380184374
-221.17755380184215
728.6224461981567
514.2224461981522
-847.7775538018393
-1242.3775538018465
-2097.777553801831
-1785.7775538018252
-563.5775538018418
-480.97755380183935
-727.3775538018439
-430.17755380184326
41.82244619816072
1044.0224461981759
16.62244619815813
-199.97755380184412
825.4224461981622
265.42244619815443
528.4224461981588
6.22244619816022
52.0224461981547
890.2224461981561
921.2224461981651
179.02244619816477
-572.7775538018453
-553.777553801842
-36.57755380183919
950.6224461981642
985.4224461981541
-215.77755380184306
-86.37755380183808
-1265.1775538018508
-1582.3775538018615
-606.7775538018445
-133.77755380184152
-473.7775538018364
-471.97755380183696
-647.5775538018396
-1302.57755380183
-2026.977553801838
-591.3775538018396
-250.57755380183983
67.62244619815863
-56.7775538018359
-355.3775538018368
11.42244619815644
-464.77755380184163
-350.5775538018436
173.42244619815884
220.42244619814835
797.2224461981566
497.82244619816805
-442.9775538018443
-409.77755380183834
-455.9775538018485
-224.57755380184093
-918.1775538018429
-26.977553801839065
-322.9775538018418
-104.57755380184165
200.42244619815628
27.422446198158994
350.8224461981571
306.622446198159
-699.1775538018477
-384.77755380184124
-566.1775538018459
184.0224461981567
-564.3775538018385
595.4224461981569
-56.177553801838286
-2219.9775538018484
555.4224461981561
-105.17755380184391
-88.17755380185167
-298.17755380184013
-520.3775538018451
259.62244619816636
8.222446198157712
-284.1775538018407
-394.3775538018387
412.62244619816965
366.42244619815847
896.6224461981475
-503.7775538018379
236.8224461981611
713.4224461981656
-229.77755380184124
-864.5775538018314
475.42244619815835
-218.5775538018391
-589.9775538018409
286.2224461981637
-359.5775538018425
-776.7775538018392
-579.7775538018409
-1133.3775538018501
-778.3775538018363
-73.57755380183913
675.6224461981658
-356.77755380184703
41.62244619816016
-631.1775538018437
-2223.777553801841
-582.9775538018406
-920.7775538018403
-1249.9775538018391
-1282.577553801845
-697.7775538018465
468.62244619816573
-663.9775538018462
-1164.5775538018347
-166.37755380184427
445.0224461981617
-477.97755380184674
421.22244619815774
-126.57755380183953
375.0224461981607
796.8224461981496
-933.5775538018286
-155.57755380184807
412.0224461981592
812.8224461981655
209.42244619815796
-563.5775538018396
-861.377553801846
-916.7775538018418
-1891.5775538018252
-1011.9775538018415
-134.777553801841
729.0224461981601
442.2224461981551
224.02244619816008
-577.3775538018407
-748.9775538018442
-1313.777553801844
-796.1775538018328
-1152.5775538018474
-1002.3775538018423
-1290.7775538018552
-525.1775538018416
205.62244619816096
287.0224461981598
226.62244619815647
199.22244619815822
473.622446198151
489.82244619816163
1399.6224461981662
124.2224461981599
346.82244619815765
2.622446198158343
-1163.377553801837
613.6224461981601
344.2224461981601
260.2224461981581
694.2224461981651
599.0224461981576
-201.37755380184305
-490.3775538018416
-1688.7775538018518
-570.1775538018493
-82.17755380184481
551.2224461981589
832.6224461981637
1774.6224461981608
538.2224461981606
33.422446198159314
102.82244619815933
1119.6224461981756
-158.77755380184018
501.0224461981585
704.2224461981535
-406.57755380183943
278.822446198167
1553.8224461981615
522.0224461981576
417.4224461981638
141.02244619815735
156.2224461981574
1008.0224461981588
583.2224461981665
329.8224461981572
-458.1775538018369
619.2224461981677
1915.4224461981605
1017.0224461981653
-14.17755380183872
-308.37755380184376
413.02244619816
750.2224461981654
532.2224461981548
-54.7775538018367
-202.3775538018408
258.42244619816296
385.6224461981573
1694.8224461981692
2439.0224461981493
589.0224461981397
660.8224461981633
458.0224461981686
27.42244619816231
1449.022446198141
1657.0224461981563
1682.0224461981625
951.6224461981574
374.82244619815526
918.422446198144
2158.222446198151
984.2224461981563
39.822446198157174
1746.222446198164
1063.6224461981485
1191.6224461981417
1329.422446198143
228.22244619815928
272.2224461981516
186.6224461981488
272.6224461981522
84.22244619815595
199.222446198161
750.8224461981563
1834.0224461981336
1593.4224461981353
99.82244619815074
812.4224461981609
655.0224461981685
189.42244619816037
2500.0224461981857
22.622446198162322
-172.57755380184093
356.82244619815293
-547.7775538018383
-852.1775538018373
1071.8224461981572
601.6224461981503
919.4224461981507
1146.2224461981427
354.0224461981599
692.2224461981615
1853.822446198145
1480.022446198147
915.0224461981544
1379.4224461981328
-104.17755380183581
-979.3775538018435
-488.7775538018404
-747.7775538018416
352.4224461981556
602.6224461981424
980.8224461981513
407.82244619816265
-504.57755380183926
363.4224461981529
340.02244619815315
134.0224461981555
-0.9775538018385064
817.0224461981518
187.82244619815677
-905.9775538018449
1162.822446198174
527.6224461981561
876.6224461981568
468.02244619815696
-527.5775538018429
-1237.5775538018338
-660.9775538018386
-590.9775538018417
497.6224461981584
35.62244619816069
-510.3775538018386
-297.5775538018412
1136.0224461981707
-350.1775538018406
-257.5775538018439
591.822446198159
-286.5775538018412
-1688.7775538018413
-1704.177553801843
-699.3775538018436
384.4224461981581
663.6224461981523
267.82244619815526
-740.9775538018388
-609.3775538018491
439.82244619814355
-167.7775538018555
-257.577553801844
-150.17755380184275
66.62244619815705
296.82244619816197
32.22244619816031
838.8224461981611
493.6224461981651
740.8224461981533
295.22244619816223
506.4224461981602
179.82244619816532
-446.37755380184143
-66.3775538018387
-15.57755380184026
-1015.977553801843
27.022446198156075
938.4224461981623
643.0224461981577
-733.7775538018427
-1200.77755380185
-490.17755380184013
143.42244619816304
-1254.3775538018504
-672.3775538018444
-273.7775538018434
-67.17755380183887
-283.7775538018447
448.42244619815216
-364.37755380184274
94.22244619815882
132.8224461981629
-861.9775538018446
-212.17755380184244
-361.7775538018516
-665.1775538018319
625.6224461981574
155.4224461981602
-443.77755380183777
99.22244619816148
-134.9775538018427
1026.02244619816
862.4224461981624
-351.1775538018379
-34.17755380184139
-79.37755380184615
-868.1775538018376
-1251.377553801836
-1230.9775538018512
29.02244619815282
287.42244619815693
-148.97755380184122
-1167.1775538018483
-1352.377553801833
-1662.7775538018457
-1173.977553801839
522.8224461981606
2.4224461981618615
-1011.7775538018475
-903.1775538018409
716.622446198165
285.22244619815035
391.02244619815946
311.8224461981596
-998.9775538018247
-61.57755380184077
-834.577553801843
-925.5775538018357
573.4224461981576
576.6224461981562
248.42244619815907
552.8224461981597
-48.77755380184325
358.0224461981588
136.42244619815796
1076.222446198161
1066.0224461981586
-449.77755380183976
120.62244619815841
131.82244619815995
111.22244619815942
550.4224461981676
1297.0224461981572
505.8224461981557
347.42244619816097
910.6224461981577
-1005.7775538018469
-629.3775538018451
154.02244619815798
215.8224461981668
-243.77755380184013
-329.9775538018429
702.6224461981592
1031.4224461981446
225.6224461981567
574.6224461981653
-170.5775538018416
-379.9775538018437
-741.3775538018405
-880.1775538018452
-190.5775538018404
-625.977553801847
-1056.177553801848
698.4224461981585
200.8224461981556
-77.97755380184076
-412.3775538018412
927.8224461981594
-837.577553801836
-1000.5775538018445
879.0224461981518
-324.77755380184385
75.82244619815732
688.8224461981599
-428.9775538018398
-482.5775538018386
-432.3775538018399
752.2224461981713
1037.2224461981489
943.4224461981526
778.422446198148
2258.2224461981523
1424.822446198151
562.0224461981625
713.8224461981638
532.4224461981523
-344.97755380184407
-77.57755380184163
114.22244619815801
-279.3775538018414
-1231.1775538018424
-1071.577553801842
-730.3775538018432
-484.37755380182404
-1615.7775538018407
252.4224461981544
556.6224461981589
864.8224461981368
-307.57755380184204
-400.777553801841
-1125.3775538018504
-1249.577553801843
-76.77755380184041
-306.9775538018471
444.62244619816113
1054.222446198162
-561.3775538018424
7.222446198155424
953.822446198148
354.8224461981495
430.42244619815517
1129.6224461981603
1223.22244619814
507.4224461981547
-446.9775538018418
138.42244619815799
473.2224461981519
564.0224461981616
-132.5775538018407
133.8224461981574
33.02244619815912
-949.177553801839
-1164.1775538018435
-771.1775538018352
408.82244619815646
39.02244619815721
-913.777553801831
-1280.777553801836
-439.57755380184705
-1152.1775538018426
-1439.977553801841
-26.97755380184354
326.822446198159
-604.9775538018422
-188.37755380184342
-309.17755380184224
-606.5775538018411
-313.77755380184
-254.17755380184013
518.0224461981653
1038.4224461981642
286.62244619815823
1558.0224461981536
1543.8224461981624
541.8224461981722
-759.5775538018399
-224.77755380183817
425.2224461981598
-58.777553801842174
-159.37755380184274
-1124.7775538018411
-2023.1775538018385
-582.3775538018429
54.222446198159346
226.2224461981608
-539.1775538018296
-90.97755380183833
-211.37755380184225
201.62244619816127
-1624.977553801818
-216.97755380184097
-1248.1775538018367
-951.9775538018408
69.82244619815272
-204.97755380184086
428.62244619816124
-323.5775538018451
-68.97755380184228
567.0224461981566
-19.17755380184147
270.2224461981648
109.42244619815119
-86.17755380183822
-434.77755380184266
354.0224461981634
546.022446198167
401.8224461981653
540.2224461981453
520.2224461981483
-440.9775538018393
-443.77755380184016
837.0224461981448
1565.422446198171
-1316.7775538018452
166.82244619815884
1746.8224461981633
659.6224461981619
780.022446198158
1024.8224461981617
493.822446198168
998.0224461981609
-960.3775538018342
605.6224461981569
287.0224461981618
-315.17755380184497
0.022446198152929142
269.22244619815734
599.2224461981592
245.0224461981564
-436.9775538018349
439.62244619815493
1001.8224461981602
889.8224461981631
524.2224461981659
342.622446198159
402.4224461981591
175.62244619815522
-726.7775538018403
655.6224461981562
44.42244619816177
185.82244619815825
121.4224461981617
667.022446198158
62.22244619816
-36.377553801839596
50.02244619815829
271.62244619816147
1584.2224461981639
403.02244619815576
157.22244619815828
925.0224461981599
-238.37755380184163
-702.7775538018558
-2099.377553801848
-370.5775538018329
-978.1775538018409
-634.1775538018383
400.0224461981613
452.42244619816313
37.02244619816321
630.2224461981535
-621.3775538018358
-954.1775538018254
311.62244619815095
871.4224461981487
760.4224461981554
760.8224461981653
1226.422446198144
841.0224461981592
-129.7775538018365
1497.622446198136
773.2224461981616
887.6224461981524
1836.0224461981518
1243.2224461981416
-447.7775538018446
-650.5775538018446
643.02244619817
1170.222446198161
864.222446198165
1099.4224461981494
72.62244619815573
157.02244619816054
-371.57755380184005
-1611.3775538018451
-1159.177553801835
-495.3775538018302
53.62244619815962
192.22244619815842
686.6224461981562
494.2224461981617
113.02244619815382
434.2224461981586
880.2224461981615
-211.57755380183744
448.6224461981557
1490.4224461981341
1091.0224461981738
1181.622446198165
1247.4224461981526
1916.2224461981552
800.2224461981741
1574.6224461981685
1278.622446198149
2038.4224461981396
1306.6224461981658
718.4224461981609
-507.1775538018502
-1218.5775538018454
-50.97755380184202
619.2224461981515
635.2224461981596
650.4224461981593
108.82244619815825
-503.17755380185
-1999.577553801842
-2572.7775538018536
-637.3775538018324
-307.1775538018396
875.8224461981526
445.42244619816876
-623.3775538018468
-29.977553801838493
1025.6224461981449
-248.9775538018427
65.82244619816301
196.82244619816095
1534.6224461981649
1320.2224461981461
1713.6224461981533
1657.0224461981552
874.2224461981616
1752.2224461981536
946.8224461981657
1626.2224461981536
837.2224461981649
713.4224461981601
-690.5775538018387
943.2224461981502
557.2224461981572
-1533.9775538018337
-1437.177553801843
-445.1775538018425
146.82244619815538
476.0224461981701
-666.7775538018382
-139.37755380184416
-459.7775538018369
-697.9775538018395
-841.5775538018501
-1101.5775538018388
145.2224461981601
-768.3775538018328
-1094.7775538018498
-438.9775538018382
827.6224461981575
-4.3775538018452345
763.4224461981546
1324.422446198167
892.4224461981557
409.6224461981639
1206.62244619818
284.0224461981592
388.22244619815314
809.4224461981523
700.0224461981661
1049.0224461981693
1709.822446198147
44.42244619815898
-342.177553801843
657.8224461981664
-217.17755380183812
166.82244619816117
-38.57755380183821
174.22244619816576
-432.9775538018423
142.6224461981574
741.8224461981624
703.8224461981636
329.4224461981579
-61.97755380184588
1550.4224461981598
221.22244619815902
175.02244619816165
-1084.577553801836
-607.5775538018434
-133.9775538018431
-691.17755380184
57.22244619815721
-101.77755380183808
692.6224461981643
45.02244619815926
905.2224461981572
285.02244619816713
-226.77755380184266
548.0224461981617
661.0224461981652
264.2224461981574
722.6224461981625
723.6224461981535
875.4224461981536
681.8224461981478
-483.57755380184216
-1523.9775538018482
495.42244619815665
-57.57755380184099
297.42244619815125
65.82244619816129
535.6224461981528
238.62244619815922
-72.17755380184127
-1245.977553801852
-1027.977553801836
371.6224461981625
-756.1775538018491
-969.5775538018437
-1253.7775538018252
-976.5775538018328
-369.9775538018454
-1067.7775538018502
-227.97755380184287
131.4224461981641
292.6224461981658
-577.9775538018414
406.0224461981578
474.0224461981614
-664.377553801839
-169.5775538018354
673.4224461981619
270.0224461981578
280.8224461981639
-713.9775538018433
1284.0224461981572
1141.0224461981618
-497.37755380184745
364.42244619815705
872.8224461981576
229.02244619815536
-557.9775538018441
-374.37755380184393
377.8224461981589
-1002.5775538018555
-1146.377553801841
-1333.5775538018381
-607.7775538018446
-594.5775538018416
-577.3775538018355
-230.17755380184178
-947.9775538018561
-359.17755380183877
647.2224461981601
537.4224461981597
-0.7775538018449346
810.6224461981667
82.22244619815972
398.6224461981585
-912.1775538018398
-523.3775538018507
-639.7775538018473
-27.577553801834227
-53.97755380184352
704.8224461981671
793.822446198155
-884.1775538018404
-303.1775538018403
191.22244619816053
-427.7775538018395
-635.5775538018461
292.6224461981588
409.82244619816
-763.3775538018544
-1528.7775538018382
-1118.1775538018494
-351.37755380184007
-297.7775538018369
-668.9775538018444
-110.57755380183823
373.02244619815895
182.02244619816105
-1454.1775538018453
-2243.377553801828
-600.1775538018414
-419.37755380184166
-142.5775538018434
-1173.7775538018548
-444.77755380183766
97.62244619815914
255.42244619816034
453.8224461981544
-442.977553801842
-226.37755380183387
549.6224461981533
-247.97755380184307
-594.9775538018464
-580.9775538018465
-412.9775538018416
-878.9775538018376
-376.3775538018346
220.4224461981601
-937.9775538018371
-90.17755380183998
495.4224461981608
-760.9775538018395
-781.1775538018375
-711.977553801842
437.22244619815996
229.62244619815587
-1825.7775538018284
-1689.3775538018456
476.02244619816173
-375.977553801839
-974.577553801858
-538.3775538018317
-70.57755380184398
-572.1775538018413
404.82244619816066
-448.97755380184464
616.6224461981516
80.42244619815688
-623.777553801843
1406.822446198153
124.6224461981576
-707.3775538018338
458.82244619815987
770.0224461981609
-1036.777553801837
-1018.5775538018404
936.2224461981639
-473.5775538018425
-397.1775538018439
970.2224461981577
13.022446198157049
-137.37755380184126
609.8224461981604
439.8224461981578
206.42244619816321
247.62244619816522
22.022446198155688
-519.5775538018446
-1352.7775538018332
-25.37755380184341
-270.57755380184136
-35.37755380184487
-702.37755380184
-365.5775538018483
110.02244619816094
389.822446198159
902.0224461981572
-882.9775538018434
1244.2224461981514
966.4224461981578
-1111.1775538018521
315.6224461981553
-822.7775538018416
-410.3775538018464
418.62244619815897
-171.97755380184188
-1847.9775538018412
-1083.17755380184
189.22244619815822
-514.3775538018378
-291.57755380184153
-309.57755380184085
563.4224461981562
709.0224461981567
-293.77755380184243
290.82244619815805
-28.777553801840433
1033.222446198158
272.022446198161
-1150.1775538018417
-49.97755380184245
979.8224461981533
-329.97755380183577
27.022446198163667
-1019.5775538018347
-605.5775538018473
742.2224461981613
1233.4224461981469
962.8224461981673
-1039.7775538018473
-1184.777553801832
-302.7775538018462
-193.97755380184776
-469.97755380184356
-2277.1775538018487
-725.5775538018348
-697.7775538018413
-325.3775538018461
-2413.5775538018456
-1588.1775538018485
-65.17755380184357
-776.1775538018387
-1011.3775538018508
-493.37755380184893
62.02244619815754
747.6224461981576
165.4224461981537
-88.37755380184089
-77.97755380184373
1570.2224461981532
1058.4224461981548
-1194.977553801855
-700.3775538018323
-443.1775538018291
-286.1775538018558
-1298.7775538018348
-975.777553801829
-555.3775538018359
91.4224461981594
-452.57755380184085
-49.17755380183591
-564.7775538018454
-635.3775538018319
-1436.1775538018285
273.02244619815787
-1583.7775538018423
-1769.5775538018468
-1615.3775538018317
-2027.9775538018357
-446.3775538018437
-1846.177553801849
-721.7775538018503
-971.9775538018393
-234.97755380184702
-747.7775538018295
-748.3775538018473
15.622446198158414
445.8224461981622
393.4224461981577
627.8224461981562
-165.17755380183937
801.6224461981587
911.6224461981675
50.62244619815749
-207.17755380184346
-658.3775538018672
102.8224461981543
-1198.3775538018383
53.022446198154086
328.62244619815885
31.422446198160557
117.02244619815839
172.22244619815706
-411.7775538018391
632.822446198159
-919.1775538018462
-24.977553801843843
-936.1775538018418
-1759.7775538018402
-949.1775538018393
-2009.1775538018462
-1525.9775538018446
-3052.3775538018454
-1205.3775538018442
-814.577553801852
290.62244619815937
-1140.1775538018398
-2.5775538018387643
1448.62244619818
105.62244619815975
120.42244619816051
1173.222446198152
723.2224461981608
591.6224461981593
-214.37755380184169
-1202.7775538018232
-344.97755380183736
-1167.977553801848
-141.9775538018435
-1513.7775538018298
-584.7775538018335
688.2224461981555
1035.6224461981649
1239.0224461981616
242.22244619815842
-473.3775538018424
748.8224461981596
478.4224461981611
135.82244619816393
-389.3775538018442
-1382.577553801835
-622.7775538018376
-1977.7775538018552
-1416.3775538018572
-2413.7775538018445
-649.7775538018375
-1336.577553801857
-455.3775538018419
-1406.9775538018523
-504.9775538018416
-116.57755380183967
-601.1775538018467
-671.9775538018544
91.42244619815571
628.2224461981542
1108.022446198162
239.02244619815195
-612.3775538018419
-294.3775538018583
-330.5775538018413
49.82244619815724
-1216.7775538018334
-661.7775538018413
678.42244619816
1611.222446198173
1100.4224461981328
-252.37755380184032
-1038.777553801847
611.0224461981538
984.2224461981618
-919.7775538018388
-803.7775538018394
-634.577553801842
-592.7775538018385
-1626.1775538018385
-515.5775538018406
-1790.977553801847
-122.97755380184067
-418.17755380184144
33.622446198159636
29.422446198158212
589.8224461981508
-457.37755380184115
303.62244619816335
387.0224461981584
41.222446198158565
312.82244619815856
634.8224461981566
317.82244619815674
-330.17755380184747
-72.17755380184158
-309.577553801854
-1201.3775538018285
-1561.5775538018486
-1295.977553801854
147.42244619816242
1609.2224461981525
1012.4224461981556
126.62244619815924
-195.77755380183956
67.42244619815732
692.022446198171
-405.77755380184004
-182.77755380184027
183.82244619815813
-737.977553801848
-985.9775538018486
-1195.1775538018378
-1681.777553801849
-602.57755380184
267.6224461981603
-69.57755380184226
-327.377553801841
201.42244619815762
492.8224461981615
1022.2224461981499
614.2224461981599
-165.97755380184287
611.0224461981564
240.82244619815864
-232.57755380183264
-284.97755380184094
-668.577553801841
-918.177553801838
-642.1775538018495
-681.1775538018425
-102.37755380183742
75.2224461981552
1677.422446198162
1578.0224461981484
1305.8224461981515
548.4224461981621
-253.97755380184375
-30.77755380184019
-91.97755380184165
205.22244619815993
225.622446198162
-22.377553801839284
-116.17755380184194
75.02244619815522
-811.7775538018522
-871.3775538018286
-345.5775538018361
208.42244619815907
13.622446198157675
937.0224461981625
46.42244619815831
122.42244619816337
198.6224461981619
785.8224461981595
1650.2224461981452
1919.4224461981505
885.6224461981642
451.2224461981555
-459.1775538018365
49.622446198158215
-272.5775538018508
682.0224461981579
1125.0224461981534
-72.1775538018446
2415.622446198134
1622.4224461981519
1243.2224461981689
571.0224461981592
-142.77755380184055
538.8224461981565
896.2224461981658
790.622446198158
36.022446198158335
505.8224461981527
283.4224461981569
1181.4224461981762
-37.777553801844874
479.2224461981582
1142.4224461981585
671.8224461981551
485.42244619816097
1808.0224461981563
355.62244619815715
-246.37755380184421
604.2224461981605
761.0224461981569
845.8224461981607
1138.2224461981552
317.8224461981587
-282.7775538018442
-378.97755380184196
350.22244619815524
-564.1775538018449
-128.97755380184196
58.22244619815776
-790.1775538018422
1015.8224461981503
670.6224461981573
-152.37755380184458
-525.1775538018318
-665.9775538018383
465.82244619816015
-41.777553801844164
-184.77755380184638
-113.37755380184237
-271.7775538018434
-843.7775538018475
458.62244619815783
204.02244619816116
419.6224461981571
624.6224461981624
-589.9775538018498
572.4224461981597
1419.0224461981575
997.8224461981594
295.0224461981556
-98.17755380183922
416.4224461981606
479.8224461981624
-649.7775538018315
-274.57755380184005
-404.37755380184177
17.82244619815706
-199.77755380184072
-1595.177553801846
-1957.1775538018376
-1292.7775538018348
-1032.3775538018415
82.42244619815791
91.6224461981617
-305.37755380183194
-857.7775538018354
-824.3775538018331
-310.97755380184896
91.22244619815636
299.8224461981548
87.8224461981498
-474.37755380184046
-578.9775538018449
388.6224461981597
-604.9775538018451
-474.57755380184767
-982.1775538018359
-1834.9775538018696
-35.37755380184555
14.222446198151701
-367.5775538018329
-104.57755380183947
274.6224461981611
44.02244619816041
-341.9775538018492
-1581.1775538018555
-1210.9775538018416
-1240.3775538018583
-846.5775538018389
-699.1775538018543
-1229.5775538018036
-2042.5775538018502
-1561.97755380185
-491.97755380183816
531.2224461981574
-581.7775538018393
-187.17755380184065
-199.7775538018446
-1699.1775538018335
-1341.5775538018393
155.42244619815278
-590.5775538018491
-471.5775538018432
-1121.7775538018545
-1142.777553801841
-371.97755380183577
-639.5775538018324
-987.1775538018396
-1777.9775538018637
-420.17755380184224
591.2224461981592
-217.37755380184302
-1226.1775538018467
-1600.9775538018314
-473.77755380184084
221.02244619815923
-413.5775538018355
-1185.3775538018347
-1734.3775538018333
-1370.5775538018531
-1930.5775538018415
-1130.9775538018428
