-4.6273824299250945
-128.6273824299258
465.3726175700773
433.5726175700758
122.57261757007737
169.372617570075
470.3726175700729
262.372617570074
108.37261757007266
-149.42738242992473
-264.2273824299258
-241.0273824299261
-22.227382429925754
-107.62738242992484
67.97261757007455
-47.227382429924496
446.97261757007027
538.7726175700743
168.97261757007442
-255.62738242992526
-96.62738242992509
-63.42738242992455
-0.8273824299258266
-18.22738242992436
-113.22738242992382
118.37261757007467
93.37261757007636
-165.22738242992568
236.5726175700762
477.7726175700746
248.97261757007442
246.77261757007565
33.97261757007595
-107.22738242992551
391.77261757007403
367.5726175700723
-51.22738242992616
-455.6273824299251
-336.2273824299244
-257.82738242992497
-360.8273824299243
-386.0273824299236
-84.62738242992415
-116.42738242992506
-15.22738242992493
-270.8273824299246
-111.62738242992512
-269.2273824299251
-219.42738242992598
-17.427382429924396
-161.22738242992534
-573.8273824299246
-777.0273824299258
-748.627382429922
-451.02738242992467
-584.2273824299249
-586.0273824299243
-238.0273824299245
-369.22738242992386
-261.22738242992585
-11.427382429924673
86.77261757007489
137.1726175700753
346.3726175700761
159.77261757007554
65.9726175700749
265.5726175700745
-42.42738242992443
-322.22738242992517
-703.8273824299245
-712.6273824299261
-215.02738242992564
-133.02738242992618
-142.42738242992525
293.7726175700747
312.37261757007553
425.5726175700746
343.9726175700734
162.77261757007497
-75.2273824299256
36.77261757007499
-9.027382429925005
-196.22738242992475
-152.02738242992532
-305.8273824299246
-380.02738242992655
-185.62738242992398
-399.8273824299229
-755.8273824299267
-565.8273824299239
-235.42738242992448
237.17261757007302
74.17261757007543
81.77261757007474
239.57261757007433
527.7726175700752
367.77261757007665
377.1726175700753
82.37261757007786
-665.6273824299274
-846.8273824299306
-1034.8273824299233
-898.0273824299245
-563.0273824299253
-332.82738242992514
-101.82738242992568
31.372617570074667
57.7726175700748
293.572617570074
412.9726175700726
315.77261757007403
152.57261757007555
286.37261757007514
-111.8273824299244
-666.0273824299253
-117.62738242992427
125.37261757007485
252.57261757007404
208.77261757007454
-174.62738242992583
-366.6273824299245
-544.0273824299258
58.77261757007496
409.5726175700765
269.97261757007607
289.3726175700755
77.97261757007415
291.9726175700757
306.5726175700734
41.77261757007255
111.97261757007652
-342.8273824299257
-769.0273824299228
-583.0273824299229
-239.62738242992538
-119.62738242992526
-417.62738242992435
-392.8273824299238
-298.42738242992573
-74.0273824299239
234.37261757007363
317.5726175700727
36.372617570073466
-408.8273824299262
-10.227382429924162
-439.62738242992623
-886.4273824299254
-372.62738242992737
-234.22738242992625
-27.227382429925026
-109.82738242992502
-190.42738242992465
16.572617570075437
15.172617570075005
123.97261757007641
129.57261757007504
260.3726175700767
39.17261757007615
-257.4273824299237
117.17261757007557
407.1726175700772
-268.2273824299248
77.5726175700747
-55.42738242992523
-413.02738242992564
-309.02738242992467
-377.6273824299268
-264.02738242992405
-304.02738242992564
-280.2273824299274
-552.827382429926
-429.02738242992547
-55.227382429925605
224.37261757007764
179.1726175700731
-492.427382429925
-349.2273824299266
-513.627382429925
-459.22738242992494
131.37261757007715
231.3726175700766
-284.4273824299239
-352.62738242992486
-147.82738242992409
-121.82738242992585
-278.0273824299279
-185.22738242992637
206.17261757007591
360.572617570076
111.77261757007514
-131.22738242992472
40.7726175700768
399.5726175700729
-190.82738242992545
-135.2273824299247
-276.22738242992597
-243.82738242992548
-384.0273824299244
-369.0273824299261
-402.827382429925
-414.82738242992406
-430.82738242992355
-850.0273824299281
-596.8273824299272
-410.0273824299267
123.97261757007428
1212.972617570076
638.7726175700707
-135.22738242992432
-19.42738242992516
-0.8273824299251586
530.3726175700778
120.77261757007207
-306.62738242992623
-269.2273824299257
-90.42738242992559
-143.02738242992547
-553.4273824299257
-262.82738242992673
189.57261757007515
201.77261757007426
147.17261757007532
1.5726175700749536
121.17261757007509
466.3726175700748
-208.42738242992436
167.3726175700748
-69.0273824299252
-130.6273824299256
-589.6273824299258
-352.4273824299257
-310.0273824299261
-666.2273824299266
-209.22738242992588
-358.2273824299271
-722.6273824299258
-212.8273824299251
359.1726175700744
1068.9726175700766
910.772617570075
174.172617570075
77.37261757007589
-220.4273824299252
52.77261757007582
-552.2273824299243
-321.82738242992536
-184.22738242992537
-190.62738242992586
103.97261757007549
-240.02738242992564
88.3726175700748
155.37261757007565
39.77261757007476
62.77261757007561
-196.22738242992514
83.97261757007584
298.3726175700756
325.77261757007534
391.77261757007426
-111.42738242992516
-175.02738242992567
-641.0273824299268
-507.4273824299244
-300.6273824299261
-391.2273824299235
-282.02738242992876
38.97261757007528
-309.6273824299246
-221.22738242992446
523.1726175700768
941.1726175700713
536.7726175700749
670.5726175700787
549.97261757007
-63.427382429926084
-55.62738242992425
114.17261757007492
-133.82738242992522
-82.62738242992634
80.57261757007214
-129.82738242992713
-176.22738242992523
-77.42738242992598
-471.0273824299256
-485.6273824299241
-217.82738242992477
-74.0273824299252
99.97261757007531
-31.627382429924204
-35.227382429925434
-129.82738242992414
-381.22738242992654
-525.8273824299272
-488.8273824299273
-431.02738242992746
-285.0273824299253
-89.02738242992373
-335.0273824299271
-168.62738242992472
-191.6273824299262
-490.82738242992525
236.77261757007432
876.5726175700746
822.3726175700754
802.3726175700791
612.172617570076
-26.627382429924374
-11.027382429925424
252.7726175700745
-407.2273824299253
-722.2273824299252
-156.62738242992515
-415.02738242992723
-334.02738242992575
-165.8273824299271
-717.8273824299225
-576.2273824299224
-326.22738242992546
-241.42738242992488
-35.427382429925544
-299.42738242992516
-376.8273824299236
-415.4273824299226
-469.0273824299244
-700.8273824299247
-503.22738242992654
-309.4273824299251
-255.4273824299274
-437.6273824299275
-354.6273824299261
-226.82738242992596
-78.62738242992705
-487.2273824299218
-72.42738242992456
654.7726175700715
1094.172617570073
402.7726175700765
601.172617570074
683.7726175700737
484.9726175700771
-8.827382429924079
-361.82738242992417
-565.8273824299275
-249.02738242992356
-202.42738242992579
-501.62738242992714
-328.02738242992484
-481.4273824299264
-317.4273824299247
-224.02738242992513
-310.2273824299259
-169.8273824299236
-556.8273824299259
-57.427382429924705
-148.42738242992436
-235.22738242992568
-621.6273824299251
-421.22738242992455
-213.62738242992535
-333.82738242992457
-722.827382429926
-477.2273824299232
-258.627382429926
91.17261757007526
-220.42738242992723
364.172617570075
514.5726175700744
618.7726175700766
325.77261757007574
929.772617570072
804.772617570072
596.972617570076
-2.027382429925325
-201.02738242992422
-293.82738242992497
-192.2273824299258
-49.827382429924924
-370.427382429924
-181.62738242992282
-458.0273824299264
-300.027382429925
-314.22738242992443
-573.0273824299256
-435.8273824299248
-819.8273824299237
26.7726175700751
64.57261757007527
-117.62738242992616
-476.6273824299246
-233.027382429924
-324.4273824299268
-266.82738242992633
-441.82738242992866
-402.8273824299299
-389.22738242992625
-120.62738242992629
-20.827382429926097
362.5726175700764
326.97261757007544
351.1726175700765
624.372617570073
952.3726175700716
807.5726175700738
375.3726175700746
130.57261757007308
180.9726175700726
-14.627382429922353
-517.0273824299245
-73.82738242992582
189.57261757007242
-1.427382429927306
-851.0273824299287
-553.6273824299246
-213.62738242992276
-8.227382429924027
431.77261757007534
-169.42738242992533
294.57261757007507
388.57261757007524
214.97261757007587
-330.42738242992755
-278.627382429922
-119.22738242992574
80.1726175700774
-48.82738242993
-232.227382429927
-451.62738242992873
-479.6273824299256
111.97261757007436
685.9726175700758
867.3726175700762
473.57261757007296
703.9726175700746
390.37261757007434
263.57261757007285
-209.82738242992485
-194.62738242992359
282.9726175700715
-67.62738242992671
-875.2273824299252
-658.4273824299223
-448.4273824299238
-394.42738242992584
-756.427382429929
-513.027382429929
-432.82738242992747
-413.627382429928
155.1726175700744
132.5726175700762
234.97261757007516
762.5726175700763
599.3726175700752
-286.0273824299261
-404.42738242992004
-469.2273824299265
-673.0273824299254
-829.2273824299233
-121.82738242992328
168.37261757007525
-445.62738242993083
-194.8273824299258
371.3726175700746
575.1726175700722
381.37261757007417
670.3726175700741
-45.227382429924404
-343.2273824299274
-526.6273824299248
-111.2273824299261
283.37261757007536
-180.82738242992582
-950.4273824299289
-1160.0273824299245
-742.2273824299251
-807.427382429925
-511.62738242992515
-322.8273824299281
-402.6273824299252
-650.2273824299242
-425.2273824299251
-270.62738242992623
83.17261757007533
835.5726175700742
311.372617570076
-500.8273824299227
-614.6273824299213
-772.2273824299281
-695.2273824299251
-563.6273824299267
-467.0273824299258
-532.8273824299255
-753.6273824299253
-515.0273824299264
-224.62738242992413
-322.0273824299278
-235.0273824299258
239.9726175700722
182.17261757007373
-91.02738242992345
-214.82738242992582
-186.42738242992596
-156.22738242992415
-440.6273824299289
-779.6273824299285
-827.0273824299217
-1027.4273824299255
-937.8273824299238
-322.6273824299244
-227.42738242992777
-56.62738242992613
4.97261757007465
-196.22738242992494
-136.8273824299249
-47.42738242992504
535.9726175700725
15.172617570075026
-341.6273824299266
-249.62738242992657
-281.82738242992644
-426.2273824299255
-372.0273824299254
-287.02738242992655
-661.6273824299257
-566.0273824299248
-613.8273824299241
-598.2273824299242
-366.2273824299261
-101.62738242992695
190.17261757007498
325.17261757007515
385.57261757007484
283.77261757007494
-92.02738242992584
-290.8273824299276
-404.82738242992446
-520.8273824299255
-664.8273824299287
-719.2273824299269
-574.4273824299262
-287.62738242992714
-8.627382429927266
-162.02738242992487
-195.42738242992527
-300.42738242992556
-183.62738242992475
-226.42738242992533
372.1726175700757
127.97261757007507
-55.62738242992458
-171.42738242992525
-297.0273824299263
-606.2273824299206
-490.8273824299241
-425.0273824299224
-468.42738242992675
-389.4273824299243
-839.4273824299254
-1020.8273824299237
-510.8273824299268
-37.62738242992474
341.77261757007466
297.1726175700735
92.9726175700752
152.17261757007537
175.37261757007442
-98.42738242992407
-441.8273824299267
-537.2273824299241
-711.2273824299224
-514.4273824299264
-308.0273824299242
-524.027382429927
-232.22738242992642
-236.0273824299266
-155.8273824299252
-9.827382429924967
57.57261757007454
-544.0273824299218
-80.62738242992594
-216.6273824299272
-206.2273824299259
-460.82738242992474
-724.8273824299262
-671.0273824299214
-466.0273824299256
-536.2273824299298
-866.6273824299309
-1221.827382429921
-759.0273824299309
-709.2273824299298
-609.8273824299282
122.9726175700751
72.77261757007403
90.1726175700739
227.17261757007537
-111.02738242992476
7.772617570074473
-398.42738242992465
-838.627382429929
-516.4273824299277
-575.4273824299249
-571.4273824299232
-475.627382429925
-486.42738242992436
-334.2273824299255
-142.0273824299245
-231.42738242992533
-53.62738242992515
-220.82738242992428
-239.22738242992494
-66.42738242992536
-388.6273824299244
182.7726175700746
-95.02738242992527
-457.4273824299254
-698.0273824299287
-590.0273824299254
-460.02738242992797
-510.82738242992724
-702.82738242993
-235.62738242992887
-183.22738242992548
-21.027382429925236
209.1726175700738
-71.02738242992527
-112.8273824299252
476.57261757007547
-7.427382429927135
-127.02738242992501
-126.4273824299264
-476.82738242992707
-378.82738242992735
-258.0273824299253
-330.2273824299264
-155.82738242992522
-208.02738242992396
-469.62738242992447
-558.2273824299252
-483.22738242992585
-236.62738242992612
-545.0273824299254
-95.42738242992553
-133.42738242992476
-115.42738242992615
418.9726175700748
-55.827382429924825
-314.02738242992467
-737.4273824299243
-587.8273824299275
-524.627382429926
-265.427382429925
-11.227382429925385
-171.02738242992262
166.77261757007574
-79.4273824299263
-314.8273824299261
-199.02738242992592
-358.4273824299243
-213.6273824299258
-5.22738242992618
98.97261757007524
71.97261757007472
270.5726175700751
-155.627382429926
-23.427382429925025
-288.0273824299262
-573.627382429924
-775.4273824299239
-558.8273824299253
-615.6273824299243
-264.0273824299252
-132.02738242992527
-767.2273824299257
-478.4273824299232
-466.2273824299248
-60.427382429924805
166.57261757007547
-230.22738242992452
-360.62738242992646
-612.0273824299247
-231.62738242992484
-525.8273824299265
-337.0273824299249
-191.62738242992552
-494.0273824299235
521.1726175700747
328.57261757007484
-189.62738242992612
-137.2273824299261
-71.22738242992557
-295.6273824299238
1.572617570074513
137.37261757007576
-180.82738242992355
-151.2273824299241
-95.22738242992483
22.372617570075185
-93.22738242992548
-261.8273824299258
-499.8273824299256
-406.8273824299254
-14.627382429925646
441.7726175700755
268.17261757007407
-579.2273824299251
-645.2273824299225
-428.6273824299257
-28.42738242992572
-49.227382429925385
-55.227382429925726
-340.2273824299271
-526.4273824299231
-310.62738242992833
-320.62738242992475
-483.0273824299237
-712.6273824299257
-586.4273824299239
117.37261757007488
262.1726175700741
30.572617570073383
-195.42738242992675
-466.82738242992605
-631.4273824299263
-202.02738242992504
39.972617570074995
234.77261757007503
-104.02738242992649
-369.02738242992535
29.172617570074024
-37.22738242992534
311.9726175700755
-99.62738242992422
-400.427382429925
-52.42738242992604
170.17261757007606
123.57261757007535
-892.2273824299232
-661.8273824299226
-134.8273824299244
-224.02738242992507
21.77261757007509
116.3726175700744
-444.2273824299239
-225.82738242992673
-186.02738242992552
-91.22738242992506
-474.6273824299243
-845.8273824299298
-217.2273824299254
-71.02738242992615
-468.22738242992585
-201.62738242992538
162.57261757007493
-360.82738242992536
-408.8273824299249
-282.6273824299245
18.77261757007408
212.97261757007539
29.572617570074392
-327.02738242992564
216.97261757007564
-332.2273824299266
-130.02738242992575
-357.42738242992505
-103.62738242992475
16.372617570074524
-95.62738242992603
97.17261757007483
-583.6273824299277
-676.4273824299282
-272.62738242992504
-406.62738242992543
-37.42738242992277
2.5726175700738025
-449.62738242992555
-309.827382429926
-281.42738242992573
-155.02738242992626
-485.22738242992546
-464.2273824299247
257.77261757007653
-351.42738242992345
-587.0273824299251
-97.02738242992623
41.17261757007371
-18.227382429925722
133.17261757007577
-15.827382429925596
545.5726175700742
103.77261757007484
-244.62738242992336
-106.82738242992697
19.372617570074226
-278.62738242992555
-125.62738242992565
-274.82738242992616
46.97261757007533
229.972617570076
145.9726175700744
280.5726175700756
-25.427382429926823
-683.2273824299265
-272.6273824299263
-91.62738242992373
-303.427382429925
32.97261757007561
145.3726175700751
-116.62738242992589
-443.0273824299253
-295.627382429925
-98.8273824299261
-201.8273824299271
-11.027382429924518
-561.0273824299234
-103.62738242992505
98.77261757007547
162.5726175700746
399.7726175700756
191.37261757007437
-96.4273824299228
813.9726175700749
244.77261757007437
-116.02738242992567
-87.2273824299264
-127.82738242992504
87.17261757007614
15.37261757007579
-275.82738242992536
-257.02738242992586
80.37261757007415
62.97261757007419
253.5726175700752
278.77261757007557
-411.4273824299287
19.972617570075307
-133.82738242992423
-240.22738242992392
297.37261757007445
350.1726175700762
-76.6273824299239
-178.02738242992484
38.77261757007608
463.1726175700759
623.9726175700766
220.7726175700754
-504.02738242992547
67.57261757007424
67.17261757007455
508.7726175700747
963.5726175700711
554.1726175700757
-98.42738242992532
183.97261757007465
-80.22738242992615
318.57261757007103
324.97261757007664
-233.42738242992579
126.57261757007416
-26.62738242992635
-273.0273824299264
-205.6273824299267
-295.0273824299263
-543.6273824299229
-304.42738242992584
28.172617570075765
-203.82738242992826
-46.227382429926244
-254.4273824299255
221.37261757007542
242.9726175700755
27.572617570075625
-19.42738242992523
151.57261757007362
52.372617570074816
87.57261757007421
236.77261757007548
212.17261757007466
-69.22738242992418
79.77261757007508
15.172617570075221
287.1726175700773
673.3726175700762
808.3726175700758
539.1726175700741
13.37261757007396
-65.42738242992488
561.5726175700763
438.5726175700752
167.9726175700765
119.77261757007533
-19.42738242992593
-190.0273824299253
-241.42738242992593
-151.42738242992738
-494.42738242992624
-632.8273824299257
-68.62738242992612
137.1726175700755
122.37261757007519
136.17261757007373
701.7726175700714
351.1726175700766
231.97261757007357
274.77261757007534
512.5726175700721
559.3726175700758
380.3726175700748
228.37261757007465
289.3726175700775
604.3726175700729
461.9726175700733
296.77261757007636
369.7726175700758
559.5726175700747
848.3726175700721
602.1726175700753
324.57261757007655
257.17261757007617
460.5726175700768
139.1726175700742
71.97261757007384
-23.427382429925615
-124.62738242992573
-288.4273824299254
-123.6273824299253
-112.22738242992453
-215.2273824299243
-236.42738242992635
273.9726175700743
82.77261757007432
144.9726175700753
111.5726175700755
187.3726175700768
96.97261757007438
-13.227382429924319
149.77261757007503
537.5726175700743
651.1726175700753
390.5726175700755
642.7726175700766
728.3726175700738
795.1726175700747
753.5726175700746
598.7726175700766
454.7726175700753
1012.1726175700752
636.572617570073
110.9726175700766
489.37261757007417
431.1726175700748
73.9726175700744
-15.027382429924529
24.772617570074924
-189.82738242992426
3.9726175700746573
63.57261757007504
-203.22738242992398
-315.2273824299261
-392.2273824299253
252.77261757007605
402.3726175700733
6.572617570073014
219.17261757007526
-78.42738242992546
-213.42738242992647
-224.62738242992495
-344.8273824299254
-66.22738242992409
375.17261757007515
360.7726175700737
268.1726175700759
543.1726175700726
472.5726175700749
632.3726175700751
944.9726175700767
485.57261757007575
257.17261757007606
878.5726175700726
458.5726175700725
119.17261757007509
517.5726175700786
532.972617570076
3.572617570072847
314.1726175700722
332.5726175700757
-195.2273824299254
25.97261757007444
509.77261757007386
2.772617570075127
-147.22738242992426
-162.4273824299247
-103.02738242992736
-105.42738242992677
244.57261757007407
143.77261757007366
-37.22738242992494
-2.227382429925374
147.97261757007635
141.57261757007706
207.77261757007508
534.7726175700727
537.5726175700798
254.97261757007146
-124.02738242992557
-388.8273824299244
-117.62738242992538
229.97261757007428
60.7726175700745
-184.6273824299266
-74.82738242992605
130.57261757007498
164.17261757007543
229.17261757007648
51.37261757007404
259.3726175700709
765.1726175700718
641.1726175700744
273.17261757007384
-35.62738242992663
318.77261757007483
318.9726175700757
548.5726175700748
638.1726175700768
437.1726175700758
122.57261757007404
-270.42738242992345
323.57261757007564
508.37261757007605
210.37261757007266
353.3726175700761
564.9726175700738
310.9726175700749
179.37261757007596
-46.027382429924614
-71.62738242992339
3.9726175700746325
21.772617570075283
91.17261757007509
342.97261757007493
194.77261757007523
740.1726175700715
751.3726175700725
557.7726175700761
214.1726175700755
355.3726175700747
452.5726175700728
569.372617570075
474.5726175700742
397.5726175700732
577.9726175700692
552.5726175700739
288.97261757007624
530.7726175700749
668.372617570073
314.97261757007436
328.17261757007407
147.77261757007568
-149.02738242992493
329.77261757007466
495.9726175700728
57.572617570073376
-314.6273824299239
-211.22738242992455
-284.62738242992543
-434.8273824299256
-463.42738242992624
-184.227382429924
-124.82738242992536
-109.22738242992497
-189.2273824299248
-39.22738242992345
-63.82738242992501
115.5726175700751
147.97261757007595
103.37261757007556
-344.0273824299262
-578.6273824299291
-377.22738242992693
-48.22738242992601
-285.2273824299246
-242.62738242992572
17.77261757007458
-40.827382429925
78.57261757007541
270.17261757007543
259.7726175700756
193.97261757007539
353.9726175700754
249.17261757007498
164.17261757007623
344.7726175700767
206.5726175700764
-46.82738242992396
-452.827382429924
-456.62738242992504
-121.82738242992505
-163.02738242992507
-204.22738242992523
59.572617570076105
81.7726175700745
232.97261757007453
328.5726175700755
200.17261757007583
111.77261757007528
360.37261757007525
211.37261757007573
59.5726175700743
-1.4273824299246982
-234.22738242992648
-139.62738242992504
136.77261757007378
-147.02738242992558
-540.427382429924
-396.42738242992647
-29.62738242992569
451.77261757007443
360.5726175700746
298.7726175700757
310.37261757007417
468.57261757007444
419.57261757007535
479.572617570076
180.7726175700738
-344.8273824299246
-399.4273824299249
-586.2273824299259
-415.42738242992533
-358.82738242992497
-228.42738242992561
-14.82738242992426
-183.0273824299261
-180.42738242992502
189.77261757007423
383.5726175700763
337.9726175700756
327.972617570074
551.9726175700771
49.57261757007551
-538.2273824299255
-2.2273824299237788
238.57261757007387
389.1726175700749
352.37261757007707
-82.62738242992572
-178.8273824299256
-280.8273824299249
263.572617570075
524.9726175700766
436.1726175700754
480.972617570076
245.17261757007492
296.3726175700744
320.5726175700762
189.17261757007668
207.57261757007475
-57.82738242992407
-383.2273824299251
-199.42738242992556
130.3726175700748
81.57261757007367
-212.22738242992563
-104.82738242992447
-171.82738242992502
-9.827382429926018
323.5726175700739
391.57261757007376
81.57261757007461
-308.42738242992647
81.97261757007391
-497.0273824299266
-975.6273824299283
-476.0273824299257
-236.42738242992462
-34.22738242992502
-127.02738242992474
-120.62738242992538
336.3726175700765
416.1726175700741
348.77261757007363
187.77261757007477
255.5726175700741
134.97261757007556
-139.82738242992502
113.17261757007591
434.37261757007667
-124.42738242992502
161.57261757007566
236.57261757007478
-56.427382429924435
11.37261757007574
-42.02738242992433
78.9726175700739
104.57261757007414
301.7726175700751
-5.027382429924529
-123.22738242992575
-40.627382429927096
112.97261757007615
-49.227382429924276
-716.0273824299251
-427.82738242992497
-705.4273824299265
-836.0273824299253
-250.22738242992415
-70.42738242992452
-476.0273824299237
-546.8273824299263
-111.0273824299239
246.57261757007436
198.97261757007385
42.172617570073925
233.57261757007512
323.97261757007493
160.17261757007424
-91.82738242992464
-6.627382429926456
424.57261757007456
-86.82738242992477
93.97261757007729
255.37261757007616
237.17261757007435
25.97261757007619
165.17261757007543
103.17261757007522
81.17261757007729
143.9726175700749
-339.82738242992485
-258.027382429923
-537.8273824299256
-335.6273824299286
580.5726175700768
25.372617570074404
-509.4273824299235
-368.62738242992737
-463.62738242992464
57.772617570072924
-215.82738242992744
-489.8273824299257
-544.6273824299276
-152.82738242992517
148.5726175700764
-138.6273824299247
5.972617570076231
373.5726175700755
385.37261757007684
340.7726175700759
86.57261757007575
-5.627382429926492
395.57261757007586
-120.42738242992462
414.17261757007185
454.1726175700774
372.57261757007313
-62.22738242992533
300.9726175700752
246.3726175700751
-239.0273824299248
257.3726175700762
125.57261757007602
-278.8273824299242
-237.22738242992529
-250.427382429926
98.37261757007542
-59.82738242992539
-655.427382429927
-529.4273824299247
-661.4273824299235
-288.4273824299273
-702.2273824299243
-451.02738242992586
-353.42738242992533
-53.42738242992581
466.37261757007394
120.17261757007543
422.77261757007483
449.7726175700734
366.1726175700721
442.9726175700742
60.572617570074
13.172617570076426
296.17261757007503
344.97261757007453
600.3726175700723
350.5726175700753
337.77261757007307
-20.227382429923193
109.1726175700748
159.97261757007269
-55.42738242992555
33.77261757007508
418.5726175700752
164.57261757007632
-78.42738242992644
56.77261757007551
11.772617570074665
-678.4273824299224
-648.2273824299248
-444.827382429925
-659.2273824299269
-465.4273824299238
-198.4273824299256
-349.02738242992484
28.77261757007507
556.172617570072
443.97261757007465
332.97261757007567
435.97261757007624
-9.027382429925403
43.17261757007513
439.3726175700741
385.1726175700735
281.5726175700744
190.17261757007583
-27.027382429923144
72.77261757007633
156.1726175700759
110.57261757007265
151.77261757007042
155.1726175700751
192.77261757007443
281.3726175700717
25.572617570074506
266.9726175700755
378.37261757007514
-290.2273824299253
-153.0273824299246
105.1726175700758
-415.62738242992543
-715.2273824299245
-693.227382429924
-1022.0273824299245
-679.0273824299246
-218.42738242992576
-549.6273824299275
-380.82738242992644
501.17261757007464
238.77261757007676
279.37261757007553
575.3726175700747
97.37261757007467
212.17261757007623
483.77261757007415
315.17261757007606
268.9726175700731
43.17261757007453
-441.22738242992455
-292.6273824299267
-15.027382429924316
-94.62738242992609
56.572617570078435
329.17261757007606
395.1726175700718
199.37261757007406
175.7726175700746
378.57261757007564
594.5726175700737
-287.22738242992733
-398.02738242992615
-21.027382429926373
-104.62738242992498
-1040.4273824299207
-806.8273824299241
-612.6273824299258
-403.6273824299251
-383.8273824299256
-290.0273824299254
-143.42738242992587
463.9726175700765
523.1726175700712
217.37261757007548
555.9726175700762
454.372617570079
560.7726175700732
537.572617570077
226.77261757007784
103.372617570076
-245.82738242992394
-96.0273824299245
-59.6273824299264
147.57261757007643
-19.42738242992543
161.17261757007668
449.3726175700732
313.1726175700745
-92.02738242992443
212.57261757007606
679.9726175700782
1031.1726175700708
18.9726175700752
-43.82738242992581
-301.22738242992614
-608.4273824299263
-1162.6273824299244
-506.6273824299257
-359.8273824299257
-199.4273824299254
-294.82738242992644
34.57261757007475
293.57261757007507
646.772617570075
796.3726175700747
342.57261757007774
622.7726175700776
414.1726175700734
502.3726175700745
448.17261757007475
46.7726175700758
40.57261757007461
-357.22738242992546
87.97261757007499
263.3726175700731
356.5726175700769
217.17261757007614
453.97261757007425
374.57261757007495
351.972617570075
259.37261757007605
593.1726175700745
852.972617570074
993.5726175700773
318.57261757007456
-93.82738242992441
-352.4273824299263
-722.6273824299269
-819.4273824299204
-414.4273824299266
-190.62738242992532
-199.82738242992465
-29.427382429924787
493.7726175700752
802.7726175700767
577.5726175700743
1067.7726175700723
1020.3726175700716
804.172617570075
113.77261757007567
330.57261757007586
574.5726175700737
643.7726175700765
968.5726175700731
310.97261757007567
339.37261757007445
535.7726175700737
557.3726175700701
303.77261757007386
450.97261757007493
527.3726175700752
724.9726175700777
794.7726175700758
902.5726175700772
701.9726175700732
526.3726175700746
437.37261757007303
263.9726175700755
251.572617570075
-330.22738242992585
-431.6273824299267
-687.827382429929
-540.6273824299216
-583.4273824299257
-127.42738242992478
663.7726175700758
848.3726175700749
315.1726175700774
692.3726175700745
671.9726175700738
623.5726175700757
380.3726175700745
514.9726175700767
385.77261757007557
284.5726175700727
670.7726175700766
498.7726175700748
172.7726175700756
781.9726175700714
759.5726175700732
259.17261757007446
356.17261757007134
237.77261757007565
124.97261757007523
215.17261757007296
1004.7726175700768
1113.5726175700713
415.3726175700756
85.57261757007335
36.97261757007598
114.77261757007503
-139.42738242992658
-18.027382429925428
-799.4273824299237
-933.4273824299227
-845.6273824299268
-47.82738242992457
791.5726175700765
879.3726175700767
435.77261757007295
439.37261757007644
739.7726175700711
503.77261757007466
696.5726175700743
684.5726175700731
363.57261757007336
38.1726175700743
72.17261757007589
54.772617570075
82.97261757007583
823.1726175700773
540.7726175700776
101.37261757007535
263.7726175700737
287.3726175700746
461.1726175700736
678.7726175700715
765.1726175700721
564.7726175700775
217.97261757007462
-28.427382429926016
-316.8273824299255
-436.2273824299255
-343.82738242992946
35.77261757007505
-199.62738242992623
-307.227382429926
-332.0273824299276
-98.6273824299262
425.77261757007454
681.5726175700737
733.9726175700764
868.9726175700747
664.3726175700768
498.17261757007486
934.7726175700764
787.572617570075
751.9726175700727
559.9726175700719
111.3726175700751
66.97261757007466
45.37261757007376
642.1726175700763
377.17261757007435
279.17261757007515
720.9726175700732
945.772617570075
831.1726175700726
835.5726175700776
933.1726175700751
447.9726175700768
450.57261757007484
192.3726175700729
-231.22738242992529
-109.0273824299241
-17.62738242992515
125.37261757007553
282.17261757007486
642.3726175700735
664.9726175700728
376.77261757007494
472.5726175700749
676.5726175700762
853.7726175700789
774.1726175700734
813.5726175700753
784.772617570073
1049.5726175700738
1205.5726175700752
820.9726175700746
367.9726175700756
-64.82738242992409
-68.22738242992523
-111.82738242992436
576.3726175700729
546.9726175700755
483.7726175700773
799.9726175700763
981.9726175700778
730.7726175700755
823.9726175700765
759.1726175700735
479.77261757007426
668.1726175700761
171.3726175700763
-438.82738242992383
19.972617570074494
305.57261757007325
494.17261757007634
508.37261757007496
389.1726175700746
569.9726175700749
774.7726175700756
825.7726175700764
584.1726175700751
484.17261757007395
322.3726175700759
659.9726175700778
750.3726175700818
655.9726175700764
996.5726175700784
732.1726175700759
340.77261757007517
147.3726175700749
75.77261757007406
-292.4273824299259
190.57261757007424
235.5726175700755
324.97261757007345
396.5726175700765
537.9726175700772
672.1726175700769
834.3726175700748
583.3726175700737
144.37261757007377
61.772617570075184
330.7726175700752
-129.22738242992554
-297.22738242992443
251.17261757007338
199.77261757007363
236.77261757007506
169.3726175700751
-79.02738242992453
400.77261757007585
376.572617570074
53.97261757007621
355.17261757007594
330.1726175700751
427.1726175700744
386.97261757007664
469.7726175700719
776.1726175700736
788.3726175700706
289.17261757007407
134.17261757007458
-205.8273824299254
13.57261757007641
208.37261757007596
38.77261757007573
716.9726175700752
649.3726175700747
593.3726175700785
386.37261757007377
411.5726175700754
536.5726175700756
481.37261757007525
508.1726175700735
813.3726175700743
499.772617570073
149.77261757007517
109.17261757007603
-191.62738242992526
-156.62738242992504
414.3726175700756
-50.627382429925134
-19.027382429926583
408.37261757007514
223.1726175700743
469.17261757007554
661.5726175700722
650.7726175700762
692.9726175700753
657.5726175700727
660.7726175700714
434.1726175700769
190.372617570077
29.372617570075413
-435.42738242992675
120.57261757007475
-24.22738242992498
252.77261757007653
975.5726175700731
685.9726175700785
618.1726175700745
240.572617570076
384.1726175700742
538.5726175700769
806.5726175700713
1149.7726175700789
896.372617570078
882.3726175700732
45.172617570073676
-458.2273824299253
-280.22738242992665
-304.827382429927
-58.02738242992693
154.17261757007384
243.97261757007544
489.57261757007495
764.5726175700767
574.1726175700744
814.1726175700721
558.9726175700767
256.77261757007557
69.37261757007661
438.772617570076
356.77261757007545
401.5726175700758
219.3726175700757
-464.22738242992364
-261.4273824299246
-303.42738242992493
394.772617570076
733.9726175700755
503.5726175700767
484.3726175700716
163.17261757007498
430.7726175700774
324.7726175700751
693.3726175700737
985.5726175700731
629.9726175700742
1089.172617570076
400.1726175700743
-202.02738242992388
-211.02738242992248
-26.027382429925556
-14.427382429925498
423.77261757007443
533.7726175700765
285.57261757007757
328.372617570074
566.1726175700745
766.5726175700744
740.372617570073
529.1726175700771
316.77261757007585
432.57261757007694
803.9726175700722
959.7726175700783
606.1726175700757
-247.2273824299252
-353.02738242992416
-200.2273824299258
429.7726175700772
457.7726175700756
469.3726175700762
368.3726175700739
171.57261757007598
177.17261757007577
236.37261757007434
318.3726175700715
228.17261757007492
313.97261757007357
487.772617570074
259.7726175700763
1.7726175700744236
-303.6273824299253
-585.6273824299252
-438.22738242992403
198.57261757007328
474.97261757007556
689.1726175700737
445.57261757007353
300.57261757007456
840.1726175700761
827.9726175700802
1027.9726175700666
672.572617570074
345.57261757007524
581.3726175700766
531.3726175700717
396.9726175700765
-613.2273824299255
-505.82738242992497
26.172617570075758
87.17261757007373
393.1726175700734
502.37261757007605
224.97261757007402
490.57261757007694
415.37261757007434
542.7726175700751
299.1726175700761
-139.62738242992538
261.77261757007386
49.172617570076945
-491.62738242992367
-371.8273824299261
-23.02738242992507
-588.8273824299267
-335.82738242992866
-61.227382429924724
280.77261757007534
525.1726175700765
487.1726175700744
178.97261757007522
879.9726175700756
462.9726175700748
614.772617570073
487.37261757007707
802.5726175700726
709.1726175700724
258.9726175700766
417.17261757007367
-245.62738242992486
-667.8273824299235
-207.2273824299256
-195.42738242992425
301.37261757007474
290.77261757007403
-62.42738242992501
204.37261757007522
255.37261757007553
404.37261757007565
91.57261757007777
45.772617570073514
541.9726175700769
-351.22738242992534
-642.2273824299263
-262.62738242992395
-152.227382429927
-176.22738242992497
265.9726175700746
174.9726175700753
435.9726175700742
81.77261757007561
-29.027382429925574
136.97261757007482
402.3726175700759
400.7726175700764
586.5726175700734
455.7726175700729
797.5726175700755
858.5726175700742
475.77261757007403
567.1726175700755
282.5726175700754
-664.8273824299289
-225.62738242992486
105.17261757007508
15.372617570075057
276.77261757007454
404.77261757007585
213.37261757007502
-116.2273824299258
-71.22738242992347
105.7726175700738
64.97261757007793
84.77261757007503
-658.2273824299249
-304.8273824299269
-187.22738242992511
-132.22738242992605
19.972617570075414
43.372617570075064
-114.62738242992495
579.1726175700769
175.17261757007472
42.972617570074455
66.97261757007422
189.17261757007458
635.7726175700715
607.3726175700734
240.37261757007482
189.3726175700762
427.17261757007515
326.1726175700756
442.3726175700743
383.3726175700738
-447.02738242992575
96.7726175700738
70.97261757007507
10.97261757007529
405.5726175700749
361.17261757007645
92.9726175700762
-52.4273824299224
-77.82738242992436
253.37261757007434
529.1726175700736
43.77261757007574
-772.6273824299267
-370.62738242992424
-404.6273824299242
-93.4273824299247
143.57261757007615
-175.22738242992614
-683.4273824299229
-262.2273824299234
-383.6273824299253
162.57261757007444
312.7726175700745
-67.02738242992524
479.97261757007607
435.5726175700743
154.37261757007505
125.37261757007562
-78.2273824299275
-318.82738242992406
-158.6273824299255
-0.8273824299260824
-312.6273824299268
-67.42738242992547
-191.02738242992535
238.57261757007393
166.57261757007421
-184.42738242992488
-170.6273824299253
-14.227382429925331
-382.0273824299261
-435.4273824299255
-198.02738242992447
-302.62738242992697
-640.2273824299282
-646.2273824299224
-724.6273824299251
-638.4273824299238
-458.02738242992507
-275.62738242992435
-428.62738242992606
-713.8273824299247
-677.2273824299267
160.57261757007464
246.57261757007456
254.57261757007532
391.97261757007425
358.97261757007504
205.57261757007484
23.772617570074463
-70.02738242992564
-408.42738242992266
-631.2273824299259
-136.4273824299277
3.5726175700739446
-48.42738242992543
-54.62738242992572
463.5726175700747
132.17261757007586
-109.02738242992508
-67.02738242992615
138.57261757007532
-29.82738242992563
-304.22738242992426
-408.62738242992657
-473.62738242992623
-294.02738242992706
-486.82738242992536
-651.0273824299254
-731.4273824299288
-825.0273824299253
-494.027382429927
-576.6273824299257
-508.6273824299253
-335.8273824299238
80.57261757007448
-77.42738242992483
75.17261757007502
113.77261757007409
145.5726175700754
-44.627382429925945
-8.027382429926329
-201.02738242992524
-349.8273824299256
-414.22738242992483
67.77261757007567
-86.2273824299264
-82.4273824299253
-191.42738242992448
-74.02738242992405
-162.42738242992408
-376.62738242992435
-253.02738242992592
45.3726175700753
-61.82738242992603
-463.62738242992305
-282.8273824299253
-296.8273824299241
-376.2273824299249
-426.0273824299273
-504.0273824299244
-826.0273824299242
-500.42738242992607
-771.2273824299283
-1132.4273824299291
-494.0273824299264
-294.4273824299259
-410.2273824299248
-355.4273824299238
-177.2273824299269
-262.42738242992556
-1.8273824299257377
49.172617570075126
-177.6273824299251
-382.0273824299228
-542.6273824299248
13.572617570074492
200.9726175700758
-214.22738242992563
-87.4273824299263
-378.82738242992684
-494.62738242992236
-594.4273824299264
-732.2273824299272
-466.6273824299249
-252.82738242992332
-467.22738242992574
-667.2273824299249
-591.6273824299253
-836.0273824299228
-708.4273824299274
-363.22738242992193
-737.6273824299273
-1122.827382429928
-701.8273824299223
-902.4273824299272
-993.2273824299283
-493.82738242992457
-293.6273824299256
-600.0273824299245
-284.027382429926
-184.6273824299244
-588.2273824299303
-263.02738242992734
211.572617570076
-195.02738242992274
-364.42738242992345
-401.82738242992315
-348.4273824299252
-339.6273824299276
-45.62738242992518
-156.627382429924
-360.22738242992176
-332.62738242992447
-226.6273824299248
-187.62738242992478
-168.22738242992665
-142.22738242992486
-331.82738242992497
-677.4273824299239
-1233.6273824299267
-1765.4273824299232
-1568.8273824299292
-1203.0273824299263
-1292.8273824299288
-1592.4273824299228
-1629.8273824299263
-1263.4273824299257
-985.427382429925
-829.0273824299245
-826.6273824299243
-459.02738242992615
13.172617570074038
-46.02738242992534
-266.42738242992334
-458.8273824299193
-162.62738242992486
-117.82738242992662
90.57261757007504
152.57261757007456
17.17261757007452
-212.42738242992473
-1448.4273824299269
-935.6273824299195
-685.227382429924
-857.6273824299266
-749.6273824299227
-409.8273824299263
-451.4273824299231
-525.2273824299259
-685.227382429927
-724.0273824299273
-637.8273824299301
-601.6273824299234
-669.427382429924
-420.6273824299252
-512.8273824299223
76.17261757007398
141.17261757007427
-150.62738242992623
-461.02738242992615
-410.4273824299217
-166.8273824299232
-25.027382429925815
-265.2273824299275
-496.42738242992533
-260.82738242992673
-355.22738242992773
-651.2273824299231
-494.22738242992625
-466.2273824299284
-796.4273824299214
-881.227382429926
-1071.0273824299218
-1112.02738242992
-655.0273824299276
-383.82738242992565
-661.4273824299248
-1059.027382429925
-882.4273824299256
-762.0273824299236
-829.2273824299217
-754.8273824299248
-412.4273824299273
-341.627382429927
-264.0273824299252
-527.6273824299277
-345.22738242992597
-307.62738242992685
24.372617570073444
56.972617570075734
-76.82738242992335
-621.0273824299264
-869.0273824299267
-551.8273824299247
-115.82738242992485
-444.0273824299244
-722.4273824299245
-340.62738242992475
-451.02738242992604
-378.4273824299258
-336.22738242992335
-546.8273824299265
-657.0273824299221
-701.2273824299255
-898.2273824299231
-557.0273824299242
-374.22738242992546
-460.0273824299255
-560.0273824299267
-933.8273824299223
-1027.4273824299264
-648.6273824299254
-463.02738242992564
-412.0273824299268
-78.02738242992405
159.57261757007365
454.1726175700727
401.5726175700749
321.17261757007526
239.7726175700738
491.7726175700751
340.77261757007386
82.17261757007478
-1.827382429924448
-166.02738242992825
-21.827382429923823
170.17261757007472
-216.02738242992524
-798.627382429923
-539.0273824299252
-236.02738242992433
138.97261757007527
-23.427382429924442
-212.42738242992863
-314.22738242992443
-323.4273824299256
-473.8273824299245
-131.2273824299254
-391.62738242992555
-810.027382429924
-754.6273824299257
-833.8273824299259
-840.4273824299241
-841.8273824299265
-664.027382429925
-426.0273824299261
-536.8273824299237
-239.2273824299264
338.17261757007486
544.3726175700724
552.3726175700752
600.9726175700741
907.3726175700757
364.97261757007817
-235.4273824299249
187.57261757007547
415.1726175700771
617.572617570076
309.17261757007464
-297.42738242992635
-528.4273824299247
-465.8273824299256
89.7726175700752
176.37261757007536
74.17261757007512
135.37261757007437
-153.8273824299273
-278.42738242992596
-309.82738242992446
-275.2273824299237
-199.22738242992497
-409.6273824299252
-797.2273824299255
-585.4273824299268
-353.227382429925
-492.82738242992576
-796.4273824299252
-641.2273824299245
-695.6273824299236
-363.62738242992634
254.57261757007663
619.5726175700772
397.3726175700731
108.37261757007536
709.1726175700752
20.572617570074485
-443.2273824299273
-122.82738242992454
-65.02738242992461
4.172617570075161
-243.42738242992652
-273.02738242992507
-100.62738242992577
-76.02738242992528
-1.4273824299263893
-234.027382429926
-152.02738242992504
-174.62738242992674
-398.2273824299243
-279.627382429927
18.772617570073216
-337.627382429926
-79.02738242992413
-117.22738242992577
-460.82738242992605
-321.82738242992514
-479.02738242992444
-590.2273824299249
-554.8273824299263
-213.22738242992557
-371.6273824299261
-444.62738242992424
-158.02738242992498
279.57261757007376
198.5726175700767
-436.82738242992565
97.97261757007487
-73.82738242992588
-148.62738242992646
244.57261757007527
174.37261757007315
-361.02738242992524
-464.62738242992486
-122.22738242992503
-44.227382429925775
-278.6273824299267
-327.22738242992494
-192.22738242992415
-158.42738242992476
-254.22738242992608
-281.4273824299237
-225.82738242992494
199.97261757007513
-140.82738242992403
-45.62738242992478
0.5726175700752023
48.17261757007435
-117.82738242992544
-135.02738242992535
-315.82738242992497
-402.82738242992497
-162.4273824299246
-421.4273824299253
-295.0273824299258
-536.6273824299233
-277.22738242992693
642.9726175700755
128.5726175700747
-183.62738242992813
317.77261757007636
292.7726175700759
688.9726175700741
184.3726175700728
-251.4273824299241
-382.02738242992314
-95.82738242992656
4.972617570074945
-530.6273824299226
-421.2273824299249
-120.8273824299248
-99.22738242992543
-36.22738242992506
-111.02738242992453
-182.02738242992672
319.9726175700753
-127.22738242992428
352.9726175700754
220.5726175700751
169.77261757007514
-363.82738242992514
-20.627382429925433
-92.22738242992673
-589.6273824299257
146.7726175700738
224.17261757007424
-186.42738242992618
-165.82738242992593
-171.22738242992475
65.57261757007538
0.1726175700733421
-403.62738242992543
69.57261757007409
141.17261757007256
433.7726175700752
-211.22738242992426
-241.62738242992663
-381.82738242992696
-36.22738242992386
361.9726175700743
-161.82738242992613
-37.62738242992468
-93.62738242992484
-135.027382429925
47.77261757007557
-192.82738242992497
-315.6273824299262
113.57261757007458
204.97261757007422
415.37261757007593
118.37261757007502
3.77261757007453
-283.02738242992484
-85.82738242992379
-129.0273824299248
-312.62738242992486
26.57261757007454
499.7726175700742
124.9726175700759
-57.027382429923826
72.372617570075
-13.427382429924677
-572.8273824299278
-458.22738242992614
-36.82738242992839
69.7726175700744
288.77261757007625
360.1726175700753
-48.627382429925866
-20.627382429923806
429.77261757007517
253.9726175700749
150.97261757007485
35.17261757007502
-478.8273824299225
-483.4273824299274
15.77261757007458
133.77261757007506
-10.427382429925473
54.57261757007569
-165.42738242992513
-211.4273824299248
-131.42738242992607
-110.62738242992395
65.77261757007463
-12.827382429925628
49.97261757007453
84.37261757007548
-11.227382429926884
303.77261757007557
359.9726175700726
-290.827382429925
-133.42738242992618
191.7726175700763
-192.4273824299244
-484.6273824299245
-294.02738242992575
-323.02738242992865
11.572617570075835
334.77261757007466
-147.02738242992473
-370.8273824299215
300.97261757007584
-76.62738242992559
79.17261757007492
220.97261757007422
-289.02738242992535
-271.82738242992485
32.57261757007602
-57.027382429925666
-108.42738242992465
-172.2273824299252
-605.8273824299239
-689.8273824299248
-449.8273824299257
-345.4273824299251
-111.62738242992474
21.972617570076686
102.17261757007667
-121.0273824299253
46.572617570074925
310.37261757007144
555.7726175700737
-138.0273824299249
-195.22738242992608
165.3726175700745
109.77261757007602
-875.0273824299285
-587.2273824299233
-288.2273824299244
-101.82738242992508
-48.627382429923976
-93.22738242992494
-361.8273824299254
187.57261757007535
198.57261757007254
44.172617570073086
277.57261757007427
66.77261757007454
0.7726175700742317
-49.6273824299245
-347.42738242992453
-398.22738242992466
-484.4273824299269
-421.0273824299237
-512.4273824299266
-175.42738242992607
-207.42738242992561
-97.02738242992507
209.3726175700754
66.17261757007364
-436.02738242992524
-83.82738242992733
399.1726175700784
790.1726175700783
11.372617570074787
2.1726175700744292
-189.62738242992452
-660.4273824299248
-1301.0273824299265
-522.8273824299254
-353.0273824299254
-81.62738242992577
-55.62738242992381
57.17261757007652
-58.8273824299244
270.17261757007543
553.7726175700747
232.1726175700755
470.172617570076
-2.0273824299234313
-128.6273824299238
-168.627382429926
-539.8273824299251
-438.0273824299244
-538.0273824299252
-226.42738242992874
-129.2273824299256
-68.62738242992428
-34.427382429924975
121.57261757007512
181.77261757007645
131.57261757007632
-249.8273824299258
-72.62738242992364
188.9726175700728
471.372617570077
46.572617570074435
-410.42738242992465
-494.02738242992234
-862.0273824299268
-1186.627382429924
-572.2273824299222
-169.4273824299241
-10.4273824299271
362.77261757007324
556.9726175700757
439.5726175700734
348.972617570072
1119.5726175700759
996.17261757008
660.3726175700743
-302.8273824299246
-303.4273824299254
-24.42738242992529
130.17261757007495
562.3726175700749
132.5726175700745
-91.4273824299257
-173.82738242992554
-220.6273824299265
-92.62738242992599
-33.2273824299253
118.37261757007512
225.37261757007576
39.77261757007435
33.772617570072754
-56.027382429926114
-172.22738242992472
-182.62738242992566
-432.0273824299231
-171.82738242992693
-544.827382429925
-872.8273824299267
-925.2273824299265
-484.42738242993
-286.027382429928
218.97261757007448
703.5726175700762
589.3726175700737
173.77261757007312
759.3726175700734
762.37261757007
462.37261757007286
-56.22738242992423
-17.027382429923396
-143.82738242992613
-129.62738242992572
301.3726175700753
333.17261757007407
-253.6273824299263
20.372617570075512
-104.82738242992488
-372.4273824299271
-296.627382429926
-309.2273824299261
-394.02738242992666
-386.4273824299261
297.5726175700758
520.5726175700755
-155.42738242992448
-509.82738242992644
-484.2273824299247
-228.22738242992426
-389.42738242992664
-427.42738242992505
-1025.4273824299244
-932.6273824299219
-700.0273824299284
-123.62738242992438
527.3726175700748
682.5726175700737
292.9726175700764
304.37261757007525
652.7726175700745
252.37261757007917
157.97261757007436
167.17261757007455
-127.22738242992482
-457.0273824299256
-390.4273824299276
-198.82738242992596
-309.6273824299259
83.7726175700758
-443.4273824299263
-694.6273824299248
-542.2273824299252
-509.2273824299244
-128.42738242992579
91.17261757007782
240.5726175700775
231.97261757007485
-119.82738242992504
-342.6273824299238
-390.2273824299235
-282.82738242992616
-309.2273824299259
-108.62738242992582
-386.8273824299272
-514.4273824299277
-526.6273824299275
-508.22738242992165
-36.02738242992579
390.97261757007567
612.1726175700749
652.5726175700776
391.5726175700748
50.57261757007504
231.7726175700738
155.5726175700765
189.77261757007523
-66.02738242992538
-339.62738242992515
-91.62738242992513
-161.82738242992468
-11.427382429924943
-638.2273824299243
-559.8273824299259
-173.02738242992461
-58.427382429926055
79.97261757007531
151.7726175700739
506.7726175700722
215.37261757007528
126.77261757007548
-58.02738242992605
-173.02738242992353
-48.027382429924984
11.572617570074772
4.972617570075855
-167.62738242992316
118.9726175700743
279.57261757007495
-176.22738242992608
-126.82738242992389
307.77261757007483
677.772617570075
529.7726175700751
446.17261757007566
282.7726175700768
437.9726175700762
644.9726175700763
286.7726175700738
-135.82738242992556
-316.42738242992556
-26.02738242992532
-234.22738242992588
-66.62738242992462
-415.0273824299244
-298.2273824299259
-104.4273824299257
-26.8273824299228
-26.027382429926615
226.77261757007534
366.9726175700758
151.3726175700759
288.9726175700756
-77.0273824299233
-591.6273824299274
-202.4273824299244
165.77261757007423
193.97261757007473
-86.82738242992525
-263.6273824299242
103.77261757007477
230.5726175700752
348.5726175700745
320.37261757007366
315.7726175700752
58.17261757007503
271.17261757007503
275.1726175700756
324.1726175700751
622.972617570077
290.1726175700748
20.37261757007454
39.97261757007553
279.17261757007583
-346.4273824299263
-207.0273824299265
-432.62738242992356
-406.2273824299247
-598.8273824299264
-554.6273824299255
-186.02738242992476
154.37261757007525
75.97261757007462
-304.62738242992623
-256.42738242992556
29.7726175700732
-446.22738242992386
-550.0273824299229
28.572617570074925
-98.42738242992442
-260.8273824299256
-447.82738242992644
-425.42738242992425
119.37261757007508
105.77261757007446
-160.42738242992405
17.97261757007538
64.37261757007533
174.97261757007644
39.17261757007467
79.57261757007666
363.97261757007425
184.9726175700739
-83.02738242992424
65.57261757007643
-34.62738242992453
-26.227382429924763
12.9726175700753
-477.82738242992485
59.77261757007531
-349.6273824299255
-445.6273824299251
-501.027382429926
-350.22738242992625
-85.82738242992666
30.972617570073233
177.57261757007294
467.1726175700744
139.97261757007473
-197.02738242992444
-73.22738242992695
-369.827382429926
-568.8273824299243
-23.627382429925383
-248.62738242992756
-248.4273824299233
42.9726175700751
-160.82738242992576
109.17261757007537
338.9726175700743
436.17261757007486
533.5726175700752
313.1726175700757
102.57261757007552
-306.82738242992406
-281.02738242992507
-18.627382429926246
-241.02738242992604
178.5726175700751
-184.42738242992522
-259.22738242992466
360.57261757007484
-64.22738242992438
-260.8273824299252
-630.4273824299236
-413.0273824299243
-75.62738242992418
269.9726175700739
665.3726175700782
318.7726175700747
356.57261757007507
-366.2273824299249
-663.4273824299279
-595.2273824299252
-665.8273824299231
-335.62738242992464
41.972617570074014
158.9726175700737
129.972617570076
165.77261757007577
24.572617570074172
354.1726175700758
48.57261757007408
-211.62738242992492
-273.4273824299259
-33.62738242992387
-447.8273824299248
-232.62738242992586
120.9726175700746
-196.62738242992373
-90.62738242992654
-409.22738242992574
-94.6273824299248
191.17261757007591
-66.02738242992618
-251.6273824299259
-535.8273824299254
-206.02738242992564
-215.82738242992568
217.5726175700737
503.97261757007414
-102.42738242992488
572.3726175700746
130.17261757007543
-418.42738242992414
-651.8273824299246
-327.6273824299265
-95.02738242992666
398.1726175700739
516.3726175700747
-60.227382429925186
-344.62738242992566
-261.627382429927
49.172617570075325
-83.02738242992483
-452.02738242992586
-497.6273824299255
-185.4273824299241
12.172617570073996
283.5726175700761
333.77261757007454
-114.4273824299259
-101.2273824299223
-160.62738242992558
43.17261757007559
50.972617570075585
123.57261757007467
-129.22738242992526
-239.02738242992513
-211.82738242992525
-30.22738242992437
184.77261757007733
53.372617570077
-82.22738242992489
265.772617570075
249.17261757007552
-1.027382429925776
-533.6273824299234
-572.4273824299216
-297.2273824299257
215.57261757007512
423.3726175700752
376.3726175700753
-90.62738242992313
-382.6273824299266
220.7726175700755
116.77261757007491
-17.427382429924535
-341.42738242992544
-413.0273824299247
-27.627382429926016
84.17261757007498
216.3726175700751
-386.82738242992457
-106.02738242992345
154.37261757007496
-85.82738242992406
134.3726175700749
313.7726175700767
-62.427382429924016
201.77261757007514
104.772617570074
292.1726175700713
180.17261757007392
-220.22738242992497
131.37261757007622
31.37261757007343
-277.22738242992557
-202.2273824299249
-46.627382429924175
-383.22738242992455
-237.22738242992546
-111.22738242992628
229.77261757007534
265.7726175700747
101.57261757007335
-349.0273824299262
273.3726175700751
-176.82738242992428
-193.02738242992473
-349.22738242992494
99.57261757007547
214.77261757007582
21.172617570074454
296.3726175700765
-6.827382429924871
-285.4273824299302
-28.82738242992552
-246.42738242992476
152.1726175700763
143.17261757007563
-201.2273824299265
2.972617570076018
-104.2273824299261
-67.62738242992384
-277.82738242992605
-133.42738242992576
354.97261757007186
-195.22738242992386
-128.42738242992465
162.77261757007545
146.57261757007285
278.57261757007393
343.97261757007607
107.97261757007487
341.77261757007693
-158.4273824299234
-343.62738242992725
-300.627382429925
-151.4273824299247
-229.8273824299264
-14.227382429924523
-140.82738242992514
367.77261757007466
577.3726175700763
410.57261757007325
504.9726175700752
534.372617570076
-192.8273824299243
122.97261757007425
220.57261757007467
-73.62738242992563
31.172617570075598
212.57261757007436
77.3726175700752
-295.02738242992496
-233.82738242992613
-119.82738242992428
-51.62738242992192
126.97261757007553
-296.62738242992504
317.37261757007457
318.77261757007466
364.1726175700767
582.3726175700752
254.5726175700747
-2.027382429925243
640.9726175700716
215.3726175700756
-113.0273824299268
-187.22738242992796
-72.42738242992677
321.3726175700757
310.7726175700765
5.77261757007382
-24.627382429926143
346.37261757007394
414.17261757007475
470.9726175700751
645.3726175700742
6.572617570072417
391.5726175700744
35.97261757007332
-245.42738242992388
88.77261757007352
3.5726175700763108
-171.02738242992476
-64.6273824299243
31.172617570076714
335.57261757007626
629.7726175700757
315.57261757007427
-307.6273824299247
277.77261757007363
352.1726175700749
589.5726175700739
712.7726175700732
107.77261757007517
-448.4273824299245
94.97261757007382
57.572617570074954
171.77261757007577
134.57261757007564
-254.62738242992606
297.772617570074
364.37261757007496
60.172617570075225
-118.62738242992393
-136.8273824299241
-211.8273824299261
-27.627382429924932
235.5726175700749
-176.4273824299254
-65.4273824299255
-394.0273824299252
-166.42738242992476
-123.62738242992478
-399.02738242992615
-245.42738242992476
-33.02738242992547
-246.22738242992614
-204.02738242992464
101.97261757007631
46.37261757007438
-184.6273824299263
-17.827382429925066
175.57261757007518
283.77261757007494
250.7726175700754
163.77261757007508
-158.8273824299266
-330.22738242992637
-301.42738242992584
185.3726175700739
50.77261757007393
52.172617570074806
222.97261757007425
307.7726175700762
93.97261757007499
-41.82738242992503
-72.82738242992585
-372.02738242992467
-482.2273824299239
78.37261757007508
-51.62738242992518
-171.8273824299245
-210.027382429925
288.17261757007867
104.57261757007505
-28.02738242992514
84.372617570075
108.57261757007504
-30.427382429924954
-171.82738242992465
-164.62738242992498
-145.22738242992526
150.77261757007477
209.3726175700754
372.1726175700756
265.17261757007554
31.7726175700743
217.7726175700741
-52.82738242992528
-122.62738242992346
0.5726175700765346
261.1726175700745
-4.427382429925608
266.3726175700746
274.1726175700744
271.5726175700746
-46.82738242992535
15.772617570074779
-110.62738242992607
-227.0273824299251
-378.8273824299244
119.17261757007459
-310.0273824299232
-294.627382429924
-269.8273824299247
1.9726175700747035
114.57261757007593
1.7726175700753548
168.3726175700746
334.37261757007496
188.37261757007462
-132.0273824299241
73.77261757007406
141.57261757007376
366.1726175700741
637.5726175700756
761.3726175700763
485.3726175700779
623.3726175700779
215.37261757007457
-259.82738242992593
13.972617570077052
136.9726175700747
32.17261757007472
-9.027382429925229
288.3726175700746
195.97261757007405
334.572617570077
245.57261757007524
48.172617570074806
-217.42738242992652
-359.02738242992564
60.77261757007504
220.17261757007373
-402.8273824299238
-179.42738242992573
-417.8273824299251
-415.0273824299279
-264.02738242992496
-275.6273824299243
-6.827382429924961
220.97261757007473
55.97261757007449
-29.627382429924552
13.972617570075535
-51.82738242992445
333.37261757007417
863.9726175700749
662.9726175700747
455.77261757007597
601.9726175700753
202.1726175700768
113.5726175700763
178.5726175700771
295.7726175700771
129.17261757007563
297.7726175700749
316.7726175700761
-61.827382429925215
135.3726175700744
553.972617570076
251.17261757007677
-22.827382429924604
-195.02738242992606
-235.62738242992572
-272.6273824299254
-130.62738242992697
-176.0273824299235
-438.22738242992483
-381.82738242992366
-51.02738242992514
104.1726175700754
202.37261757007502
292.9726175700756
263.1726175700752
106.17261757007535
-455.82738242992497
-817.0273824299247
-442.627382429924
69.57261757007402
205.97261757007445
-74.62738242992508
-323.8273824299231
-61.42738242992321
151.97261757007493
6.172617570074561
-142.82738242992545
298.37261757007315
593.7726175700759
455.77261757007426
216.972617570075
3.9726175700744335
141.57261757007413
140.7726175700744
221.3726175700755
64.97261757007482
-198.42738242992488
-389.0273824299256
