-482.1195943886852
2496.6804056113133
1310.4804056113223
670.2804056112878
1284.28040561128
-42.719594388700045
293.6804056113097
879.680405611305
1599.2804056113011
643.2804056112986
258.4804056113055
383.28040561130206
-286.3195943887033
-808.3195943887
-538.3195943887022
451.4804056113019
1350.0804056113186
1417.4804056112937
1349.6804056112987
930.8804056112939
755.8804056112943
1000.4804056112881
415.0804056113081
478.2804056112904
469.4804056112894
111.08040561130045
162.6804056112956
455.8804056112936
914.0804056113099
994.2804056113055
703.2804056112906
1370.680405611277
3945.2804056113027
1568.2804056112802
141.4804056113015
695.0804056112978
446.88040561129264
-616.7195943886983
-876.7195943887083
239.68040561129956
907.0804056112904
137.6804056112979
-163.71959438870226
572.2804056112858
-53.919594388705065
-1343.3195943887115
-736.1195943887001
-105.51959438870213
669.6804056112923
342.28040561130257
-107.71959438870329
-814.9195943887037
-539.7195943887026
-445.31959438870905
-500.71959438870385
-868.3195943886989
448.8804056112813
573.680405611296
-387.91959438870657
-170.71959438870013
699.8804056112814
688.8804056113012
-185.1195943887008
80.08040561128188
2512.4804056112976
1471.8804056112833
-212.9195943887045
209.2804056113009
-112.11959438870107
-63.11959438870295
17.280405611299248
-82.31959438870095
644.4804056112937
-971.119594388705
-815.1195943886942
531.4804056113013
166.8804056112964
-303.91959438870657
312.4804056112981
-364.7195943887033
-146.31959438870234
-534.1195943886993
-1451.319594388699
-1002.5195943886922
99.08040561129822
468.8804056112948
-264.9195943886998
-1640.9195943887296
126.2804056113049
-354.1195943887047
-862.9195943886892
-592.1195943887047
-119.91959438870222
-750.1195943887016
-489.7195943887007
-616.7195943886985
1421.4804056113028
2048.28040561127
744.8804056112972
378.2804056112981
-203.31959438870427
-1002.1195943887045
-1216.31959438871
-1844.5195943886954
-209.11959438870753
-460.9195943887007
-288.31959438870234
1025.8804056112886
441.08040561129565
678.8804056112956
679.2804056112972
-250.71959438870104
980.8804056113013
846.2804056112924
-474.91959438870316
908.4804056113012
821.4804056113035
570.2804056112979
-588.1195943887027
-1600.9195943886948
-430.1195943887033
-501.71959438871096
-407.7195943887044
-445.5195943887035
-491.31959438870194
58.48040561129728
1321.4804056112691
4.080405611297358
708.6804056112929
1674.4804056113103
678.8804056112924
825.0804056112997
-355.9195943887042
-1438.9195943887123
-919.9195943887181
-1033.7195943886911
129.8804056113037
398.8804056112965
-472.5195943887086
-190.91959438870583
-1231.719594388707
-442.91959438870174
-1.5195943887028633
-1552.1195943887146
-590.7195943886941
787.6804056112935
824.6804056112962
433.4804056112967
-134.11959438870278
1035.6804056112933
431.2804056112981
493.8804056113027
829.4804056113047
184.0804056113026
232.68040561129635
121.48040561129532
602.2804056112952
1006.6804056112971
338.88040561129395
-271.119594388699
323.48040561129943
329.68040561129067
282.08040561129906
802.0804056112977
-513.7195943887044
-1128.919594388693
-614.1195943886904
-486.91959438870606
-195.91959438870708
50.68040561129844
-604.919594388703
-778.5195943887148
-751.5195943886939
158.28040561129458
-633.1195943886912
-1925.719594388689
-1603.1195943887014
-413.3195943887005
815.6804056112917
1154.080405611295
573.4804056112985
-77.31959438869481
-209.71959438869496
-569.7195943887016
710.0804056112964
60.48040561129978
96.68040561129499
603.0804056112961
611.2804056113048
-54.119594388703334
-724.1195943887003
274.8804056112996
1390.2804056112977
681.0804056112955
212.68040561130107
625.2804056112954
-1161.119594388709
-1596.1195943887094
-462.5195943887008
-239.919594388704
-160.51959438870273
153.8804056112978
121.88040561129428
-1266.519594388731
-1554.9195943886994
-1234.919594388727
-1626.5195943886931
-806.1195943886959
-221.11959438870497
-345.31959438870143
-861.1195943887127
431.0804056112966
381.0804056113027
-1109.1195943887012
-126.71959438870411
-736.3195943887123
-95.51959438870554
-316.3195943887024
-882.319594388692
-181.71959438869985
62.68040561129307
-933.3195943887295
-916.1195943887183
539.2804056113009
1774.880405611311
568.8804056113054
-134.3195943886995
279.48040561130307
-854.7195943887083
-921.7195943887082
266.880405611294
-474.1195943887057
-697.9195943887116
-267.5195943887169
-672.9195943887182
-866.7195943887002
-1353.9195943887046
-1561.9195943887075
66.48040561129727
-422.5195943886946
377.28040561130206
553.2804056112982
-174.91959438869966
-96.91959438870178
-476.7195943887038
-361.9195943887001
182.8804056112979
-53.519594388701506
-353.9195943887066
537.2804056112999
479.6804056112967
302.88040561129765
666.8804056112999
-637.3195943887083
289.2804056112967
1265.8804056113077
2341.0804056113175
1386.0804056112888
626.0804056112946
914.0804056112997
104.68040561129396
817.880405611302
203.68040561129695
-634.5195943887088
-1278.5195943887063
-665.1195943887104
-834.9195943887204
-1027.1195943887083
-1084.7195943887116
-1228.9195943887037
-479.5195943887009
-561.5195943887088
-136.1195943887041
-122.7195943887067
236.48040561129818
-206.1195943887029
120.28040561129905
-158.51959438870642
198.68040561129715
535.4804056112959
481.08040561129786
192.68040561130124
-240.9195943887047
832.0804056112917
-221.91959438870316
-362.51959438870404
5.080405611296584
354.0804056113041
1862.0804056112988
1877.6804056112867
769.4804056112986
562.0804056112977
-524.3195943887031
1335.4804056112955
690.6804056112949
-722.5195943887028
480.28040561129615
82.0804056112983
-542.9195943886997
-1040.7195943887045
-452.5195943887031
-1446.7195943886989
-672.5195943887248
1025.680405611311
690.28040561129
46.480405611296845
-264.5195943887038
-336.7195943886976
-360.1195943887118
-814.3195943887147
-1087.719594388704
-80.51959438870006
996.0804056112897
191.88040561129785
-1541.5195943886895
314.68040561129976
-192.71959438870343
-63.31959438869456
676.8804056113016
704.6804056113084
2902.8804056113117
1533.8804056112956
-226.31959438871058
114.28040561129413
-616.7195943887083
-561.9195943886978
-697.1195943887012
-1759.9195943887125
-230.7195943887048
-367.31959438869865
-481.5195943886996
-1446.9195943887098
-775.1195943887072
-976.7195943886998
-22.319594388704736
415.88040561129793
-284.91959438870185
1080.280405611302
-1102.9195943887096
-395.91959438870015
-215.91959438870464
239.68040561129482
-1132.9195943887041
-1117.9195943887157
16.280405611294135
478.6804056112964
-1205.11959438871
-375.7195943887025
-1301.9195943886887
-814.1195943887074
288.6804056113026
395.08040561130036
1465.0804056113166
1625.280405611314
-374.3195943887164
-341.1195943887052
-757.9195943887031
517.6804056112945
285.48040561129704
-84.71959438870797
1087.8804056112933
189.48040561129397
128.28040561129782
449.68040561129965
314.0804056112983
-34.119594388708556
758.2804056113038
283.4804056113011
1088.0804056112913
1171.8804056112995
277.88040561129657
1624.0804056112952
266.0804056112928
35.480405611298536
45.08040561130057
-1088.1195943887028
-966.7195943887067
1686.68040561131
604.8804056112932
44.28040561129501
-421.319594388706
158.0804056112942
1492.2804056113005
134.68040561129732
1645.0804056112668
488.88040561130026
-962.5195943887126
-360.71959438870044
-1541.7195943887125
529.6804056113101
505.8804056112908
-478.51959438870773
603.6804056112877
1226.8804056112997
708.8804056112966
100.08040561130026
-1499.519594388695
179.48040561129542
491.2804056112968
-225.31959438870808
1300.2804056112816
-555.1195943887057
-616.1195943886996
584.0804056112994
345.88040561130094
663.4804056113014
-786.1195943887095
-158.9195943887047
-533.119594388696
-925.3195943887044
-482.7195943887057
-636.5195943887016
-102.91959438870397
-1171.3195943887017
-253.51959438870233
105.88040561129766
1899.680405611298
-546.9195943887062
-709.5195943887007
148.68040561129428
-1229.1195943887049
606.0804056112981
859.6804056112993
-132.9195943887065
313.88040561129526
2022.4804056113271
1350.8804056112954
-1261.719594388727
-1781.9195943887091
-256.9195943887051
-205.11959438870232
1906.8804056113283
1655.6804056113058
240.0804056113017
1032.2804056112925
838.0804056112903
-419.3195943887047
-285.1195943886998
-1565.319594388703
-460.31959438870274
1263.2804056113148
-643.3195943887034
-1334.5195943887168
-1173.9195943886882
-703.1195943887014
-1065.9195943886941
-750.1195943887016
-985.9195943886997
729.0804056113017
180.08040561130247
704.0804056113029
-269.1195943886987
-928.7195943887054
-1023.919594388694
-466.7195943887087
140.88040561129407
-15.319594388700331
1063.8804056113045
850.4804056112971
-2526.1195943887337
1008.6804056112911
879.0804056113059
-2597.119594388681
363.8804056112973
1188.6804056112976
-133.3195943887057
475.28040561129865
-1340.119594388698
-1018.5195943887028
-765.9195943886916
-529.919594388705
-1046.719594388715
-345.91959438870293
-156.11959438870127
273.6804056112991
-647.9195943887003
-286.91959438869713
308.88040561129645
490.48040561129767
-510.7195943887026
964.4804056112876
397.08040561129593
46.680405611302405
183.28040561129504
-1231.519594388691
-1020.5195943887106
-932.1195943886972
898.8804056112929
169.88040561130492
1311.880405611301
259.6804056112991
-863.3195943887015
1277.8804056113054
33.08040561129542
-1873.7195943887205
-833.9195943886963
228.28040561129743
80.0804056113019
-364.31959438869745
-463.3195943887051
-302.3195943887088
-579.5195943887022
-179.319594388704
-841.919594388701
-170.31959438870086
1074.0804056113031
587.6804056112982
1077.6804056112956
446.8804056112976
-1031.7195943886943
-743.5195943886981
-33.71959438870263
534.0804056113033
389.0804056112935
-413.5195943886965
1398.480405611286
494.68040561130016
906.6804056112945
846.4804056113028
-104.31959438870328
111.88040561130066
97.88040561129597
-815.9195943887036
4.680405611296557
-210.5195943886983
-2141.3195943887067
-1080.9195943886884
-608.5195943886991
-181.11959438871315
442.68040561129646
-1747.9195943887194
-293.5195943887186
471.0804056112991
-446.7195943887024
-56.31959438870314
-800.5195943887092
988.0804056112895
754.0804056112986
-988.519594388715
-245.11959438869812
367.8804056112945
-1159.919594388703
-1647.3195943887142
-2229.5195943886906
-1696.9195943887005
-28.519594388696298
-668.319594388705
1038.4804056112955
-776.1195943887076
-75.51959438870593
429.080405611293
603.8804056113169
1013.0804056112942
-1035.7195943887084
-1096.119594388696
816.6804056112951
832.6804056113007
-851.9195943887058
-297.1195943887015
-1691.3195943887158
-1602.719594388683
-293.31959438869865
-1700.119594388677
-552.3195943887071
486.8804056113028
932.6804056112934
1072.4804056113062
-418.91959438870043
-303.91959438871015
-498.5195943887012
-806.3195943887031
-35.1195943886996
-164.51959438869795
-560.9195943886969
874.480405611303
-318.91959438870913
-561.5195943886926
-338.7195943887049
-618.519594388699
-145.9195943887068
-707.5195943886996
49.880405611304724
738.0804056112844
2281.8804056112726
1829.0804056112802
52.280405611306875
232.68040561129828
1922.2804056112996
6.480405611290848
-1670.3195943887083
-1640.9195943887316
-3003.5195943887
-1404.3195943886885
1396.0804056112981
-113.71959438870164
-38.11959438870057
-72.51959438869672
390.0804056113062
-928.7195943887075
-558.9195943887004
-228.9195943887009
10.480405611297972
-513.9195943887028
1644.480405611288
202.4804056112981
582.2804056112939
575.4804056112988
-708.9195943887094
-264.91959438870055
-1168.519594388713
-820.5195943886921
-792.319594388707
132.8804056112984
803.0804056113009
472.2804056113051
565.0804056113025
-102.91959438870074
-133.3195943887038
132.68040561129985
126.0804056112944
-1611.319594388716
-423.7195943887047
14.680405611298418
-1488.5195943887052
-1059.5195943887063
48.28040561129576
-1241.5195943887102
-376.31959438870064
-1201.7195943887027
282.6804056112971
473.68040561128566
985.4804056112905
1395.2804056113089
868.0804056113004
1362.480405611287
1653.6804056112996
-602.5195943887026
576.4804056112964
-275.51959438870256
-1291.1195943887142
-724.5195943887046
-1414.3195943887013
400.28040561129194
344.48040561129466
300.280405611303
525.6804056112949
1107.2804056112893
1165.4804056113169
-1058.3195943887035
-95.71959438870147
690.0804056112794
-868.9195943887054
-1151.9195943887116
-595.3195943886961
-198.31959438870336
493.8804056112925
-1614.519594388731
-1493.919594388703
-2515.119594388734
-2084.919594388692
-583.9195943887033
-307.91959438870674
-789.3195943886991
-295.5195943887038
-758.5195943886946
-928.1195943887045
1218.2804056113127
1691.480405611304
1525.680405611305
1654.080405611324
383.4804056112972
383.68040561129555
-243.91959438870103
-2402.9195943887075
-1066.1195943887133
-249.91959438869884
808.2804056113032
506.28040561129956
731.8804056113052
636.2804056113018
-59.119594388701756
292.68040561129794
748.6804056113044
669.8804056112867
1337.4804056112948
555.4804056112994
-664.519594388703
811.0804056113024
903.0804056112953
-111.71959438870194
-1058.7195943886982
-631.3195943887043
-354.9195943887069
-1102.3195943886963
-388.11959438870394
13.280405611299347
32.88040561130011
-606.7195943887078
656.6804056112938
1243.8804056112879
1655.6804056112935
1277.480405611305
1353.6804056112971
683.4804056113026
-677.9195943886857
-1630.5195943887372
-528.7195943887137
871.0804056112979
1299.6804056112917
-450.11959438870684
163.8804056112962
922.880405611299
1238.4804056112991
956.4804056112904
678.0804056113111
216.88040561129975
191.08040561130437
852.8804056113003
-675.3195943887059
-480.1195943887128
1856.680405611286
1080.680405611295
1085.0804056113025
1104.2804056112982
-57.91959438870144
-516.1195943887031
1011.0804056112896
2167.4804056113126
1150.0804056112972
218.680405611293
546.6804056112817
2267.4804056113157
2510.6804056113056
826.6804056112919
1015.8804056112984
-751.719594388683
-1836.119594388704
-1612.9195943887407
-1069.3195943887051
-20.319594388703802
1719.2804056112882
646.8804056112996
1694.4804056112607
1099.680405611291
453.0804056112859
1527.8804056113445
1138.480405611294
892.0804056112946
899.0804056112668
116.88040561129169
478.0804056112901
317.08040561130184
1407.6804056113024
730.2804056113033
197.4804056113004
-413.9195943886967
-403.51959438869915
-375.7195943887012
-94.51959438870402
943.6804056112978
955.0804056112954
1613.8804056112972
1783.680405611287
1934.4804056112912
1586.0804056112972
425.0804056112962
-636.1195943887078
-1738.1195943887003
-1134.31959438871
-3801.5195943886674
-1576.919594388715
-1120.9195943887028
2423.480405611286
2858.0804056113034
1394.0804056113125
1484.0804056112881
502.68040561128527
1027.480405611289
253.08040561129337
-224.91959438869867
-663.7195943887049
-170.71959438869368
841.680405611313
747.8804056112954
98.48040561129633
559.480405611298
321.2804056113016
608.880405611303
-340.7195943887109
352.6804056112931
370.4804056112969
-502.51959438870335
-195.71959438870303
1492.6804056113162
1194.4804056112907
348.2804056113032
723.8804056112995
-726.9195943887008
-1489.9195943886946
-2172.3195943886963
-1436.3195943886985
-2136.7195943886823
-708.3195943887123
-1395.7195943887132
-944.1195943887119
1254.6804056112967
196.08040561129556
955.4804056112995
725.8804056112982
-17.319594388699095
83.48040561129821
-991.1195943886898
213.08040561129468
839.480405611285
-490.5195943887036
104.28040561129835
-861.5195943886996
100.88040561130038
431.28040561129626
522.2804056112986
-862.919594388703
176.08040561129937
88.08040561129262
411.8804056112783
-256.3195943886972
555.4804056113022
583.6804056112794
683.680405611304
1113.6804056112899
-956.9195943886971
-1547.3195943886997
-1938.3195943887224
-1588.1195943887449
-4271.919594388633
-2741.5195943886893
-1712.3195943887215
-908.51959438871
448.08040561129326
898.880405611299
354.48040561129113
-203.11959438870136
201.28040561129586
-296.3195943887035
-1291.919594388719
878.0804056112951
837.2804056112954
-1035.5195943887081
-894.5195943886999
-419.7195943887088
-416.1195943887044
-1221.5195943886943
-319.91959438869935
-867.5195943887024
-661.3195943887008
893.0804056112916
121.28040561129977
-589.7195943887062
-260.91959438870396
849.4804056112971
552.680405611294
-69.91959438869979
-1053.519594388713
-1948.9195943887016
-2224.3195943886935
-2338.3195943887263
-4713.119594388717
-2582.9195943887585
-125.31959438870777
1601.6804056112883
909.4804056112924
1486.6804056113035
936.4804056112963
-1174.3195943887063
320.0804056112985
774.0804056112871
-249.11959438870042
702.280405611297
1171.0804056112838
1136.8804056113004
731.0804056112877
1111.4804056113003
667.6804056112873
162.68040561130368
664.8804056113038
389.4804056113054
-131.71959438870235
-702.9195943887028
-1167.119594388714
-147.51959438870435
1455.4804056112946
2049.480405611282
902.2804056112977
63.08040561129937
-456.9195943886974
-1511.9195943887216
-2719.919594388698
-3367.3195943886385
-3871.919594388741
-2188.9195943886825
-904.5195943887163
177.68040561129752
-412.3195943887012
-374.1195943886914
-159.11959438868786
-1223.519594388707
-823.7195943887089
-532.5195943887113
-122.71959438870546
633.4804056112931
751.2804056112966
-15.319594388705447
-370.1195943887002
-391.5195943887076
-140.91959438869966
-920.9195943887092
-869.3195943886957
388.68040561130016
-336.11959438869894
-560.1195943887057
102.48040561129903
860.2804056112892
799.0804056112979
2309.280405611311
2195.680405611291
1163.280405611293
16.28040561129118
-302.1195943887132
-2783.119594388689
-4303.519594388736
-3453.5195943886997
-2555.319594388678
-1735.1195943886544
-592.7195943887026
-1144.9195943887282
-1138.919594388715
118.48040561129642
612.0804056112989
98.28040561129498
-16.519594388704796
173.68040561129953
-11.11959438870749
341.0804056113019
-552.319594388711
-715.3195943887113
-1064.9195943887303
-324.1195943887033
-431.31959438870996
-907.9195943886991
-226.51959438870443
-326.31959438870587
66.88040561130417
-222.7195943887035
-256.11959438870804
-515.9195943887063
345.0804056112986
758.080405611298
338.2804056112992
-731.3195943887031
-1655.919594388696
-2813.3195943887104
-3528.3195943886576
-3697.5195943886524
-3377.719594388663
-1533.519594388722
-674.5195943887161
-1393.1195943887312
-1205.3195943887351
-535.5195943887032
304.0804056112987
362.4804056112962
48.0804056112945
-1142.919594388706
-2516.719594388695
-1295.1195943886987
-661.3195943887047
-225.51959438870395
245.0804056112959
382.6804056113004
958.4804056112976
1020.8804056112893
704.2804056112996
204.08040561129673
-30.719594388706234
-459.919594388698
-546.1195943887003
-672.7195943887081
-597.1195943887104
-310.7195943887047
-761.3195943886974
-1439.7195943887355
-2038.3195943886917
-2457.119594388708
-3158.119594388696
-3804.3195943886794
-3328.5195943887006
-2145.519594388696
-1596.319594388664
-2211.5195943886997
-1384.1195943887562
-1109.5195943887122
-1155.7195943887216
-537.3195943887039
-232.91959438870796
-296.5195943887129
-1063.3195943886926
-370.5195943887018
-12.919594388709603
-1057.9195943887307
-1192.7195943887023
-536.9195943886955
-1266.7195943887054
-1082.1195943886846
-1304.1195943887014
-2640.7195943887127
-2023.1195943887033
-1557.9195943887125
-833.719594388709
-1595.3195943887097
-1746.5195943887554
-1649.1195943887176
-2193.7195943886873
-2413.519594388696
-2648.119594388706
-2399.9195943887084
-3307.3195943886335
1314.6804056112867
176.6804056112977
-326.1195943887031
234.68040561129789
-1087.519594388689
-728.319594388715
291.28040561130365
463.8804056112984
-1134.5195943887195
-1164.1195943886955
-750.9195943887032
-934.7195943887053
-1041.3195943887108
-1013.1195943887129
-328.11959438870355
57.88040561129675
-48.71959438870171
-422.31959438871087
-1283.7195943887154
-1498.1195943887176
-988.5195943887146
-971.9195943887021
-815.3195943887079
-915.9195943887145
-1035.1195943887114
-814.5195943887182
-394.71959438869897
30.880405611294034
-156.11959438870818
-265.11959438869906
187.48040561130517
2748.6804056112974
107.48040561129831
-1070.9195943887032
-86.11959438870574
6.080405611300812
-698.9195943887075
-777.1195943887068
286.0804056112959
289.2804056112979
-607.7195943887062
-547.3195943886974
183.0804056113024
-473.31959438870666
-985.9195943887055
-608.7195943887008
-206.1195943887032
316.0804056113016
453.48040561129756
143.88040561130168
-785.1195943887018
-483.5195943887036
-382.9195943887007
-471.5195943887036
-941.5195943887032
328.0804056113037
669.4804056113007
-177.51959438870148
-267.7195943886995
461.68040561129374
267.0804056112952
-804.7195943886946
-898.7195943886975
1367.280405611288
-441.1195943887009
-1712.3195943887013
-612.5195943886955
-280.3195943887026
211.68040561129527
349.6804056112995
55.08040561129755
419.08040561129883
-1319.5195943886981
-1015.9195943887061
178.88040561129438
-300.91959438869947
-171.51959438870404
495.68040561129567
-218.11959438870386
-36.91959438870213
-296.1195943887052
-1149.9195943886923
-394.71959438870067
932.4804056112918
919.6804056112859
352.2804056112929
-1306.7195943886998
307.280405611299
-136.31959438870157
-655.5195943886961
-620.9195943886937
-121.11959438870636
-931.5195943887006
-862.5195943886938
-1400.5195943886913
383.08040561129667
-10.719594388701402
-955.9195943887098
-472.719594388691
-360.11959438870423
-358.31959438870393
-616.9195943886994
-1305.1195943887033
-66.1195943886986
-348.5195943887023
-267.3195943887034
702.8804056112986
86.88040561129813
469.08040561129604
647.0804056112969
-170.31959438870243
838.8804056112996
185.08040561130483
-1013.5195943887181
556.4804056113029
991.4804056112948
438.28040561129905
-511.7195943887031
-1497.119594388708
-609.9195943887012
-765.5195943886979
-846.9195943887122
-1090.9195943887157
-1231.7195943886873
-1089.5195943887045
418.480405611297
-740.5195943887011
20.68040561130017
-209.31959438870103
-431.3195943887012
388.080405611299
52.68040561129854
-210.71959438870456
175.28040561129401
28.28040561130058
839.0804056112987
801.6804056112958
-111.11959438870419
121.68040561129321
-1094.3195943887024
-472.5195943887084
255.0804056113035
-1259.319594388713
-791.3195943887058
91.48040561130192
328.6804056112974
-587.1195943887052
-705.9195943887025
734.0804056112897
-97.91959438870386
-279.5195943887039
201.28040561129836
-200.919594388705
-292.71959438870385
-784.1195943886977
-277.319594388706
205.0804056113078
-30.51959438870206
-654.7195943887078
-346.3195943887
-1217.5195943887145
-81.5195943887046
873.2804056112967
593.8804056113013
321.48040561129784
444.08040561129667
400.8804056112938
382.2804056113021
286.4804056113012
-34.51959438870907
33.08040561129863
-201.91959438870578
480.0804056112987
492.08040561129775
-1100.9195943886973
-1200.7195943887045
22.280405611297816
1035.2804056112966
579.6804056112936
124.88040561129932
289.0804056112955
-341.1195943886987
-1234.1195943887121
50.28040561130351
-495.9195943887005
-763.5195943886984
-268.9195943887024
-62.919594388706855
-125.1195943887031
-514.1195943887041
-232.71959438869936
296.8804056113031
-461.31959438869535
107.68040561129456
792.2804056113032
-331.5195943887059
-709.1195943887062
310.08040561130264
654.4804056112841
455.88040561129117
806.8804056113114
1250.6804056112971
14.280405611299244
-480.7195943886911
-102.91959438870397
302.08040561129866
846.0804056112977
687.48040561131
568.4804056112979
66.88040561129536
418.4804056112961
466.48040561129693
-418.9195943887052
532.8804056113016
-418.5195943886994
-355.9195943887014
-1038.9195943887203
-2018.3195943886951
-1343.3195943886997
-797.7195943887076
-1254.9195943887128
-1166.1195943887237
-646.5195943886754
-3.9195943887039597
-676.3195943887043
-333.5195943887076
447.08040561129667
-664.7195943887011
-1054.7195943887061
474.48040561129494
163.48040561129756
-203.71959438870266
683.0804056112962
475.8804056113012
758.4804056113009
279.08040561129354
163.0804056113093
1584.8804056112872
543.4804056113061
545.4804056112971
287.8804056112896
-103.71959438870078
253.48040561129832
135.68040561130536
912.2804056113014
1039.8804056113013
182.4804056112956
-960.5195943887069
-250.31959438870126
-164.71959438870147
-254.5195943886994
-156.51959438870165
-1417.11959438869
-457.3195943887211
35.48040561129465
661.0804056113011
-740.319594388711
-151.7195943887022
1156.280405611304
359.480405611297
551.680405611293
76.48040561129764
-617.1195943887029
-1036.319594388701
534.4804056113003
393.8804056112995
492.0804056112946
509.6804056112965
212.08040561129943
461.8804056113002
-233.11959438870113
-10.519594388703844
-444.7195943887019
345.08040561130224
567.4804056112965
978.4804056112949
1213.2804056113036
1323.080405611307
581.2804056112964
-346.5195943887005
-116.51959438869895
-13.919594388698009
1123.4804056113117
-829.3195943887055
-1036.5195943886874
-648.319594388695
-718.1195943887058
-203.3195943887066
-71.51959438870321
-116.31959438870527
344.88040561129833
-118.31959438870084
1268.4804056113053
482.68040561129965
-719.9195943887024
751.4804056112994
1135.680405611303
604.4804056112976
574.6804056113032
1369.4804056112716
31.280405611302086
302.0804056112968
1598.6804056112965
1069.080405611293
413.08040561129945
617.2804056113044
791.2804056113041
432.0804056112955
535.0804056112993
354.8804056113025
294.48040561129534
887.080405611306
387.2804056112916
-1026.319594388704
1055.0804056113047
-209.3195943887072
-196.71959438870306
347.2804056112984
-703.7195943887122
383.28040561130405
136.28040561130013
-486.3195943887081
337.8804056112989
-22.519594388704512
-404.11959438870156
-690.1195943886937
-1739.5195943886804
-255.31959438870447
499.6804056112956
521.8804056112956
-3.3195943886975954
914.6804056113012
543.0804056113033
951.2804056112865
595.8804056112972
-516.1195943886975
1509.6804056113083
292.4804056113018
247.68040561130312
115.68040561129806
861.0804056112986
-354.11959438870383
-598.119594388699
325.68040561130044
1081.08040561129
-456.7195943887044
606.080405611301
-655.119594388709
-188.31959438870288
452.48040561130244
-955.9195943887056
-1115.9195943887016
465.2804056112993
-446.1195943887017
810.0804056113029
417.28040561130194
932.4804056112929
-143.31959438870194
-805.7195943887053
404.4804056112977
124.68040561129888
285.0804056112995
770.4804056112954
1235.2804056112848
1127.4804056112953
1507.280405611295
362.48040561130017
-111.31959438870413
707.880405611296
1045.2804056113034
1790.2804056112846
-103.71959438869712
135.48040561129838
563.0804056112997
-295.71959438870454
-332.91959438869844
2395.880405611276
1961.2804056112943
1541.4804056112894
527.2804056112936
1041.2804056112882
1957.0804056113088
-472.9195943887045
-483.91959438870754
-242.71959438870266
-811.5195943887024
745.0804056112936
-302.11959438870554
1004.8804056112901
-234.11959438870758
-800.1195943887006
443.8804056113022
547.2804056112989
320.4804056112988
300.68040561130266
-608.3195943887064
1266.8804056113015
1112.4804056112866
-143.31959438870325
306.2804056112985
-767.9195943887053
171.08040561129673
1148.2804056113152
650.8804056112963
1004.0804056112964
-329.11959438870974
1075.4804056113044
576.8804056112941
108.6804056113015
1207.880405611295
1683.6804056112983
1373.4804056112978
-169.11959438870315
539.8804056112974
229.6804056112967
711.880405611296
-891.7195943887081
-323.3195943887069
1390.6804056112965
-78.31959438870814
556.480405611298
441.280405611294
-318.1195943887038
312.0804056112999
743.4804056113006
278.4804056112969
-1123.5195943887022
-681.7195943886975
350.48040561129534
-7.1195943887026765
1775.6804056113142
877.2804056113044
-141.71959438870084
1837.6804056112944
1355.680405611284
141.48040561129196
798.8804056113016
-324.51959438870193
954.2804056113039
2705.080405611267
189.6804056113017
413.8804056112999
833.48040561129
602.2804056113
-302.71959438870016
52.68040561129777
-705.5195943886991
-104.31959438870145
-167.7195943887012
868.8804056112947
848.4804056113044
321.28040561130047
-1123.9195943886914
-1110.7195943887177
-490.5195943886988
-255.51959438870662
711.8804056112972
554.8804056112991
-1794.3195943887097
2153.680405611282
1591.2804056112852
-1759.719594388706
781.2804056112969
357.6804056113072
-1154.1195943886928
1019.8804056112966
-532.119594388701
-573.1195943887
540.4804056112987
1225.48040561131
434.2804056113037
890.2804056113079
238.28040561129754
1282.2804056112975
874.680405611298
634.4804056113031
761.0804056113127
1126.0804056112895
129.88040561130055
489.8804056112921
321.0804056112992
-52.31959438870166
565.4804056112973
-396.51959438870733
-672.7195943887068
-1358.7195943887066
-85.7195943887027
-590.9195943887057
988.4804056112932
552.6804056112966
475.2804056112916
1864.2804056113107
471.4804056113026
-864.3195943887223
-407.1195943886994
-244.71959438871096
-454.71959438870243
278.0804056112965
126.88040561129627
-283.5195943886994
372.88040561129486
876.6804056112793
169.48040561130009
610.8804056113017
1305.4804056112816
1292.280405611293
2405.0804056113
1252.880405611293
-288.51959438870625
-43.319594388708104
942.6804056113053
933.0804056112884
-223.5195943887012
-1800.7195943887132
137.28040561128842
-39.519594388699645
607.2804056113006
488.48040561129574
-784.1195943887045
-453.71959438871386
-416.51959438870585
-1086.7195943886984
342.68040561130385
-480.51959438870125
-1762.919594388699
206.8804056112939
80.48040561129788
-239.71959438870047
331.0804056112951
-924.719594388691
-16.9195943887052
-338.9195943887065
-1081.3195943886963
161.68040561129604
88.0804056112998
1674.4804056113117
1487.080405611287
483.480405611296
1045.8804056113042
771.6804056112989
-513.1195943886838
-367.1195943886944
-695.11959438871
-1105.5195943887131
-445.71959438869806
-2293.9195943887016
-959.5195943886968
-1861.7195943886886
-843.3195943887033
-1049.9195943887164
-550.3195943887035
501.48040561129415
-848.7195943887011
-880.7195943886992
1172.48040561128
1182.880405611293
174.2804056113002
1829.0804056113354
-305.91959438870543
-1504.5195943887124
-943.1195943886944
-1517.1195943886992
-505.51959438870324
-764.3195943887016
-158.51959438870514
1322.2804056113007
960.6804056112962
885.4804056113004
649.6804056112989
437.88040561129986
740.0804056112986
-305.9195943887069
-391.31959438870683
2206.2804056112896
1320.8804056112956
59.68040561130151
223.28040561129836
-769.7195943887053
-937.1195943887043
-680.5195943887038
183.6804056112994
-111.31959438870271
1555.680405611306
1567.8804056113026
373.28040561130337
1135.8804056112992
2610.080405611307
754.4804056112969
-273.51959438870665
788.880405611299
-1772.9195943887078
-1676.7195943887104
781.6804056113145
-94.5195943886999
58.880405611298315
-541.519594388702
319.0804056112923
-573.9195943887042
250.88040561130052
-100.91959438870394
-451.5195943887053
-752.319594388704
1901.2804056112766
194.880405611296
734.4804056113
1692.8804056113036
864.4804056112987
669.4804056112914
-509.71959438869953
-443.3195943886979
-677.1195943887069
336.48040561129824
835.2804056113005
223.08040561130207
290.68040561129266
-175.11959438870326
245.48040561130466
614.4804056112935
439.6804056113013
-992.719594388703
372.08040561129724
1350.0804056113036
-755.9195943887047
-972.1195943886992
768.0804056112929
77.6804056112939
664.0804056113034
-493.91959438869975
698.0804056112879
-57.91959438870089
-4.119594388708585
619.8804056112986
-89.519594388699
238.88040561129208
790.880405611299
-622.719594388695
768.4804056112955
-350.3195943886997
-1232.3195943886967
-304.1195943887009
-795.1195943886976
810.2804056113
51.680405611298795
178.48040561129721
44.88040561129648
548.2804056112943
1049.680405611298
-1140.7195943887054
141.08040561129928
1166.6804056112987
-458.1195943887002
-962.119594388699
-1054.919594388704
-254.11959438870045
846.4804056113001
-926.7195943887019
-35.919594388704006
-622.9195943887065
-666.7195943887017
332.4804056113005
760.2804056113005
-1368.5195943887088
-1007.7195943887185
-173.31959438870112
-795.7195943887076
764.2804056112996
665.0804056112978
1197.680405611302
1425.2804056112961
-876.7195943886973
-859.7195943887069
-516.1195943887026
-1505.5195943887127
-685.9195943887054
-944.5195943887044
387.68040561129396
-233.3195943887089
27.08040561129925
309.2804056112993
-358.31959438871286
27.28040561129439
912.8804056112971
342.88040561129907
653.8804056113038
50.88040561130017
-962.1195943887086
72.68040561129514
251.28040561129416
-307.71959438871
-1100.7195943887007
103.08040561130112
340.08040561129764
-552.5195943886982
-914.7195943887056
-1060.9195943887007
-316.91959438870356
-1015.5195943886993
-249.51959438870063
-1077.1195943887035
-1.919594388699025
204.8804056112984
-299.51959438870574
-741.1195943886975
-1197.9195943887107
-70.51959438870182
341.0804056112948
157.28040561129905
0.08040561129651635
-1883.5195943886813
-874.719594388718
-202.31959438869762
248.080405611294
28.680405611300905
-3.1195943887064175
-515.7195943887145
-566.9195943887104
829.8804056113003
-664.9195943887191
-1602.119594388683
508.48040561130114
-525.1195943887108
-352.31959438870376
493.08040561129957
-480.5195943887088
-650.1195943887064
518.4804056112954
964.6804056113018
-78.31959438870135
-933.7195943887317
-1122.119594388708
-392.5195943887033
277.08040561129843
-908.1195943887068
-626.3195943887017
-1309.7195943887052
-1482.7195943887252
805.4804056113011
510.4804056112974
-151.71959438869834
288.4804056112889
-1103.5195943887013
225.08040561129636
-484.7195943887035
-779.1195943887035
680.28040561129
300.48040561129346
17.68040561129673
16.680405611303737
-40.71959438869698
513.6804056113003
-615.119594388697
-390.51959438871313
-649.5195943887013
-310.5195943887048
-667.319594388701
-1115.5195943887115
-861.9195943887088
-870.9195943887065
167.48040561130168
120.6804056112927
-80.9195943887047
-547.9195943887011
-209.11959438869982
209.88040561129327
-240.51959438870057
-909.9195943887054
-1416.319594388703
-124.51959438870014
-1190.3195943887204
-37.11959438870223
-915.1195943887018
1098.2804056113118
1214.2804056113055
-325.51959438870466
-583.1195943887061
-1055.1195943887146
146.08040561129934
-466.3195943887157
-948.3195943887185
-1281.7195943887052
-979.7195943887066
465.2804056113053
-201.51959438870506
-1502.719594388704
-166.91959438869605
444.080405611298
469.080405611299
-122.71959438870176
442.48040561129505
6.480405611295092
-704.1195943887101
-460.91959438870464
-46.319594388705
-1176.3195943887088
-1556.7195943886998
-366.319594388703
-405.5195943887022
-539.5195943887038
-930.9195943887019
191.48040561129818
653.6804056112977
1068.880405611305
-1411.3195943887201
-2408.319594388707
-642.919594388712
-1429.9195943887
-374.51959438870637
-316.5195943886982
-751.3195943887088
-163.11959438870522
-954.3195943887116
16.880405611294194
-41.11959438869608
-418.5195943887016
363.48040561129
-677.7195943887034
555.2804056112964
462.0804056112996
59.880405611300866
-840.3195943887065
265.0804056112906
58.68040561130159
252.08040561129386
-688.5195943887052
-1172.9195943886957
-1642.9195943887041
-873.319594388704
349.08040561130116
-71.11959438870308
153.0804056112968
-180.11959438870323
211.68040561129934
-987.119594388705
-407.5195943887053
-1223.51959438871
-1916.9195943887164
-1307.519594388698
-193.3195943887027
-305.71959438869715
-359.7195943887027
326.6804056112913
109.08040561129788
-853.719594388706
356.48040561129824
132.28040561129654
-649.5195943887115
29.080405611295106
555.2804056112973
244.88040561129665
-1200.9195943887214
-750.9195943887023
-1192.119594388683
-966.7195943887114
719.0804056112971
-55.11959438870072
-1200.5195943886872
-1975.3195943886878
-1217.7195943887093
-982.9195943887065
-649.1195943887026
-384.5195943887023
-144.11959438870468
-326.7195943887119
-291.51959438870335
-1501.9195943886964
-480.71959438870454
436.480405611301
936.8804056112967
-535.5195943887024
597.0804056113003
557.2804056112878
-1210.5195943886956
520.8804056112878
726.2804056112997
-635.5195943886979
-287.91959438870106
199.68040561129732
778.680405611295
604.6804056112984
1240.880405611314
1037.6804056112894
596.2804056112977
798.280405611303
424.08040561130537
-97.9195943887048
-683.9195943887012
-1153.3195943887272
-493.11959438870423
-256.9195943887113
-211.9195943887002
-1158.5195943887156
-810.319594388708
-269.9195943887116
-448.71959438871926
-1059.7195943887186
-1272.1195943887071
-426.5195943887008
537.4804056112991
687.6804056112953
413.68040561129004
-760.9195943887036
-119.91959438870379
414.2804056112964
-640.1195943887061
-166.91959438870182
-233.11959438871065
-134.71959438869385
457.080405611294
834.4804056112941
719.480405611301
9.480405611296312
43.28040561129525
581.8804056113017
238.48040561129753
153.88040561129768
967.2804056113096
251.6804056112898
-292.719594388699
30.480405611293307
204.28040561129595
-608.3195943887029
732.8804056113014
751.4804056112986
616.8804056113025
354.6804056112997
738.6804056112994
-875.1195943887057
-1890.5195943887304
702.6804056112961
1047.880405611295
598.0804056112943
826.2804056112965
7.480405611294476
77.88040561129588
974.2804056112994
972.6804056112928
660.0804056112911
582.0804056112974
619.6804056112929
373.8804056112953
739.6804056112965
484.8804056113007
539.4804056113046
95.88040561129623
686.0804056112979
800.6804056112965
214.8804056113014
385.4804056112961
390.8804056112977
826.8804056112875
105.8804056112969
-420.1195943887027
-803.7195943887012
135.0804056112965
687.6804056112998
470.6804056112958
-427.51959438870244
-141.51959438869926
-230.9195943887062
-596.7195943886991
791.6804056112966
562.8804056112924
1420.8804056112897
1214.880405611294
205.28040561129632
621.6804056112974
715.8804056112971
740.6804056112957
977.0804056112974
1144.4804056112926
-64.91959438870211
-1479.5195943887165
-136.11959438870284
1109.280405611289
1610.4804056113046
1594.080405611299
1265.08040561131
1997.4804056112996
2210.8804056113013
1764.4804056113067
1766.0804056112943
1594.8804056112917
831.0804056113034
580.4804056112924
392.08040561129746
274.0804056112991
346.68040561130965
124.88040561129931
-584.5195943887007
-268.91959438870185
302.0804056112978
7.680405611294738
778.4804056112971
712.4804056112994
1130.480405611288
772.8804056112989
-195.5195943887033
656.0804056112934
824.6804056112974
432.4804056112983
1084.2804056112975
1732.680405611289
1560.480405611305
657.6804056112969
1051.2804056112989
1639.2804056112761
508.4804056112982
55.48040561129582
300.88040561129566
-549.9195943886945
-390.31959438870445
-176.71959438869237
-871.5195943887003
-342.5195943886956
163.88040561129878
657.8804056112966
-481.9195943887119
-699.5195943887179
-687.1195943887019
-999.9195943886906
-1005.1195943887158
-455.91959438872414
616.8804056113007
4.680405611299072
1697.08040561131
898.8804056112926
164.2804056113033
817.0804056113008
-686.1195943887035
-536.1195943887019
544.4804056113003
1120.6804056113008
-672.919594388695
-413.91959438870856
326.8804056113031
-143.31959438870496
56.8804056112984
176.6804056113001
381.08040561130065
549.4804056113052
350.68040561130266
183.68040561129516
-644.5195943887039
-933.319594388702
-475.5195943886976
-434.71959438869874
-96.3195943887008
154.48040561129554
-199.3195943887037
-188.3195943887039
-128.3195943887006
-196.5195943887077
-102.71959438870607
173.8804056112982
243.88040561130066
2339.880405611324
111.88040561130086
-671.3195943886975
435.68040561129703
1190.4804056113007
98.88040561130025
-629.7195943886985
371.6804056112999
627.2804056112993
-347.1195943887016
181.68040561130124
1157.6804056113117
212.48040561129488
-161.7195943887005
122.68040561130053
473.68040561129766
717.8804056112964
1016.680405611301
890.6804056112975
-128.31959438870837
136.88040561129307
467.68040561130005
483.4804056112991
152.48040561129724
1296.280405611313
1196.8804056112913
2.280405611297013
-27.919594388702087
485.08040561129445
445.48040561130045
-408.91959438870066
-841.1195943886962
644.4804056112966
-673.5195943887023
-1626.5195943886993
-167.71959438871053
945.8804056113001
945.6804056112888
834.680405611303
795.4804056113085
893.2804056113044
-1130.7195943887048
-384.3195943887033
764.8804056112981
96.08040561130068
240.68040561130238
823.0804056112842
-11.319594388701113
137.68040561129772
83.08040561129832
-478.7195943887192
-1.5195943887020675
1375.0804056112902
1691.8804056113
1236.0804056113047
-203.71959438870405
1191.0804056112977
721.0804056112949
327.6804056112984
195.28040561129853
432.4804056113005
-296.51959438870415
-94.11959438869859
-1268.5195943886963
-77.31959438870109
-297.31959438869995
-1163.3195943886988
-334.7195943887062
678.0804056112974
444.08040561129803
163.68040561130007
-335.1195943886943
206.0804056113085
-652.719594388699
-94.91959438870254
1007.8804056113096
-16.119594388697188
279.88040561130185
906.4804056112915
8.280405611303784
811.6804056113075
348.6804056113004
-806.1195943887006
466.0804056113045
891.2804056113026
447.8804056113109
52.880405611297626
-456.1195943887056
487.4804056112902
457.8804056113015
539.0804056112979
208.0804056112983
-300.9195943887021
-332.5195943887038
1308.6804056112996
-188.11959438869917
-401.9195943887003
-506.71959438870647
-598.9195943887031
652.6804056113
985.2804056112964
647.8804056113019
1095.0804056113068
861.880405611302
782.6804056113147
-196.51959438869915
-536.7195943887016
123.2804056112987
-994.5195943887093
-374.91959438870333
574.4804056113029
-812.5195943887065
-446.91959438870066
94.48040561130198
10.480405611294266
-1059.9195943886907
-1127.319594388698
578.4804056112955
265.2804056113017
331.08040561130525
1007.880405611311
803.4804056113134
975.6804056112784
864.2804056113026
779.2804056113017
1007.2804056112961
1019.8804056112999
94.28040561129941
-725.9195943886987
-2345.5195943887084
-752.3195943886999
727.2804056112952
860.0804056112995
823.4804056113015
952.2804056113089
836.8804056112994
147.88040561130066
-888.3195943886996
-236.51959438870063
262.88040561129884
28.480405611304235
744.880405611302
828.6804056112893
-486.71959438869516
-459.91959438869947
547.2804056112998
825.4804056113003
-297.119594388703
-414.71959438870937
433.880405611302
198.68040561129422
-847.7195943886933
526.2804056112993
79.28040561129279
71.88040561130202
1260.4804056113076
1659.8804056112726
1103.8804056113029
600.280405611292
333.4804056113022
-434.11959438870315
-1720.1195943887
-505.1195943887046
403.8804056112966
-581.5195943887032
-1019.5195943887009
239.6804056112992
332.4804056113042
-396.7195943887018
-436.71959438870647
1343.2804056112857
448.2804056113034
-475.9195943887042
38.48040561129835
777.4804056112931
1309.2804056112848
1000.6804056112883
1052.080405611303
125.48040561130009
-238.71959438870746
-1.919594388703537
13.88040561129931
836.480405611307
62.28040561129515
18.88040561129404
-672.719594388704
-1073.319594388715
341.48040561129585
1036.4804056113092
14.880405611298794
-216.11959438870767
-1101.3195943887024
-1766.9195943886923
-1656.3195943887265
-391.7195943886944
805.6804056112883
-331.919594388704
-1128.7195943886993
307.4804056113015
-144.51959438870745
-790.3195943886985
-244.51959438869758
243.28040561130018
841.0804056112949
325.0804056112837
109.68040561130218
1781.6804056113085
501.6804056112982
165.68040561130053
312.68040561130135
-479.31959438871144
-180.71959438869834
-176.51959438869716
1027.68040561131
1155.2804056113212
300.8804056113007
-959.9195943887047
81.68040561129666
991.880405611291
1291.0804056112977
1535.0804056112925
-100.51959438870466
717.6804056112973
-407.71959438870516
-1317.5195943886993
-2050.3195943887113
-751.3195943887142
1424.0804056112995
901.4804056112974
433.68040561130226
-110.51959438870338
-590.7195943887016
-735.5195943886948
586.0804056112985
432.2804056112983
546.4804056113029
408.0804056112991
52.6804056112965
259.680405611305
-990.5195943887031
-534.1195943886985
-818.7195943886991
-74.31959438870555
113.88040561129657
465.48040561129596
820.680405611308
610.6804056113051
281.68040561129544
-562.7195943887015
-125.11959438870176
183.88040561130748
1803.48040561132
466.88040561129463
-61.51959438869854
-14.31959438870291
-1182.9195943887119
-1860.1195943887185
-1121.91959438871
-666.7195943887034
438.28040561129274
153.08040561128863
1212.0804056112943
434.4804056113054
-435.31959438870433
1430.6804056112765
1688.0804056113052
904.8804056112921
998.6804056112934
1761.480405611285
400.6804056112934
214.8804056113031
706.4804056112997
572.4804056112997
-11.919594388702663
186.2804056112946
99.48040561129775
-97.71959438869996
479.6804056112945
-299.91959438870305
55.68040561130085
806.680405611302
141.08040561130116
-1233.319594388705
1443.4804056112832
711.6804056112976
484.080405611303
560.0804056112995
-884.3195943887077
-557.5195943887012
-157.91959438870612
-532.3195943887041
197.8804056112976
143.28040561130342
-143.91959438870407
-612.3195943887025
-1638.9195943886996
1.080405611298204
717.2804056112933
555.6804056113095
317.88040561131356
1130.280405611301
278.480405611299
-319.91959438870236
-620.3195943887056
-1065.919594388692
866.6804056112979
-278.71959438870806
-808.5195943887057
-1063.5195943887054
735.0804056112997
-493.11959438870036
-304.31959438870456
734.4804056113029
579.0804056112993
-1050.5195943886936
657.4804056113007
-45.71959438870514
6.2804056112907425
665.6804056112956
-777.719594388709
-1829.5195943887006
349.0804056112994
-632.3195943887167
499.6804056113032
-72.31959438870183
654.8804056112907
-273.1195943887077
-886.5195943886986
207.48040561129994
-370.1195943887057
-313.51959438870415
268.6804056112886
185.48040561129946
-186.5195943887019
-579.3195943887044
-1155.519594388708
-835.3195943887025
-483.1195943887082
-170.7195943886998
95.68040561129538
-2286.7195943887123
-1099.3195943887138
162.48040561130097
-245.71959438869933
-408.91959438870555
920.8804056113037
-146.519594388702
537.8804056113054
412.08040561129803
524.680405611301
2116.4804056112775
-625.9195943887016
-1526.1195943887083
-310.1195943887035
-1354.1195943887024
229.88040561129424
-846.9195943887144
791.6804056112979
-239.71959438870533
-686.9195943887057
436.48040561129886
81.68040561129878
-361.51959438870455
-503.91959438870424
-1577.5195943886956
743.8804056113006
339.0804056112974
-1058.1195943886976
-291.9195943887024
-2165.11959438871
-1218.1195943886894
-262.91959438870805
-796.5195943887006
-154.3195943887071
-1267.3195943887044
125.08040561129836
-415.119594388696
-1815.1195943886944
-1063.919594388695
645.0804056112971
1139.080405611309
-501.7195943887049
415.4804056112941
-404.9195943886932
-538.7195943887067
-495.71959438870266
-701.9195943886941
1567.0804056112934
570.4804056112978
1012.2804056112946
621.4804056112937
-26.119594388698495
241.4804056112971
400.0804056112989
-69.51959438870135
-1633.9195943886941
-1289.91959438871
-159.11959438869485
-642.9195943887094
604.6804056113016
-358.5195943887035
-1188.5195943887063
830.6804056112934
209.6804056113042
-573.7195943886966
-137.11959438870304
-1409.119594388701
-567.119594388704
1245.4804056113041
-1052.3195943887038
-984.9195943887137
-64.3195943887023
179.08040561129837
-529.31959438871
-410.1195943887026
-1714.7195943886957
-1114.9195943887034
582.2804056112969
444.2804056113095
1326.680405611301
1661.480405611309
299.48040561130335
19.280405611298658
78.28040561129497
-602.3195943887029
-320.5195943887062
20.48040561129803
-2140.119594388696
1391.080405611295
752.6804056113058
-2041.91959438869
-410.31959438870393
-897.1195943887095
-1476.3195943886985
1292.4804056112853
-511.9195943887044
2.680405611292418
1194.6804056112937
1227.0804056112931
-468.51959438870404
-364.5195943886996
-758.7195943887011
147.48040561129852
-231.11959438870377
-528.3195943886985
33.48040561129848
1053.8804056112956
-40.71959438870397
243.88040561128764
658.0804056113054
-525.3195943887049
961.880405611279
1185.0804056112963
1447.8804056112992
280.2804056112981
583.8804056112962
-908.3195943887133
478.6804056112942
344.4804056112932
216.2804056113016
1345.880405611302
139.68040561129806
-399.31959438870626
16.280405611299475
-289.51959438870574
-972.919594388703
717.0804056112911
478.080405611296
463.28040561129546
950.6804056112977
993.4804056113012
-778.5195943887059
-799.9195943887112
26.080405611296396
259.08040561129553
808.0804056112977
-456.11959438870144
-1248.5195943887181
-49.71959438870199
1125.6804056113021
1185.8804056112915
445.0804056113003
-1730.7195943887245
817.4804056112915
1845.4804056112994
2531.2804056112755
1860.6804056113106
-325.91959438870924
-558.919594388694
-429.319594388704
-1167.1195943887099
170.68040561130115
-828.519594388704
-1890.319594388707
266.0804056112896
1036.0804056113068
622.6804056112941
1178.0804056113066
740.8804056113025
1445.8804056112963
79.88040561129523
-1387.719594388706
-73.11959438870585
-512.1195943887013
335.8804056112957
184.48040561129557
-66.319594388701
106.68040561129334
-389.91959438872294
-1325.1195943887365
-558.1195943887142
-295.1195943887042
-50.9195943887015
747.0804056112947
-1610.3195943886678
-294.7195943887055
-698.5195943887103
97.48040561129879
-494.71959438869715
-618.1195943887116
90.28040561129978
-1192.719594388709
-1219.3195943887229
392.48040561129733
497.080405611297
-404.519594388702
1915.6804056113128
902.6804056113098
229.68040561130505
591.4804056112915
656.0804056112933
1141.2804056112907
-411.1195943887023
-775.7195943887028
836.280405611302
386.28040561129734
195.68040561129607
-157.7195943887029
-295.91959438870657
-366.3195943887001
-1533.1195943887406
-1509.5195943887
1789.8804056112874
1628.680405611299
1340.8804056113106
1910.2804056113282
-93.91959438871416
-788.3195943887038
-1015.5195943887038
-424.51959438869994
-856.9195943887056
371.28040561130285
628.6804056113016
85.48040561130144
784.6804056112904
1272.080405611298
-753.519594388702
-1178.7195943886989
970.0804056112938
-653.7195943887007
-800.1195943887072
480.2804056112845
67.08040561130025
546.880405611292
-804.9195943887029
-1177.1195943887014
-1974.1195943887208
-1085.3195943886994
-734.519594388709
-1303.1195943886898
-1749.3195943887035
236.88040561129463
-1122.3195943887172
-273.51959438870716
1297.8804056113097
1371.680405611301
2289.6804056113115
1747.0804056112966
499.28040561129865
-549.1195943886974
-97.11959438870244
-256.1195943887033
-1161.1195943886942
-1572.3195943886979
-1824.5195943887
-661.7195943887026
259.88040561129844
-120.91959438870026
-1730.719594388705
-5.11959438870182
1586.6804056113058
243.4804056113034
-13.119594388708489
1223.2804056113093
397.08040561127757
789.4804056112857
-943.1195943887036
-734.7195943887057
-1630.9195943887007
-1052.3195943887206
636.8804056112943
-246.71959438870064
-376.1195943887003
-694.1195943886992
-1916.3195943887124
354.28040561129836
-583.3195943886969
-1140.119594388701
1626.680405611314
1691.2804056112955
1881.2804056112957
521.6804056112977
463.8804056112941
-236.11959438871295
-368.11959438869974
-83.71959438870255
-2356.5195943887284
-333.71959438869953
1115.4804056112946
500.6804056112963
210.2804056113008
-246.31959438870584
567.4804056112829
1600.6804056112865
789.8804056112997
1923.8804056112992
633.280405611289
132.48040561129554
1142.2804056113193
1245.0804056113104
-1230.7195943887232
-536.9195943887
1462.2804056113052
483.2804056113048
584.8804056112998
-997.719594388693
-236.9195943887035
740.6804056113073
-1143.7195943887066
-539.919594388704
1828.6804056112849
1085.680405611275
386.6804056112944
-563.3195943887029
838.4804056112927
-12.919594388698663
-282.1195943887171
-30.71959438870543
-878.3195943887208
-661.7195943887102
-9.519594388702949
488.4804056112959
1506.6804056112994
622.4804056112988
-212.11959438870866
575.6804056112965
904.4804056112803
289.08040561129417
-492.91959438870515
884.880405611304
1539.0804056112959
381.6804056113026
-644.3195943887026
-145.31959438870828
1278.4804056113016
-176.9195943887023
-325.7195943887022
-2287.31959438868
-1037.9195943887273
-502.31959438870615
16.48040561129623
97.88040561129986
1197.4804056112707
2344.480405611272
863.6804056112957
-0.11959438871752326
-420.51959438870557
-2179.3195943887295
-1370.7195943886875
-1292.519594388708
-911.3195943887167
-726.1195943887076
-902.1195943886936
-1162.919594388698
-699.1195943887119
678.4804056112986
-332.11959438872753
-1178.3195943886976
672.2804056112951
-574.5195943887016
-627.9195943887019
747.2804056112969
259.08040561129974
-249.3195943887055
626.6804056112906
1506.6804056112965
358.4804056112997
-511.51959438869187
-674.9195943886948
-524.1195943887085
44.280405611293276
-662.3195943887023
230.08040561129724
-150.5195943886968
531.8804056113067
2919.2804056113073
1079.8804056113102
-277.1195943887089
-204.51959438870205
-1860.9195943887066
-575.3195943886888
-1627.1195943886928
-2167.519594388694
-2.319594388708417
-36.71959438869928
-446.1195943887122
-22.519594388702814
-138.51959438870378
818.0804056113009
-240.31959438869086
146.28040561130578
-692.9195943887062
-753.1195943887011
-702.519594388702
-799.3195943887025
-457.31959438870797
-813.719594388714
453.0804056113013
861.4804056112976
204.28040561129674
-629.9195943886963
-510.11959438871435
227.08040561129368
563.2804056112996
390.0804056113089
538.4804056113047
2114.88040561129
1078.8804056112897
1211.2804056112864
-249.5195943887006
1387.8804056113233
1247.080405611323
43.28040561130135
-511.51959438870574
-1403.5195943886974
253.28040561129274
-272.5195943887
-787.919594388705
-568.1195943886989
-605.3195943887096
891.2804056113015
101.68040561129294
-1226.3195943887063
-662.5195943887045
-501.9195943886933
-192.51959438870253
-145.7195943887051
379.88040561129355
-236.71959438870152
-490.319594388703
160.28040561129566
145.68040561129718
-1376.3195943887056
-1731.3195943887108
-517.5195943887021
58.880405611287614
1247.8804056113052
1692.8804056113142
2810.0804056112866
2841.880405611327
2273.2804056112827
-467.9195943887076
-1661.3195943887079
-303.5195943886994
-759.1195943887046
175.68040561129803
95.68040561129874
20.68040561129694
189.08040561129684
-590.1195943887067
553.8804056113008
296.6804056112971
-29.319594388707333
680.0804056112972
-222.51959438870122
678.4804056112939
0.8804056112975103
-213.11959438870426
-529.7195943886968
277.88040561129594
-357.11959438870446
325.4804056113051
-161.11959438870343
-553.5195943886998
-1221.1195943887103
-721.1195943887044
370.28040561130143
382.6804056112916
1780.4804056113028
2307.280405611233
3191.4804056112816
1638.2804056112932
1593.280405611289
497.6804056113045
-724.9195943887021
-530.119594388699
854.8804056112956
488.28040561129575
90.28040561129927
682.2804056112976
84.0804056112938
-1011.5195943887062
463.6804056112968
58.68040561129431
-727.7195943887077
-282.7195943887082
97.48040561129623
52.28040561129654
-1529.919594388736
-1176.3195943887051
-1000.1195943887138
-972.3195943887102
812.0804056112947
156.88040561129674
-826.5195943887078
-1809.919594388695
-770.5195943887079
-277.11959438870343
142.88040561130208
891.880405611279
1948.4804056112728
2682.2804056112614
3221.8804056113445
1053.4804056112753
1595.2804056112986
1901.880405611262
1315.0804056112752
-285.51959438871137
1065.2804056113046
418.0804056113015
-1447.5195943887022
270.2804056113001
688.880405611299
-867.9195943886887
-690.1195943887009
-263.31959438870905
331.48040561129324
-17.91959438870078
201.48040561129895
-59.319594388702534
-240.31959438870447
-186.3195943887038
17.280405611295425
-433.5195943887062
-701.5195943887046
-1016.1195943886964
-940.9195943887048
-1100.31959438871
-701.9195943887174
-1164.1195943887092
-649.7195943887024
818.6804056113025
1908.4804056112637
1908.080405611296
2133.0804056112734
1811.8804056113004
2071.8804056113104
1821.480405611304
717.0804056112994
-555.5195943887029
-26.31959438871032
-430.91959438870447
-1633.3195943886954
-998.519594388712
-570.719594388691
-526.3195943887149
-267.319594388712
10.480405611295698
-71.3195943887074
-532.9195943887105
-871.3195943887126
-258.9195943887122
-331.7195943887118
-127.71959438870658
950.4804056112893
-89.51959438870345
-421.31959438870194
257.6804056112991
-251.51959438870205
-1309.7195943887154
-117.31959438870712
523.2804056112958
834.6804056113034
1533.080405611297
3003.080405611327
2114.4804056113035
1557.8804056112833
3178.8804056113268
2714.08040561129
2097.8804056112617
1827.480405611287
362.6804056112886
-530.119594388708
-748.7195943886984
-1109.3195943887108
-1196.5195943886988
-520.1195943887018
-784.3195943887164
-1260.9195943886941
-549.9195943887017
-265.51959438869994
-486.91959438871305
-1210.5195943887097
-387.11959438870633
-219.91959438870342
-386.3195943887046
140.28040561129464
0.48040561129612946
490.08040561129934
204.4804056112962
-469.91959438870225
-1080.7195943887073
-668.719594388708
146.88040561129668
730.2804056112842
944.4804056112913
1780.8804056112508
2553.680405611292
2684.6804056112414
3518.4804056112803
2119.4804056112466
2343.8804056113268
2006.0804056112852
377.28040561130354
-380.31959438870916
-1532.5195943887131
-1955.1195943886967
-1266.9195943887098
-589.9195943887096
-1748.519594388688
-3282.719594388688
-1650.7195943887111
327.0804056112938
786.2804056112991
27.280405611293816
-521.7195943886989
389.68040561129993
985.8804056112873
1184.6804056112835
1400.4804056112982
1161.8804056112997
531.6804056112937
510.88040561130276
251.08040561129036
-162.11959438870105
-74.51959438870618
462.8804056112972
679.0804056112985
1743.6804056113215
2880.680405611281
2788.4804056112735
3816.280405611355
2631.2804056112814
2482.4804056113167
1530.8804056112685
-526.9195943886995
-647.3195943887059
-1199.719594388706
-1858.5195943886974
-895.7195943887064
-124.51959438870709
-195.11959438870383
-1254.519594388719
-751.1195943886912
481.6804056112981
-561.1195943887228
-1790.1195943887299
-1835.719594388715
-2588.9195943887235
-2051.519594388713
-1260.5195943887159
-1667.7195943887145
-1180.1195943887017
-892.3195943887002
30.080405611297817
-492.5195943887097
-622.51959438871
-744.3195943887057
-411.31959438870655
385.88040561129486
1693.0804056113022
3153.6804056113147
2614.6804056113424
