-57.2126120766085
-1843.4126120765834
1848.3873879233727
1496.787387923357
352.5873879233937
1312.387387923391
1235.5873879233698
1629.5873879233911
-1231.4126120766118
-906.0126120766039
647.9873879233734
601.9873879233952
874.7873879233931
1383.7873879233891
813.7873879233979
679.3873879233965
292.58738792339705
1572.387387923367
-448.8126120765983
-271.8126120766089
708.5873879233995
259.78738792339533
466.38738792339296
242.18738792338962
342.587387923389
825.587387923408
-169.21261207661215
-485.612612076614
223.98738792339194
735.1873879233775
-98.21261207661038
-982.0126120766176
652.1873879234031
1729.5873879233766
977.1873879234138
1735.3873879234095
615.5873879233811
308.9873879233716
-1159.812612076662
-1538.0126120765865
-1526.6126120766253
-435.2126120766016
-814.2126120766111
108.9873879233906
44.987387923390756
-1158.0126120766106
-1579.6126120766169
-1071.0126120766174
-516.4126120766133
204.58738792339733
-587.8126120766304
-644.2126120766206
128.3873879233959
-3076.212612076602
-2801.412612076613
-82.41261207661057
-722.6126120766102
-205.21261207660842
-702.2126120766063
-1249.2126120766143
100.1873879233959
-396.6126120766008
308.58738792338687
304.3873879233927
1620.3873879233815
1408.1873879233951
-223.6126120766132
2801.38738792342
1253.7873879233705
1394.5873879233895
117.78738792339738
-906.4126120766294
-561.0126120766217
-2332.0126120766463
-2260.212612076606
-302.0126120766129
631.387387923392
-439.412612076592
-522.4126120766151
-835.0126120765931
40.78738792338427
413.5873879233953
-1640.412612076619
-1698.6126120766655
-706.4126120766226
-1613.2126120766118
-851.4126120766051
399.9873879233921
-843.0126120766183
1217.187387923383
393.58738792339625
-1323.6126120766169
677.7873879233949
1240.787387923379
866.787387923387
2366.7873879234276
2337.587387923357
114.98738792338989
-287.01261207660593
2007.1873879233876
-594.0126120766128
1023.187387923392
335.38738792339393
-212.21261207660783
533.1873879233867
-606.81261207661
-634.2126120766005
-590.0126120766087
-520.8126120766132
32.787387923392565
162.58738792338988
295.98738792339225
-79.01261207660907
1102.3873879233731
-42.61261207660674
-164.21261207661598
-1867.6126120766228
-989.4126120766114
-90.01261207660859
-672.2126120765959
-1011.2126120765832
1238.7873879233887
-91.61261207660608
-1322.4126120766055
271.78738792339044
1222.787387923388
-405.41261207660415
1829.9873879234192
971.3873879233705
277.7873879233863
1660.5873879234057
1900.5873879233748
1866.9873879233778
224.18738792339775
1292.9873879234005
38.187387923386666
-1294.4126120766077
707.3873879233859
-202.01261207660795
-542.0126120766056
-610.0126120766035
-1241.8126120766146
-1456.2126120766031
284.78738792338476
694.7873879233954
44.187387923392926
40.78738792339681
-276.81261207661555
-2744.6126120765925
-385.61261207661073
391.587387923395
1230.7873879233887
-897.4126120765877
-630.2126120766094
-552.2126120766053
1061.3873879233822
916.5873879234016
273.38738792339484
684.3873879234056
1498.7873879233905
-194.01261207659365
-63.01261207660559
67.1873879233959
397.38738792340695
666.3873879233873
-88.01261207660984
765.1873879233901
562.7873879233963
-506.01261207660735
504.78738792339794
-1527.6126120766335
-2246.4126120765827
-987.2126120766384
-680.21261207661
-43.21261207661031
1681.5873879234055
459.58738792338636
-355.2126120766061
1141.387387923418
-1936.812612076597
-2314.6126120766294
-53.812612076606584
-2052.4126120766227
346.9873879233891
1086.1873879234108
1028.187387923396
1145.3873879234002
1371.9873879233817
-189.41261207660617
-320.61261207663205
-497.8126120766111
1510.7873879234135
461.18738792339343
-1661.812612076607
-2187.212612076618
-1027.8126120766187
145.38738792339387
136.18738792338715
409.1873879233889
1135.7873879233932
-418.6126120766105
1238.5873879234111
-236.01261207661008
42.1873879233889
-1272.612612076604
-918.612612076616
-318.21261207661246
862.9873879233904
-684.8126120766094
-1959.4126120765598
904.787387923382
-859.4126120766088
-926.6126120766211
-1542.6126120765969
-1292.2126120766043
-1098.412612076586
652.3873879233869
1630.3873879233665
1190.3873879233881
1005.3873879233969
-919.2126120766097
-144.8126120766099
-413.01261207661565
465.5873879233914
1076.587387923395
646.787387923393
-1234.6126120766191
-1507.6126120765898
-834.6126120765822
-541.0126120766158
-417.41261207661125
706.587387923394
394.787387923401
652.1873879233882
71.78738792339554
635.7873879233773
-480.2126120766403
-1080.8126120766422
-2562.2126120765784
-74.41261207661957
777.5873879233895
694.9873879233797
144.98738792339074
-469.6126120766071
-1165.6126120766166
-1109.8126120766046
950.98738792341
-1635.6126120766314
-676.012612076605
906.5873879233983
460.3873879233906
39.78738792339743
12.587387923389372
26.787387923389723
-1297.6126120766041
-114.41261207659579
346.18738792338183
-925.4126120766089
-414.2126120766138
-284.8126120766072
-1348.2126120766247
-829.4126120766098
-295.6126120766087
-1819.4126120766011
514.1873879233871
1560.5873879234036
137.18738792339047
1471.9873879234035
816.1873879234016
-761.012612076578
-2672.6126120765434
328.7873879233827
-721.0126120766203
-81.61261207660277
253.38738792339288
-135.61261207661246
-1038.2126120766054
-900.0126120766129
-1011.0126120766155
-2649.212612076629
-86.81261207660854
602.7873879234011
716.1873879234005
577.187387923386
1420.9873879233926
-325.61261207661477
-396.41261207660887
-617.8126120766115
-255.21261207660856
-2281.612612076569
-1755.4126120766366
-203.61261207660797
1535.7873879233928
532.9873879233883
402.5873879233896
489.787387923384
57.78738792338978
-795.0126120766054
16.78738792338885
816.9873879234065
789.3873879233744
17.387387923386438
-3161.4126120765977
-1346.4126120766061
-2009.4126120766393
-2177.012612076587
167.78738792339
1947.3873879233815
-524.4126120766139
-149.61261207661153
-1078.2126120766134
-1219.2126120766213
-173.81261207660785
-185.21261207660953
251.18738792338905
-1148.4126120766018
872.7873879233855
-606.2126120766062
294.58738792339597
-346.01261207661605
-906.0126120765839
264.3873879233937
203.98738792339208
2017.9873879233842
181.787387923396
97.7873879233868
-111.0126120766047
134.3873879233877
-249.4126120766078
-1503.212612076564
-19.812612076608886
539.1873879233831
-422.81261207661186
1019.1873879234038
-623.4126120766031
-1097.6126120766178
-1209.012612076611
-1188.4126120766043
5.787387923399791
142.3873879233841
-223.0126120766091
-32.41261207661317
-970.8126120766279
-367.4126120766063
-823.0126120766188
-1720.4126120766568
-189.81261207661404
-126.21261207661203
-1372.8126120765874
-276.01261207660195
331.1873879233957
681.9873879233755
-655.8126120766175
638.7873879233908
1052.5873879233975
-30.412612076603274
-459.8126120766049
-329.6126120766149
440.18738792339406
331.3873879233857
-511.2126120766093
-1349.2126120766109
-249.81261207659938
1976.787387923394
-756.6126120765997
-1051.4126120765995
226.58738792339085
1011.1873879233881
-1403.6126120765562
-1105.0126120765963
-604.2126120766278
-2263.612612076595
-417.21261207661377
125.98738792339728
105.18738792338891
630.5873879233893
-287.2126120766113
158.58738792339238
-608.4126120766333
664.3873879233896
-144.21261207661237
-793.8126120765951
43.98738792338753
-435.01261207661594
-1290.8126120766094
913.7873879233829
-273.0126120766079
-2808.412612076631
-615.012612076618
1232.5873879233918
395.387387923389
775.7873879233903
977.7873879233852
-87.01261207660521
1372.9873879233478
1153.587387923417
-771.6126120765944
-269.2126120766214
-99.41261207661283
1040.787387923395
-429.2126120766103
675.187387923382
957.1873879233914
763.9873879233936
-759.2126120766284
-195.41261207661492
-751.012612076601
-913.8126120766092
8.987387923391012
-918.8126120766192
-989.4126120766254
-412.8126120766023
349.98738792338554
447.78738792338214
-307.2126120766075
-808.4126120766032
-619.6126120766048
-663.0126120766248
-1089.2126120766156
-1099.6126120765946
-1106.4126120765939
202.38738792339086
-1144.612612076615
355.38738792339035
47.587387923386466
127.98738792339047
44.387387923390236
289.3873879233907
41.38738792339251
-32.21261207661978
-634.4126120765985
1449.1873879234026
183.58738792338033
-434.0126120766076
-1107.0126120766272
870.7873879233948
-389.2126120766054
-225.81261207662098
34.1873879233883
-248.21261207661905
144.38738792339487
-742.0126120766145
-1118.012612076592
-1814.4126120766018
102.58738792338724
-1183.6126120765935
-1680.4126120766284
-992.2126120766155
788.1873879233942
-546.4126120766182
-1150.0126120766115
-974.2126120766093
-577.0126120766106
-1288.2126120766006
-681.2126120766111
1187.78738792338
586.7873879233908
-725.4126120765948
-2069.612612076628
-1289.8126120765899
-39.81261207660981
710.1873879234072
1214.5873879233723
1498.187387923363
129.98738792339688
-150.81261207659324
533.7873879233813
1312.5873879234077
-34.81261207660669
-973.6126120766069
219.38738792338447
680.9873879233951
-431.21261207661377
197.78738792339826
-830.2126120766038
-737.0126120766388
-103.81261207660742
-262.0126120766212
353.58738792339324
-283.6126120766082
116.18738792339242
-68.41261207660656
-1054.8126120766392
-1170.0126120766197
845.9873879233892
572.5873879233845
-458.81261207661385
-467.41261207661694
-1582.8126120766105
-1951.4126120766152
244.7873879233993
63.58738792338782
-706.6126120765978
-838.2126120766425
849.7873879233925
368.5873879233813
-197.61261207660436
341.1873879234003
3364.9873879233614
790.187387923387
405.78738792338373
506.1873879233974
-162.21261207660598
1252.7873879234182
-108.81261207661082
279.78738792339203
-1192.212612076633
-428.01261207661577
-490.01261207660247
1266.3873879234065
1108.3873879234034
995.7873879233857
980.9873879234033
-92.61261207661089
-220.0126120766102
-1228.8126120766094
-402.21261207661433
96.78738792338875
-433.8126120766008
-167.81261207662467
-8.01261207661593
-733.8126120766237
-556.2126120766173
-366.61261207661846
-974.0126120765985
-31.81261207660615
812.5873879233972
1635.9873879233799
357.58738792338244
-259.21261207661263
1092.987387923393
1767.7873879233603
615.5873879233866
-1008.8126120766105
-1579.8126120766412
43.18738792338739
-711.6126120766223
-358.6126120766086
38.5873879233896
-1164.4126120766382
-1066.8126120766178
-960.2126120766143
-456.4126120766181
-125.61261207661951
-578.2126120765847
-1367.8126120765903
-1282.4126120765582
-1001.6126120765982
-424.41261207659966
540.187387923387
103.3873879233935
230.78738792339186
-1319.4126120766232
-140.21261207661203
46.58738792339712
424.18738792339553
-76.01261207660276
1110.1873879233453
194.587387923385
1573.5873879233764
-670.4126120766093
452.98738792340197
1533.7873879233762
134.58738792339557
-508.4126120766085
307.9873879233905
-523.8126120766145
-390.01261207661474
-338.6126120766128
43.98738792340191
-1251.6126120766103
-1738.4126120766234
-910.8126120766071
-1105.8126120766112
257.98738792338463
-435.81261207660384
-707.212612076582
-1177.2126120765972
-443.81261207661834
-38.41261207660608
-744.4126120766286
-223.21261207661567
467.3873879233883
-486.41261207661887
288.58738792339216
-530.4126120766163
103.7873879233914
384.18738792338246
372.1873879234027
1060.1873879233895
-83.81261207660258
1076.3873879233918
-668.8126120766049
652.1873879233686
1525.5873879234139
-31.212612076604046
232.38738792339112
2024.387387923467
791.3873879234142
538.1873879233767
-213.8126120766063
956.7873879234002
-612.4126120766151
-1347.6126120766362
-759.4126120766081
-635.4126120766238
770.3873879234004
1783.9873879233946
137.98738792338904
302.5873879233935
-176.41261207661344
-763.6126120766177
160.1873879233919
-1868.4126120766336
-1918.8126120765698
-799.4126120766144
-592.2126120766076
-559.8126120765933
-1812.212612076602
11.987387923392522
234.78738792339556
-166.01261207660912
56.38738792337648
356.18738792337206
-122.61261207661286
423.9873879233842
703.1873879233921
1358.387387923357
138.38738792338012
714.1873879233752
456.3873879233796
-1129.8126120766092
58.987387923391296
334.3873879233949
-167.61261207660857
-401.41261207661324
-793.4126120765972
-1038.0126120765965
1172.7873879233703
-472.81261207661913
-787.012612076651
-675.4126120766107
36.587387923387986
660.9873879233844
-8.612612076608393
135.1873879233944
246.38738792339666
493.38738792339376
281.38738792338984
-67.01261207661149
-354.81261207661737
463.7873879233876
443.7873879234086
1498.7873879233962
417.9873879233827
1145.987387923394
1304.1873879233926
738.5873879233926
1030.9873879233792
1397.187387923385
-1076.0126120766038
-556.6126120766097
-310.41261207660784
-1286.2126120766193
-950.012612076605
233.7873879233825
26.38738792339136
43.987387923390145
-365.21261207658574
-238.81261207661885
245.78738792338888
-1590.0126120765965
-659.4126120766333
-548.6126120766185
1894.7873879233923
-453.61261207661084
-1072.4126120766416
-349.0126120766126
-159.41261207660602
-128.81261207661288
-922.0126120766059
624.7873879233871
1257.3873879233772
-688.0126120766256
358.9873879233957
1563.1873879234001
112.98738792338604
-22.412612076599785
2364.9873879233946
1419.587387923405
386.7873879233945
535.9873879233784
-1444.0126120766042
-875.612612076619
-1322.012612076605
-336.8126120766076
-1225.4126120765868
-1078.8126120766224
857.7873879233774
1548.9873879233671
-1616.2126120765936
-475.41261207660966
-863.6126120765936
-110.01261207660802
-1121.6126120766417
-85.41261207660861
3238.987387923299
44.38738792339458
-423.0126120765995
523.1873879233984
1482.7873879233853
1025.5873879233955
493.7873879233935
209.58738792338448
1451.187387923339
107.98738792339554
-569.0126120765755
-848.0126120766014
-250.81261207660555
3.1873879234025324
205.7873879233769
-587.2126120766081
-166.8126120766212
-1154.8126120766005
-2122.812612076639
-772.8126120766167
-1157.8126120765965
-268.61261207659936
365.78738792338567
1151.1873879233724
-494.8126120766065
1571.1873879233885
-6.412612076608362
440.38738792339524
36.98738792338837
-651.2126120766253
-32.01261207661321
1847.9873879233612
472.18738792338974
-807.2126120766034
545.5873879233886
-555.2126120766055
-658.0126120766188
-1151.2126120765984
-804.2126120766237
-697.812612076608
-82.21261207661638
3.7873879233926395
543.1873879233957
-2083.2126120766266
-765.0126120766049
159.78738792338547
-257.81261207661043
104.58738792338963
-379.8126120766071
-1958.812612076604
318.1873879233956
605.9873879233794
-162.6126120766169
-1399.8126120766276
-335.41261207660887
2444.187387923407
1286.987387923401
1585.1873879234013
669.1873879233892
1709.1873879233963
466.38738792339296
-2032.8126120766906
1643.7873879233946
587.3873879233893
-341.8126120766097
548.787387923393
-82.21261207660874
237.5873879233937
124.58738792338742
-931.4126120766225
797.5873879233907
1137.5873879233814
-888.0126120766142
-1489.2126120766231
161.98738792338588
-888.8126120766092
1831.3873879234004
1343.3873879233875
498.78738792339885
422.38738792340257
-200.01261207660525
-86.2126120766117
1012.9873879233877
-1059.8126120766244
772.3873879233872
230.58738792338045
-1044.6126120766246
51.58738792339557
248.9873879233934
1079.1873879233835
-194.01261207661227
698.3873879233957
-496.612612076597
-1357.0126120765992
-371.4126120766035
-1380.0126120766074
-95.21261207660793
565.9873879233859
-1447.8126120766037
231.38738792338953
274.38738792339257
101.38738792339525
1580.1873879233954
1396.3873879233884
-679.0126120766034
-686.212612076613
-304.2126120766115
110.1873879233889
1466.1873879233735
1552.7873879234148
262.387387923394
-502.0126120766052
161.38738792338992
510.7873879233861
-238.6126120766155
269.18738792339633
-486.2126120766122
266.78738792338004
-876.2126120765988
934.7873879233548
1315.1873879233997
2141.787387923394
51.187387923399285
-434.61261207662176
-545.2126120766189
695.7873879233874
-115.01261207660339
1378.9873879233926
830.3873879234014
-755.2126120766146
-787.4126120766025
2107.187387923388
-117.61261207661016
-1177.8126120766065
-920.8126120765985
-829.8126120766456
1491.3873879233822
580.9873879233916
-1260.212612076605
-0.4126120766125254
752.5873879233932
6.187387923385364
59.38738792338529
353.78738792339067
379.3873879233963
664.3873879234013
-535.6126120766141
207.38738792338316
-1208.4126120766132
-965.0126120766085
-192.01261207662208
1697.7873879234085
827.9873879234077
-108.61261207660394
1082.1873879233992
725.7873879233975
-67.81261207661287
23.787387923388295
122.58738792339511
1732.3873879233538
356.98738792338133
-409.0126120765847
-770.4126120766009
1552.3873879234077
539.5873879233875
-423.2126120766171
-434.61261207661045
-322.2126120766215
838.1873879233975
-582.4126120765958
-1030.612612076596
-916.8126120766
-741.2126120766017
-1776.6126120765923
-1185.212612076597
-993.6126120765991
-890.6126120766183
547.1873879233965
315.18738792338723
-767.8126120765988
-601.6126120766271
-813.6126120766237
-1440.8126120766158
890.1873879233848
590.7873879233942
-387.0126120766213
-116.81261207660087
1028.1873879233904
433.38738792338904
168.78738792339985
-74.81261207660472
-663.4126120766061
-1906.6126120766253
836.3873879233981
-929.0126120766008
-883.2126120766115
-851.2126120766073
-523.2126120766167
-85.21261207660957
1394.187387923432
974.7873879234076
-583.6126120766147
530.387387923382
339.1873879233668
2012.7873879234205
891.9873879233807
-690.0126120766101
-103.8126120766151
1257.9873879233787
-1153.4126120766193
-600.6126120765983
990.3873879233786
-328.6126120766067
994.9873879233935
-50.41261207660324
-22.812612076605166
744.3873879233813
987.7873879234182
486.1873879233956
37.787387923387094
-798.412612076624
-529.6126120766141
-533.0126120766115
261.58738792339284
-1451.6126120766069
1029.7873879233848
2078.787387923397
1494.3873879234093
543.787387923397
40.18738792338904
245.7873879233994
1695.78738792341
619.7873879233874
-413.8126120765933
-562.6126120766194
-1560.6126120766164
-458.412612076611
475.78738792339135
-995.2126120766152
648.1873879233979
1035.1873879234065
-559.2126120766151
-852.0126120766104
-641.6126120766062
454.98738792336474
2613.5873879234014
2113.787387923379
1386.987387923408
89.18738792339303
1163.387387923387
717.5873879233947
57.18738792338863
-543.6126120766033
-114.21261207661429
862.7873879234041
1661.1873879233924
-1776.8126120765978
-1504.4126120766234
177.78738792339942
630.3873879233882
817.5873879233865
1882.7873879233487
128.38738792339004
-313.0126120766071
90.38738792339417
-1799.412612076609
-1070.2126120766031
1024.7873879234
-77.81261207660678
528.7873879233979
-758.612612076565
-1265.012612076612
-1109.6126120766348
-452.01261207660923
388.18738792339036
-1402.0126120766108
803.3873879233771
258.1873879233968
-334.61261207660533
-373.21261207661047
-1943.212612076622
-1337.6126120766055
561.3873879233817
726.1873879233754
81.58738792338777
353.18738792339076
1654.3873879233658
1639.3873879233604
650.9873879233941
1036.787387923379
516.1873879233897
-754.2126120766094
150.9873879233906
-755.6126120766187
-2384.41261207661
-720.2126120766092
-340.6126120766217
-938.612612076638
-302.41261207660966
-395.2126120766078
-452.21261207661524
684.5873879233998
-326.81261207661686
-584.8126120766015
-528.8126120766194
-1321.0126120766145
-1664.8126120766133
-686.8126120765974
-1102.2126120766138
-557.4126120766073
-435.2126120766171
-1362.412612076599
553.587387923387
533.987387923384
2315.7873879233525
-416.81261207661294
70.5873879234004
462.5873879233836
76.38738792338306
-3639.2126120765347
955.3873879233813
-378.21261207661934
-1776.41261207659
-292.01261207660957
86.3873879233924
1460.9873879233721
-151.612612076608
106.78738792339786
1245.3873879234125
5.58738792339598
-370.61261207660823
-387.01261207660804
-331.8126120766075
-98.81261207660867
-203.81261207660674
2054.187387923342
303.587387923396
-108.4126120766069
1149.3873879234104
926.5873879233956
982.7873879234012
1093.1873879233685
-146.01261207661395
-558.412612076605
-920.4126120766157
-482.8126120766052
319.58738792338517
143.98738792339202
-285.4126120766037
-1839.01261207663
-1583.2126120766209
265.3873879233903
471.1873879233929
-126.61261207661508
-802.0126120766026
-438.2126120766139
-1484.4126120765984
-727.0126120766124
154.18738792339565
911.3873879233968
280.98738792339384
396.7873879233982
16.587387923392477
-915.0126120766232
-615.2126120766176
-581.0126120766122
-500.012612076609
1401.9873879233946
798.9873879233858
-192.8126120766063
1409.9873879234065
-1046.6126120766057
-894.4126120766201
1979.5873879234084
-14.812612076616936
-646.612612076605
-222.2126120766063
-110.01261207661304
1002.9873879233903
-323.41261207660466
235.98738792339145
-465.41261207661233
-312.81261207662754
258.187387923396
-1304.2126120766175
-199.81261207660955
-555.4126120766261
-436.01261207660303
-1714.412612076584
-1081.6126120765907
250.78738792339115
-1524.8126120766412
-1109.2126120766293
671.5873879234016
934.7873879233989
188.18738792338934
507.7873879234008
-260.41261207661546
-194.6126120766124
1606.1873879233676
-294.0126120766063
-407.41261207661233
1485.7873879233766
414.5873879233947
38.18738792339401
1287.787387923373
-735.0126120766095
593.3873879233881
978.1873879233995
-629.8126120766169
597.7873879234085
-96.81261207660532
-618.2126120765923
604.7873879233939
-232.81261207660773
-980.2126120766071
-1389.2126120766247
-1106.612612076611
-2723.812612076624
-796.2126120766073
-2342.012612076636
-1515.8126120766183
527.9873879233862
-917.0126120766078
85.58738792339598
348.787387923388
-558.8126120766037
-286.4126120766049
81.78738792339766
82.38738792339734
-936.412612076623
606.3873879233787
41.987387923386784
1572.5873879233995
672.7873879233894
337.1873879233842
49.78738792338944
-186.61261207660672
-606.8126120766108
1175.9873879233849
407.18738792339104
-1725.8126120766308
-959.6126120766206
-1001.0126120766
-2479.6126120766485
310.18738792338604
-1441.6126120766237
-227.0126120766081
1048.987387923399
54.78738792339229
564.187387923392
-412.6126120766091
-269.2126120766046
-746.4126120766196
-417.4126120766082
600.7873879233879
40.78738792338941
540.3873879233855
-386.81261207661083
-1032.2126120766152
-1460.812612076608
-583.4126120766069
-21.01261207660952
-510.81261207661476
-629.0126120766113
565.7873879233928
-740.6126120766232
498.5873879234142
94.38738792337928
1248.1873879233924
-273.81261207660947
-382.2126120766075
-796.8126120766217
27.98738792339489
-314.01261207661264
-1129.6126120766
-636.6126120765969
1049.1873879233879
-1289.0126120765904
542.1873879233725
678.5873879233889
-312.8126120766091
-539.6126120766004
-1237.2126120766065
-559.8126120765983
-1255.2126120766254
-552.4126120766286
511.98738792339554
-1485.0126120766156
-890.0126120766126
336.58738792338124
826.9873879234008
1068.5873879233811
1973.587387923322
848.5873879233927
279.9873879233978
897.5873879234018
-1608.4126120766146
-734.0126120766114
1090.587387923373
-1160.2126120766109
385.58738792339716
451.38738792338813
-209.81261207661157
376.3873879233969
-52.01261207660245
-1834.8126120765821
-1182.6126120765643
-872.0126120766138
1547.9873879234294
-51.41261207660365
-677.612612076608
-885.2126120765955
-795.8126120766161
-460.61261207662625
-261.6126120766134
-519.6126120766256
-530.8126120766286
-745.2126120766077
1124.3873879234009
-867.8126120766226
708.7873879233928
573.5873879233958
1256.7873879233866
1091.1873879234008
1468.9873879233462
-653.8126120766266
-874.6126120766214
1620.5873879234089
-59.01261207660774
875.5873879234106
-107.01261207660359
-31.61261207660835
-81.01261207660832
-133.61261207660863
-479.8126120766117
-282.0126120766078
-522.2126120766077
-3107.212612076669
-1449.8126120766324
-441.0126120766177
387.98738792339816
200.78738792340621
884.7873879233566
-820.8126120766057
-1871.612612076625
-403.81261207662124
845.5873879233924
284.58738792338966
870.5873879233834
416.5873879233903
-137.2126120766151
-574.2126120766161
654.7873879233914
274.5873879233934
775.7873879233734
-312.21261207661286
970.9873879233988
1047.7873879234098
1694.5873879233654
1736.7873879234207
861.1873879234049
1009.9873879234065
102.58738792339659
2197.7873879233643
-238.01261207661238
-686.0126120766001
-523.8126120766098
-1832.412612076641
-2261.8126120766274
-2131.212612076615
-1383.2126120766154
-1635.212612076571
-352.21261207662275
-411.61261207660687
785.3873879233898
1351.587387923392
165.98738792338952
-887.8126120765954
659.5873879233833
1086.5873879233807
-553.4126120766049
355.1873879233828
148.98738792339321
-639.0126120766112
828.5873879233789
518.7873879233874
634.1873879233862
-210.8126120766229
1752.7873879234128
337.1873879233899
600.3873879233812
434.987387923373
373.78738792340255
337.78738792338515
-90.01261207661065
434.7873879233911
-1352.6126120766041
735.3873879233902
257.38738792338984
-432.41261207660835
-1103.412612076621
-498.4126120766101
-1681.8126120765924
-630.2126120766146
-1094.2126120766513
-721.2126120766034
-448.4126120766127
696.9873879233886
922.3873879233814
1023.3873879234087
139.5873879233928
276.18738792336933
-28.61261207661991
-542.2126120766162
-1102.8126120766108
-790.6126120766199
-511.6126120766169
267.5873879233813
954.7873879233875
-606.6126120766062
1704.587387923398
1335.7873879234282
-175.41261207661566
679.9873879233957
2458.3873879234784
589.5873879234114
391.18738792337166
356.7873879233875
-342.81261207661356
288.187387923361
-385.8126120766048
965.9873879233845
-1058.812612076615
95.7873879233928
-995.8126120766015
675.1873879233729
-140.0126120766132
-560.2126120766004
-388.2126120766104
624.9873879233863
2076.9873879233783
-204.41261207661026
-655.6126120766068
-1205.412612076611
-1034.0126120766122
-403.2126120766102
-360.6126120766045
-472.8126120766144
-447.81261207660964
-1463.6126120765998
1517.787387923373
1081.387387923422
1535.5873879233955
2480.7873879234257
1423.5873879233986
1394.1873879233826
1272.187387923328
1144.587387923391
311.58738792337624
-461.21261207660854
-273.21261207661394
-1242.6126120766114
-1991.8126120765926
749.1873879233879
517.1873879233879
-920.8126120766218
640.387387923397
1850.38738792341
2099.5873879234373
111.18738792339052
-1198.8126120766121
297.5873879233784
-451.01261207660986
207.1873879234007
-50.212612076608664
-16.01261207660574
-343.61261207660993
-312.81261207660987
-328.41261207660585
-660.8126120766152
1052.3873879233533
-1174.8126120765867
204.58738792338832
2045.18738792338
2246.787387923333
518.7873879233819
1112.3873879233943
917.5873879233948
-695.2126120766175
1151.5873879233955
407.78738792339806
306.7873879233629
244.9873879234084
-965.2126120766081
-249.41261207660384
109.18738792339818
1496.5873879234305
-44.21261207660336
-571.8126120766084
674.187387923373
889.5873879234036
-142.81261207660742
-589.2126120766046
-53.812612076606634
-2420.812612076624
397.98738792340004
1891.5873879233664
252.18738792339013
7.587387923388718
878.3873879233873
-34.21261207660638
526.9873879233928
683.987387923403
-854.6126120766214
839.1873879233914
584.5873879233874
863.7873879233942
-548.8126120765979
1740.3873879234118
2008.9873879234506
1100.1873879233967
484.3873879233871
1013.3873879233744
655.3873879233892
-194.01261207660818
313.7873879233881
-240.61261207661514
868.7873879233986
1542.1873879233983
1007.1873879233403
348.38738792339944
-31.612612076604478
46.78738792338746
-158.61261207661147
-1541.2126120766159
-561.6126120766089
527.1873879233916
924.1873879233979
1635.5873879233527
-259.21261207661496
264.1873879233914
357.5873879233924
339.58738792338846
-384.4126120766073
60.387387923390925
558.187387923399
1157.7873879233716
-55.812612076615835
-295.01261207660696
-1672.6126120765985
-547.6126120766129
-1024.612612076613
464.187387923386
261.9873879233876
1411.5873879233955
1631.9873879233894
529.7873879233935
360.9873879233856
540.7873879233997
1639.9873879233735
698.9873879233807
1234.187387923359
-887.812612076616
-1086.8126120766194
-348.4126120766124
-96.01261207660416
-543.812612076607
-146.61261207661354
1168.3873879233954
1795.7873879233457
371.38738792339365
1030.9873879233826
2468.1873879234
1484.1873879233856
-104.8126120766127
-964.2126120766216
-433.8126120766118
622.1873879233876
1223.5873879233966
1048.3873879234047
-1298.8126120766244
-1394.4126120766225
-932.412612076587
-981.6126120766327
-643.812612076595
-949.6126120766093
-569.6126120766269
402.9873879233891
-149.01261207661588
-1714.41261207662
706.1873879234104
1479.9873879233714
1275.1873879233697
552.587387923384
-444.61261207660704
-126.81261207660592
-145.21261207661087
-1083.4126120765823
557.9873879233835
155.58738792339744
476.7873879233954
2249.387387923398
1537.3873879233654
1721.787387923369
953.1873879233914
-1030.8126120766092
-1153.4126120766005
1437.3873879233872
1484.3873879234213
-86.8126120766111
-671.4126120766168
-242.6126120766053
-2270.6126120765975
-878.6126120766319
-839.2126120766075
402.5873879233936
-2485.212612076589
-308.41261207659323
1035.187387923397
315.98738792339145
1418.9873879233835
-1048.612612076621
-166.41261207660898
-554.4126120766127
1142.1873879233897
697.5873879233854
1624.3873879233568
1331.7873879233628
1306.1873879234176
-790.4126120766191
-420.01261207661037
669.787387923392
611.9873879233993
1337.3873879233993
499.58738792339676
217.98738792339884
704.9873879233963
299.78738792339396
-403.8126120766133
112.78738792338963
539.9873879233868
-606.6126120766229
-20.212612076611777
-916.0126120766159
-902.8126120766135
-277.61261207657697
-1839.6126120766255
-2006.2126120766009
-1324.2126120766284
-432.21261207662053
-451.4126120765877
-713.0126120766217
1135.5873879233802
5.187387923393693
-398.6126120766112
608.9873879233847
577.9873879233916
1153.5873879234116
783.3873879233937
653.5873879233891
11.187387923393153
-2264.812612076615
-2293.8126120766055
-529.4126120766047
596.9873879233979
1831.387387923379
873.787387923398
-366.0126120766108
974.9873879233811
-618.012612076606
178.18738792338843
360.38738792338376
603.3873879234204
-63.212612076612515
420.58738792338676
-1503.6126120766087
-1142.4126120766098
-1801.8126120766283
-1311.8126120766321
-1442.0126120765592
-1840.4126120765989
-1570.212612076619
304.5873879233922
653.3873879233926
685.1873879233891
714.187387923392
371.7873879233916
383.5873879233653
945.387387923381
1670.3873879233938
567.7873879233887
1260.787387923429
-35.61261207660741
-1413.4126120765602
-1233.612612076613
415.5873879233809
1660.1873879233674
1174.7873879233616
367.58738792340085
865.3873879233973
1077.5873879233882
1639.387387923421
238.3873879233912
504.3873879233751
228.58738792338755
211.98738792338565
428.3873879233878
-1158.6126120765996
-1034.012612076625
-1873.8126120766376
-392.81261207661163
-255.2126120766133
-2145.212612076651
-1790.4126120766332
-5.812612076607703
1213.3873879233622
1213.3873879233886
497.98738792338804
1211.5873879233875
648.1873879234055
962.1873879234201
1754.7873879234262
303.1873879234034
1110.5873879234152
2090.7873879233703
-737.0126120766156
208.98738792338827
785.9873879234033
189.98738792338742
1023.98738792337
-650.0126120766163
-523.412612076611
1032.987387923422
1189.3873879233804
369.9873879233949
-1005.2126120766084
-469.8126120766108
-892.6126120766245
-772.4126120766291
-770.4126120765964
-1399.8126120765985
-1163.6126120765828
-122.61261207660169
-716.2126120765786
-1441.4126120765995
-2150.0126120765703
-1190.012612076607
328.5873879233938
-489.4126120766087
949.1873879234118
363.58738792339653
109.18738792339443
678.9873879234153
1108.5873879233948
-293.4126120766197
2255.987387923417
234.7873879233943
-2030.8126120766012
-709.4126120766138
802.9873879233899
497.9873879233948
623.187387923387
1309.9873879233648
1305.5873879234105
1589.3873879234138
955.7873879233839
335.9873879233899
-21.41261207661104
53.38738792338553
-1035.0126120766145
-232.21261207660453
-1589.0126120765672
-2095.0126120766495
-2122.8126120765846
-2247.0126120765735
-1586.41261207665
-543.0126120766038
-1354.6126120766257
-106.81261207661294
768.5873879233909
-360.0126120766077
425.7873879233901
472.7873879233665
-261.6126120766115
887.1873879233927
1687.7873879233973
825.1873879233851
1947.9873879233733
123.78738792340273
-755.0126120766213
-1769.0126120766322
1625.9873879234
-245.0126120766128
-204.41261207661026
131.1873879233895
12.587387923394488
38.18738792339817
-462.0126120766174
780.3873879233911
1041.7873879233846
-838.4126120766232
-609.0126120766064
17.387387923399892
-1589.212612076565
-2377.4126120766578
-1289.2126120765797
-1737.6126120765775
-1846.0126120765767
-148.01261207661412
-0.41261207660343047
42.98738792338821
-834.6126120766039
-548.4126120766128
-628.6126120766145
-471.8126120766027
932.5873879234113
1913.987387923437
-77.81261207660263
-308.8126120766113
383.1873879233786
1329.5873879234066
-1281.6126120766048
-1817.8126120766206
2170.3873879234056
-203.0126120766098
237.58738792339207
1302.187387923366
1311.7873879233916
538.9873879233935
577.1873879233923
151.78738792339277
850.5873879233815
137.3873879233971
-116.21261207660226
-404.61261207660914
-235.61261207660397
-295.6126120766205
-1710.6126120765919
-1855.6126120766323
-340.6126120765972
-299.2126120766209
-258.21261207661354
-202.81261207661058
-1026.0126120766238
-841.4126120766105
-375.21261207661183
225.18738792339175
-1426.2126120765854
892.7873879233796
117.98738792339341
41.18738792339329
1028.7873879234035
-47.41261207660988
-1302.6126120766162
-959.4126120766149
-1180.8126120766015
-1128.8126120766135
1612.9873879233767
986.1873879233972
-33.21261207661278
-699.612612076604
158.3873879233937
-291.41261207661216
-378.6126120765958
588.7873879233837
1699.3873879233802
-1302.4126120765957
-834.812612076599
-748.2126120766172
-1689.6126120765687
-1061.4126120766282
-454.21261207660984
-944.6126120766049
692.5873879233881
-147.21261207661712
25.387387923392467
-503.81261207661635
-552.0126120766089
1135.5873879233889
-575.6126120766096
582.3873879233777
164.58738792339048
1144.987387923382
290.1873879233959
-2525.8126120766497
-62.41261207660037
-2015.2126120766318
-1646.0126120765879
478.78738792339726
431.7873879233899
797.3873879233734
967.787387923389
521.1873879233892
2003.5873879234202
1438.7873879234132
-545.4126120766189
-482.2126120766036
1330.1873879233754
-1184.8126120766171
58.98738792338955
-806.8126120766226
-1068.8126120766165
-1094.8126120766153
-887.2126120766192
350.5873879234002
625.9873879233859
-2602.212612076593
476.3873879233903
1216.7873879233662
-690.4126120766088
490.98738792339
-219.6126120766114
517.3873879233864
712.5873879233819
722.7873879233952
-1085.2126120766238
-2073.6126120765857
-2021.4126120766073
-2306.8126120766506
-201.2126120766095
1012.7873879234231
-1491.2126120766031
313.98738792339327
627.1873879233794
1060.5873879233638
1887.5873879233638
1302.1873879233617
24.187387923389927
1344.387387923407
1844.187387923425
197.3873879233915
270.18738792340463
454.98738792339844
139.38738792339308
-938.012612076594
-86.21261207661384
745.5873879233856
-75.0126120766077
-640.2126120766123
-347.6126120766066
1555.7873879234148
-816.6126120766044
435.1873879233929
316.5873879233951
1932.1873879233844
963.1873879233893
-761.6126120766165
-1447.812612076634
345.18738792338445
-1361.2126120766131
1171.3873879233836
1445.5873879233875
-423.2126120766113
-887.0126120766153
2161.5873879234023
220.38738792338893
-589.0126120766073
-1223.6126120766237
-1143.412612076609
1408.3873879233915
1251.9873879233885
890.9873879233883
1887.7873879233737
1034.1873879233988
70.98738792339145
1053.5873879233936
532.3873879233868
113.98738792339606
615.5873879233865
609.5873879233814
1633.787387923392
-28.412612076611545
882.7873879233962
486.38738792338734
1501.387387923396
-289.41261207661523
-408.81261207661197
753.1873879233875
-204.61261207660903
-1155.4126120766155
-882.0126120766096
-1659.4126120766139
1239.387387923371
1013.1873879233826
-500.412612076612
-978.0126120766084
1627.9873879233864
979.5873879233889
241.18738792339403
-211.21261207660737
232.7873879233906
734.3873879233847
-945.6126120766073
130.38738792339313
872.187387923388
-168.41261207661512
-1675.6126120766075
400.1873879233989
-648.6126120766053
-1171.6126120766105
899.7873879233988
1663.7873879233819
1344.5873879233914
404.5873879233901
-5.012612076607272
-806.8126120765966
995.987387923391
-136.61261207661008
-990.4126120766044
-834.412612076619
24.187387923394205
-261.2126120766116
-53.412612076607346
-1561.4126120765986
-1958.0126120766492
-1726.812612076689
779.587387923388
-940.8126120766052
-869.8126120765994
-659.4126120766089
-637.2126120766079
-532.0126120766071
1682.98738792342
1011.5873879233873
-563.8126120766057
1443.9873879233685
1535.187387923438
2008.7873879234328
1050.5873879233598
989.9873879233932
-86.01261207660266
881.5873879233952
-879.8126120766034
359.38738792339785
1698.587387923382
-881.0126120766263
-34.21261207661043
-707.8126120766132
-1328.212612076601
-464.0126120766035
-58.212612076610526
-280.0126120766041
-785.4126120766106
-754.4126120766185
189.98738792339984
-513.4126120766078
-362.01261207660474
-874.2126120766111
1039.9873879233814
1629.5873879233836
368.1873879233766
-402.61261207660294
-1049.2126120766127
-796.2126120766038
1353.987387923358
1297.9873879234017
359.18738792339065
932.7873879234029
-348.6126120765949
-549.2126120766051
953.9873879233943
901.5873879233733
1520.9873879234135
1558.1873879233633
7.18738792339397
-589.212612076606
-1037.0126120766108
-480.2126120766053
1351.587387923397
715.5873879234033
-3.2126120766055735
-610.6126120766112
425.7873879233926
307.5873879233984
-198.61261207660473
-125.21261207661028
985.787387923385
1337.187387923386
1740.5873879234005
-1196.212612076613
-1519.0126120765958
-652.0126120766123
-1204.0126120765997
-751.8126120766098
1516.7873879233887
1002.7873879233919
1058.7873879233923
1676.7873879233705
-149.61261207660823
262.58738792339034
1416.7873879234076
-302.01261207660366
1236.3873879233915
1050.1873879234042
665.7873879233933
626.3873879233878
1479.3873879234245
1658.1873879233783
-544.4126120766059
1171.187387923409
711.9873879233976
-632.2126120766054
-306.41261207660665
-1026.6126120766164
-1282.212612076609
328.78738792339
786.987387923377
208.7873879233972
578.1873879233858
1294.787387923358
1351.18738792337
349.9873879233713
394.5873879233836
-348.61261207660516
-2168.21261207664
-942.8126120766127
100.58738792338987
-335.6126120766117
1072.7873879234048
906.1873879233966
478.7873879233941
866.7873879233954
255.98738792337775
332.9873879233921
2104.3873879233465
1508.3873879233665
1497.1873879233863
1376.3873879233881
982.5873879234083
1184.3873879233945
1399.7873879233782
341.18738792338587
698.9873879233921
382.1873879233857
-231.41261207661344
2113.1873879233895
1684.1873879234026
2419.787387923423
-502.2126120766084
318.3873879233947
1060.3873879233877
54.787387923397176
-3709.6126120766125
455.98738792339225
-26.01261207660077
-978.4126120766248
288.58738792338886
343.9873879233884
802.5873879233903
-1297.0126120766092
215.3873879233921
1346.3873879233886
416.9873879233879
-124.61261207660975
-1143.2126120766306
-1145.6126120766073
-994.612612076626
-1001.2126120766362
1197.5873879234025
189.98738792339304
-514.2126120766194
340.78738792338925
8.787387923386412
1349.1873879233829
667.5873879234052
-1855.4126120766336
-929.2126120766087
-911.2126120766229
-823.6126120766133
-798.012612076606
-570.2126120766239
-716.4126120766189
-2897.6126120766044
-3726.0126120766677
-684.4126120766076
-278.2126120766327
138.3873879233883
906.5873879233957
1378.3873879233952
-55.21261207661304
266.78738792338845
852.1873879234212
1754.9873879234074
562.9873879233884
454.98738792339196
332.78738792339084
-769.6126120766156
-913.8126120766119
-662.6126120765781
-328.81261207661163
1038.587387923383
272.7873879233919
-268.812612076611
777.9873879233795
-2046.812612076639
-1164.8126120766096
1135.1873879233895
-1565.012612076589
-693.2126120765994
818.3873879233817
515.7873879234004
1302.787387923392
-126.41261207659812
-8.412612076619304
-1333.212612076603
-1815.8126120766074
-1170.6126120766212
-2239.8126120765723
-411.8126120766052
421.98738792339174
1744.9873879233808
448.58738792339244
470.3873879233889
1461.787387923375
-792.6126120766105
-1025.0126120766197
-104.0126120766118
1129.7873879233716
333.9873879233916
224.58738792339253
-377.0126120766148
-408.6126120766039
492.78738792338834
-847.4126120766132
-506.8126120766169
617.387387923393
-438.012612076611
13.187387923398624
919.3873879233922
-933.0126120765981
907.1873879233821
1569.5873879234052
-5.412612076610895
1427.387387923413
366.38738792339643
-1186.2126120766352
-594.2126120766045
-1174.6126120766303
-1703.812612076581
-1879.0126120766088
-379.2126120766125
-1458.8126120765853
1367.3873879234145
484.5873879234056
330.3873879233872
1684.1873879234493
-273.4126120766084
723.5873879234045
121.18738792339286
-253.01261207660673
279.987387923393
-46.812612076602484
27.18738792339148
-720.4126120766049
-148.61261207661238
97.58738792339295
2387.9873879234406
994.9873879233985
359.18738792338274
517.387387923403
-863.4126120766072
-1067.4126120765882
1479.5873879233975
1006.187387923404
-344.21261207661024
379.18738792338377
-180.41261207661046
-2736.2126120766625
206.78738792338862
-1524.6126120766323
-1162.012612076613
-660.6126120766028
-166.21261207661368
1462.1873879234088
1251.3873879233972
2008.5873879233648
1266.5873879233927
1084.187387923414
996.3873879233819
617.7873879233739
815.9873879234109
-875.2126120766119
-1073.0126120766267
-1587.612612076591
-1192.612612076594
-979.8126120766091
-1408.4126120765943
-1261.2126120766338
1016.5873879233826
340.1873879233924
1346.387387923414
1294.9873879233878
1025.7873879234162
-673.012612076619
-419.0126120766082
-410.01261207660815
1540.787387923412
1999.1873879234076
462.5873879233929
-159.61261207661042
1000.187387923382
-1281.012612076608
-299.8126120766136
-1636.6126120766035
-1717.412612076595
-1044.8126120766265
-947.8126120766034
93.38738792339493
-459.6126120766106
-761.6126120766208
-593.412612076611
-1704.412612076594
-372.6126120766091
326.18738792337825
359.7873879233851
367.9873879233917
1129.3873879233863
-307.4126120766051
-1747.8126120766108
-568.4126120766067
-1614.8126120765999
78.58738792339848
1554.5873879234
-331.2126120766073
337.1873879233913
-58.01261207661186
-554.0126120766046
542.5873879233718
1874.387387923416
1201.9873879233812
367.7873879233933
-1038.6126120766062
1093.1873879233653
-287.61261207660743
-246.21261207660507
-1167.212612076621
-1018.4126120766101
-533.0126120765992
514.3873879233925
868.5873879233956
161.98738792338793
-1657.6126120766203
510.5873879233903
-1123.8126120765994
690.9873879233888
1113.3873879233784
678.5873879233965
329.9873879233952
731.3873879233915
-969.4126120766198
-2912.0126120766427
-604.012612076611
-320.0126120766074
817.5873879233942
-844.0126120765856
-123.81261207661078
445.1873879234141
332.1873879233982
-71.0126120766122
-249.21261207660916
1640.9873879234171
300.38738792337523
402.7873879233934
189.58738792339466
912.5873879233881
595.5873879233834
2052.3873879234225
64.98738792339361
-1487.8126120766024
-330.0126120766057
2456.3873879233956
1241.9873879234146
416.58738792338113
-755.8126120766109
-87.41261207660732
-329.21261207661007
595.787387923385
-29.61261207660754
-378.0126120766118
-1263.2126120766072
-96.21261207660599
602.1873879233823
-185.4126120765886
-1303.412612076614
-286.21261207661644
-113.21261207661766
-1700.0126120766015
1975.3873879233624
33.78738792338848
-718.8126120766123
-330.61261207661744
-1343.2126120766002
89.58738792339996
1276.38738792339
1736.387387923403
383.7873879233946
437.38738792339836
27.38738792339524
1142.7873879233928
1383.9873879234308
-233.01261207661025
-536.6126120766115
1519.3873879234102
1071.1873879234126
-1038.6126120766078
-240.61261207661
166.58738792340458
-156.81261207661225
906.5873879233889
862.387387923378
822.9873879234001
-1329.012612076596
775.5873879233751
468.18738792339525
-745.8126120766198
-1695.8126120766071
-1746.2126120766234
-1538.0126120766101
-2632.8126120765974
-138.01261207660463
-622.0126120766157
947.5873879233968
-72.61261207660914
-454.8126120766034
27.7873879233965
1340.9873879233921
93.38738792337253
-286.41261207661455
-1859.4126120766082
-790.4126120765844
-408.612612076607
-404.2126120766083
-433.8126120766088
184.58738792339224
-990.4126120766075
-777.6126120766155
671.587387923391
735.5873879233976
296.78738792338606
457.38738792339296
-232.61261207660456
1531.9873879234074
1937.9873879233828
-1585.4126120766252
39.587387923387574
386.98738792339236
-1156.6126120766144
-511.01261207662907
601.1873879233917
-730.0126120766192
-1140.8126120766017
663.1873879234064
1269.7873879233427
995.5873879233941
319.1873879233821
1493.3873879234275
-271.41261207661404
-135.21261207661257
-1531.4126120766118
-557.0126120766073
-1634.4126120765898
-1066.212612076612
346.58738792339847
-578.6126120766091
465.1873879233897
-1509.0126120766226
-1679.81261207662
-2492.8126120766046
-358.01261207660906
1256.9873879233678
1360.1873879234008
1324.7873879233875
-28.612612076601454
-229.61261207660664
1755.7873879233655
-112.01261207660974
-113.01261207662321
1048.3873879233925
-362.61261207660556
-561.8126120766099
218.18738792338752
150.1873879233917
-1254.8126120766076
-476.2126120766091
375.78738792337674
-386.81261207660873
-837.212612076608
675.3873879233777
452.3873879233862
-1049.8126120766008
-94.61261207660728
592.5873879233866
1120.7873879233744
-85.81261207660539
426.1873879233825
97.78738792338794
-1063.812612076599
-553.0126120766131
-610.8126120766033
-888.8126120766083
-318.81261207661316
632.9873879233909
626.387387923373
575.9873879233536
1785.1873879233667
-551.6126120766073
-1423.4126120765986
-166.61261207660567
560.1873879233927
-1174.6126120765923
-546.0126120766254
-1175.4126120765739
-1368.2126120766216
565.5873879233935
-176.61261207660726
1043.1873879234004
-373.2126120766095
-1819.6126120765903
41.987387923388425
-989.412612076641
-142.61261207660914
-802.2126120766019
-315.6126120766144
1356.7873879233746
1293.187387923351
387.7873879234033
1522.3873879233913
748.3873879233756
-1857.8126120765844
569.9873879233979
419.1873879233877
-1006.4126120766155
-6.012612076620254
574.5873879233928
-435.01261207661116
634.3873879233803
690.5873879233719
-1666.4126120765875
-2187.2126120766325
-2210.8126120765774
-86.41261207660457
-992.8126120765869
1654.7873879233953
473.18738792339514
-398.61261207660687
-545.4126120766215
212.18738792339187
728.1873879233758
-1985.412612076652
-1683.612612076611
-359.81261207660924
-1113.8126120766005
-1141.012612076613
-954.212612076605
-343.0126120766107
305.3873879233946
787.987387923402
318.9873879233965
-69.81261207660741
404.5873879233941
393.18738792339366
553.9873879233836
-188.61261207661784
-2740.6126120765916
-914.2126120765955
-61.812612076611885
236.18738792338834
-691.2126120766148
-964.8126120766237
-1311.0126120766051
-1821.0126120766276
-2413.8126120766105
108.38738792338512
-24.412612076606603
150.38738792339157
-1914.8126120766165
-69.21261207661001
-278.812612076607
556.187387923392
774.187387923396
-684.2126120766046
-31.61261207659704
1052.3873879233904
96.78738792339576
-1320.2126120766045
-50.81261207660732
-1024.6126120765987
-644.8126120766126
664.587387923401
1750.1873879234201
555.5873879233795
221.38738792338603
671.9873879233871
975.7873879233804
-849.8126120766005
-1021.4126120765504
1007.7873879233821
1486.9873879233812
721.9873879233893
-566.0126120766105
108.78738792338602
-189.81261207660978
-543.612612076608
-893.212612076617
-704.2126120765998
401.987387923397
-224.4126120766125
-1699.8126120766128
-570.0126120766118
-182.41261207661043
-1122.812612076599
-170.01261207660167
-5.212612076603756
-1990.0126120766083
427.7873879233877
556.3873879233946
-518.8126120766117
-130.2126120766102
-752.0126120766048
-85.81261207660602
1290.1873879233917
2018.587387923372
1284.7873879233923
49.787387923386895
-608.6126120766112
708.3873879234029
-478.4126120766046
-99.41261207661239
-93.21261207660713
-1007.8126120766178
-1368.4126120766086
381.78738792339186
1507.9873879233728
-466.81261207662214
-1004.8126120765747
-1440.4126120765804
-2444.0126120766117
169.3873879233903
96.18738792338718
882.9873879233835
-1745.812612076567
1015.7873879233791
1474.3873879233943
553.5873879233932
1254.3873879234075
-1730.2126120765738
-874.0126120765999
-1487.0126120766097
-144.0126120766095
298.3873879233938
344.38738792338705
-289.81261207660685
2119.987387923373
1922.1873879233651
1444.387387923392
971.9873879234007
-1080.012612076584
-1086.0126120766108
-813.0126120766078
-897.21261207663
71.78738792339597
487.1873879233848
-207.41261207660608
-958.0126120766124
-379.61261207661755
-1267.6126120766053
27.98738792339268
-542.2126120765832
-331.41261207662416
890.9873879234019
-51.612612076605785
-337.0126120766073
40.187387923389835
1312.9873879233774
1505.7873879233932
494.9873879233917
1128.9873879233921
432.98738792338685
90.38738792338935
174.58738792337635
-107.01261207660794
890.5873879233953
-628.2126120766076
-1459.8126120765855
-10.012612076609823
-7.812612076616112
583.9873879233793
158.18738792338894
-473.0126120766132
-197.61261207660888
-454.01261207662367
-1371.2126120766202
206.7873879233926
-816.8126120766094
737.7873879233991
181.1873879233819
447.5873879233927
-396.2126120766095
747.3873879233881
-428.01261207660986
491.18738792340406
-144.41261207660298
304.58738792339176
-169.61261207662
-1329.812612076612
-434.8126120766215
1056.3873879233972
517.3873879233993
-1112.0126120766138
-150.41261207661407
220.9873879233915
-135.21261207660567
-186.81261207660648
1069.787387923391
-1031.612612076598
-696.4126120766158
-395.81261207661606
-227.01261207661187
1092.9873879234005
1097.5873879233948
1390.7873879233766
654.9873879233893
172.1873879233912
451.98738792338196
99.58738792338102
799.9873879233985
-320.8126120766122
279.38738792339
-184.61261207660857
420.9873879233952
1206.3873879233852
450.38738792339393
1061.7873879233928
-605.2126120766189
918.1873879233868
862.1873879234034
-1281.2126120766154
-100.61261207662366
586.7873879234112
-204.21261207661246
-1262.8126120766156
-1332.4126120766055
143.38738792339802
-244.41261207661134
-152.41261207661063
1015.5873879233712
-1436.412612076618
-308.6126120766041
1493.9873879233355
-149.6126120766094
1375.3873879233959
747.7873879234079
-304.21261207661325
752.1873879233888
-733.0126120766063
-854.2126120766181
2.387387923393515
-456.2126120766099
-1040.8126120766115
-643.8126120766069
254.58738792338661
-855.2126120765981
-715.812612076632
929.9873879233816
1182.787387923404
41.58738792339388
1322.1873879233829
639.1873879233849
-88.0126120766081
355.58738792339113
435.9873879233781
-930.0126120765879
-2508.4126120765964
188.98738792338656
-288.41261207661444
-1113.8126120766135
-518.2126120766188
660.9873879233817
-1262.8126120766142
1434.9873879233842
-72.61261207660598
-662.8126120766033
915.9873879233799
605.787387923393
-199.41261207660384
240.98738792338455
597.7873879234006
-314.4126120766225
-581.4126120766076
-1683.4126120765836
-1742.6126120766426
-235.61261207661573
1444.1873879234006
-510.8126120766066
-109.2126120766069
306.18738792339127
300.18738792339394
-624.6126120765964
-464.61261207660345
-957.4126120766042
50.78738792338946
154.98738792339233
972.3873879233884
28.987387923396653
-1624.2126120766525
132.1873879233873
272.187387923384
-1412.0126120766065
-1100.6126120766348
888.1873879233988
-237.01261207661605
917.1873879233971
680.3873879233913
1145.3873879233815
157.9873879233957
1677.7873879233787
-1264.8126120766228
-717.012612076615
-548.212612076601
-1924.0126120765954
-1856.2126120766166
-1733.4126120766696
-591.4126120766149
787.5873879233986
245.3873879233962
-261.0126120766031
960.1873879233972
195.38738792338785
-1081.8126120766206
125.78738792338848
280.7873879233902
-974.812612076613
575.1873879233837
613.9873879234093
751.7873879233883
311.38738792338745
6.987387923389159
-481.2126120765977
-80.81261207660438
1111.1873879233833
609.1873879233825
-992.4126120766059
-1184.8126120766133
-897.8126120766092
1837.5873879233573
769.5873879234007
-507.2126120766091
1953.9873879234558
-1142.6126120766114
-602.6126120766231
740.1873879233914
638.1873879233881
-119.2126120765808
339.3873879233857
-1076.6126120766253
1287.5873879233754
1383.587387923375
-210.41261207661213
1071.7873879233732
1882.5873879233934
744.7873879234025
-9.412612076621809
261.18738792339417
1337.587387923368
993.9873879233836
523.1873879233952
1015.1873879233796
1077.5873879233864
349.3873879233932
-711.4126120766052
-5.812612076607591
-1205.6126120766196
482.587387923385
-780.0126120766196
-578.0126120766212
254.7873879233923
381.18738792339354
1098.387387923361
1264.7873879233948
-1.8126120766080476
-566.4126120766053
971.9873879233904
2.387387923395586
-314.6126120766037
-1143.81261207658
-987.0126120766068
-1794.812612076569
374.38738792338523
2085.5873879233945
941.5873879233815
-982.6126120766203
587.9873879233762
828.5873879233992
-499.61261207660397
1133.3873879233774
1387.9873879233971
-593.4126120766158
1108.7873879233885
1163.9873879233874
1294.5873879234146
-181.6126120766086
-890.6126120765963
266.38738792338364
-1138.012612076606
-125.6126120766133
-1245.8126120766076
681.5873879233797
859.5873879233812
6.187387923391341
3358.3873879233856
-777.6126120766259
-881.0126120766066
1155.387387923392
650.987387923383
-71.0126120766146
-768.2126120766038
-1528.2126120765972
98.58738792338337
-222.412612076617
-992.4126120766334
-802.4126120766099
-446.0126120766062
-1788.0126120766004
17.58738792338889
20.18738792338263
-250.81261207661018
-212.41261207660273
417.58738792338875
186.9873879233988
527.5873879234076
-1174.0126120766301
1548.9873879233664
1347.9873879233885
-689.2126120765947
-979.8126120766183
-1627.4126120766289
-375.2126120765969
-715.8126120765796
870.5873879234047
1060.7873879233844
963.9873879233888
1895.5873879233852
-2054.4126120765904
-501.6126120766049
1217.7873879233996
22.387387923395323
681.7873879233906
-643.2126120766035
-616.6126120766257
746.9873879233907
-293.81261207659946
-806.4126120765993
816.1873879233901
-97.41261207660747
-430.2126120766015
256.587387923396
675.3873879233699
-240.81261207660992
-1828.6126120766146
262.58738792338414
219.38738792339268
111.58738792339336
324.78738792339186
472.9873879233855
1604.1873879234283
-34.01261207661103
-370.212612076591
-1318.2126120766075
1130.5873879233882
-289.21261207659927
-1346.012612076621
-106.41261207660628
1997.187387923369
412.9873879233895
1473.1873879234022
598.7873879234008
-771.8126120766299
-162.61261207658134
2090.9873879233924
-103.2126120766143
-843.4126120766239
-1440.6126120766169
-1573.0126120765765
350.5873879233889
394.1873879233916
-1027.2126120766086
528.5873879233928
523.9873879234016
43.78738792338648
187.38738792339643
-1050.6126120766103
-821.2126120766187
-633.2126120766026
450.98738792338384
1195.3873879233936
-848.4126120765932
538.3873879233876
1218.5873879233757
976.9873879233832
-1082.6126120766037
120.98738792338919
1740.7873879233532
730.1873879233883
819.9873879233829
686.9873879233879
-1134.212612076602
1121.1873879234024
7.787387923387367
-790.0126120766356
-794.0126120765951
1128.7873879234216
252.38738792339194
-211.61261207659888
175.18738792338573
705.5873879233949
112.38738792337685
-1047.0126120765588
-803.6126120766197
-467.4126120765988
-530.8126120765982
-835.4126120766091
808.7873879233858
-1632.0126120765924
-2303.012612076615
-255.61261207661906
1038.587387923385
135.38738792338967
-1279.4126120766268
-1103.2126120765824
-1049.6126120766046
928.5873879233753
-580.2126120766262
-429.2126120766167
496.7873879233922
910.987387923388
1292.3873879233543
1290.1873879234054
-1237.012612076602
-2027.6126120766103
-2620.212612076604
414.7873879233882
-407.01261207660843
-747.2126120766121
-751.2126120766001
-1136.8126120765905
-466.4126120766219
837.3873879233906
21.387387923389653
-678.6126120766107
782.1873879233914
225.58738792340026
1133.1873879233967
1020.7873879233855
548.1873879234146
-1739.812612076623
-979.8126120765822
-2098.2126120765924
331.38738792339495
1875.5873879234066
-1644.0126120766088
-1058.0126120766236
-1201.6126120765982
-635.2126120766084
-159.61261207661065
-213.21261207661203
-5.812612076607419
-960.6126120766096
-1449.0126120765826
98.9873879233898
-784.4126120766254
-30.61261207660918
-1114.6126120766376
703.9873879233891
2217.587387923382
934.187387923389
-191.81261207660324
-1568.6126120766367
-1873.2126120766036
-203.41261207660582
-417.81261207661964
-158.21261207660484
932.3873879233861
-1807.6126120765803
-2325.412612076609
-262.0126120766081
-1148.61261207662
-1394.4126120765775
-113.21261207660106
-112.6126120766055
740.9873879233915
634.9873879233977
-421.8126120766206
196.78738792339487
-159.0126120766044
-530.0126120766002
-1650.6126120766073
-945.0126120766116
-995.8126120765949
-1200.6126120765903
-1361.4126120765795
-336.812612076614
-98.41261207661074
510.18738792338684
-1857.012612076628
-1330.4126120766202
372.587387923398
-262.6126120766117
-453.01261207661037
989.387387923398
-116.81261207660658
-1040.6126120766214
66.98738792339228
-916.6126120765947
125.38738792338837
354.5873879233863
-2647.0126120765894
-1320.4126120766011
-1243.4126120765918
-2227.2126120766306
-1101.0126120766129
1213.1873879234024
2123.387387923417
110.78738792337928
415.5873879233896
-859.412612076626
-1105.8126120766196
-1326.0126120766145
-2618.0126120766045
-3223.0126120766854
-1587.4126120765884
-577.812612076606
-376.812612076604
-430.41261207658687
-1006.4126120766286
-742.412612076607
-98.01261207660656
1599.3873879233684
375.1873879233967
-861.0126120766013
483.587387923389
481.58738792339005
-1111.0126120766292
-484.2126120766149
641.7873879233907
329.58738792339295
442.58738792339005
240.3873879233893
-1196.4126120766161
-1035.0126120766413
-1443.8126120766212
-1134.0126120766158
-1541.2126120766357
-847.2126120766044
-266.01261207660207
371.38738792338523
-690.2126120765982
-264.41261207661825
-188.01261207662347
-984.2126120766188
379.5873879233954
-382.21261207661337
950.9873879233941
-1125.2126120766166
-63.412612076612106
69.38738792339107
-2705.212612076645
