-501.6464342435018
-137.24643424352428
-409.8464342435209
-913.8464342435246
175.3535657564844
251.75356575647754
-28.64643424352053
-25.04643424352194
91.35356575647954
-907.2464342435221
-2058.846434243519
-1552.2464342435237
124.1535657564786
97.15356575648181
34.55356575648179
-715.046434243515
-1128.8464342435177
-697.0464342435178
-31.846434243519024
-118.44643424352446
-702.64643424351
-598.2464342435305
-1086.8464342435389
-803.0464342435251
-269.04643424352446
-34.6464342435192
-513.4464342435242
271.35356575648456
1259.1535657564834
417.95356575648003
112.95356575647571
491.75356575648055
1467.353565756469
965.3535657564823
838.5535657564681
-114.8464342435152
1201.9535657564834
1848.9535657564986
290.3535657564868
23.353565756477124
157.95356575648233
-301.8464342435227
-561.8464342435177
-602.6464342435311
1140.3535657564823
889.5535657564966
1205.753565756495
1392.3535657564933
618.3535657564805
725.1535657564797
944.7535657564888
1313.1535657564784
599.1535657564795
333.5535657564791
-349.4464342435259
224.75356575647822
213.55356575648403
-150.64643424352255
-419.6464342435206
-847.2464342435212
75.75356575647733
1236.9535657564807
332.75356575647754
544.9535657564721
1547.953565756478
-360.04643424352014
241.95356575647963
29.75356575647774
296.9535657564807
1577.3535657564858
-80.84643424351617
-792.4464342435142
-1188.8464342435213
-227.24643424351996
-693.6464342435187
-1622.4464342435122
-360.24643424351956
-1074.6464342435183
-1031.6464342435283
21.153565756478557
-416.64643424352505
-431.6464342435198
-569.4464342435181
22.753565756479503
-821.0464342435342
-985.2464342435217
-2038.84643424352
-423.2464342435245
-107.84643424351921
-720.4464342435216
-1194.8464342435198
-296.04643424351815
1070.953565756469
267.7535657564864
-639.0464342435191
-558.0464342435283
1169.5535657564933
-962.6464342435161
405.3535657564794
369.553565756482
473.95356575648043
325.1535657564798
351.3535657564827
1044.7535657564658
568.3535657564752
363.1535657564772
-550.2464342435178
-287.24643424352365
200.5535657564826
-209.8464342435203
56.15356575647938
190.95356575648105
-199.24643424352092
-373.6464342435285
168.7535657564791
145.15356575647874
-1314.446434243526
-304.04643424352554
965.5535657564794
996.7535657564862
50.15356575648135
-515.446434243522
-1196.6464342435172
-400.8464342435199
359.15356575648286
-1267.2464342435078
-1532.046434243499
-655.8464342435136
1067.1535657564816
-350.2464342435152
-108.24643424352058
395.55356575648307
894.953565756495
1854.1535657564893
365.5535657564849
-458.2464342435202
-14.646434243519415
21.953565756478298
-621.046434243518
-407.8464342435141
615.3535657564839
525.7535657564806
985.753565756478
663.9535657564861
-1098.646434243518
-1879.8464342435204
-1340.8464342434993
-903.0464342435182
265.3535657564804
914.953565756484
666.9535657564874
1492.353565756475
878.1535657564639
640.3535657564726
538.7535657564803
463.7535657564833
707.1535657564862
-783.0464342435171
-287.04643424352366
263.35356575647916
211.15356575648335
-161.64643424352136
-249.44643424352103
193.75356575648104
614.7535657564666
1518.3535657564937
396.55356575648216
-452.84643424351225
-332.44643424351545
-1136.4464342435053
640.1535657564756
-285.84643424351617
975.5535657564856
1164.5535657564697
692.1535657564814
70.7535657564813
-1137.0464342435064
-1302.4464342435317
-1018.8464342435367
-1206.646434243548
-1358.446434243525
303.15356575649184
-391.0464342435171
571.5535657564794
-49.24643424351862
-1177.6464342435263
246.5535657564819
928.7535657564832
83.35356575648132
214.55356575648204
128.15356575647542
499.75356575647834
135.9535657564843
300.3535657564802
683.9535657564753
-492.4464342435217
423.5535657564818
1031.5535657564756
549.1535657564875
608.3535657564792
281.75356575648055
-918.8464342435137
550.5535657564741
-178.84643424352325
1002.9535657564735
1609.353565756479
198.95356575647767
-1017.446434243519
-1600.4464342435338
816.153565756477
469.35356575648166
-730.2464342435345
-1061.4464342435226
-182.84643424352384
-216.84643424352285
-572.4464342435235
-1323.6464342435243
-1217.04643424353
409.15356575648144
620.1535657564831
518.3535657564811
-187.04643424352315
-128.24643424351973
153.55356575648216
-347.8464342435201
1160.15356575648
596.5535657564748
257.1535657564832
-553.6464342435211
728.1535657564697
740.553565756469
550.1535657564734
1379.553565756499
-99.44643424351564
-23.646434243517277
-1168.0464342435287
-740.6464342435185
754.1535657564951
-366.44643424351756
-238.8464342435183
-282.2464342435211
-623.8464342435014
-1078.646434243526
-63.04643424352079
502.1535657564737
580.7535657564792
-1075.046434243512
-1264.4464342435338
-1198.0464342435262
-52.44643424352381
1115.5535657564826
919.3535657564765
898.9535657564842
-1082.646434243514
-139.24643424353027
15.953565756481126
505.55356575647716
553.953565756478
-665.2464342435176
-828.8464342435176
-1622.846434243512
185.5535657564772
-109.84643424351816
-284.2464342435231
1092.9535657564804
1563.3535657564828
820.1535657564823
-1188.4464342435251
-1049.0464342435262
401.75356575647356
389.75356575647635
229.95356575648432
174.75356575647945
-1362.4464342435367
-1547.4464342435188
-223.04643424351903
-500.4464342435283
167.75356575647942
-1129.04643424354
-716.8464342435366
-759.2464342435215
241.75356575647956
-541.8464342435217
-475.64643424351823
894.7535657564855
96.35356575647634
416.5535657564794
-63.446434243522816
1329.1535657564816
-56.646434243517355
-54.04643424351899
80.35356575647873
151.15356575647374
367.9535657564802
-448.0464342435191
-871.84643424352
-749.0464342435249
124.15356575648008
1002.1535657564752
-612.4464342435231
-1544.2464342435335
-1189.0464342435378
-109.64643424353065
-984.4464342435099
-252.4464342435345
125.1535657564803
-996.0464342435105
-2278.4464342434712
-2279.6464342435083
-519.4464342435299
-564.4464342435137
-560.4464342435226
-1379.2464342435285
-929.6464342435239
462.9535657564837
815.3535657564646
1370.3535657564705
485.35356575647836
732.3535657564805
-150.4464342435243
599.7535657564882
-169.8464342435223
220.75356575647976
1057.7535657564756
1616.1535657564814
405.35356575648086
1240.5535657564844
2154.353565756462
329.75356575648055
550.3535657564765
1504.5535657564794
-1040.246434243511
-474.24643424351757
-222.84643424352652
-674.4464342435283
-1022.6464342435182
-382.8464342435237
-11.64643424352144
-484.4464342435163
-1677.646434243532
-1637.646434243517
-1466.4464342435642
-968.0464342434993
899.9535657564811
224.95356575648623
-1664.0464342435207
214.7535657564827
2115.353565756452
1439.3535657564803
692.7535657564836
349.3535657564768
-398.0464342435248
157.35356575647785
-565.246434243517
-787.4464342435267
-484.24643424352274
802.1535657564781
-160.44643424352523
-593.4464342435182
1042.9535657564727
455.9535657564811
424.75356575647646
-373.446434243521
-1479.646434243495
-433.24643424352354
-335.04643424350945
-553.2464342435379
-555.0464342435256
173.95356575647398
-1506.6464342435572
-2207.4464342435535
-779.846434243523
-344.046434243527
-1519.0464342435198
98.15356575645347
1907.3535657564948
1271.9535657564782
197.95356575648043
9.753565756478473
983.5535657564985
1610.5535657564778
984.7535657564829
-903.6464342435127
720.7535657564785
311.95356575648304
-51.24643424351929
344.55356575647806
73.35356575648281
1937.3535657564837
1905.9535657564875
-389.246434243518
-757.0464342435241
-545.2464342435289
99.35356575648011
631.9535657564871
-634.64643424351
690.3535657564794
171.55356575647272
-2171.64643424351
-877.8464342435204
-241.04643424353065
-1311.0464342435257
-1692.8464342435532
-381.24643424352035
-915.6464342435252
1403.7535657564795
1219.7535657564779
1115.7535657564674
1397.7535657565056
2208.7535657565004
255.35356575647953
1828.7535657564824
2553.753565756503
666.5535657564784
-679.0464342435228
930.5535657564817
-784.2464342435202
-872.6464342435215
-587.6464342435231
178.95356575648032
986.1535657564671
1400.3535657564967
272.75356575647993
-2397.64643424352
-2018.6464342435438
-1932.0464342435448
21.75356575647801
-1410.4464342435263
-1343.246434243502
-1781.046434243546
-2907.0464342435225
-3747.4464342435294
-1847.8464342435236
-1082.44643424354
-2074.2464342435314
-2419.446434243517
-1135.0464342435382
-225.44643424352034
-1475.4464342435233
-420.6464342435197
-601.4464342435216
354.1535657564795
568.5535657564781
1715.3535657564487
2587.7535657564677
909.1535657564922
700.9535657564708
1656.553565756482
235.15356575648386
-221.44643424350798
-883.0464342435248
930.9535657564778
1516.353565756495
1052.9535657564572
864.7535657564562
-423.64643424352346
-291.2464342435233
-1466.646434243529
-965.4464342435107
107.1535657564738
-2277.2464342435046
-2610.84643424352
123.15356575647728
-3002.2464342435064
-2696.4464342434985
-264.6464342435102
74.7535657564808
-33.0464342435161
-1357.646434243508
-787.0464342435235
-632.6464342435138
-246.44643424351992
-297.64643424352244
-1120.8464342435166
1396.1535657564793
2031.7535657564963
563.1535657564777
755.7535657564764
1275.5535657564728
-849.0464342435199
-1766.446434243522
-557.0464342435249
-1516.4464342435201
378.15356575647843
929.9535657564803
618.3535657564777
1377.953565756486
525.7535657564966
-58.24643424352424
-442.24643424352087
-2002.2464342435403
-1072.646434243526
-2020.6464342435422
-2614.646434243539
615.7535657564798
-533.0464342435182
-1979.8464342435007
-1785.6464342435052
-1822.2464342435362
609.9535657564834
80.5535657564808
968.7535657564845
655.7535657564857
-1141.8464342435204
-986.6464342434963
-1018.8464342435111
826.353565756476
537.953565756463
-685.4464342435257
119.95356575647907
1651.5535657564499
-1503.0464342435216
-2518.4464342435426
-753.2464342435192
-1456.4464342435137
-279.8464342435239
-40.24643424352745
1450.553565756509
2494.3535657565044
902.7535657564567
205.9535657564835
251.75356575647857
-449.0464342435229
208.55356575648852
61.753565756477855
-221.24643424351984
679.953565756482
-1379.0464342435077
-1871.4464342434976
-1114.2464342434907
-2353.6464342435447
-275.44643424351653
-98.24643424352072
-381.44643424351074
-413.0464342435197
-854.6464342435182
-876.8464342435174
408.95356575647855
178.95356575649208
-1173.446434243508
170.75356575649045
1921.5535657564787
2788.5535657564137
697.5535657564815
-525.4464342435236
-236.44643424352597
-541.2464342435143
-86.44643424351943
803.9535657564815
1655.9535657564627
2558.3535657565035
2282.3535657565076
879.1535657564771
4.753565756480199
-95.24643424351629
-1003.846434243525
-1480.046434243528
-856.6464342435079
-39.64643424352564
-199.44643424351878
-885.0464342435125
-1692.2464342435428
-1720.6464342435343
-1335.6464342435072
-1888.2464342435276
-1735.0464342435453
324.75356575647606
697.3535657564775
-670.2464342435122
-461.6464342435151
-644.0464342435245
-752.446434243527
1504.5535657564737
769.9535657564921
-332.6464342435251
-776.2464342435253
-1727.2464342435
62.55356575647739
696.5535657564748
-209.0464342435226
-465.4464342435216
-1497.246434243537
-377.04643424352173
1372.553565756489
702.5535657564802
167.75356575647825
82.95356575648515
-86.64643424352039
-2048.4464342435285
-1957.0464342435248
-399.6464342435291
-154.84643424353033
-1647.4464342435267
-930.8464342435232
-39.246434243521854
-625.4464342435206
-682.0464342435223
-702.4464342435328
716.353565756474
449.35356575648393
-900.2464342435188
-666.4464342435214
51.35356575647889
98.95356575647898
657.3535657564811
-140.64643424351914
4.1535657564750235
-422.2464342435131
-1364.0464342435264
350.35356575647705
1275.5535657564658
944.1535657564752
354.553565756481
-1514.646434243504
350.7535657564818
734.3535657564782
-560.8464342435074
-2719.4464342435017
-2599.246434243541
186.35356575648441
-813.0464342435132
-385.4464342435235
-580.6464342435199
-748.0464342435151
-977.4464342435
-759.8464342435211
-527.846434243543
-1321.4464342435413
62.95356575646785
-613.0464342435408
-434.4464342435086
-393.44643424352233
63.55356575647755
1044.353565756484
856.5535657564805
1516.9535657564732
1370.5535657564728
401.3535657564788
585.9535657564841
950.9535657564791
-348.24643424352445
451.15356575647627
758.5535657564834
1160.3535657564764
834.7535657564753
-1381.44643424351
-1190.2464342435262
-793.8464342435217
11.753565756475128
-352.4464342435175
-956.6464342435172
-2457.04643424352
-1949.0464342435148
-601.4464342435189
-1785.6464342435181
-1822.2464342435228
-1782.0464342435403
-1312.6464342435165
-970.6464342435252
-573.6464342435245
428.7535657564776
14.953565756479861
-661.4464342435223
-198.4464342435195
1325.5535657564747
1748.1535657564655
985.7535657564706
364.55356575647437
-478.44643424351335
-182.64643424352099
493.55356575647653
1204.5535657564892
1399.9535657565018
1507.1535657564832
2121.95356575646
885.3535657564751
84.75356575648512
-129.64643424352136
512.5535657564734
942.1535657564689
250.15356575647462
358.3535657564779
73.35356575648184
-1989.846434243513
-3438.846434243523
-1252.0464342435216
-965.2464342435226
90.1535657564765
-1325.8464342435295
-784.0464342435109
-912.4464342435228
-2411.6464342435106
306.75356575647425
-12.846434243524126
-312.44643424351983
-121.24643424352507
-660.0464342435217
-1643.0464342435305
-1615.846434243484
-116.44643424351923
-13.846434243522278
790.1535657564864
65.55356575647977
74.55356575647869
945.153565756475
182.15356575647434
43.95356575648434
854.1535657564837
967.1535657565064
1156.5535657564856
1555.7535657564586
-369.24643424351666
-1280.446434243518
-280.8464342435168
-635.4464342435236
-763.0464342435242
-39.44643424352343
-129.44643424351838
-399.84643424352345
-54.44643424352042
-1496.646434243533
-2698.646434243496
-2488.246434243502
-2438.046434243526
-569.4464342435241
-415.8464342435306
-1625.8464342434927
-1003.2464342435322
-39.64643424351722
-958.846434243513
-2699.646434243474
-748.0464342435226
-1013.0464342435187
-60.24643424352113
-70.44643424352303
-838.8464342435151
0.35356575647959687
1910.753565756491
50.75356575647663
1259.7535657564724
464.1535657564759
-291.64643424352374
-312.44643424352233
-1066.4464342435188
-736.6464342435255
-808.6464342435302
-1322.4464342435313
-362.4464342435228
691.3535657564728
1124.1535657564825
-228.24643424352226
-187.04643424351593
-1195.8464342435293
-1486.6464342435381
-1028.4464342435128
135.35356575648453
629.3535657564844
196.15356575647448
-577.4464342435256
-183.6464342435123
-214.24643424351703
-256.44643424351773
-1148.2464342435223
552.3535657564828
-185.84643424352146
-596.8464342435269
135.1535657564825
351.3535657564854
762.7535657564774
2176.3535657565008
585.7535657564817
861.5535657564802
340.7535657564813
-992.6464342435339
-267.24643424352143
-492.6464342435202
445.953565756479
502.7535657564753
-761.2464342435194
-1015.0464342435046
400.75356575647857
-678.2464342435094
-1496.046434243536
-969.646434243543
-968.0464342435214
-1248.046434243529
-424.6464342435193
-584.4464342435167
-1207.2464342435314
-461.6464342435227
-399.2464342435161
18.15356575648257
878.5535657564795
-1456.0464342435453
-942.0464342435316
-708.0464342435231
-892.6464342435296
433.5535657564805
833.5535657564781
1636.9535657564968
1366.7535657564729
84.75356575647851
-1336.0464342435348
-279.04643424352383
906.1535657564717
-1183.4464342435217
-1174.2464342435287
277.9535657564816
676.9535657564824
824.7535657564916
-1244.0464342435032
-604.6464342435193
46.75356575647657
-453.44643424349874
-1181.6464342435277
-624.24643424353
-1379.4464342435253
-428.6464342435189
83.95356575647554
-1116.8464342435054
-235.44643424351938
445.15356575647786
312.75356575648135
-329.04643424352093
983.9535657564783
-621.846434243517
550.9535657564795
343.553565756477
78.55356575648348
1182.3535657564785
1348.9535657564613
2042.353565756473
1241.5535657564844
765.9535657564825
499.7535657564837
930.9535657564722
514.3535657564838
-780.8464342435208
-1507.6464342435174
202.35356575648004
257.3535657564758
1066.95356575649
-788.846434243522
-212.0464342435208
312.75356575647567
-1061.6464342435186
-673.4464342435235
1243.9535657564793
-609.846434243519
-452.64643424350925
-336.6464342435261
-363.44643424352563
47.753565756481834
-1010.8464342435371
-1080.0464342435098
-356.84643424352316
-1490.0464342435362
-1407.0464342435055
-193.4464342435227
1297.953565756456
-812.0464342435198
743.1535657564856
842.5535657564814
-108.44643424352313
-866.4464342435292
1969.3535657564787
989.7535657564825
634.153565756482
-236.8464342435238
-1463.6464342435293
-859.6464342435182
649.3535657564682
607.753565756481
467.3535657564798
-1055.4464342435379
-415.04643424351406
245.553565756479
300.5535657564809
92.15356575648286
1124.3535657564921
-353.64643424352255
-541.646434243521
-10.246434243518305
-154.44643424352137
-641.2464342435187
-935.8464342435306
113.553565756479
397.9535657564787
-418.8464342435247
-168.04643424351855
-1013.4464342435306
-312.24643424352115
-1155.6464342435113
72.5535657564888
261.7535657564742
218.15356575648138
710.7535657564802
1228.1535657564893
12.553565756481024
737.9535657564712
-454.6464342435213
-1062.6464342435193
540.5535657564755
531.1535657564758
-1209.4464342435049
17.953565756478262
30.753565756480285
427.55356575648636
-540.6464342435174
301.55356575647664
1024.9535657564827
698.5535657564769
-745.8464342435267
349.3535657564843
873.953565756485
682.7535657564792
-515.4464342435265
-645.046434243519
-73.24643424352192
-570.0464342435298
-851.8464342435183
-1116.8464342435152
-1580.0464342435332
-1413.6464342435197
-787.6464342435304
-355.84643424351907
-936.6464342435248
-147.44643424352495
2040.753565756474
-51.64643424352369
-218.64643424352008
409.55356575647556
639.7535657564795
1427.7535657564808
-9.446434243524866
-252.64643424352658
-1360.246434243532
-60.446434243519924
1168.9535657564861
474.9535657564798
196.75356575647882
-81.24643424351922
150.15356575648045
236.9535657564772
-146.84643424352316
966.1535657564841
-170.64643424352099
726.1535657564812
-204.0464342435222
-1995.6464342435286
-527.4464342435243
-414.0464342435174
478.95356575647986
574.5535657564778
620.9535657564776
352.15356575648394
-593.646434243525
-840.2464342435298
-361.04643424352304
-300.2464342435187
1518.9535657564825
-95.04643424352565
-3.2464342435217404
-315.0464342435192
1058.7535657564638
1145.9535657564913
-458.0464342435236
562.9535657564851
-4.046434243526601
-538.6464342435261
-34.246434243520454
-706.4464342435266
-98.44643424352083
-295.6464342435218
-944.4464342435178
-68.64643424352428
443.9535657564783
1166.7535657564692
-104.84643424352294
634.9535657564882
135.1535657564795
-276.24643424352115
983.7535657564956
242.15356575648065
1306.7535657564717
107.15356575648275
659.5535657564827
1124.353565756493
-534.2464342435167
-403.2464342435242
604.9535657564717
351.3535657564865
1179.1535657564705
271.353565756482
892.5535657564749
383.7535657564868
499.3535657564691
-269.0464342435143
-305.6464342435197
647.153565756482
276.15356575648013
83.95356575647908
590.5535657564792
411.3535657564772
3.153565756476901
-751.0464342435097
-1605.0464342435416
-368.646434243514
-269.84643424352976
-67.24643424352345
-305.4464342435234
-225.24643424351933
-1264.4464342435394
-44.646434243524546
252.7535657564799
-1056.0464342435132
-399.6464342435134
-1177.846434243528
-597.2464342435122
-306.4464342435245
333.15356575648013
2043.9535657564666
639.3535657564751
-703.8464342435202
186.35356575648242
-18.44643424353002
-693.6464342434996
-1130.0464342435432
-60.846434243524875
187.95356575647907
-48.64643424351847
145.55356575648705
-164.24643424351507
-1095.2464342435346
-1447.4464342435447
-1212.0464342435157
-19.846434243511354
-194.24643424351808
-631.8464342435125
-1719.646434243528
-1966.0464342435373
-1215.0464342435266
-307.0464342435163
-182.64643424352184
-824.0464342435168
-875.6464342435225
-1327.6464342435213
-1245.4464342435097
-674.6464342435232
188.5535657564758
-437.64643424351215
-221.84643424351876
304.35356575648404
-145.24643424351802
-441.0464342435239
-333.2464342435038
375.9535657564835
1080.5535657564842
233.75356575647498
-934.0464342435214
-69.24643424352337
473.55356575648193
-604.0464342435229
-342.8464342435239
-458.04643424352184
-457.646434243523
437.5535657564707
-142.04643424351292
925.7535657564865
824.5535657564855
843.3535657564782
537.9535657564885
-455.2464342435217
-364.6464342435186
521.9535657564782
1412.3535657564814
585.5535657564782
77.953565756481
-852.8464342435212
-258.6464342435202
30.953565756479485
403.9535657564759
78.75356575647906
-579.0464342435185
-238.0464342435124
931.7535657564815
-200.24643424351825
-402.04643424352065
186.95356575648032
-97.04643424351644
-272.6464342435351
-1038.4464342435374
-1442.2464342434891
-14.446434243527627
-1173.2464342435248
-1046.2464342435305
-1009.8464342435245
339.55356575648045
740.7535657564774
-632.0464342435159
-239.24643424352234
-774.0464342435075
-634.4464342435128
15.153565756479225
-289.6464342435178
-497.84643424351964
-228.44643424352137
589.1535657564824
-561.2464342435289
-948.4464342435125
-2532.6464342435283
-490.4464342435181
144.9535657564794
57.35356575648056
-429.8464342435289
468.5535657564837
987.9535657564782
105.35356575648166
-976.0464342435332
-1679.4464342435258
-380.8464342435209
-249.6464342435264
343.5535657564861
-382.84643424352464
-1098.0464342435532
-1047.846434243509
-597.2464342435308
664.7535657564846
592.3535657564811
856.1535657564755
453.1535657564774
152.75356575647794
-443.846434243517
-826.2464342435196
-33.64643424352201
224.55356575647897
682.7535657564805
648.1535657564774
1168.953565756476
982.5535657564786
-1170.0464342435343
-684.6464342435128
-151.04643424352136
556.9535657564782
168.55356575647843
161.15356575648008
-846.6464342435083
185.55356575647903
539.353565756479
-864.8464342435369
-1538.4464342435472
-1636.4464342435188
-227.84643424352095
408.9535657564761
-78.04643424352415
-174.8464342435164
-246.24643424352251
1035.9535657564802
-58.0464342435251
-722.0464342435176
-148.84643424351853
342.1535657564793
153.15356575647877
-355.0464342435269
-444.04643424351525
-975.0464342435292
8.5535657564755
716.1535657564843
167.15356575648156
-113.04643424351737
212.7535657564804
79.95356575647654
654.7535657564783
405.75356575648016
-430.84643424351935
966.5535657564699
818.5535657564851
1047.5535657564778
356.15356575648116
33.35356575647786
368.95356575647867
-386.44643424352466
-50.04643424352596
-197.2464342435202
-476.0464342435111
569.1535657564813
-608.6464342435236
-521.6464342435204
-233.84643424352168
1034.9535657564732
-295.2464342435235
-726.8464342435078
-270.4464342435268
-1009.8464342435217
859.1535657564792
-694.8464342435187
-201.24643424352507
-425.0464342435194
-345.64643424352187
470.35356575648035
379.95356575648566
513.3535657564847
593.3535657564842
16.553565756478328
-472.24643424351916
326.35356575648257
-33.04643424351934
874.1535657564806
836.3535657564968
-288.6464342435247
149.55356575647832
160.1535657564748
-408.4464342435236
535.1535657564788
197.95356575647492
226.35356575647262
-187.446434243519
912.3535657564775
521.3535657564809
-754.6464342435168
-369.64643424352124
328.35356575648285
-234.04643424351957
573.7535657564823
615.5535657564741
-1168.8464342435232
348.9535657564813
-1242.446434243525
-626.2464342435246
158.55356575648068
-321.04643424352366
-937.2464342435258
-763.8464342435256
1606.9535657564757
1376.7535657564779
141.9535657564785
-412.4464342435139
185.95356575646863
585.9535657564887
172.75356575648166
-141.64643424352536
-189.64643424352508
516.3535657564793
-116.84643424351952
-541.6464342435145
-226.64643424352158
-547.0464342435228
-314.84643424351225
-823.6464342435266
1483.353565756478
778.3535657564797
109.75356575648141
-1547.0464342435255
-277.44643424351653
-45.24643424352169
321.3535657564813
1141.7535657564788
-825.0464342435257
-599.6464342435288
-1761.4464342435401
-1433.8464342435266
-589.2464342435234
-1407.046434243525
-755.6464342435227
-62.84643424352151
113.75356575647824
-207.84643424352217
447.1535657564809
892.3535657564686
1453.1535657564689
-61.44643424352249
-686.4464342435141
-831.0464342435239
751.9535657564841
1289.5535657564833
370.7535657564848
-170.64643424352528
-1639.646434243521
-649.8464342435228
-669.2464342435258
-222.4464342435152
597.9535657564794
-953.6464342435045
-1471.8464342435095
-2676.846434243513
-570.2464342435151
-532.4464342435186
-480.84643424351975
697.9535657564809
835.9535657564783
313.5535657564789
-759.6464342435222
-423.0464342435206
-134.04643424351008
-40.04643424351705
339.15356575648605
554.1535657564795
-149.24643424352286
-0.6464342435187902
854.7535657564873
690.7535657564756
1569.3535657564657
-339.84643424351907
-68.44643424352329
192.7535657564788
1302.353565756462
-308.4464342435181
-1120.4464342435201
101.75356575647785
-573.2464342435056
-537.2464342435298
-780.2464342435135
725.7535657564766
-158.4464342435164
-730.4464342435228
-1110.046434243529
-1556.6464342435374
-1032.6464342435254
-1399.2464342435196
-1387.6464342435274
-1053.8464342435261
91.95356575647924
1188.9535657564786
-207.0464342435224
-1172.246434243516
-1073.8464342435154
387.9535657564828
-748.6464342435145
302.35356575648325
1460.5535657564772
1006.3535657564939
-666.8464342435161
-706.6464342435238
693.353565756479
219.95356575648023
694.7535657564721
223.55356575648227
262.1535657564792
8.953565756482384
-664.6464342435237
137.55356575648028
-545.4464342435182
-706.0464342435291
-501.8464342435192
568.9535657564832
-96.04643424352278
-707.2464342435345
-488.24643424351086
-214.04643424351866
-1372.446434243522
-412.8464342435181
946.15356575648
-120.6464342435165
602.5535657564933
1901.353565756479
-538.8464342435262
-295.0464342435173
-25.046434243520892
-30.646434243515763
-123.0464342435176
880.5535657564924
1722.953565756498
1713.9535657564902
356.95356575649384
96.35356575647853
-450.6464342435239
-32.846434243519305
2029.1535657565037
1295.1535657564812
-935.0464342435213
-453.44643424352034
-222.24643424352
-923.6464342435165
-1041.6464342435065
-1607.446434243517
-1262.8464342435004
164.15356575647405
-198.04643424352454
-1196.646434243544
-1817.646434243542
-1129.8464342435102
-2111.04643424354
-2349.046434243525
-5.846434243520321
429.9535657564878
606.3535657564855
521.9535657564679
-299.2464342435221
103.75356575648706
49.953565756481666
394.753565756479
711.353565756468
1352.553565756504
118.75356575648091
-215.44643424351548
615.1535657564763
1194.9535657564952
-413.4464342435194
644.7535657564846
2095.3535657564707
861.5535657564926
-627.8464342435108
-2134.446434243535
-2828.646434243519
-2124.2464342435305
-1559.6464342434908
-2772.846434243553
-235.64643424351837
461.5535657564837
590.153565756483
-62.2464342435177
-1044.8464342435136
-334.0464342435204
-723.446434243511
-2399.446434243527
-1246.6464342435127
520.9535657564745
1498.1535657564643
2097.3535657564707
773.7535657564798
1578.753565756472
1417.353565756464
-329.2464342435256
1314.953565756477
1359.3535657564883
464.3535657564818
372.7535657564867
1084.9535657564677
63.553565756462845
1668.3535657564983
1323.353565756479
297.15356575648264
-253.24643424351737
206.55356575647966
-2539.2464342435114
-1926.8464342435216
-848.8464342435221
-2018.0464342434889
-2512.2464342435173
582.35356575648
102.3535657564781
-15.446434243523392
-792.0464342435181
-277.44643424352194
-862.2464342435187
-567.4464342435205
-628.846434243524
-1999.2464342435248
-868.4464342435198
-420.0464342435219
1494.5535657564674
224.15356575648127
418.75356575648385
336.153565756489
-525.4464342435206
-757.6464342435171
1371.553565756466
2500.1535657564723
1236.5535657564897
-108.6464342435151
371.953565756482
562.5535657564802
-687.8464342435235
266.95356575648816
-644.4464342435149
-804.8464342435163
-960.0464342435454
-812.4464342435374
111.55356575648752
-1051.4464342435438
-1082.2464342435317
1463.353565756476
1465.7535657564626
505.55356575647477
-856.4464342435216
822.1535657564845
-40.246434243519985
-357.0464342435249
541.5535657564913
38.35356575647701
433.35356575647637
-335.0464342435245
311.553565756483
1840.3535657564787
220.75356575648195
83.55356575647227
2798.953565756464
632.7535657564637
1568.1535657564993
3740.9535657565284
2645.7535657565218
2360.1535657564914
1234.5535657564908
556.9535657564765
507.9535657564766
1347.9535657564668
704.7535657564706
-1587.4464342435238
-344.8464342435227
-443.84643424352305
-1966.4464342435422
-1279.8464342435202
-254.04643424352145
-1342.0464342435296
-543.2464342435279
-176.64643424352195
-1518.2464342435026
641.3535657564796
-175.04643424352656
-725.8464342435153
179.75356575647774
98.95356575647727
1049.75356575648
966.1535657564737
-1208.6464342435147
-86.64643424352113
-588.2464342435218
-333.0464342435208
2752.753565756468
2286.5535657564983
1175.153565756485
1584.5535657564749
-456.64643424351607
2214.753565756503
1630.153565756481
1665.9535657564745
1629.553565756496
344.7535657564806
25.353565756476723
-1550.2464342435128
69.3535657564826
21.1535657564784
-2130.4464342435426
-922.4464342435318
886.9535657564677
-1804.8464342435293
-932.0464342435176
-844.2464342435079
-2010.4464342435067
-410.64643424351
-1107.0464342435193
-687.2464342435218
197.9535657564858
-1104.446434243516
-184.84643424352222
328.15356575647854
-382.64643424351715
892.3535657564832
1035.5535657564878
490.5535657564717
1444.3535657564805
-212.84643424351842
-55.84643424352025
1506.1535657564689
-1366.0464342435253
370.953565756486
759.7535657564625
-111.84643424352458
-371.2464342435189
-67.24643424352095
-558.0464342435215
-135.6464342435209
338.9535657564729
-408.8464342435241
85.15356575648107
1436.5535657565085
2231.153565756515
491.35356575648217
862.1535657564827
-946.8464342435332
-1097.8464342435136
-225.4464342435209
529.5535657564766
1111.153565756484
1480.5535657564908
436.95356575647315
-426.2464342435199
-964.2464342435294
-440.4464342435168
-369.8464342435194
-265.2464342435204
394.5535657564772
981.5535657564867
816.353565756476
1370.553565756472
1437.5535657564646
537.7535657564877
507.75356575648897
-253.04643424352037
-1078.4464342435226
439.1535657564763
1027.3535657564805
-279.44643424352216
-210.04643424351997
234.55356575647832
-195.04643424352298
1263.3535657564853
278.75356575647555
-678.2464342435143
-562.8464342435286
-309.0464342435174
-940.2464342435227
177.95356575648037
-605.0464342435203
-462.6464342435156
-579.0464342435363
-67.64643424351844
676.9535657564728
-161.84643424351927
111.75356575648148
475.15356575648605
228.35356575647918
-755.6464342435182
-607.6464342435245
297.75356575648476
1512.753565756468
529.7535657564846
1085.9535657564836
1659.5535657564712
1243.1535657564764
37.15356575647991
-707.0464342435218
-114.84643424352345
-455.04643424352196
-743.646434243518
-754.0464342435234
-247.8464342435242
-717.8464342435209
-194.64643424351888
-697.4464342435189
-561.4464342435267
-1034.6464342435336
-1206.0464342435253
-1441.8464342434945
-298.8464342435227
-379.0464342435168
-448.84643424352464
-1026.8464342435411
820.5535657564767
1007.553565756479
48.953565756481765
-1510.2464342435069
-806.4464342435165
1326.7535657565145
936.7535657564673
1517.7535657564301
1051.153565756488
1550.953565756496
980.1535657564781
899.1535657564797
1343.75356575647
472.55356575647835
1027.3535657564817
-168.44643424352054
-788.646434243523
-1477.4464342435294
-842.0464342435168
-444.4464342435195
-402.2464342435187
531.3535657564804
710.3535657564765
-453.4464342435226
-510.046434243528
-195.64643424352187
-1035.4464342435458
-1596.8464342435382
-802.8464342435261
278.75356575648016
395.15356575647803
-1101.8464342435402
-637.6464342435218
-276.44643424352415
882.7535657564706
564.9535657564772
-175.24643424351865
-1046.2464342435196
185.95356575649436
1773.3535657564707
42.75356575648149
-548.4464342435135
-729.4464342435074
43.9535657564808
422.3535657564849
600.9535657564971
1176.9535657564886
-11.8464342435155
-1041.4464342435328
-1116.4464342435365
28.95356575647777
188.7535657564772
537.553565756481
-58.646434243522684
-886.6464342435352
-1058.2464342435069
-528.846434243524
2.953565756477185
-11.846434243521076
-548.646434243515
745.1535657564796
493.35356575648086
159.15356575648337
246.55356575648153
906.1535657564683
892.7535657564732
-130.8464342435209
543.1535657564644
614.75356575647
-1035.64643424352
-1797.8464342435173
399.55356575647414
282.55356575648085
1082.1535657564907
-140.84643424351847
1390.953565756463
1899.5535657564897
-153.0464342435178
1248.353565756472
205.15356575648005
290.7535657564796
393.5535657564767
-83.44643424351975
-884.0464342435282
-549.846434243513
677.9535657564785
645.1535657564792
1147.3535657564685
573.9535657564746
-476.8464342435135
-534.0464342435275
-2070.446434243522
-1150.6464342435215
786.953565756468
818.7535657564769
784.3535657564802
1029.9535657564863
-1222.6464342435238
-2440.0464342435266
-325.0464342435211
161.35356575648217
-161.8464342435212
928.5535657564878
270.9535657564805
-113.44643424351815
561.9535657564752
287.95356575647276
-27.646434243518407
-149.04643424352855
-479.84643424351657
263.7535657564859
269.7535657564834
-116.44643424352441
556.1535657564792
1633.1535657565016
808.3535657564728
-702.4464342435186
777.3535657564735
163.55356575648065
1328.3535657564792
787.953565756472
-1144.0464342435232
-1303.246434243505
-343.8464342435524
-1311.0464342435266
703.5535657564824
189.35356575647606
-712.246434243522
-584.8464342435186
-1420.6464342435163
-1382.246434243528
-1388.0464342435278
-1151.6464342435247
7.953565756478682
1364.353565756479
1294.1535657564616
85.9535657564848
612.553565756479
1275.7535657564881
1136.953565756474
284.1535657564781
955.9535657564865
871.9535657564676
-27.64643424351786
-814.8464342435288
203.15356575647547
808.5535657564757
1255.7535657564754
568.5535657564867
1867.3535657564817
803.953565756488
793.3535657564694
373.1535657564741
-236.44643424352276
-625.4464342435173
387.15356575647957
-452.8464342435246
9.953565756477502
-272.0464342435209
-1183.4464342435213
125.75356575647552
-965.6464342435255
-493.24643424351876
-588.2464342435217
-1343.8464342435223
-1442.2464342435185
-74.04643424351666
-533.2464342435211
-390.8464342435246
568.5535657564785
1437.153565756502
1110.5535657564842
927.3535657564771
139.55356575647963
-982.0464342435204
-841.2464342435184
-1287.046434243518
-358.0464342435152
1008.9535657564991
-836.6464342435235
-152.44643424351744
594.7535657564804
-340.0464342435171
303.9535657564803
-159.84643424351808
140.55356575647903
-658.4464342435349
-1275.8464342435186
-2080.246434243532
-713.4464342435241
1054.1535657564748
-597.8464342435261
-500.44643424352216
-98.44643424352083
-48.04643424351939
642.5535657564888
-1370.4464342435276
-1203.4464342435208
-601.0464342435116
-349.64643424352045
20.953565756481773
1060.9535657564777
602.5535657565051
1268.9535657564484
1224.3535657564883
-446.24643424351996
300.5535657564888
570.953565756484
326.5535657564771
-181.4464342435136
1059.5535657564699
-388.446434243518
1069.5535657564844
1657.953565756493
382.5535657564908
389.35356575646756
-127.84643424351961
68.15356575647711
-969.8464342435116
-697.0464342435223
-484.6464342435219
591.153565756479
826.3535657564779
137.15356575648246
-468.84643424352356
717.1535657564847
286.9535657564799
1393.1535657564652
-151.0464342435148
100.35356575647238
505.75356575648027
-980.4464342435181
-278.8464342435218
2031.7535657564852
405.7535657564754
336.7535657564853
262.7535657564811
215.75356575648007
557.1535657564746
-470.6464342435225
-262.04643424352474
415.75356575648544
-447.8464342435165
-469.64643424352073
721.9535657564766
2380.1535657564996
-266.04643424352065
673.9535657564779
-118.84643424352396
-1174.04643424353
-2290.6464342435065
523.9535657564842
211.5535657564862
569.7535657564798
-44.84643424352139
-889.446434243523
58.953565756486796
1423.5535657564733
1183.9535657564957
1197.9535657564763
-316.44643424352154
275.95356575647907
792.9535657564819
502.7535657564668
-31.24643424351698
1542.9535657564943
221.95356575648145
-236.64643424351826
768.3535657564821
880.1535657564768
453.35356575647666
42.95356575648199
540.9535657564792
897.1535657564799
610.7535657564671
1146.7535657564738
93.7535657564811
797.5535657564785
-133.6464342435225
712.1535657564951
29.753565756479773
-283.24643424351683
-540.4464342435231
-187.0464342435283
-658.2464342435292
833.3535657564806
-83.04643424352035
-779.2464342435163
882.5535657564852
983.9535657564821
-283.4464342435149
705.3535657564803
349.3535657564793
601.753565756473
-619.6464342435194
79.5535657564826
600.5535657564794
388.1535657564784
-1047.6464342435272
-272.04643424351855
671.9535657564817
1066.3535657564585
238.35356575648325
172.75356575647936
-3.446434243517917
-318.0464342435205
108.95356575647807
3.9535657564709368
-479.6464342435327
-214.4464342435275
403.35356575647813
602.9535657564793
-1004.4464342435288
-876.0464342435184
345.75356575648163
-1332.6464342435281
-595.8464342435209
646.1535657564774
659.7535657564795
1595.3535657564844
104.55356575647914
96.35356575647819
-393.44643424352194
507.5535657564826
1301.3535657564694
391.35356575648007
38.553565756480396
-239.64643424351868
57.15356575647547
-179.44643424351943
-727.2464342435176
289.3535657564821
-667.6464342435161
644.353565756475
212.95356575647844
-1473.0464342435098
-477.2464342435186
-405.0464342435215
1200.353565756473
1344.9535657564868
1073.553565756485
946.7535657564796
56.953565756479406
-160.6464342435197
-397.44643424352046
-941.0464342435114
-70.44643424351901
-1141.0464342435412
-897.4464342435248
-473.04643424352065
989.9535657564792
1110.5535657564762
-463.0464342435293
410.7535657564795
339.9535657564813
-200.64643424352064
354.55356575647784
-503.84643424352896
242.9535657564815
-132.24643424352263
-581.4464342435233
183.35356575647913
584.1535657564912
1428.5535657564667
-3.8464342435176846
664.9535657564753
63.353565756481856
-464.84643424351964
589.3535657564687
-71.64643424352097
1130.3535657564737
-64.84643424352066
158.3535657564814
609.1535657564815
-926.8464342435299
-540.4464342435182
266.95356575648157
-446.646434243521
-350.44643424352245
-596.44643424352
-2.8464342435187007
-217.44643424351582
307.3535657564804
-312.44643424352273
-352.6464342435225
-52.24643424352415
-354.44643424351966
-501.2464342435037
114.75356575647783
-33.04643424351551
110.7535657564757
-566.0464342435135
-1171.0464342435312
1.753565756482267
-226.64643424352622
292.95356575647844
59.553565756478065
380.9535657564822
-1249.64643424351
-492.04643424352025
86.35356575648137
-1185.4464342435301
-647.2464342435147
-1761.046434243528
-1664.4464342435
-940.0464342435292
-420.6464342435044
1348.5535657564765
150.3535657564764
-1533.646434243536
-1076.2464342435223
1502.95356575647
633.5535657564831
-25.046434243518753
690.7535657564782
1168.553565756492
1459.3535657564978
1454.7535657564665
908.3535657564827
-23.046434243520068
-233.8464342435233
-224.84643424351762
795.7535657564775
648.1535657564682
198.75356575647817
-1072.0464342435225
-1439.446434243526
-815.4464342435242
573.5535657564895
544.353565756474
-71.24643424351481
455.1535657564815
24.353565756480464
-442.44643424352364
85.3535657564849
1309.1535657564757
9.153565756484717
-742.2464342435219
-236.04643424352142
-262.84643424351964
-170.84643424351987
394.15356575649093
1266.9535657564995
2012.7535657565097
791.7535657564883
-763.0464342435259
-321.0464342435252
900.5535657564669
396.95356575649015
403.55356575646374
-181.44643424352446
-454.04643424351696
324.3535657564784
-249.64643424352053
844.9535657564892
917.9535657564923
904.353565756469
401.75356575647095
-869.4464342435227
-933.8464342435233
200.55356575647056
1003.5535657564783
746.7535657564819
843.5535657564784
205.55356575648352
475.1535657564777
607.553565756489
1223.7535657564936
762.1535657564743
-717.4464342435235
-645.8464342435237
736.1535657564767
272.75356575648914
550.9535657564754
1255.353565756483
337.95356575648736
-395.8464342435226
-1334.0464342435207
-1961.8464342435152
-78.84643424351893
-168.04643424352363
-18.646434243521725
-509.24643424352314
420.9535657564849
570.9535657564708
-1118.4464342435024
-563.646434243516
-716.0464342435166
-745.4464342435218
-13.046434243517837
-447.4464342435207
-605.4464342435197
-597.2464342435193
141.55356575647195
-520.2464342435219
-191.84643424352376
-1488.0464342435184
73.75356575648084
625.553565756483
705.1535657564821
17.95356575648036
670.9535657564829
742.7535657564792
-113.64643424351615
-702.6464342435232
-617.646434243526
628.153565756459
80.55356575647995
440.35356575648024
-345.6464342435158
-1208.0464342435173
-1018.6464342435075
382.55356575647653
1483.5535657564837
975.7535657564821
1228.3535657564564
844.7535657564721
-72.44643424352122
-856.2464342435273
-1001.0464342435245
-369.84643424353084
180.15356575648013
780.953565756471
1082.1535657564673
1371.9535657564911
1058.3535657564817
-1050.2464342435158
-295.24643424352087
87.95356575648279
365.15356575648684
-375.6464342435206
-263.8464342435211
-1250.446434243515
-133.84643424352302
104.15356575648136
-1024.64643424352
-1112.0464342435198
-310.2464342435212
1052.7535657564772
1007.5535657564826
324.9535657564821
440.15356575648616
80.95356575648097
1214.5535657564694
548.353565756475
222.5535657564847
429.7535657564802
1029.753565756477
1087.5535657564897
30.953565756480344
-403.4464342435257
-904.6464342435189
40.353565756481466
577.9535657564855
52.55356575647743
-201.44643424352176
559.1535657564851
643.353565756495
449.3535657564829
-113.04643424352071
-1011.0464342435148
19.95356575648347
-243.64643424352298
643.1535657564812
-246.0464342435214
-741.6464342435218
59.953565756486036
-163.24643424351996
715.9535657564827
1360.353565756465
1224.3535657564703
1067.7535657564727
-45.446434243515604
675.9535657564663
560.9535657564803
815.9535657564879
-887.4464342435213
-951.0464342435126
246.5535657564832
-304.2464342435212
1582.3535657564992
-131.04643424351787
268.753565756483
182.5535657564816
45.5535657564838
75.9535657564843
60.75356575648604
355.55356575648136
722.3535657564659
260.1535657564875
-1201.646434243515
-342.8464342435173
-527.6464342435236
-423.2464342435249
-836.6464342435303
-877.4464342435118
-574.8464342435152
-741.6464342435199
-280.046434243519
924.5535657564831
661.9535657564652
1001.9535657564852
664.5535657564676
906.3535657564731
372.7535657564837
-175.04643424352096
-9.246434243516354
-83.2464342435171
-1206.2464342435107
-790.6464342435219
56.953565756483854
-905.6464342435114
1105.9535657564804
-220.8464342435216
643.7535657564778
1819.5535657564933
816.1535657564893
-558.4464342435213
-411.8464342435192
2040.7535657564763
1755.153565756493
558.5535657564749
-335.4464342435232
388.55356575647454
834.7535657564781
-546.84643424352
-1259.4464342435122
-470.44643424352137
-168.64643424351465
-538.0464342435164
-151.84643424351694
360.95356575647554
213.1535657564878
279.9535657564848
-259.4464342435201
1554.1535657564918
659.3535657564854
613.7535657564794
-1271.4464342435326
-206.64643424351829
93.75356575647857
-307.64643424352414
-17.646434243517383
-1324.2464342435082
178.1535657564817
-17.8464342435205
694.3535657564826
1657.7535657565063
-148.84643424352168
-100.24643424351497
208.9535657564864
-120.64643424352008
-142.6464342435206
813.5535657564624
1394.1535657564973
2121.953565756478
216.7535657564817
-1103.6464342435495
-1600.0464342435257
-76.6464342435163
-7.846434243518928
-185.64643424351576
-76.24643424351248
-1381.24643424352
475.7535657564827
488.1535657564897
1193.1535657564687
1497.3535657564764
-46.64643424352025
12.153565756474038
-1669.4464342435194
11.353565756478801
655.7535657564666
116.35356575647191
-114.04643424351977
-529.0464342435205
419.55356575648534
725.753565756493
1567.5535657564594
1655.553565756464
1132.1535657564782
1010.5535657564843
387.55356575647403
-828.2464342435259
-315.446434243518
1003.5535657564792
1092.7535657564704
2145.953565756461
120.75356575648058
-115.64643424352411
-456.04643424352
789.1535657564824
-728.8464342435145
-1433.8464342435218
94.75356575648698
-463.4464342435222
206.95356575647958
480.15356575648354
2445.3535657564785
1429.953565756493
793.9535657565012
577.5535657564691
-554.0464342435166
-274.4464342435209
-265.84643424352043
-535.4464342435172
-1618.0464342435278
-1421.2464342435042
364.5535657564843
424.15356575647746
-72.44643424353325
-92.04643424351755
1727.5535657564812
297.5535657564808
73.35356575648453
418.3535657564877
423.95356575648725
-587.0464342435243
-343.2464342435128
819.7535657564777
597.9535657564811
665.9535657564816
86.75356575648249
862.9535657564752
1194.1535657564818
-129.24643424352263
672.353565756481
278.5535657564804
616.95356575648
380.1535657564768
1969.5535657564797
1766.5535657564717
899.1535657564676
636.9535657564863
363.35356575646784
-203.2464342435187
921.5535657564743
1684.7535657564679
-640.646434243515
-831.2464342435252
389.9535657564751
-794.6464342435182
-821.8464342435236
366.353565756482
1396.1535657564953
782.553565756467
564.9535657564649
1093.7535657564824
1550.5535657564562
914.9535657564794
1011.5535657564769
-577.6464342435207
-46.446434243525154
1651.3535657564719
766.7535657564805
-442.2464342435227
1180.3535657564676
947.5535657564693
154.55356575647883
319.3535657564844
-9.04643424352043
-217.4464342435203
1847.3535657564814
1696.753565756493
-1.4464342435149433
-1247.6464342435188
-1154.0464342435246
-1709.0464342435398
-981.646434243526
967.1535657564815
450.35356575647904
-413.04643424351525
-1061.04643424351
-1235.8464342435118
-1384.446434243513
-760.6464342435169
862.7535657564799
860.9535657564838
111.55356575647087
-1060.646434243517
-844.64643424352
466.15356575647303
1081.7535657564913
-1310.6464342435172
-474.04643424351906
851.5535657564782
-108.84643424352056
-639.446434243521
-1097.846434243505
-1635.8464342435263
-336.64643424352084
460.7535657564805
-1120.8464342435327
1402.3535657564871
3279.153565756506
2971.9535657564134
1276.7535657564804
-487.4464342435257
-927.8464342435194
-794.4464342435134
-802.0464342435107
41.75356575648171
662.5535657564769
1189.7535657564586
1082.5535657564876
-472.24643424351956
-238.04643424351127
132.7535657564718
-683.6464342435166
854.7535657564742
-294.04643424352093
-1483.8464342435148
-1290.4464342435306
-512.6464342435171
-970.8464342435166
653.1535657564852
-813.0464342435222
-1899.6464342435158
-1576.2464342435032
-137.84643424351881
-2122.4464342435454
-1002.6464342435296
1089.5535657564785
357.1535657564749
-806.6464342435206
2387.753565756494
3360.7535657564836
3032.953565756491
1001.5535657564744
0.35356575649132793
-2292.846434243511
-1121.046434243519
623.9535657564842
-1029.64643424353
-566.6464342435273
-63.64643424352053
1017.7535657564872
-759.0464342435181
-860.8464342435263
-252.0464342435171
-877.646434243522
-1700.0464342435253
-382.8464342435197
396.553565756484
-627.2464342435177
-2173.2464342435196
-1074.2464342435153
-499.4464342435174
-2103.8464342435504
-1149.246434243526
-1335.0464342435218
-677.84643424352
-529.0464342435264
-760.846434243525
1077.1535657564914
516.7535657564785
64.95356575648283
2532.553565756467
3847.153565756531
2876.553565756516
610.3535657564775
1120.753565756492
-1302.4464342435174
-1579.046434243518
608.1535657564785
-58.84643424352143
-304.0464342435213
-553.2464342435194
-469.4464342435147
836.9535657564835
-511.2464342435193
520.3535657564897
2916.5535657564665
-123.6464342435122
-49.846434243515546
1638.1535657564684
843.1535657564609
470.55356575647806
-504.04643424352105
-943.4464342435284
-495.64643424352323
998.353565756478
1064.9535657564752
-1116.8464342435032
-242.6464342435205
-1118.8464342435177
-1986.8464342435482
-1271.846434243528
-732.8464342435249
-1854.246434243509
559.753565756484
2080.953565756454
45.553565756480246
1572.7535657564888
-314.6464342435265
-1710.6464342435145
-1091.2464342435192
-1679.6464342435386
-255.8464342435225
978.7535657564792
-1662.6464342435147
-1159.6464342435165
-1512.0464342435184
-714.4464342435161
1975.153565756478
641.7535657564893
-1192.6464342435265
-4.646434243520652
-1400.6464342435393
1023.353565756473
299.15356575647746
378.7535657564767
944.7535657564883
475.5535657564775
641.7535657564839
-866.4464342435136
-238.84643424351736
-875.8464342435217
-2994.8464342435905
-2318.046434243537
-536.2464342435236
-2569.0464342435125
-36.04643424352822
1317.5535657564672
-528.4464342435258
-321.24643424352064
-1690.646434243525
-1403.2464342435055
-1517.6464342435224
-2941.4464342435163
-1008.6464342435085
834.1535657564772
306.1535657564815
764.7535657564792
550.1535657564822
-258.0464342435207
223.1535657564814
-2172.04643424354
-2590.0464342435275
-445.2464342435229
-2897.4464342435135
-1016.0464342435222
313.9535657564876
-854.2464342435202
-697.0464342435187
-164.64643424351922
-361.04643424353014
-14.046434243515971
-306.84643424352214
-1213.8464342435173
-770.8464342435215
611.553565756473
1446.35356575648
303.15356575648343
2110.553565756469
1226.3535657564805
453.1535657564841
18.353565756479632
464.5535657564821
1168.153565756479
257.75356575648016
-780.0464342435289
-1139.8464342435166
-1169.8464342435093
-95.04643424352575
-412.84643424352663
-172.64643424352107
225.35356575647938
-184.6464342435257
-1326.0464342434987
-563.046434243534
-113.64643424352982
-987.0464342435201
-213.4464342435177
-110.44643424352137
-1150.646434243518
708.3535657564821
1198.353565756477
-427.64643424352585
-752.6464342435269
-480.646434243517
-994.0464342435292
666.1535657564857
133.5535657564829
-258.0464342435265
-132.0464342435231
1039.953565756462
1241.5535657564824
2000.7535657564724
131.55356575649034
621.3535657564848
738.9535657564801
-302.04643424352093
-164.24643424351538
-459.84643424352436
14.753565756479343
612.7535657564812
-166.64643424352153
-673.0464342435174
-365.24643424352547
-653.6464342435042
-674.6464342435239
-723.4464342435123
155.15356575647996
411.5535657564746
564.7535657564757
-35.646434243519295
-431.24643424352274
634.1535657564741
925.9535657564688
85.75356575647618
-958.0464342435213
-626.4464342435263
-778.846434243516
307.153565756477
0.9535657564801276
755.553565756485
399.35356575648353
747.3535657564742
53.35356575648042
694.1535657564651
124.75356575649351
172.95356575648043
95.9535657564794
1717.3535657564732
1196.7535657564767
176.55356575647687
-1226.24643424352
-177.2464342435174
1605.1535657564925
1037.5535657564715
1522.1535657564868
374.35356575648433
-163.64643424352516
-561.8464342435235
-468.24643424353377
-205.4464342435293
-663.4464342435247
596.9535657564774
-44.44643424352829
363.15356575647684
166.1535657564804
537.3535657564803
502.1535657564813
88.95356575648276
1221.5535657564772
1836.1535657564793
454.35356575647575
1347.1535657564798
1445.5535657564858
573.1535657564738
-561.4464342435175
-233.84643424352154
491.9535657564829
194.1535657564751
-1154.2464342435158
-64.84643424352012
204.15356575647445
736.3535657564883
494.1535657564768
-31.646434243521526
-917.846434243519
164.35356575649195
1633.5535657564742
-603.846434243517
-2148.246434243521
-2734.4464342435226
-1575.8464342435345
-824.446434243512
-617.8464342435204
-202.24643424351987
-373.2464342435152
-140.84643424352146
178.55356575648187
1359.7535657564808
1120.5535657564767
1452.153565756483
978.1535657564782
-256.2464342435211
-751.0464342435196
404.953565756481
330.3535657564868
501.55356575648375
-127.04643424351534
1035.5535657564767
622.9535657564919
-142.4464342435197
202.35356575647975
999.9535657564597
503.75356575648226
-387.04643424352093
110.35356575647808
253.5535657564823
-1441.8464342435434
-2286.646434243533
-32.046434243514035
-414.2464342435192
-343.6464342435222
-1406.846434243529
43.953565756480074
169.75356575648246
-1738.6464342435186
-770.0464342435226
-1221.6464342435165
177.15356575648008
-8.846434243519653
-505.84643424351907
-713.4464342435207
-14.046434243523198
1390.9535657564868
700.3535657564862
964.9535657564825
-88.24643424352357
-1061.6464342435263
-709.4464342435197
-2330.6464342435247
-1138.2464342435312
777.9535657564785
955.9535657564999
1516.7535657564702
1623.953565756476
-1087.0464342435223
-1979.646434243521
-107.6464342435215
403.95356575647736
53.553565756478555
513.953565756479
-434.24643424352087
-835.6464342435218
-99.046434243516
-458.8464342435205
-1032.046434243523
-1370.0464342435193
-1359.0464342435328
-695.8464342435196
-830.6464342435236
-340.04643424351923
59.55356575647761
869.9535657564762
791.7535657564813
-83.24643424352003
1798.9535657564822
980.1535657564835
1874.9535657564866
856.3535657564776
-1791.646434243511
-1791.4464342434899
-800.0464342435089
-1151.4464342435508
817.1535657564788
584.5535657564798
282.75356575647686
888.5535657564917
-76.64643424351551
194.95356575648282
584.7535657564706
712.9535657564908
1179.9535657564797
1477.3535657564926
1167.3535657564669
-170.24643424352152
17.753565756480214
907.9535657564708
899.1535657564656
14.353565756484695
904.1535657564682
977.353565756477
387.15356575648
-500.44643424352165
452.55356575648943
678.9535657564785
1135.1535657564573
1063.5535657564724
2539.153565756515
1528.9535657564707
1663.7535657564508
827.1535657564859
-875.2464342435211
-1608.8464342435561
-196.84643424351066
-239.84643424351702
630.7535657564777
260.1535657564877
-211.64643424352096
1692.5535657565028
174.95356575648444
943.1535657564843
1260.1535657565266
578.5535657564808
-111.84643424352043
107.35356575647842
-373.44643424352324
-529.4464342435194
-189.84643424352038
893.7535657564861
1107.9535657564616
543.1535657564751
-456.04643424352327
-1513.2464342435378
-572.4464342435168
-1237.2464342435235
-280.2464342435189
1284.3535657564712
-501.64643424351664
128.35356575649172
297.15356575648406
-350.4464342435242
125.55356575647818
-895.2464342435158
-912.2464342435015
-1997.8464342434793
-2376.046434243518
-2315.446434243524
-291.64643424351436
1224.1535657564636
-281.2464342435234
187.1535657564759
-245.24643424351783
-206.4464342435173
814.7535657564788
-558.6464342435221
-307.0464342435253
-229.84643424351844
72.95356575647816
-302.04643424352065
-8.446434243518965
-572.4464342435198
493.55356575648426
142.55356575647755
-1906.0464342435428
-635.2464342435193
584.3535657564814
161.55356575647895
-66.04643424351984
1363.7535657564717
-178.6464342435244
913.5535657564654
874.9535657564857
-450.84643424352225
-468.64643424351465
-1299.0464342435257
-907.4464342435182
-1724.2464342435271
-2082.2464342435183
-1346.0464342435291
113.35356575648288
813.7535657564656
533.1535657564812
-58.24643424352084
51.353565756478396
-544.4464342435263
1009.1535657564659
-145.2464342435187
347.7535657564864
887.9535657564936
-282.64643424352397
-73.44643424350474
1355.3535657564785
-482.8464342435168
-161.44643424351992
20.153565756477043
-382.44643424351926
772.9535657564778
336.55356575647966
-253.04643424351693
637.9535657564853
-82.84643424351933
-345.6464342435191
585.7535657564746
1844.353565756494
-717.0464342435199
-39.44643424351713
-1080.4464342435265
-2071.446434243502
-2890.6464342434906
-824.0464342435167
-622.4464342435161
136.15356575647965
435.3535657564841
52.75356575647977
612.3535657564852
1099.9535657564825
632.1535657564835
793.153565756475
-486.24643424352087
509.35356575647177
1235.1535657564802
1236.3535657564646
443.95356575646827
1360.3535657564835
-8.84643424352069
-628.6464342435221
436.35356575648746
922.9535657564783
1345.5535657564876
986.7535657564711
807.753565756479
1121.3535657564614
499.9535657564729
905.753565756471
39.35356575648255
823.7535657564795
-94.04643424352057
491.9535657564873
-512.6464342435169
-1045.0464342435343
-1668.646434243499
-1494.2464342435403
-1293.8464342435275
711.353565756481
25.35356575648526
-387.44643424352284
851.3535657564789
565.1535657564837
-870.246434243525
47.75356575648002
252.15356575648667
1116.35356575648
179.1535657564856
945.9535657564916
1206.55356575647
552.7535657564775
-810.6464342435227
-600.8464342435245
349.5535657564839
1386.3535657564526
933.5535657564895
765.3535657564786
193.15356575648053
-185.6464342435199
61.35356575647702
-47.24643424352382
-722.446434243525
129.35356575647808
617.5535657564875
152.3535657564803
-1182.646434243506
-1209.6464342435177
-629.8464342435179
-2446.446434243528
-1315.2464342435242
70.95356575647834
-86.6464342435236
866.7535657564679
-682.0464342435159
-702.2464342435186
-1072.046434243521
-306.44643424352427
880.5535657564694
827.3535657564734
742.5535657564815
707.7535657564714
815.1535657564605
355.15356575647934
-261.6464342435236
322.5535657564811
-715.6464342435172
667.1535657564774
232.95356575648327
-1633.4464342435192
-651.2464342435189
-174.44643424352088
1359.3535657564646
1230.553565756464
782.7535657564832
1065.3535657564776
193.3535657564792
-194.44643424352176
-425.2464342435349
-1095.6464342435484
-580.0464342435212
-2082.2464342435146
-1877.4464342435074
-1689.8464342435238
-260.4464342435223
470.9535657564846
-720.6464342435219
-12.046434243519744
-39.046434243513914
-657.6464342435207
38.35356575648116
148.15356575648622
1099.753565756489
464.3535657564777
31.153565756483005
632.9535657564869
1078.1535657564673
1945.3535657565017
485.3535657564769
846.1535657564847
442.9535657564903
-340.2464342435189
202.9535657564799
-155.24643424351672
1313.1535657564832
86.75356575648246
106.15356575647927
627.3535657564829
-822.6464342435203
-401.44643424351204
305.3535657564813
-564.4464342435218
-488.4464342435251
-1580.8464342435052
-998.4464342435167
-1418.6464342435142
-581.0464342435166
-372.0464342435179
91.55356575648946
195.55356575647818
-349.04643424352423
-630.2464342435129
123.75356575648516
602.3535657564818
691.353565756481
-459.846434243526
-811.2464342435358
530.3535657564815
759.9535657564849
1398.5535657564826
1155.5535657564756
1173.1535657564975
-177.0464342435242
469.5535657564802
474.3535657564781
-688.8464342435204
200.75356575648465
-918.246434243515
-1472.8464342435193
-1025.8464342435288
-715.2464342435271
964.9535657564836
132.75356575647953
-1693.246434243513
-1875.24643424352
