15.537828349733562
711.5378283497332
836.5378283497325
641.3378283497364
275.33782834973204
-364.66217165026643
7.537828349732202
-32.462171650267116
285.13782834973387
1020.1378283497323
121.93782834973356
-250.8621716502664
-498.86217165026426
-562.8621716502632
-444.26217165027145
-370.6621716502672
-346.06217165026516
-598.2621716502688
-1007.0621716502684
-380.6621716502656
392.5378283497337
-121.66217165026944
-446.4621716502649
-412.2621716502679
-139.8621716502697
-188.46217165026988
430.3378283497349
632.7378283497308
459.13782834973637
126.73782834973656
-450.062171650266
-143.66217165026717
-65.2621716502667
442.5378283497383
432.537828349734
456.5378283497349
-226.862171650265
-221.66217165026544
26.137828349735585
311.13782834973404
51.13782834973574
489.1378283497365
518.5378283497374
343.937828349734
-263.4621716502678
-18.06217165026675
402.73782834973287
103.33782834973377
-42.862171650265516
10.937828349733302
-167.06217165026678
159.13782834973253
295.3378283497323
631.9378283497368
103.93782834973149
271.5378283497328
312.93782834973433
-181.66217165026757
799.5378283497325
374.73782834973326
400.9378283497375
679.9378283497314
203.93782834973484
147.73782834973537
228.33782834973167
579.7378283497305
124.13782834973404
248.1378283497378
-301.6621716502682
-157.66217165026774
154.33782834973272
308.1378283497332
573.3378283497326
643.3378283497323
557.537828349732
779.5378283497329
-222.66217165026916
-127.0621716502673
679.1378283497331
156.73782834973537
47.737828349735494
-78.86217165026551
-358.06217165026965
-269.4621716502699
-577.0621716502645
369.73782834973474
399.93782834973166
501.1378283497366
874.7378283497378
278.93782834973354
598.5378283497338
-359.6621716502648
-371.66217165026853
248.937828349732
463.13782834973097
37.537828349732244
274.53782834973254
341.13782834973455
-82.66217165026632
-295.0621716502665
-25.46217165026556
144.7378283497338
173.73782834973218
-346.6621716502693
-99.6621716502645
0.9378283497323139
-89.0621716502674
539.1378283497336
215.337828349733
-627.0621716502666
122.33782834973488
21.537828349730624
-126.8621716502659
-428.6621716502708
-811.662171650263
-799.2621716502663
-168.06217165026865
323.7378283497333
228.93782834973348
-431.0621716502666
-281.262171650268
-464.06217165026635
-252.8621716502649
-499.0621716502659
-821.062171650269
-559.462171650269
261.5378283497341
56.13782834973106
323.3378283497354
369.5378283497265
298.5378283497332
-29.262171650265323
374.7378283497335
354.73782834973315
-61.0621716502677
29.337828349734266
521.1378283497344
-252.26217165026745
-872.8621716502654
206.93782834973263
478.53782834973475
-307.462171650266
316.33782834973516
149.53782834973345
-411.46217165026616
-686.0621716502671
-623.062171650267
-59.06217165026797
409.1378283497327
942.7378283497325
905.9378283497371
-508.8621716502679
-654.4621716502647
-805.062171650266
-350.26217165026844
-36.06217165026693
199.1378283497331
-927.8621716502705
-105.26217165026623
865.1378283497252
737.3378283497378
308.9378283497363
390.33782834973437
551.5378283497321
289.13782834973296
-282.66217165026814
177.33782834973354
457.13782834973347
805.5378283497324
-690.0621716502687
-793.6621716502651
258.3378283497324
-68.8621716502676
209.33782834973323
206.93782834973229
-469.46217165026593
-778.0621716502635
-964.8621716502652
-64.6621716502675
126.5378283497343
-64.4621716502665
441.9378283497303
585.5378283497265
-137.66217165026677
-237.46217165026488
-142.86217165026687
-186.26217165026688
-330.462171650265
-2.6621716502664796
-508.06217165026874
-452.4621716502683
516.537828349732
393.73782834973116
618.5378283497332
312.1378283497331
-22.662171650265606
-56.86217165026443
-232.26217165026253
-225.26217165026586
575.1378283497303
809.7378283497324
-195.26217165026742
185.93782834973197
194.5378283497334
287.73782834973196
435.73782834973315
116.53782834973232
-217.26217165026844
650.3378283497293
298.5378283497364
-203.26217165026674
-759.2621716502683
-68.46217165026715
600.7378283497324
199.93782834973308
-485.26217165026685
37.53782834973384
-339.8621716502659
-622.8621716502654
-997.4621716502639
-629.0621716502698
85.73782834973375
-398.2621716502674
-347.26217165026765
241.9378283497345
710.9378283497362
320.33782834973505
-410.6621716502659
300.13782834973546
124.93782834973584
-442.6621716502655
-127.0621716502657
203.73782834973383
-225.8621716502671
611.7378283497311
524.3378283497328
224.93782834973092
-190.86217165026676
-230.26217165026557
305.1378283497352
642.1378283497315
379.33782834973255
724.7378283497376
-9.46217165026642
448.9378283497332
-267.46217165026604
-577.2621716502667
32.93782834973484
60.137828349734974
-256.8621716502653
-197.06217165026635
-383.0621716502696
-934.0621716502629
61.137828349733624
193.93782834973436
-160.06217165026885
-83.6621716502645
424.3378283497364
598.5378283497316
-16.262171650266854
61.937828349734005
903.5378283497345
-322.2621716502679
-686.0621716502719
-649.6621716502699
-550.662171650268
194.93782834973663
147.7378283497322
729.3378283497343
856.1378283497354
49.137828349732565
-305.46217165026786
-508.4621716502668
-449.46217165026536
880.5378283497349
1215.7378283497287
924.3378283497309
400.33782834972715
95.13782834973352
720.7378283497308
-657.6621716502673
-93.66217165026792
518.3378283497337
495.7378283497331
-94.86217165026612
339.3378283497366
-28.062171650267075
-575.062171650267
-177.66217165026575
99.93782834973248
349.1378283497355
-397.462171650267
-427.26217165026566
1032.9378283497304
20.53782834973437
-759.062171650268
-533.0621716502667
-6.262171650265973
274.93782834973695
593.7378283497294
690.337828349736
736.7378283497334
985.7378283497338
507.1378283497347
520.7378283497333
797.137828349733
576.9378283497335
1200.7378283497312
574.9378283497348
1160.5378283497284
1166.9378283497258
-4.062171650265354
-630.4621716502644
116.3378283497347
580.3378283497317
203.33782834973286
62.53782834973239
353.53782834973384
77.33782834973418
-174.86217165027003
-70.86217165026476
-440.26217165026776
-561.0621716502668
-446.2621716502697
-223.8621716502678
532.5378283497296
61.73782834973418
-315.4621716502651
-522.2621716502672
-115.66217165026521
56.33782834973482
773.1378283497303
830.7378283497309
758.737828349733
1424.7378283497371
981.7378283497352
774.9378283497268
1298.9378283497408
368.7378283497308
66.33782834973306
81.53782834973435
580.3378283497269
980.3378283497324
-209.26217165026597
-201.06217165026501
-224.4621716502653
-51.862171650266944
-305.86217165026545
-111.6621716502651
10.537828349735683
-86.4621716502669
-176.26217165026685
200.73782834973414
196.73782834973642
-460.8621716502629
-292.66217165026194
160.73782834973403
432.137828349736
334.5378283497294
526.3378283497327
397.33782834973255
-37.86217165026612
-242.66217165026862
-381.26217165027094
301.7378283497322
580.3378283497324
761.9378283497326
638.7378283497334
83.53782834973403
468.73782834973326
315.13782834973136
177.9378283497296
894.5378283497336
503.93782834973183
409.5378283497269
226.73782834973235
-37.26217165026627
68.93782834973156
-55.06217165026719
-213.2621716502692
-770.4621716502701
205.93782834973334
259.93782834973405
-659.0621716502658
184.73782834973449
321.93782834973734
46.33782834973499
109.73782834973258
436.93782834973644
131.13782834973418
-314.86217165026613
354.33782834973357
312.5378283497339
213.13782834973378
-319.8621716502667
-437.0621716502683
-315.66217165026313
422.3378283497345
592.3378283497335
719.7378283497299
446.7378283497333
-227.46217165026655
266.33782834973385
609.7378283497317
349.93782834973445
279.93782834973393
898.3378283497302
126.53782834973308
-551.0621716502683
-103.26217165026773
-31.262171650267117
-83.26217165026549
-302.06217165026374
-235.66217165026342
-446.46217165026553
-1030.0621716502703
-14.662171650265218
-390.66217165026626
-938.0621716502682
-730.8621716502652
-380.06217165027005
234.3378283497354
-84.86217165026827
0.13782834973389413
9.537828349732766
363.9378283497336
529.5378283497357
5.937828349733717
-416.8621716502575
164.73782834973522
-185.66217165026873
-68.4621716502657
-47.86217165026716
36.73782834973359
-260.26217165026844
1004.5378283497358
311.5378283497354
-300.8621716502686
729.1378283497306
100.13782834973418
-674.6621716502682
-1067.6621716502723
-401.66217165026745
150.53782834973111
62.33782834973204
307.1378283497343
-546.2621716502687
-327.0621716502654
524.9378283497324
-70.26217165026733
-696.4621716502686
-972.8621716502743
-434.46217165026695
799.5378283497349
-168.26217165026713
-535.6621716502628
-33.46217165026775
189.53782834973208
403.7378283497335
589.5378283497337
106.33782834973282
-335.2621716502687
-922.2621716502649
-421.66217165027035
-352.6621716502668
-540.0621716502725
-802.4621716502658
-158.6621716502653
12.537828349732578
471.9378283497335
-96.06217165026632
-561.0621716502679
-188.862171650267
-388.66217165026757
-44.862171650271364
458.33782834973186
-78.66217165026744
70.33782834973323
179.73782834973386
-759.4621716502667
80.53782834973487
693.1378283497264
32.13782834973431
-422.26217165026793
-45.462171650273845
598.537828349735
-248.062171650264
-630.4621716502671
-786.8621716502694
244.93782834973243
33.13782834973102
189.93782834973288
49.337828349732796
-946.0621716502673
-649.4621716502725
244.53782834973268
-74.66217165026657
-1339.4621716502604
-849.0621716502674
33.73782834973173
22.337828349733357
-172.662171650268
-641.062171650269
-181.6621716502668
140.73782834973028
-370.8621716502661
-331.2621716502744
-587.8621716502666
-988.2621716502604
-672.6621716502624
-31.46217165026686
-548.8621716502664
-222.66217165026603
693.7378283497333
-269.26217165026446
119.3378283497332
-153.46217165026712
31.737828349731572
178.937828349735
269.7378283497319
-862.4621716502654
-629.2621716502704
430.9378283497329
-166.46217165026647
-493.06217165026334
-1106.0621716502592
-685.2621716502674
-172.4621716502651
-199.06217165026968
-682.2621716502703
-946.8621716502637
263.93782834973393
-321.2621716502657
-261.8621716502659
189.7378283497326
280.7378283497322
208.53782834973347
-1059.2621716502636
49.33782834973537
-125.86217165026791
-765.2621716502654
-710.4621716502684
172.9378283497339
303.13782834973483
-401.8621716502682
173.73782834973343
-835.8621716502629
-270.06217165026794
-429.46217165027315
72.93782834973345
474.53782834973384
-152.8621716502627
-220.26217165026645
-1382.0621716502762
-464.0621716502648
-687.462171650271
-354.2621716502674
-608.6621716502688
-736.2621716502686
-63.862171650266134
-43.2621716502689
75.33782834973321
69.13782834973357
167.53782834973222
-21.26217165026874
106.33782834973128
128.13782834973284
-505.0621716502674
-364.86217165026756
-1245.062171650266
-515.6621716502653
-39.062171650265384
72.13782834973244
-132.86217165026613
-174.4621716502658
-244.26217165026912
-21.262171650265547
31.737828349733505
-1190.662171650268
-637.2621716502667
106.737828349732
736.5378283497311
68.33782834973438
-152.8621716502663
2.53782834973369
-524.2621716502701
-999.0621716502671
-526.862171650266
-210.2621716502669
-97.46217165026468
-541.6621716502686
322.9378283497336
-477.8621716502684
-1074.2621716502736
-480.6621716502661
409.73782834973593
272.73782834973474
49.53782834973242
-648.262171650266
-1466.6621716502564
-494.2621716502657
-870.0621716502645
-517.0621716502702
-641.0621716502678
-24.462171650266022
203.53782834972964
-351.26217165026924
-492.2621716502674
618.7378283497351
-372.0621716502657
-871.062171650265
133.93782834973308
493.1378283497368
1244.337828349731
841.9378283497382
284.3378283497355
161.53782834973453
188.53782834973183
-494.26217165025895
-155.26217165026785
-214.26217165026983
212.13782834973267
-332.4621716502649
481.1378283497324
402.53782834973333
-64.06217165026855
-493.26217165026316
731.5378283497341
398.5378283497317
-33.06217165026741
-699.0621716502648
-761.6621716502658
-367.66217165027115
-169.66217165026683
-369.26217165027
-296.4621716502691
-110.66217165026565
192.337828349735
-394.2621716502668
-377.06217165026646
1144.3378283497345
-128.66217165026688
-313.062171650265
-119.8621716502654
-19.46217165026784
679.937828349734
472.9378283497308
179.73782834973161
603.3378283497348
-32.66217165027162
-810.2621716502662
-955.6621716502648
44.33782834973431
937.7378283497316
405.13782834973523
562.937828349734
700.5378283497315
873.737828349737
313.73782834973497
763.5378283497369
374.337828349733
-677.0621716502679
-184.6621716502683
51.53782834973456
914.9378283497352
765.1378283497301
-169.8621716502663
308.93782834973416
126.93782834973513
226.5378283497328
25.53782834973257
-426.2621716502672
878.9378283497402
-825.6621716502657
-417.4621716502655
-326.0621716502669
-92.46217165026712
375.5378283497327
295.93782834973024
956.7378283497314
504.93782834973507
-47.06217165026824
-419.4621716502688
-0.6621716502688599
831.5378283497282
-204.06217165026766
-7.262171650266145
262.13782834973205
249.73782834973443
-98.86217165026767
260.73782834973474
333.3378283497304
215.1378283497333
-102.66217165026835
42.9378283497327
-342.4621716502655
970.5378283497317
607.9378283497324
547.9378283497324
441.7378283497327
191.33782834973448
95.13782834973378
505.13782834973466
-597.0621716502668
744.537828349737
-380.6621716502668
-472.6621716502657
-167.66217165026706
606.3378283497366
847.7378283497331
1073.537828349734
922.937828349736
222.53782834973342
24.337828349732327
263.73782834973406
-109.46217165027142
48.33782834973155
-76.46217165026653
90.73782834973268
163.73782834973375
416.737828349734
220.53782834973555
-175.06217165026632
-576.2621716502626
-279.2621716502669
-119.46217165026668
-19.662171650266167
-463.2621716502651
-410.4621716502674
-317.0621716502681
154.73782834973392
-182.46217165026525
-886.4621716502642
-254.8621716502663
608.3378283497289
-827.6621716502705
363.7378283497362
-411.26217165026617
-57.862171650267285
251.53782834973168
-824.8621716502633
74.13782834973473
596.1378283497352
72.73782834973306
-278.66217165026956
-156.06217165026666
-128.86217165026721
379.93782834973257
782.7378283497349
885.7378283497327
481.33782834973323
131.9378283497345
-61.46217165026947
-307.2621716502656
-71.46217165026735
-636.8621716502668
-399.6621716502659
60.13782834973521
-80.66217165026755
-295.4621716502679
-338.8621716502693
2.737828349733837
-565.8621716502684
-307.8621716502671
-716.8621716502657
77.33782834973174
469.7378283497319
-803.4621716502653
-861.0621716502658
-329.0621716502686
525.937828349734
299.3378283497332
-1218.4621716502725
-725.8621716502687
163.1378283497338
510.33782834973323
253.9378283497354
134.93782834973774
40.5378283497341
425.7378283497312
626.9378283497341
180.53782834973643
-108.86217165026923
-101.86217165026818
-559.8621716502682
65.33782834973303
909.5378283497275
317.53782834973316
28.13782834973386
713.5378283497381
544.3378283497343
410.53782834973197
200.73782834973449
190.33782834973297
-585.6621716502679
-114.26217165026709
-379.8621716502661
-209.06217165026595
47.93782834973515
-671.2621716502684
-738.8621716502645
76.33782834973294
-34.46217165026695
-177.0621716502656
-132.6621716502672
96.9378283497337
-374.46217165026377
-291.26217165026816
-5.862171650269415
555.5378283497342
877.137828349738
130.53782834973313
-27.662171650264455
-86.86217165026585
-223.26217165026478
473.5378283497315
-112.66217165026671
124.13782834973532
223.53782834973347
-168.46217165026832
168.73782834973395
1133.937828349735
418.3378283497312
446.9378283497329
16.33782834973466
-321.6621716502666
-561.8621716502665
-422.06217165026885
-398.86217165026545
-529.0621716502642
-186.0621716502661
-861.2621716502626
-508.0621716502673
49.337828349732185
-331.8621716502688
569.3378283497284
985.5378283497373
107.73782834973355
-645.8621716502688
-506.6621716502658
-401.06217165026317
59.33782834973683
371.13782834973364
136.13782834973637
234.7378283497351
411.53782834973595
1099.5378283497394
1651.537828349749
294.5378283497336
301.9378283497333
141.7378283497351
-51.66217165026767
323.13782834973114
1181.737828349721
155.33782834973292
-160.46217165026616
268.13782834973443
-84.66217165026703
-191.66217165026717
63.53782834973426
277.53782834973543
161.1378283497362
378.9378283497354
953.7378283497328
96.93782834973305
748.3378283497334
298.3378283497337
467.7378283497334
250.13782834973276
-468.6621716502657
-680.8621716502671
-146.06217165026638
229.13782834973242
-90.06217165026567
297.93782834973564
237.33782834973414
503.3378283497359
600.7378283497311
746.9378283497344
1246.1378283497265
477.53782834973333
229.73782834973477
527.5378283497345
642.5378283497345
774.9378283497333
572.1378283497332
54.73782834973123
147.1378283497315
-221.06217165026644
122.53782834973455
22.33782834973272
219.33782834972953
598.9378283497329
95.9378283497333
-23.462171650265763
730.5378283497331
46.93782834973267
238.5378283497318
31.93782834973313
-247.66217165026643
-252.66217165026734
371.93782834973234
-71.4621716502692
623.93782834973
646.3378283497323
-73.46217165026783
240.3378283497364
-9.862171650266086
835.1378283497365
218.53782834973327
-423.46217165026815
-387.8621716502676
218.13782834973156
-48.062171650266215
364.9378283497321
1217.9378283497422
1177.5378283497378
547.3378283497294
288.5378283497355
250.13782834973577
-451.66217165026785
-97.2621716502682
645.1378283497338
529.1378283497344
228.5378283497344
783.9378283497377
-266.8621716502693
-356.46217165026917
-682.0621716502661
-275.0621716502709
-171.06217165027056
354.33782834973425
46.7378283497319
155.33782834973638
190.33782834973348
-195.06217165026573
-90.66217165026588
-212.8621716502658
-168.46217165026385
-443.8621716502675
328.5378283497358
502.33782834973357
460.53782834973237
-628.262171650263
-292.2621716502679
-457.2621716502685
-444.0621716502684
35.33782834973154
921.737828349737
409.1378283497335
-214.06217165026598
45.53782834973357
-84.26217165026603
405.1378283497321
515.1378283497289
-134.8621716502658
47.73782834973431
525.1378283497343
472.13782834973506
-183.66217165026873
-533.8621716502697
-149.26217165026702
-253.26217165026642
447.1378283497355
-118.86217165026582
-216.46217165026385
-81.06217165026888
-671.4621716502627
-436.4621716502661
-693.8621716502674
-312.8621716502654
-142.66217165026677
-89.06217165026739
-123.86217165026707
228.13782834973648
43.13782834973484
-581.0621716502668
-647.462171650266
64.93782834973479
-42.062171650265554
-146.26217165026546
-86.26217165026662
-601.4621716502699
115.33782834973132
-54.66217165026714
-127.66217165026607
-3.862171650268202
-333.06217165026686
-114.06217165026723
357.337828349735
628.9378283497325
842.3378283497299
629.7378283497345
-152.26217165026983
-70.8621716502669
113.53782834973347
-129.0621716502663
-417.4621716502701
-923.8621716502676
-1068.262171650263
-458.86217165026625
-820.0621716502637
-300.4621716502677
-127.26217165026671
-29.06217165026866
-227.46217165026863
84.33782834973371
373.13782834973443
-47.862171650265516
-742.6621716502663
245.13782834973352
323.1378283497347
-413.86217165026886
-512.6621716502648
104.7378283497362
119.73782834973318
-876.662171650271
-1107.062171650268
52.53782834973369
-144.86217165026605
-985.8621716502706
-247.062171650269
424.73782834973326
597.3378283497331
926.9378283497307
810.1378283497297
821.7378283497366
772.5378283497357
336.1378283497338
-401.86217165026204
-132.4621716502661
-334.46217165027235
-98.8621716502664
537.9378283497333
-287.26217165026566
-323.0621716502707
-344.0621716502659
-628.862171650269
-681.4621716502683
-542.4621716502672
-448.46217165026616
-887.8621716502712
-1225.262171650267
-270.26217165026765
527.7378283497329
40.33782834973403
-407.66217165026734
-449.462171650267
-248.8621716502695
-191.46217165026755
383.537828349734
262.3378283497346
229.53782834973404
77.93782834973652
-460.4621716502673
-223.06217165026578
-191.66217165026737
639.9378283497338
532.1378283497315
823.1378283497338
233.9378283497307
190.13782834973279
219.93782834973135
181.7378283497343
-181.86217165026488
218.5378283497339
294.93782834973274
261.337828349734
-106.26217165026559
33.73782834973328
274.13782834973443
-59.86217165026618
-323.8621716502681
-377.06217165026777
-322.46217165026525
416.5378283497347
552.7378283497328
736.7378283497344
133.7378283497322
280.53782834973094
200.53782834973296
-190.86217165026952
823.9378283497322
178.73782834973665
301.5378283497284
762.337828349734
321.7378283497317
113.7378283497314
74.33782834973451
735.9378283497304
406.5378283497338
866.7378283497341
350.93782834973155
489.937828349732
591.3378283497334
355.13782834973193
615.9378283497324
615.737828349734
308.1378283497317
592.5378283497316
-372.46217165026474
-366.4621716502683
403.7378283497326
-89.06217165026735
-136.2621716502634
-280.0621716502679
-501.0621716502668
-180.06217165026558
-565.8621716502594
50.137828349732324
91.13782834973264
315.1378283497322
848.1378283497319
344.9378283497341
843.1378283497346
-159.26217165026551
-316.06217165026544
235.33782834973513
568.137828349736
208.1378283497326
425.5378283497361
522.3378283497361
334.7378283497351
242.3378283497344
421.5378283497381
844.1378283497331
605.1378283497313
-201.86217165027307
120.33782834973262
57.73782834973437
-154.86217165026696
403.5378283497367
-132.2621716502702
-825.46217165027
3.337828349733879
-5.46217165026415
130.53782834973484
-29.062171650267164
-684.4621716502696
-844.462171650265
-440.6621716502668
-123.86217165026548
-195.46217165026366
-662.8621716502657
-158.06217165026828
-283.2621716502658
82.73782834973412
102.93782834973416
-442.2621716502667
-425.66217165026876
288.1378283497334
156.53782834973157
551.7378283497374
371.1378283497343
447.73782834973355
231.93782834973354
855.9378283497367
972.9378283497377
238.33782834973286
137.13782834973458
782.9378283497346
-47.86217165026605
-715.0621716502674
250.9378283497315
251.53782834973492
-441.26217165026975
331.33782834973397
333.1378283497339
243.73782834973636
159.33782834973576
-173.86217165026852
-291.8621716502677
-132.66217165026717
526.5378283497342
482.13782834973523
-610.0621716502649
-461.86217165026574
-533.4621716502678
156.3378283497333
687.9378283497315
764.1378283497309
-486.0621716502691
-6.062171650267679
745.3378283497308
719.7378283497376
109.33782834973297
247.93782834973356
690.3378283497341
703.537828349732
39.73782834973344
240.737828349735
640.5378283497346
1189.1378283497406
-378.6621716502676
-541.2621716502674
328.3378283497337
-163.46217165026735
-74.26217165026671
116.3378283497336
-260.86217165026767
-180.4621716502662
-332.86217165026704
227.3378283497335
-99.06217165026706
-620.0621716502668
120.53782834973583
232.33782834973576
-276.66217165026717
-81.26217165026665
23.33782834973339
218.53782834973313
393.9378283497323
685.5378283497322
-9.462171650265898
-334.2621716502669
151.73782834973449
192.9378283497324
417.7378283497316
172.7378283497328
-64.26217165026512
-89.8621716502652
-350.2621716502689
-304.26217165026657
803.5378283497347
1114.1378283497347
-46.062171650265945
423.33782834973397
340.137828349734
441.53782834973555
635.3378283497282
382.13782834973614
154.1378283497329
1127.9378283497267
529.5378283497338
-158.46217165026573
-846.0621716502691
-265.66217165026694
687.1378283497311
205.33782834973752
-492.06217165026595
283.33782834973397
-6.0621716502663325
-44.46217165026686
-199.6621716502692
207.33782834973363
506.7378283497338
-242.26217165026745
-460.6621716502663
225.53782834973333
587.9378283497326
177.7378283497325
-461.6621716502667
120.13782834973452
-251.2621716502657
-812.6621716502675
-180.66217165026677
296.1378283497351
-175.26217165026642
702.3378283497331
515.7378283497325
314.5378283497307
147.53782834973373
90.33782834973375
742.537828349732
1090.1378283497359
613.3378283497317
878.5378283497361
100.1378283497318
421.5378283497361
101.93782834973449
-284.2621716502656
235.33782834973255
388.1378283497339
-67.26217165026549
169.73782834973588
349.737828349733
-213.6621716502678
335.7378283497307
208.93782834973382
-208.06217165026712
3.3378283497342736
501.1378283497343
559.7378283497326
-122.26217165026628
-263.2621716502665
303.33782834973334
-741.0621716502684
-634.4621716502626
-363.06217165027107
-371.4621716502662
-11.262171650265136
-228.66217165026563
434.1378283497323
775.3378283497316
-45.06217165026684
83.93782834973314
29.137828349734754
1.3378283497357728
1299.7378283497314
1216.1378283497343
611.3378283497343
256.1378283497282
-54.46217165026559
618.1378283497316
-733.8621716502659
-194.6621716502668
529.9378283497351
691.9378283497286
249.33782834973434
545.9378283497338
103.73782834973419
-695.2621716502643
-245.46217165026684
313.93782834973393
423.73782834973787
-465.26217165026344
-596.6621716502661
765.937828349735
-171.66217165026768
-553.2621716502691
-68.46217165026633
226.33782834973508
236.9378283497332
407.93782834973297
564.3378283497347
884.7378283497308
977.537828349733
749.9378283497329
1215.3378283497364
1322.3378283497393
959.5378283497311
1277.737828349732
446.5378283497328
774.137828349734
794.5378283497332
-217.66217165026822
-775.8621716502616
73.73782834973302
531.337828349733
-18.262171650266996
140.13782834973364
680.5378283497348
477.1378283497301
-187.86217165026937
-77.86217165026598
15.73782834973266
-266.062171650267
-492.26217165027043
-382.86217165026835
548.1378283497313
30.137828349733745
-158.6621716502682
-265.8621716502672
93.13782834973519
259.13782834973284
655.3378283497344
814.3378283497357
1019.9378283497379
1641.9378283497363
1156.137828349726
1293.537828349729
1648.7378283497292
577.3378283497258
420.33782834973584
147.3378283497343
227.13782834973208
763.5378283497349
-79.6621716502636
166.73782834973395
-29.862171650268536
-42.46217165026676
-253.8621716502714
-20.262171650263717
140.33782834973084
173.13782834973426
-170.262171650266
183.7378283497332
716.7378283497357
-227.0621716502652
-424.46217165026945
-335.2621716502675
151.73782834973585
193.93782834973393
543.5378283497346
321.13782834973824
113.33782834972894
35.73782834973393
-490.8621716502664
370.33782834973533
975.3378283497356
1254.3378283497375
1244.1378283497318
821.7378283497346
1134.7378283497364
884.3378283497366
597.9378283497247
1005.7378283497352
124.13782834973748
-52.06217165026796
262.13782834973
498.93782834973524
506.33782834973255
25.737828349735942
-187.0621716502665
-734.4621716502683
19.537828349736806
333.93782834973365
-596.6621716502693
160.5378283497352
565.5378283497304
-83.26217165026675
-316.26217165026657
-101.26217165026621
-312.66217165026575
-500.4621716502686
174.7378283497349
-122.66217165026526
112.93782834973564
123.1378283497281
92.73782834973233
312.53782834973464
1157.7378283497283
1475.537828349727
1743.937828349752
1673.1378283497293
966.1378283497322
1247.3378283497277
1252.5378283497244
613.9378283497268
4.13782834973351
388.33782834973255
50.33782834973351
-233.26217165026708
273.1378283497309
-30.662171650267467
-410.2621716502655
-490.8621716502682
-592.4621716502663
-546.4621716502671
-1039.4621716502654
-120.8621716502655
-536.2621716502676
-1241.6621716502593
-1394.462171650269
-929.4621716502664
-63.46217165026555
-141.4621716502677
-92.46217165026647
-286.0621716502667
269.1378283497303
1103.1378283497422
911.9378283497343
580.937828349733
1396.537828349743
1264.7378283497221
1872.937828349724
1896.5378283497334
1730.337828349737
1166.9378283497365
1992.1378283497074
1098.3378283497375
9.137828349732185
689.5378283497313
152.93782834973203
-561.4621716502675
-1057.4621716502643
-667.0621716502633
-43.06217165026689
147.73782834973085
32.337828349736164
-749.4621716502702
-460.262171650267
434.9378283497348
-507.0621716502657
-987.2621716502754
-1455.8621716502669
-1103.6621716502743
385.93782834973234
-202.86217165026838
-515.2621716502684
-65.0621716502664
236.13782834973327
864.1378283497346
1227.937828349736
1048.1378283497304
1230.7378283497355
1027.5378283497328
1905.3378283497223
1991.137828349723
1599.9378283497338
951.7378283497311
1128.537828349734
1096.5378283497366
1185.537828349739
371.3378283497336
-262.66217165026643
-36.66217165026521
-652.8621716502644
-494.4621716502682
400.5378283497313
140.937828349735
-114.86217165026662
-239.66217165026805
-1208.2621716502663
-95.06217165026555
296.3378283497312
74.73782834973395
-453.0621716502631
-411.6621716502701
334.33782834973493
-207.66217165026842
-522.662171650268
-533.4621716502658
671.5378283497324
567.5378283497356
536.9378283497326
888.3378283497337
916.1378283497339
1769.3378283497398
2720.337828349729
2391.3378283497123
1140.137828349719
1205.3378283497264
1610.7378283497221
1348.5378283497387
995.3378283497279
282.7378283497307
339.5378283497365
255.3378283497306
-689.2621716502649
-650.8621716502646
-682.2621716502672
-879.4621716502648
-1107.8621716502641
-512.2621716502664
-967.0621716502703
-321.2621716502675
658.3378283497339
82.33782834973493
265.33782834973607
-320.66217165026393
-388.2621716502696
-238.46217165026573
79.13782834973226
-535.2621716502658
111.93782834973481
1249.1378283497213
501.73782834972957
554.7378283497414
845.1378283497322
1782.9378283497276
2173.93782834974
1950.337828349732
1600.9378283497297
1147.7378283497321
1956.3378283497366
1308.7378283497349
963.5378283497423
1212.33782834973
1060.3378283497527
760.73782834973
-692.2621716502704
-195.86217165026622
-608.6621716502713
-1033.46217165027
-1289.662171650263
-114.86217165026716
271.7378283497322
-440.6621716502663
190.73782834973161
-721.2621716502663
-283.8621716502618
-888.4621716502689
-802.4621716502677
-422.06217165026635
-640.8621716502677
-19.46217165026706
-741.0621716502627
357.73782834973565
391.93782834973405
1149.7378283497305
1491.5378283497205
1458.537828349743
1565.3378283497393
1301.5378283497341
1789.937828349744
1999.9378283497394
1947.7378283497374
1515.1378283497304
1162.537828349735
913.7378283497341
292.1378283497372
501.33782834973994
-523.4621716502701
-501.4621716502632
-343.6621716502668
-248.2621716502672
-700.4621716502645
-215.2621716502679
-143.06217165026692
-251.6621716502648
159.73782834973335
-1131.462171650266
-599.2621716502684
-391.46217165026815
-43.2621716502661
-844.6621716502606
-745.2621716502655
-0.062171650267414336
181.7378283497325
-85.06217165026693
468.9378283497395
1082.337828349744
1455.737828349729
1117.137828349726
1528.3378283497282
521.9378283497343
344.3378283497301
1025.137828349727
1789.7378283497362
1329.1378283497208
788.1378283497336
-149.86217165026738
-759.2621716502664
439.93782834973575
-84.06217165026686
-126.26217165027064
-503.6621716502686
-165.66217165026544
-283.462171650268
-447.0621716502652
-500.46217165026684
449.7378283497324
57.53782834973302
-554.4621716502711
135.5378283497341
24.337828349734224
500.53782834973185
-144.0621716502678
-420.0621716502684
-218.4621716502694
329.9378283497336
30.13782834973275
32.13782834973102
253.93782834973243
1117.3378283497311
684.1378283497347
1509.737828349734
1245.737828349746
1004.9378283497274
593.5378283497248
1558.3378283497298
1097.9378283497338
534.7378283497336
-214.46217165026624
-130.06217165026658
284.7378283497331
151.9378283497321
-273.86217165026784
-396.6621716502652
-471.4621716502686
-430.462171650267
-831.8621716502681
-620.6621716502653
932.9378283497343
344.1378283497357
-87.26217165026691
-212.2621716502676
-547.8621716502665
-70.0621716502669
-472.86217165026596
-654.6621716502663
-49.06217165026967
-191.66217165026532
-600.8621716502663
-1296.0621716502699
-394.26217165026884
765.7378283497385
592.7378283497262
1087.337828349744
1173.9378283497338
1325.9378283497294
852.7378283497293
996.1378283497389
492.73782834973736
-320.8621716502658
77.93782834973251
308.9378283497338
979.9378283497365
682.7378283497319
-251.46217165026772
160.33782834973425
-230.66217165026657
-354.8621716502669
-613.6621716502661
-967.4621716502741
386.93782834973473
-426.46217165026655
-193.26217165026534
-477.262171650269
-549.8621716502629
-250.06217165026644
-467.2621716502666
190.3378283497328
-167.86217165026588
-193.4621716502667
-227.4621716502679
-273.46217165026655
299.7378283497349
-758.8621716502687
-253.26217165026372
521.5378283497344
607.1378283497319
330.137828349733
618.1378283497357
168.73782834973264
1.7378283497339435
-162.46217165026707
62.73782834973184
-527.062171650266
473.93782834973325
54.33782834973329
308.9378283497332
449.3378283497323
145.3378283497357
-178.46217165026638
-35.862171650267705
-993.0621716502657
526.3378283497286
-261.6621716502663
-472.46217165026576
-439.4621716502655
413.33782834973323
532.1378283497354
372.9378283497364
193.73782834973292
-340.0621716502659
-263.0621716502684
315.53782834973566
-435.2621716502698
-280.8621716502656
-615.062171650264
-340.06217165026635
222.33782834973655
607.3378283497369
524.537828349728
-64.66217165026906
-907.662171650259
-508.86217165026693
-266.462171650265
55.93782834973536
-521.6621716502655
-607.6621716502692
-616.4621716502671
-4.062171650266194
-135.86217165026696
-824.2621716502657
-651.0621716502657
129.1378283497319
-936.4621716502648
584.7378283497287
-660.8621716502663
-296.8621716502675
113.33782834973368
-803.0621716502643
58.93782834973422
159.73782834973264
-514.2621716502682
-832.4621716502638
-698.0621716502665
-600.8621716502668
-294.66217165026364
241.73782834973383
433.53782834973515
156.13782834973392
97.33782834973499
57.13782834973179
-189.06217165026942
-336.6621716502654
-1188.6621716502698
-793.4621716502643
-129.46217165026698
-97.66217165026752
-267.0621716502683
-339.06217165026766
-62.462171650268054
-486.46217165026644
-115.66217165026883
-659.2621716502694
-370.6621716502656
287.13782834973205
-546.8621716502659
-402.8621716502676
-725.8621716502661
76.73782834973544
64.53782834973444
-1269.2621716502595
-569.0621716502629
26.537828349733463
233.13782834973418
-136.46217165026667
-539.4621716502686
-654.6621716502701
-263.2621716502665
-111.662171650268
-336.86217165026466
-435.462171650268
-386.6621716502745
-785.462171650267
-166.8621716502652
408.7378283497342
-372.46217165026377
-559.2621716502634
268.3378283497339
117.93782834973415
172.93782834973194
-21.06217165026709
80.33782834973296
-412.86217165026676
86.53782834973511
-427.2621716502678
-311.86217165026585
165.5378283497323
-239.2621716502678
-177.46217165026712
-162.66217165026626
-431.8621716502667
-555.4621716502651
-399.4621716502687
222.33782834973223
-324.66217165026757
-390.8621716502672
-399.2621716502645
-121.66217165026617
122.73782834973214
-442.8621716502663
-783.4621716502695
-752.6621716502664
-875.062171650265
-343.6621716502679
-937.4621716502674
-638.2621716502653
-517.8621716502646
-901.4621716502692
-566.4621716502656
139.13782834973327
-417.2621716502681
-159.8621716502675
-319.26217165026554
-351.26217165026713
-385.06217165026806
-330.862171650269
-350.4621716502667
-423.06217165026715
95.13782834973227
-481.8621716502624
17.937828349734453
-68.26217165026556
-738.8621716502627
109.73782834973342
662.9378283497356
130.73782834973446
-391.8621716502655
-559.8621716502648
-995.6621716502659
-851.4621716502684
-553.2621716502664
-762.0621716502649
-945.0621716502702
-622.0621716502717
65.13782834973394
335.13782834973665
-942.0621716502703
-631.4621716502666
-861.4621716502702
-1071.6621716502675
-727.8621716502677
35.337828349732966
-590.4621716502689
-774.6621716502702
-307.86217165026886
-349.6621716502671
-242.2621716502669
-19.262171650266513
186.9378283497355
195.137828349732
760.5378283497338
1332.7378283497296
536.9378283497311
759.9378283497344
62.137828349733375
356.73782834973275
497.33782834973516
-213.26217165026682
-515.2621716502682
-373.0621716502672
-484.66217165026876
-1020.6621716502638
-829.8621716502672
-1180.2621716502615
-1107.6621716502693
-690.6621716502665
-323.8621716502662
25.737828349734105
-590.8621716502682
-585.8621716502668
-582.8621716502682
-680.4621716502663
-267.66217165026853
-148.46217165026664
-216.0621716502674
-135.06217165026695
-734.0621716502692
-208.66217165026808
-132.46217165026658
139.13782834973492
454.93782834973615
-1.2621716502679021
189.93782834973075
1026.7378283497349
373.93782834973433
512.5378283497339
239.73782834973468
199.73782834973454
540.5378283497308
804.9378283497358
4.337828349733657
362.93782834973325
-95.26217165026956
-792.8621716502674
-743.8621716502626
-1233.4621716502675
-537.4621716502678
-801.4621716502709
-1271.062171650267
-1293.6621716502648
-600.8621716502676
-576.062171650266
-407.86217165026727
193.73782834973463
376.33782834973556
39.937828349734595
88.53782834973276
65.53782834973252
-743.662171650269
-158.06217165027033
513.1378283497322
321.93782834973683
31.537828349733378
674.9378283497348
-79.26217165026186
-2.862171650262887
-339.06217165026607
46.73782834973281
54.93782834973618
827.3378283497308
714.7378283497338
749.3378283497331
652.5378283497306
87.73782834973234
-204.06217165026695
-239.6621716502679
-448.66217165026416
-989.0621716502648
-392.8621716502675
-1.6621716502660178
25.537828349732944
-1026.4621716502618
-762.2621716502664
-664.0621716502699
-784.0621716502692
-509.0621716502667
349.7378283497339
68.33782834973432
-368.6621716502663
-275.8621716502699
-350.66217165026916
487.5378283497337
556.7378283497327
-167.46217165026576
40.93782834973193
597.7378283497317
746.9378283497315
310.9378283497328
24.537828349730148
-7.262171650267669
-231.86217165026895
582.7378283497335
223.3378283497348
285.7378283497343
379.73782834973116
-111.06217165026858
40.337828349732845
-415.86217165026835
-287.6621716502694
-418.0621716502668
-497.06217165026675
-443.66217165027
-10.662171650265435
-92.06217165026723
-839.062171650269
-920.0621716502673
-277.86217165026557
-534.2621716502688
-642.4621716502672
-331.6621716502686
-741.0621716502651
-147.26217165026702
-98.26217165026662
173.13782834973242
34.33782834973816
-331.4621716502654
-134.46217165026601
461.33782834973175
770.5378283497366
963.9378283497371
876.7378283497335
-218.66217165026865
-132.0621716502703
225.73782834973292
295.7378283497354
48.13782834973512
-416.06217165027033
-315.06217165026754
251.5378283497325
-370.2621716502658
-172.46217165026766
-189.66217165026856
-196.06217165026555
-240.86217165027094
75.9378283497336
419.7378283497331
95.93782834973372
-591.86217165027
155.13782834973517
200.33782834973218
-403.26217165026645
-419.2621716502673
282.9378283497332
295.9378283497323
-386.46217165026934
-478.6621716502672
134.53782834973364
-291.0621716502669
-1052.8621716502687
-40.46217165026622
495.1378283497315
622.7378283497333
990.137828349733
-1278.2621716502601
-973.062171650262
-946.6621716502651
-1006.0621716502684
-1421.6621716502682
-983.6621716502607
-1524.4621716502631
-1275.862171650272
68.93782834973265
-97.06217165026503
-97.4621716502661
-248.26217165026608
-452.6621716502689
-684.0621716502683
-767.6621716502686
-1062.2621716502692
-1355.0621716502776
-1153.262171650264
-128.26217165026662
287.1378283497336
-435.0621716502704
-1024.462171650273
-1069.662171650275
-866.4621716502743
-962.8621716502756
-597.8621716502657
-565.0621716502699
-309.6621716502721
-890.0621716502682
-1515.2621716502638
-1468.26217165027
-1926.662171650272
-1257.6621716502627
-1204.2621716502692
-908.462171650264
-1272.662171650267
-1049.6621716502634
-780.8621716502643
-944.4621716502705
-1349.8621716502666
-475.6621716502652
378.9378283497325
775.9378283497357
364.73782834973224
470.5378283497322
304.7378283497295
-338.0621716502659
-865.6621716502638
-472.4621716502655
88.93782834973473
812.5378283497271
731.9378283497331
588.9378283497331
-362.0621716502682
-327.6621716502694
-336.66217165026836
-965.0621716502642
-23.862171650270326
-307.26217165026986
-30.062171650265473
-44.46217165026674
-585.8621716502734
-909.0621716502718
-1213.8621716502628
-777.8621716502626
-1070.8621716502746
-879.2621716502642
-1092.0621716502674
-703.0621716502673
-421.0621716502661
-640.2621716502688
-649.0621716502619
-282.26217165026577
143.93782834973376
830.3378283497325
103.337828349732
302.13782834973074
565.3378283497366
-350.06217165026646
-368.6621716502665
-41.86217165026822
136.53782834973185
513.9378283497306
7.137828349735141
110.13782834973573
-578.0621716502732
-281.46217165026746
415.1378283497309
-212.06217165026717
329.9378283497336
-256.4621716502661
-169.8621716502659
-70.26217165026831
-32.862171650267506
-740.6621716502715
-841.8621716502685
-452.26217165026407
-854.4621716502646
-1257.4621716502706
-738.4621716502705
-22.66217165026631
-78.06217165026797
-1128.0621716502667
-1184.6621716502666
-1038.8621716502666
-454.86217165026517
490.13782834972983
200.93782834973388
-374.2621716502681
214.13782834973398
-69.66217165026448
99.53782834973708
237.13782834973293
-170.26217165026773
-226.26217165026677
-57.8621716502695
-365.46217165027167
-947.4621716502616
-1108.4621716502643
-274.4621716502658
-298.8621716502671
-45.462171650265375
135.93782834973413
-261.06217165026527
-654.4621716502645
-232.46217165026755
-819.4621716502672
-762.262171650269
-324.862171650265
-333.6621716502658
-683.8621716502674
-9.462171650266797
564.3378283497337
40.53782834973509
-651.6621716502673
-405.2621716502625
-1065.0621716502656
-1002.8621716502694
337.93782834973024
522.1378283497274
-80.86217165026656
685.9378283497347
602.7378283497327
223.73782834973332
384.5378283497346
-80.4621716502663
-67.86217165026787
-55.862171650267534
140.33782834973468
-110.2621716502668
-822.4621716502681
-341.2621716502683
-515.8621716502674
29.7378283497336
688.3378283497343
516.1378283497365
-1056.0621716502615
-685.6621716502659
-176.8621716502667
-292.06217165026834
-329.4621716502679
-99.662171650268
331.9378283497323
430.3378283497348
101.53782834973423
52.53782834973076
-166.26217165026674
276.5378283497341
-1253.0621716502615
-1003.6621716502667
111.13782834973308
-358.4621716502679
-259.862171650266
-136.66217165026916
-645.2621716502657
-836.8621716502648
-988.4621716502647
-338.06217165026663
-230.86217165026753
-551.4621716502683
-66.26217165026482
-36.462171650265425
-229.0621716502671
297.5378283497327
90.53782834973512
-114.06217165026787
146.73782834973437
385.33782834973493
-552.2621716502662
-994.0621716502627
-673.0621716502665
-700.0621716502674
-25.662171650266853
-81.86217165026629
75.13782834973429
387.7378283497357
174.93782834973211
-169.06217165026752
312.9378283497301
429.7378283497304
-758.062171650266
-236.66217165026995
-274.2621716502669
-346.8621716502667
-31.06217165026964
-143.26217165026753
-795.862171650264
-304.0621716502687
-914.8621716502709
-1242.8621716502653
-1434.4621716502652
-568.0621716502685
442.537828349735
219.53782834973387
-509.2621716502679
601.7378283497349
367.3378283497336
-232.26217165026918
-452.8621716502695
-42.26217165026716
88.13782834973283
-739.6621716502674
-988.4621716502669
-401.8621716502656
147.3378283497341
-290.66217165026933
-637.462171650271
420.7378283497337
444.5378283497326
-89.26217165026758
108.33782834973486
236.3378283497328
-368.46217165026513
191.33782834973357
-292.46217165026667
-971.8621716502664
-728.0621716502633
-429.86217165026795
-467.8621716502678
-709.4621716502653
-1067.0621716502828
-501.2621716502627
-892.462171650269
-325.66217165026706
-566.0621716502645
-583.8621716502671
-43.66217165026649
33.93782834973406
-104.462171650266
-87.06217165026627
-67.46217165026613
-638.662171650272
-78.6621716502643
-35.26217165026508
-388.2621716502711
-50.86217165026649
79.53782834973359
-273.4621716502689
-1062.062171650265
-495.66217165026836
777.9378283497393
70.9378283497337
-183.2621716502664
-315.66217165026626
-507.66217165026796
-353.06217165026595
-1285.4621716502668
-1230.2621716502656
-572.2621716502634
-1023.2621716502638
-1233.4621716502525
-1947.462171650265
-1998.0621716502508
-316.06217165026084
41.937828349737266
-326.4621716502652
-916.6621716502699
-1040.6621716502625
-418.86217165026414
-1715.2621716502622
-855.2621716502643
-49.2621716502655
35.737828349732055
-364.86217165027006
177.73782834973693
-92.46217165026633
-662.8621716502677
-125.86217165026721
-110.26217165026827
-234.46217165026675
-1138.8621716502691
-905.4621716502633
895.5378283497326
154.53782834973364
-381.6621716502709
-133.86217165026684
239.5378283497371
-43.862171650268664
-747.0621716502691
-925.4621716502604
-398.8621716502642
-332.06217165025924
-1205.4621716502697
-1305.8621716502485
-1070.6621716502664
-959.6621716502556
-176.66217165026535
-572.0621716502596
-632.8621716502681
-503.6621716502652
-1249.8621716502576
-1507.8621716502691
-558.4621716502676
-61.462171650265915
-493.66217165026427
-182.8621716502654
567.9378283497318
321.1378283497326
-28.66217165026678
82.33782834973309
71.33782834973414
-136.46217165026724
-472.2621716502662
-348.46217165026667
569.1378283497309
-5.462171650266747
-194.06217165026592
-486.86217165026767
-194.4621716502677
-214.0621716502658
-289.6621716502702
-460.8621716502593
-505.462171650272
-275.2621716502621
-1486.2621716502679
-1652.6621716502657
-1110.062171650261
-1728.062171650274
-1436.0621716502726
-1223.0621716502687
-1212.8621716502628
-685.8621716502691
-1347.6621716502743
-735.2621716502654
-520.2621716502676
-410.26217165026367
-469.8621716502643
86.93782834973317
374.9378283497333
203.3378283497325
286.3378283497312
537.3378283497274
1112.5378283497341
340.53782834973373
-51.462171650266285
42.137828349732764
504.3378283497351
452.1378283497328
233.9378283497349
-229.0621716502686
-388.2621716502655
-642.0621716502678
-1432.6621716502418
-920.262171650275
-1081.6621716502582
-1222.8621716502603
-1841.062171650266
-2468.2621716502526
-1836.4621716502807
-1747.4621716502663
-1484.462171650265
-511.2621716502646
-1328.2621716502745
-1562.2621716502751
-1171.2621716502613
-317.86217165026903
254.73782834973417
25.937828349734474
-6.862171650268303
-257.4621716502672
460.53782834973634
499.7378283497327
45.337828349734096
849.1378283497321
1013.1378283497257
548.1378283497334
216.33782834973454
298.53782834972884
25.53782834973498
-326.66217165026717
-194.06217165026595
-505.0621716502687
-221.6621716502678
-556.2621716502628
-1029.6621716502611
-1018.2621716502774
-655.262171650267
-1375.4621716502677
-1763.4621716502797
-1607.26217165026
-1816.6621716502764
-1467.2621716502588
-804.6621716502707
-910.8621716502564
-1501.0621716502592
-1043.062171650275
-834.2621716502694
-431.06217165026624
406.73782834973434
314.93782834973297
207.737828349732
420.33782834973647
123.93782834973378
-87.06217165026531
-202.66217165026546
924.1378283497332
207.73782834973434
-236.46217165026638
-329.06217165026754
-460.8621716502654
226.53782834973217
7.53782834973174
-304.26217165026685
-471.8621716502678
-146.26217165026677
321.93782834973587
-51.462171650266384
-565.4621716502696
-261.26217165026736
-1593.262171650262
-1730.662171650273
-1324.4621716502688
-1138.062171650265
-1537.2621716502622
-267.66217165026166
-648.0621716502678
-1077.4621716502656
-298.6621716502674
-387.8621716502675
-525.8621716502698
-740.0621716502657
-234.86217165026773
791.1378283497422
1099.937828349728
808.7378283497342
68.73782834973586
509.13782834973387
1224.7378283497303
728.93782834973
581.5378283497347
21.137828349734637
-549.2621716502641
758.1378283497311
284.1378283497343
-358.46217165026894
-218.46217165026698
-389.86217165026966
-346.8621716502653
-18.06217165026926
-542.6621716502691
-847.0621716502644
-1828.862171650265
-1657.662171650275
-1516.0621716502644
-1304.462171650266
-1630.2621716502783
-1302.2621716502663
-935.2621716502699
-87.26217165026192
-730.6621716502697
-945.4621716502667
-183.86217165026667
-244.26217165026753
167.13782834973273
1428.9378283497256
1211.1378283497331
792.1378283497387
772.3378283497307
-50.06217165026854
708.7378283497357
1643.7378283497399
1839.9378283497408
1174.9378283497333
239.13782834973298
714.5378283497352
185.33782834973442
-280.06217165026607
-511.66217165026825
-17.4621716502667
-862.6621716502625
-672.262171650263
-804.2621716502742
-1418.062171650267
-1043.4621716502722
-827.2621716502651
-1108.6621716502598
-1617.0621716502503
-1211.2621716502676
-829.2621716502593
-1141.2621716502663
-860.2621716502591
-1106.0621716502637
-724.0621716502636
14.537828349735136
-31.462171650266104
729.337828349737
818.3378283497353
471.7378283497342
-4.862171650266609
349.5378283497358
140.33782834973104
586.7378283497333
1905.3378283497245
1592.937828349743
1866.3378283497316
853.1378283497384
522.1378283497303
291.53782834973595
455.7378283497308
-397.4621716502648
-331.0621716502702
208.3378283497334
-416.86217165026954
-580.0621716502654
-1219.0621716502594
-715.0621716502699
-728.2621716502649
-875.2621716502601
-1051.6621716502602
-1224.462171650273
-377.66217165026467
-1138.2621716502733
-934.8621716502671
-78.46217165026691
-262.86217165026585
233.73782834973443
-153.6621716502681
848.9378283497343
670.7378283497331
91.13782834973374
-521.4621716502661
170.13782834972938
779.3378283497319
210.53782834973347
1220.1378283497154
266.3378283497349
565.1378283497352
281.93782834973155
458.93782834973354
569.3378283497319
173.73782834973383
416.73782834973247
-816.0621716502658
-327.6621716502659
-763.8621716502669
-133.66217165026427
-306.46217165026826
-802.2621716502671
-985.0621716502652
-758.662171650271
-338.26217165026594
-277.2621716502643
-21.662171650265737
-220.6621716502662
-377.86217165027256
3.937828349734642
-346.6621716502669
46.737828349733995
-421.4621716502643
385.73782834973235
798.7378283497295
592.5378283497362
-339.6621716502666
-47.46217165026465
200.3378283497333
-73.86217165026792
1034.3378283497323
-432.4621716502685
-455.26217165026713
-135.66217165026688
581.7378283497351
-61.46217165026616
-107.86217165026858
361.13782834973546
318.7378283497296
-471.4621716502622
-472.6621716502681
-152.26217165026398
-179.66217165026762
-1087.8621716502682
-987.0621716502709
-1480.662171650264
-1575.0621716502626
-1238.0621716502649
-242.66217165026623
-414.66217165027115
-587.0621716502725
-956.6621716502607
-1158.262171650267
262.737828349733
4.137828349734821
487.1378283497285
310.5378283497317
365.5378283497314
-111.66217165026582
-224.06217165026587
-300.26217165026674
352.3378283497338
699.5378283497334
4.937828349735575
329.7378283497385
-233.06217165026666
525.9378283497331
306.1378283497342
-40.06217165026698
-8.462171650266397
745.5378283497364
284.7378283497325
-209.66217165026634
-681.0621716502744
-478.8621716502683
-1287.8621716502703
-819.662171650267
-708.0621716502648
-617.2621716502698
-1247.86217165027
-386.662171650267
-539.0621716502629
-553.6621716502642
-784.0621716502696
-364.4621716502676
61.137828349734484
41.53782834973243
-147.46217165026525
-106.46217165026586
-73.66217165026617
-159.66217165026563
-707.0621716502654
-708.0621716502679
485.33782834973056
732.337828349734
356.33782834973124
-11.662171650264892
-733.2621716502687
-64.26217165026588
-138.06217165026737
-368.8621716502664
166.93782834973317
109.33782834973387
-283.8621716502652
-1334.4621716502597
-900.8621716502666
-85.46217165026654
-632.0621716502686
-345.0621716502687
-202.06217165026405
-114.06217165026622
-369.2621716502647
-235.26217165026642
-704.4621716502671
-1175.8621716502666
-211.66217165026666
140.13782834973463
579.1378283497335
336.93782834973314
-319.8621716502667
341.3378283497346
206.93782834973507
-88.06217165026487
-472.06217165026504
-1001.2621716502629
-144.26217165026753
-240.4621716502645
227.33782834973695
-68.26217165026858
-489.46217165026627
-276.0621716502655
-291.462171650267
397.5378283497349
-218.46217165026707
-191.86217165026562
-45.26217165026573
-363.0621716502656
210.9378283497316
-989.6621716502617
-905.2621716502674
-192.6621716502678
-162.26217165026597
-421.46217165026627
150.93782834973487
-148.0621716502671
-440.8621716502658
-363.2621716502683
203.3378283497338
-541.8621716502666
296.33782834973294
-108.46217165026589
351.93782834973763
571.3378283497357
442.93782834973257
248.53782834973694
234.93782834973362
-789.0621716502683
217.13782834973546
-538.6621716502682
-321.46217165026746
-151.86217165026736
452.1378283497352
556.1378283497357
514.3378283497353
72.33782834973356
-614.2621716502707
-225.26217165026694
346.33782834973493
-563.6621716502711
-239.26217165026225
-711.2621716502632
-623.8621716502653
-181.46217165026414
180.13782834973418
65.33782834973397
-296.462171650271
-765.2621716502609
-505.26217165026566
-168.8621716502672
361.13782834973495
-524.2621716502666
-472.06217165026595
-316.66217165026444
303.9378283497333
118.5378283497335
-527.8621716502653
-252.2621716502667
274.53782834973515
-810.0621716502689
480.7378283497275
-869.4621716502653
-194.66217165026455
229.137828349736
-458.86217165026727
600.7378283497321
685.1378283497345
-251.462171650265
-535.6621716502723
-131.86217165026645
-241.8621716502656
-84.86217165026702
585.5378283497341
765.1378283497359
138.9378283497315
-131.06217165026501
-178.66217165026495
-494.662171650268
-611.8621716502684
-1096.8621716502664
-837.6621716502684
-82.46217165026331
238.1378283497348
-87.26217165026598
32.53782834973387
475.5378283497335
96.33782834973395
490.53782834973003
-92.66217165026691
167.73782834973747
439.53782834973435
-455.8621716502675
-524.4621716502652
-879.4621716502666
-15.062171650266428
55.33782834973097
-1005.4621716502671
-74.0621716502659
577.9378283497321
612.937828349734
331.93782834973354
133.93782834973595
84.93782834973379
389.53782834973316
468.9378283497319
174.53782834973373
-167.46217165026565
-380.0621716502673
-935.2621716502732
-502.0621716502695
225.93782834973752
-100.66217165027057
-582.2621716502663
170.13782834973287
302.337828349735
437.7378283497345
372.33782834973454
510.5378283497322
60.737828349734755
547.737828349732
89.3378283497337
149.73782834973355
398.33782834973465
-107.66217165026531
-411.66217165026666
-139.06217165026248
-525.2621716502634
-640.4621716502667
-218.66217165026487
575.5378283497306
232.73782834973102
-38.26217165026742
30.73782834973292
636.3378283497358
919.7378283497401
258.3378283497313
-36.66217165026572
-65.66217165026474
-468.0621716502696
-344.06217165025504
-1017.2621716502575
-867.662171650267
-529.6621716502594
-555.2621716502675
-490.8621716502678
-49.662171650265385
-428.2621716502702
34.73782834973504
-142.46217165026857
-163.66217165026674
32.93782834973314
53.13782834973316
123.137828349734
-182.86217165026287
185.33782834973397
-418.86217165026784
-287.062171650269
62.33782834972969
-675.4621716502643
107.33782834973536
940.1378283497296
306.33782834973437
-327.2621716502671
-402.8621716502674
-605.8621716502699
-191.46217165026826
206.53782834973325
-33.062171650266016
-51.662171650265925
79.93782834973308
615.1378283497389
706.9378283497276
-440.0621716502658
-330.26217165026895
-407.6621716502654
-683.26217165027
-802.0621716502659
-84.06217165026762
-270.86217165026756
-235.86217165026534
-94.26217165026624
-301.662171650269
-347.6621716502696
-143.86217165026807
366.9378283497324
259.93782834973194
571.5378283497307
1041.3378283497348
168.53782834973114
697.9378283497301
-46.062171650267025
75.73782834973692
398.93782834973496
-345.6621716502668
-714.2621716502673
-452.46217165026775
-308.46217165026746
-274.4621716502649
260.33782834973505
-267.0621716502666
-273.86217165026807
91.13782834973405
336.1378283497348
796.9378283497292
374.13782834973733
215.73782834973326
176.73782834973377
-170.2621716502661
-262.2621716502693
36.73782834973301
369.53782834973623
462.7378283497324
-592.6621716502668
-392.8621716502674
-372.8621716502667
-164.6621716502661
370.337828349736
-12.06217165026453
-146.26217165026725
576.1378283497319
-75.46217165026458
129.53782834973333
-152.06217165026663
-352.46217165026604
-265.2621716502682
217.73782834973602
-409.66217165026507
207.33782834973383
318.93782834973416
74.33782834973213
329.7378283497355
-341.66217165026603
-75.0621716502671
-325.4621716502665
-566.4621716502708
-628.2621716502679
134.73782834973144
44.93782834973491
328.9378283497311
625.7378283497319
552.3378283497365
245.73782834973346
340.1378283497351
349.537828349733
-719.6621716502681
-372.2621716502702
381.73782834973326
152.7378283497379
-146.26217165026512
371.7378283497358
-489.2621716502646
-455.0621716502696
-1042.6621716502623
-682.6621716502613
-489.6621716502591
413.7378283497325
154.33782834973445
305.1378283497338
476.53782834973845
29.137828349732928
248.3378283497339
756.7378283497337
631.5378283497336
-238.66217165026745
88.13782834973055
551.1378283497353
492.3378283497348
-557.4621716502675
-142.86217165026608
-290.4621716502651
-309.0621716502649
-250.8621716502668
511.73782834972764
221.53782834973669
-397.0621716502661
-214.26217165026657
-376.46217165026604
199.93782834973516
371.93782834973257
-277.2621716502653
-296.262171650268
13.537828349735278
102.13782834973357
-99.06217165026726
-813.4621716502679
-499.0621716502696
-602.2621716502674
176.33782834973158
58.937828349735085
339.93782834973297
647.1378283497343
-82.86217165026686
352.9378283497318
586.5378283497333
573.5378283497354
242.93782834973558
-199.06217165026814
-51.06217165026665
413.1378283497359
326.93782834973337
-326.26217165026804
-671.4621716502672
95.1378283497362
-293.4621716502671
-421.4621716502646
-235.66217165026782
-711.4621716502685
135.1378283497329
164.3378283497355
1.13782834973318
17.937828349732335
-191.6621716502653
-204.46217165026786
18.737828349734023
-52.662171650266814
370.537828349734
204.13782834973412
-477.0621716502699
-422.46217165026917
-237.6621716502661
65.93782834973305
201.33782834973104
-69.66217165026706
-300.662171650267
475.13782834973176
522.3378283497301
439.9378283497361
139.73782834973463
-104.26217165026566
-57.86217165026537
470.5378283497316
888.9378283497355
644.9378283497326
-32.26217165026737
917.9378283497356
576.7378283497312
-86.4621716502647
-63.462171650266725
475.3378283497324
678.3378283497339
72.93782834973575
-273.4621716502658
307.1378283497305
-187.86217165026576
-1248.2621716502688
-729.062171650269
-444.46217165026616
-111.46217165026472
380.9378283497329
