-24.79313375605782
-405.19313375605753
-163.19313375605958
133.60686624394407
-181.5931337560604
-142.39313375605917
-39.993133756057624
-32.99313375605908
337.2068662439434
-309.993133756058
418.40686624394243
342.80686624394
210.2068662439416
346.40686624393516
817.2068662439418
856.0068662439429
554.4068662439445
95.40686624394401
392.8068662439425
907.4068662439396
914.0068662439365
746.2068662439441
11.406866243944553
-349.7931337560598
869.4068662439449
1135.6068662439409
795.4068662439419
1005.8068662439447
772.8068662439455
574.4068662439429
918.0068662439388
562.406866243937
-538.7931337560582
523.2068662439447
506.8068662439407
266.4068662439456
293.00686624394075
-64.79313375606034
-15.79313375605899
120.2068662439428
1191.206866243945
41.40686624394232
-65.39313375605771
-248.99313375605885
-151.99313375605755
686.6068662439405
544.406866243943
519.206866243944
433.00686624394467
228.8068662439419
851.4068662439433
1088.4068662439468
362.20686624394233
-33.99313375605517
-238.79313375605932
-86.59313375605838
153.4068662439427
372.4068662439395
259.8068662439517
502.6068662439409
564.0068662439451
219.80686624394417
366.6068662439392
316.8068662439435
289.20686624393943
297.6068662439452
539.6068662439468
100.6068662439425
462.40686624394345
-320.79313375605597
451.80686624394474
540.0068662439454
527.0068662439433
-133.79313375605852
-481.99313375606187
-706.3931337560589
349.2068662439446
557.606866243942
-673.7931337560583
-16.793133756058996
407.4068662439433
403.6068662439456
820.6068662439457
1175.0068662439521
350.40686624394317
158.00686624394285
872.2068662439452
167.00686624394064
440.4068662439413
398.4068662439458
218.40686624394363
701.6068662439413
485.60686624394066
238.60686624394364
490.0068662439406
393.20686624394057
290.2068662439432
-684.1931337560561
259.60686624394197
301.80686624394053
785.8068662439433
241.00686624394456
-59.793133756056605
180.00686624394396
155.00686624394237
526.2068662439418
833.6068662439471
-209.5931337560602
353.4068662439427
303.806866243944
-466.1931337560604
-289.19313375605924
-316.1931337560564
-103.79313375605626
-15.193133756057136
406.2068662439437
135.2068662439421
-432.59313375605416
39.60686624394316
66.80686624394136
580.2068662439417
574.2068662439475
83.4068662439448
652.4068662439381
569.2068662439378
81.60686624394188
-9.593133756058133
576.0068662439425
992.0068662439442
-113.39313375605578
-193.7931337560567
-304.79313375605756
185.80686624394255
180.20686624394205
-491.3931337560566
-181.5931337560555
-54.99313375605857
979.406866243947
1765.8068662439266
590.6068662439412
-170.1931337560577
221.80686624394417
150.20686624394324
553.206866243948
516.2068662439436
568.6068662439427
558.4068662439421
760.4068662439411
35.60686624394356
-1168.5931337560592
-777.7931337560566
-248.9931337560583
-297.99313375605936
-296.99313375605664
-250.1931337560574
306.20686624394125
333.60686624394026
411.6068662439428
-264.3931337560575
-295.5931337560578
-104.39313375605703
87.80686624393883
-92.39313375605786
-83.99313375605587
-99.59313375605763
-200.19313375605628
-230.99313375605936
109.20686624394477
249.0068662439432
801.6068662439442
759.2068662439412
432.2068662439421
136.80686624394468
972.406866243935
315.0068662439423
633.4068662439436
582.0068662439415
-93.59313375605717
-258.19313375605736
479.40686624394283
314.2068662439418
-265.3931337560594
17.606866243942235
666.0068662439386
284.60686624394043
308.40686624394283
315.6068662439414
247.2068662439466
273.2068662439438
491.20686624394284
136.2068662439449
-668.7931337560578
-350.5931337560572
132.80686624394224
344.0068662439411
457.2068662439462
815.4068662439406
299.8068662439428
61.206866243940915
222.40686624394547
488.60686624394623
507.40686624394255
197.20686624394244
181.0068662439437
171.60686624394395
1314.2068662439444
519.2068662439422
169.80686624394426
381.20686624393994
-302.59313375605933
-242.59313375605655
69.4068662439436
-338.19313375606004
173.00686624394066
839.6068662439383
1022.0068662439414
916.2068662439336
1099.406866243947
221.20686624394338
254.80686624394394
469.0068662439409
42.20686624393855
-444.39313375606014
-607.7931337560583
-71.99313375605985
-115.79313375605722
117.80686624394045
343.4068662439434
428.60686624394145
-26.393133756060625
-428.99313375605874
-294.99313375605715
296.6068662439388
-91.79313375605611
417.4068662439421
1263.0068662439446
876.6068662439441
982.6068662439436
674.6068662439362
-120.79313375605737
380.80686624394195
156.4068662439437
392.20686624394085
421.60686624394356
-337.9931337560544
-335.19313375605947
-337.99313375605857
-293.59313375605905
245.80686624394363
-179.7931337560595
71.60686624394376
190.4068662439418
4.206866243941414
-25.793133756055457
-685.3931337560588
-548.9931337560586
-805.1931337560532
-93.19313375605986
-470.7931337560588
-462.1931337560552
317.0068662439422
-240.3931337560575
-251.19313375605893
691.2068662439463
855.8068662439376
658.4068662439424
143.20686624394003
708.0068662439423
1100.0068662439405
626.8068662439434
1151.6068662439334
394.8068662439424
342.4068662439465
501.2068662439458
251.60686624393753
294.2068662439422
-96.59313375606118
-227.19313375606217
-241.99313375605618
-576.3931337560582
137.00686624394152
-656.393133756054
304.806866243944
378.40686624394345
73.40686624394569
157.60686624394083
-542.5931337560544
-662.7931337560607
-368.59313375605575
600.406866243946
-460.7931337560593
-751.3931337560609
545.6068662439419
338.80686624394224
353.60686624394094
849.2068662439418
695.0068662439334
724.4068662439471
322.40686624394
447.80686624394275
593.8068662439404
627.4068662439425
-35.193133756056845
-148.19313375605788
120.20686624394406
455.80686624394656
521.2068662439444
572.8068662439405
369.6068662439434
-92.5931337560595
122.20686624394342
-190.9931337560571
214.60686624394242
-356.1931337560614
147.20686624394497
503.0068662439413
-251.39313375605911
-98.59313375605714
-797.7931337560536
-629.5931337560608
50.406866243941295
514.4068662439414
-434.793133756061
-650.5931337560619
593.4068662439423
924.2068662439439
382.20686624394244
832.4068662439404
633.206866243934
139.60686624394293
608.606866243939
621.6068662439422
-65.39313375605983
615.0068662439422
61.60686624394116
-191.7931337560564
412.80686624394235
335.40686624394215
594.4068662439433
829.0068662439461
911.4068662439477
-22.393133756058496
-357.59313375605717
-69.39313375605711
163.00686624394135
767.206866243944
1051.4068662439388
436.20686624394455
-263.19313375605344
380.60686624394265
-752.3931337560639
-637.7931337560533
314.60686624394424
142.4068662439428
-310.9931337560562
-44.19313375605975
600.2068662439415
1063.206866243942
-304.99313375605686
-289.99313375605846
362.60686624394225
312.00686624394206
641.0068662439423
467.0068662439481
-385.39313375606093
132.80686624394104
486.0068662439438
-235.79313375605884
401.80686624394076
685.8068662439406
874.6068662439436
519.0068662439433
409.00686624394217
-247.59313375605743
-938.3931337560597
31.40686624394435
59.4068662439421
361.8068662439438
679.0068662439401
355.6068662439432
392.80686624394264
910.4068662439367
2.0068662439453675
11.806866243941087
929.6068662439477
111.80686624394232
65.60686624394046
478.00686624394564
555.4068662439433
696.0068662439446
-21.793133756056903
-475.5931337560603
231.40686624394232
-294.19313375605856
492.2068662439416
703.8068662439429
-526.1931337560565
-360.7931337560587
169.40686624394178
-814.5931337560587
-85.79313375606102
437.0068662439427
333.2068662439446
-79.99313375605696
-446.7931337560557
-840.1931337560619
-704.1931337560571
-761.5931337560557
-61.993133756056686
259.606866243943
-505.59313375605825
-684.9931337560582
493.20686624394557
606.2068662439427
56.60686624394391
-48.79313375605653
366.40686624394294
509.6068662439443
24.806866243941784
225.80686624394443
790.8068662439404
941.4068662439424
113.2068662439422
336.4068662439433
859.4068662439424
66.6068662439408
25.60686624394078
300.2068662439417
-574.1931337560578
-630.193133756058
129.8068662439423
-533.5931337560583
-1014.7931337560665
353.4068662439401
258.6068662439427
-303.1931337560595
-504.5931337560609
-325.5931337560597
132.8068662439405
-104.59313375605959
-404.5931337560585
-214.7931337560585
-383.79313375605517
-552.3931337560596
125.60686624394316
94.60686624394265
303.40686624394334
-717.3931337560575
-483.3931337560572
670.2068662439439
-78.7931337560587
170.6068662439411
-217.99313375605786
88.80686624394197
-205.39313375605474
150.80686624393854
462.60686624394225
370.0068662439425
376.6068662439386
598.0068662439452
-110.99313375605952
-1044.5931337560548
-525.193133756061
-527.3931337560567
-676.5931337560513
476.20686624394193
203.40686624394294
-840.9931337560611
-716.7931337560558
-1044.5931337560535
-174.1931337560572
168.0068662439425
-611.9931337560645
-729.7931337560583
-1124.3931337560546
-524.3931337560588
311.006866243945
-114.1931337560574
-339.19313375605907
46.20686624394149
73.40686624394253
310.20686624394375
36.40686624394138
229.00686624394046
350.8068662439415
441.8068662439427
404.2068662439454
175.80686624394025
-201.59313375605467
-410.19313375605776
-313.79313375605904
-73.39313375605578
-305.79313375605886
-654.1931337560573
-615.9931337560553
-865.5931337560578
-1112.9931337560602
-113.59313375605886
112.60686624394133
-1093.3931337560573
-732.593133756059
-442.9931337560563
-35.99313375605794
-167.39313375605812
206.20686624394313
-209.19313375606046
-1611.793133756049
-687.9931337560646
341.0068662439416
36.806866243942714
-230.5931337560621
198.80686624394318
-129.7931337560581
182.40686624394323
238.00686624394274
-207.99313375605848
420.0068662439401
-85.19313375605637
-3.793133756055518
100.00686624394196
-155.7931337560613
443.00686624394507
-124.59313375605922
-230.7931337560596
-655.1931337560584
-713.5931337560573
-1016.1931337560569
-762.9931337560598
-667.7931337560561
65.2068662439397
550.0068662439431
-515.7931337560562
-295.1931337560599
-486.9931337560566
-1029.5931337560571
-818.9931337560572
499.80686624393803
-73.193133756057
-954.9931337560672
-305.3931337560571
476.8068662439454
111.20686624394195
-221.9931337560607
-154.39313375605607
-633.7931337560588
-124.59313375605821
349.40686624394476
57.806866243941045
-47.9931337560585
-875.1931337560594
-903.1931337560562
-32.39313375606027
-2.5931337560618104
45.406866243944336
-95.39313375605894
-259.19313375605793
-507.5931337560533
-600.793133756057
-287.3931337560597
-47.99313375606139
-54.99313375605566
-230.19313375605796
411.206866243943
208.20686624394216
-76.79313375605881
-540.1931337560591
-1126.7931337560606
-578.7931337560607
-408.5931337560569
-945.7931337560613
6.006866243941006
423.4068662439426
-282.1931337560538
125.20686624393979
-267.393133756055
-253.39313375605988
-571.7931337560555
194.4068662439416
-141.9931337560595
-70.393133756061
-231.7931337560588
-437.79313375605693
-44.59313375605855
126.0068662439419
140.4068662439411
-85.59313375605689
-66.79313375605975
-392.59313375605996
-403.5931337560589
134.40686624394198
605.2068662439426
-102.19313375605834
367.2068662439434
111.40686624394023
-568.5931337560601
-790.9931337560605
-926.1931337560608
-652.9931337560571
-308.9931337560585
-278.3931337560565
87.20686624394608
-392.39313375605764
462.0068662439386
645.2068662439408
-665.9931337560599
83.60686624394094
-31.7931337560586
-272.9931337560565
-73.99313375605794
36.60686624394128
-48.19313375605667
-116.19313375605944
-109.79313375605571
548.4068662439423
969.606866243943
271.2068662439425
-370.59313375605933
54.60686624393979
77.406866243944
317.80686624394264
151.00686624394254
-317.1931337560634
325.00686624394467
174.80686624394093
238.80686624394218
631.4068662439415
61.40686624394413
-248.79313375605665
-385.19313375605844
-614.7931337560548
-247.79313375605827
-124.3931337560565
135.4068662439431
-168.19313375605986
-202.59313375605305
170.60686624394225
141.6068662439421
39.206866243942095
319.4068662439451
-41.59313375605795
-84.19313375606112
-498.1931337560599
-163.9931337560585
457.8068662439441
229.40686624394317
89.60686624394242
217.80686624394184
-214.19313375605842
-563.7931337560595
-336.79313375605665
-54.59313375605723
35.606866243942704
80.40686624394141
-574.3931337560576
563.6068662439382
466.80686624394286
321.4068662439398
525.2068662439448
44.80686624394233
-67.99313375605946
-686.9931337560566
-469.1931337560587
-506.7931337560577
-720.1931337560577
-1225.1931337560536
-866.3931337560551
-184.19313375605765
251.80686624393937
444.2068662439429
481.2068662439396
421.4068662439394
39.60686624394452
-426.3931337560575
-17.99313375605798
523.4068662439432
711.0068662439463
180.60686624394137
-224.1931337560605
-605.1931337560587
-458.39313375605445
-676.7931337560588
154.8068662439399
114.40686624394132
-10.59313375605688
381.00686624394154
-283.59313375605757
-80.39313375605569
-11.593133756058009
330.0068662439414
814.6068662439434
700.2068662439428
251.0068662439448
-498.3931337560587
663.4068662439422
-362.39313375605826
-206.593133756057
-314.7931337560582
-380.1931337560505
101.4068662439431
486.8068662439404
605.8068662439445
436.2068662439412
-169.39313375606037
-500.19313375605566
-405.99313375605766
-41.79313375605793
31.406866243942176
81.20686624394108
167.206866243941
-286.19313375605765
-785.1931337560542
190.20686624394332
-575.5931337560578
-49.393133756057864
185.60686624394052
368.4068662439396
249.80686624394372
-198.59313375605666
-270.59313375605717
254.40686624394306
946.8068662439407
169.40686624394073
207.80686624394397
502.60686624394157
-202.79313375605955
45.00686624394301
-783.7931337560567
-115.993133756057
-64.1931337560591
-370.5931337560536
-658.7931337560624
119.406866243945
536.8068662439449
147.2068662439456
-563.9931337560585
-730.5931337560593
-519.7931337560565
222.40686624394107
324.2068662439429
152.60686624394333
237.60686624394222
-558.993133756058
-940.9931337560562
-223.79313375605722
-110.39313375605752
-41.79313375605719
498.60686624394157
349.8068662439435
-426.9931337560551
-120.99313375605792
-288.5931337560582
114.20686624394307
542.6068662439458
-227.5931337560614
-238.99313375605823
354.006866243943
373.60686624393634
-79.19313375605847
-624.9931337560582
-503.9931337560589
-905.793133756057
-605.5931337560548
-178.99313375605726
234.00686624394328
218.4068662439445
354.4068662439449
440.4068662439419
405.2068662439377
-805.9931337560585
332.2068662439448
434.20686624394193
205.4068662439406
756.0068662439414
106.2068662439427
-416.593133756057
75.40686624394272
698.006866243944
676.0068662439356
776.0068662439461
408.2068662439389
152.00686624394314
257.6068662439419
-189.19313375605984
60.00686624394334
232.40686624394485
104.60686624394495
-43.99313375605764
89.60686624394116
-190.59313375606112
-244.39313375606062
-243.99313375605698
55.80686624394262
-80.79313375605928
-66.1931337560578
157.0068662439431
76.40686624394054
235.80686624394085
794.6068662439433
848.8068662439439
171.6068662439438
-1010.9931337560575
482.6068662439458
107.4068662439465
220.00686624394442
281.60686624394214
-210.3931337560577
-33.793133756056406
125.8068662439448
941.8068662439396
1143.6068662439343
1097.0068662439426
1291.8068662439387
1103.0068662439448
1171.2068662439456
962.0068662439421
516.2068662439419
-278.39313375605906
-482.19313375605805
-662.9931337560583
211.8068662439401
408.2068662439416
144.60686624394398
150.60686624394148
895.6068662439434
1016.4068662439404
338.6068662439431
-94.19313375605665
-805.3931337560554
168.606866243944
839.0068662439447
7.206866243943672
-563.993133756058
-173.79313375605767
-80.99313375605938
-205.59313375605987
274.8068662439436
93.40686624394206
-601.5931337560579
-385.5931337560563
-0.793133756055564
700.0068662439393
526.2068662439417
335.006866243944
858.4068662439405
625.0068662439442
353.00686624394433
326.00686624394154
733.0068662439444
111.40686624394395
-79.99313375605804
-137.5931337560565
557.6068662439441
1045.0068662439394
475.60686624394356
-462.3931337560591
62.00686624394425
568.2068662439415
127.0068662439445
243.2068662439426
215.2068662439428
763.4068662439447
873.6068662439433
-35.39313375605681
185.8068662439417
741.0068662439418
-778.7931337560533
-397.7931337560652
-637.1931337560601
-101.99313375605773
-266.7931337560556
230.00686624394336
220.40686624393732
571.606866243942
564.4068662439372
-210.19313375605694
261.2068662439428
524.4068662439456
31.80686624394474
127.60686624394438
735.4068662439428
123.60686624394302
921.0068662439417
697.2068662439442
176.6068662439431
223.4068662439384
-334.59313375605717
-449.39313375605616
-344.993133756058
-225.99313375605863
-288.593133756058
227.60686624394216
-55.993133756056864
458.80686624394286
434.00686624393893
169.80686624394318
666.6068662439418
700.4068662439423
-289.3931337560591
-66.59313375606071
-479.79313375606057
248.40686624394334
223.00686624394575
966.006866243948
520.0068662439453
-444.99313375605584
247.20686624394025
-15.793133756057163
-177.79313375605628
484.00686624393364
551.6068662439379
196.60686624394253
340.00686624394
-640.9931337560582
440.60686624394066
196.60686624393966
-684.1931337560561
-320.7931337560584
-21.19313375605808
336.20686624394557
230.60686624394208
271.8068662439422
823.8068662439506
707.8068662439392
378.20686624394205
857.6068662439359
612.6068662439429
366.00686624394274
135.20686624394122
113.80686624394133
88.60686624394086
592.8068662439429
-250.3931337560591
391.2068662439449
163.8068662439427
273.20686624394114
120.00686624394274
-784.3931337560565
164.80686624394215
787.0068662439471
688.2068662439411
614.2068662439436
607.4068662439419
407.60686624394225
333.4068662439451
-415.3931337560576
-338.9931337560576
307.4068662439415
-35.993133756060374
-74.59313375605745
-79.1931337560568
172.6068662439431
40.006866243941595
-9.393133756057814
-235.19313375605583
-123.99313375605725
223.60686624394228
368.8068662439411
3.6068662439392583
-756.5931337560583
-658.7931337560531
-622.1931337560625
498.2068662439418
1251.8068662439366
-235.5931337560577
-317.5931337560603
-296.79313375605585
-466.99313375605595
-293.79313375606097
-332.7931337560578
363.8068662439485
536.0068662439411
473.80686624394286
341.60686624394503
228.6068662439426
268.0068662439429
217.20686624394358
-79.19313375605813
-47.99313375605661
449.00686624394064
-222.39313375605622
-88.79313375605787
-406.99313375605874
60.60686624394371
275.20686624394307
443.40686624394516
-88.59313375605761
-304.39313375605565
-424.5931337560597
96.8068662439413
-73.99313375605925
-782.5931337560556
-350.79313375605795
-732.1931337560607
-413.1931337560524
268.8068662439418
-418.19313375605907
-573.3931337560572
-144.39313375605946
-257.99313375605624
-152.99313375606087
-570.393133756055
174.20686624394318
255.20686624394517
-78.7931337560558
516.4068662439431
368.4068662439433
561.2068662439422
272.40686624394334
-271.59313375605706
-477.3931337560596
160.00686624394191
220.00686624394356
381.6068662439425
214.8068662439407
-513.7931337560569
-400.9931337560555
34.406866243943824
-229.79313375605798
-357.7931337560591
-189.79313375605966
661.406866243943
583.4068662439406
-301.5931337560596
-863.3931337560578
-1511.1931337560475
-512.7931337560547
-157.19313375605623
-149.79313375605875
-365.9931337560617
-247.19313375605918
-197.5931337560567
-135.39313375605866
528.8068662439442
-110.59313375605929
455.2068662439426
126.80686624394359
-236.39313375605613
-174.39313375605667
270.2068662439403
565.2068662439374
78.60686624393995
-483.39313375605434
-359.7931337560606
419.60686624394305
674.406866243942
445.20686624394335
-211.5931337560601
-873.9931337560569
48.60686624394246
96.2068662439426
-466.1931337560585
-140.99313375605666
-119.99313375605841
-379.19313375605765
9.406866243941835
-51.79313375605884
-1154.1931337560538
474.8068662439407
504.40686624394124
-2.193133756056511
-145.1931337560562
-277.993133756055
-74.5931337560566
50.60686624394201
1244.8068662439434
-30.593133756061427
-104.79313375605845
-475.79313375605733
-455.1931337560564
306.4068662439422
149.00686624393924
274.406866243943
51.00686624394227
-138.59313375606212
353.6068662439412
830.2068662439433
515.4068662439466
42.806866243943475
-199.5931337560582
-516.9931337560561
-556.7931337560578
-493.9931337560565
-963.5931337560594
-679.7931337560576
-456.39313375605695
-830.3931337560584
-820.5931337560546
-554.5931337560553
-364.9931337560544
320.6068662439425
711.2068662439407
-21.593133756056375
-61.79313375605872
-745.1931337560576
278.2068662439435
348.2068662439431
399.4068662439409
-326.79313375605983
-778.5931337560577
-946.5931337560545
260.40686624394186
513.4068662439447
-638.5931337560586
87.60686624394174
355.20686624394136
500.6068662439419
651.2068662439436
906.2068662439458
571.2068662439436
270.4068662439429
718.8068662439385
-352.1931337560608
-431.39313375605616
-484.19313375605896
-833.793133756058
-405.793133756059
-417.99313375605715
-825.5931337560546
-696.193133756061
-395.39313375605707
-368.99313375605885
-594.5931337560548
676.406866243943
517.4068662439444
568.4068662439408
22.606866243941372
-254.59313375605797
-184.99313375605988
-66.99313375606057
145.40686624394385
95.60686624394101
-814.9931337560525
210.20686624393986
284.40686624394186
-478.39313375605883
-228.7931337560582
-411.3931337560597
4.406866243939643
-235.7931337560575
-38.99313375605664
41.006866243941715
-653.3931337560581
-409.99313375606084
-768.593133756058
-667.9931337560602
-512.9931337560581
-1059.9931337560556
-447.7931337560587
-202.393133756061
-597.7931337560575
-657.5931337560575
44.006866243940735
422.8068662439455
66.20686624394271
296.2068662439416
129.00686624394385
198.60686624394222
202.40686624394243
-405.3931337560574
-429.59313375606166
-330.5931337560573
315.80686624394264
640.6068662439453
-565.793133756059
-859.5931337560565
-374.39313375605735
-389.79313375605744
160.00686624394183
-199.59313375605885
67.00686624394339
-88.79313375605568
250.40686624394334
-10.593133756059995
-1302.193133756063
-1169.5931337560544
-1184.793133756056
-1480.5931337560542
-1497.7931337560606
-1304.793133756058
-606.3931337560588
-325.3931337560578
104.8068662439419
-262.19313375605753
-473.3931337560572
-455.79313375605875
206.806866243941
187.00686624394294
159.00686624394262
-40.393133756060394
88.2068662439431
252.8068662439433
160.20686624394384
88.40686624394229
242.80686624394295
-216.1931337560575
-977.1931337560586
-1082.7931337560524
-323.59313375605973
-789.393133756057
-185.7931337560546
-432.1931337560577
-1135.5931337560635
-1231.1931337560616
-171.39313375605695
297.40686624394147
-250.59313375605876
-183.79313375605764
3.6068662439384873
-778.5931337560578
-840.5931337560576
-532.7931337560581
-401.79313375605744
-309.993133756059
316.20686624394386
436.0068662439415
-558.3931337560609
-492.1931337560613
149.00686624393938
410.40686624394436
262.20686624394193
508.6068662439401
254.60686624394236
308.8068662439435
182.40686624394164
294.40686624394084
-96.19313375605651
-957.393133756058
-1365.7931337560535
-1326.993133756065
-394.3931337560599
-1079.9931337560615
-962.3931337560498
-820.9931337560504
-1551.3931337560684
-1182.3931337560573
-473.5931337560559
-369.5931337560601
364.60686624393765
735.606866243942
591.006866243947
109.00686624394322
386.2068662439438
-377.9931337560576
-20.993133756058498
108.80686624394335
-154.39313375605727
-315.7931337560573
-538.1931337560562
-154.39313375605747
3.60686624394215
211.40686624394192
-54.99313375605857
-305.3931337560596
-633.3931337560552
-592.7931337560681
-436.19313375605896
-128.79313375605793
-873.9931337560565
-879.3931337560529
-322.1931337560579
-657.3931337560568
-324.99313375605846
-561.9931337560571
-939.99313375606
-438.39313375606116
-533.1931337560596
-84.19313375605657
111.20686624394259
-322.79313375605506
9.806866243941016
-213.59313375605663
-334.19313375606015
77.60686624394006
-381.39313375606014
-4.393133756059267
336.2068662439404
18.406866243941497
-111.19313375606166
-663.9931337560567
-594.1931337560536
-1014.7931337560555
62.00686624394383
-416.9931337560587
-810.193133756057
-301.393133756056
-788.1931337560585
-436.3931337560603
282.606866243942
249.40686624394283
-112.39313375605886
-793.7931337560549
-320.19313375605935
-172.19313375605674
-478.99313375605965
269.4068662439421
-285.19313375605975
-346.5931337560569
8.606866243945461
-233.1931337560569
-186.79313375605616
-321.5931337560563
-162.1931337560529
-122.1931337560609
-404.59313375605865
178.4068662439443
-777.1931337560665
303.00686624394365
421.8068662439397
141.60686624394268
99.40686624394428
-611.3931337560562
-412.79313375605955
-230.5931337560574
416.806866243944
-502.99313375605686
-979.9931337560606
117.0068662439417
-127.3931337560569
-3.5931337560588403
285.4068662439435
26.40686624394475
-321.19313375605805
-467.5931337560547
-70.59313375605542
-473.39313375606105
-525.1931337560603
-750.9931337560589
-537.7931337560613
-439.39313375606025
-341.59313375605825
-190.5931337560575
93.60686624394205
259.8068662439433
77.40686624394307
91.2068662439417
-9.793133756055132
185.80686624394284
-542.1931337560551
144.4068662439451
431.20686624394375
-222.59313375605717
17.006866243942
-681.5931337560603
-254.99313375605783
201.6068662439401
254.20686624394335
-440.7931337560579
-747.9931337560606
302.6068662439417
370.60686624394197
-141.3931337560588
109.20686624394287
-244.7931337560562
-970.9931337560612
-133.79313375605832
235.00686624394268
-836.793133756062
-462.9931337560604
-643.9931337560594
-456.7931337560576
71.40686624394203
-223.79313375605807
64.40686624394318
287.8068662439439
868.8068662439359
345.80686624394235
-65.19313375605833
293.8068662439346
110.60686624394431
462.2068662439454
889.8068662439398
271.00686624394064
-465.3931337560542
407.006866243943
-570.7931337560559
-524.1931337560561
84.20686624394259
-91.39313375605803
-344.393133756058
-72.59313375605883
309.8068662439429
443.006866243942
-514.3931337560587
-741.9931337560561
-142.1931337560593
-189.19313375605904
262.0068662439433
258.6068662439402
-640.3931337560592
-161.7931337560555
458.80686624393906
-165.99313375606053
427.4068662439424
434.40686624394345
582.8068662439423
256.806866243942
619.4068662439477
235.4068662439436
-333.79313375605705
664.206866243947
28.80686624394396
7.206866243943047
386.8068662439437
73.60686624394133
67.80686624394261
747.8068662439429
188.20686624394227
-106.19313375605546
456.20686624394676
-355.793133756058
-477.3931337560597
201.60686624394216
118.40686624394108
18.806866243942608
-253.39313375605752
-544.5931337560609
406.8068662439423
-190.59313375605902
91.20686624394149
374.6068662439422
-681.9931337560612
-351.99313375605675
676.6068662439419
-188.7931337560559
345.0068662439409
403.6068662439431
277.8068662439422
78.20686624394106
198.2068662439434
-158.5931337560579
-184.99313375605792
-167.7931337560559
151.40686624394178
297.20686624394006
-577.9931337560571
-638.5931337560603
108.40686624394353
72.80686624394156
-81.19313375605853
-232.19313375605927
-165.19313375605788
-320.5931337560578
-843.5931337560642
-253.9931337560577
340.20686624394193
335.6068662439435
-323.19313375606043
133.80686624393968
1016.606866243945
148.60686624394003
-205.59313375605612
272.80686624394275
-486.79313375606154
-477.79313375605756
657.4068662439417
308.40686624394334
-216.79313375605705
527.6068662439462
149.00686624394322
44.80686624394379
464.00686624394007
515.8068662439478
627.6068662439438
448.60686624394214
151.206866243945
146.40686624393598
-338.59313375605564
-597.9931337560582
-447.39313375606014
-652.1931337560576
-306.1931337560602
-1155.1931337560582
-990.1931337560516
-258.39313375606014
-955.5931337560564
-338.993133756058
-386.793133756059
-90.79313375605855
-359.39313375605934
79.00686624394467
664.2068662439422
454.406866243942
607.2068662439394
1129.206866243949
510.20686624394114
-644.7931337560589
157.8068662439382
394.00686624394723
210.8068662439398
1151.60686624394
513.6068662439442
-160.99313375605828
568.0068662439415
-123.5931337560569
400.80686624394167
828.8068662439513
193.80686624394068
197.00686624394015
-412.7931337560568
-174.99313375605968
232.6068662439412
-316.99313375605766
-737.1931337560616
-259.99313375605664
-208.39313375605514
-628.9931337560594
-813.5931337560603
-365.79313375605693
249.40686624394226
322.40686624394044
96.20686624394182
-198.79313375605932
-94.19313375605684
-222.99313375605902
32.60686624394268
663.2068662439448
622.0068662439448
75.00686624394481
413.6068662439404
307.2068662439417
-236.19313375605785
642.0068662439401
872.6068662439442
-137.19313375605867
673.0068662439437
379.2068662439368
552.2068662439461
410.2068662439411
642.2068662439411
531.2068662439435
-883.1931337560559
-287.39313375605707
553.6068662439426
32.806866243942885
-413.59313375605973
-127.59313375605885
-555.9931337560598
-453.19313375605685
-264.9931337560601
-390.3931337560619
387.2068662439403
-144.5931337560569
-380.39313375605843
-581.9931337560575
-296.1931337560576
422.40686624393834
77.40686624394425
435.2068662439438
204.60686624394185
157.40686624394246
-13.19313375605946
416.6068662439431
71.40686624394003
404.2068662439436
1114.0068662439405
246.8068662439459
769.4068662439453
299.6068662439425
-291.99313375605857
-143.7931337560593
739.2068662439385
95.80686624394164
-1083.393133756058
-757.5931337560587
168.2068662439419
67.20686624394315
-155.99313375606124
-232.19313375605682
-933.5931337560602
-646.9931337560599
264.40686624394186
367.40686624394203
261.0068662439397
-566.3931337560592
-761.793133756058
-470.79313375605847
-258.39313375605724
-10.593133756060052
125.60686624394138
307.00686624394274
182.00686624394353
101.20686624394337
516.0068662439413
794.0068662439415
524.6068662439451
-306.9931337560571
736.6068662439442
894.006866243933
664.006866243939
62.206866243942436
-552.9931337560587
-160.39313375606065
-145.59313375605714
-792.1931337560588
-241.3931337560574
170.40686624394507
-487.39313375606093
98.60686624394154
-134.19313375605924
-298.5931337560571
-829.3931337560558
-435.5931337560597
-342.7931337560547
19.806866243943418
-124.99313375605578
-400.7931337560604
156.80686624394173
-142.19313375605827
-341.39313375605957
-369.1931337560558
152.60686624393924
105.20686624394193
-151.5931337560579
553.4068662439408
1092.6068662439395
133.00686624394194
444.2068662439434
-227.59313375605925
-634.3931337560573
-284.7931337560571
-97.7931337560567
316.40686624394596
600.8068662439421
165.4068662439452
273.80686624393775
-105.3931337560558
748.0068662439393
926.4068662439423
-663.7931337560577
30.606866243944026
-134.1931337560556
-342.79313375606165
-323.3931337560603
-774.9931337560533
-556.5931337560623
-467.1931337560606
-290.1931337560565
125.00686624394308
805.0068662439443
145.80686624394247
-585.3931337560603
-28.19313375605963
362.20686624394244
646.0068662439437
46.40686624394179
-79.79313375605923
387.00686624394694
-101.79313375605923
-178.9931337560579
105.20686624393952
-190.59313375605913
5.406866243945405
80.60686624394413
211.4068662439471
676.4068662439453
377.60686624394054
473.4068662439449
308.6068662439427
140.40686624394144
239.80686624394625
-1.9931337560581994
-104.59313375606044
-56.99313375605752
-202.99313375605846
-388.59313375605416
-1307.193133756058
-613.7931337560624
51.006866243939115
57.60686624394077
-48.39313375605802
272.4068662439401
-0.9931337560598195
-210.39313375605894
37.80686624394008
237.40686624394309
-13.993133756058285
-254.99313375605993
-512.5931337560561
470.20686624394347
223.0068662439435
-82.99313375605942
-232.1931337560566
-538.7931337560549
-34.19313375605739
-557.5931337560639
-218.39313375605704
199.80686624394016
96.00686624394103
-496.9931337560595
-147.59313375605728
-164.19313375605782
-151.79313375606097
-172.79313375605727
-21.99313375605722
28.006866243943037
-149.1931337560584
-765.3931337560532
-672.1931337560529
205.60686624394242
445.00686624394297
22.406866243942318
-330.79313375605494
-309.593133756061
36.00686624394218
-93.79313375605776
748.8068662439437
397.20686624394057
-132.19313375605674
148.0068662439445
-335.59313375605717
-143.39313375605704
-157.79313375605983
24.606866243942147
48.80686624394454
12.806866243942057
72.0068662439429
-444.3931337560595
487.20686624394193
-24.393133756058514
617.4068662439474
469.0068662439419
353.80686624394065
419.4068662439404
217.0068662439456
202.40686624394073
16.0068662439445
-366.79313375605983
-554.1931337560623
-766.5931337560601
-503.1931337560587
-166.39313375606207
24.60686624394291
30.606866243942434
-594.3931337560581
-651.9931337560578
438.2068662439425
-455.99313375605334
-81.19313375605921
-181.79313375606367
-86.39313375605832
-126.99313375605831
-481.59313375605836
-473.9931337560573
238.20686624394455
774.2068662439411
-490.5931337560593
-329.79313375605966
245.40686624394127
-157.99313375605718
-120.9931337560553
-527.1931337560588
469.206866243942
343.4068662439416
133.80686624394437
-246.39313375605997
-51.99313375605762
-93.9931337560586
-501.3931337560579
-806.7931337560624
-858.7931337560577
-942.7931337560532
-182.99313375605618
87.20686624394187
29.606866243942953
107.80686624394052
-736.3931337560593
-845.793133756055
-158.5931337560577
-203.3931337560566
-502.1931337560537
-436.99313375605414
-502.19313375605384
-1053.7931337560574
-587.9931337560567
-856.5931337560583
-63.99313375605523
373.00686624394325
-606.1931337560576
-724.9931337560606
-160.19313375606004
319.80686624393786
-220.59313375605566
-603.3931337560599
-318.5931337560582
-693.5931337560601
-368.59313375605484
-105.99313375605786
-34.59313375605878
-528.1931337560579
-609.9931337560563
-217.59313375605703
-58.99313375605429
-1284.9931337560572
-156.59313375605328
-184.19313375605725
-54.19313375606219
597.8068662439402
-95.59313375605957
-379.19313375605594
58.406866243943
372.00686624394257
-11.193133756057083
-498.1931337560614
-955.9931337560622
-971.993133756058
-459.3931337560585
-868.9931337560564
-227.79313375606023
234.00686624394373
58.206866243943004
-464.79313375605705
-569.7931337560591
-542.393133756061
-895.593133756058
-823.5931337560588
-384.9931337560592
-213.39313375605798
65.40686624394468
56.60686624394598
-110.79313375605727
-5.193133756059661
88.20686624394175
192.20686624393997
-306.19313375605776
-1442.9931337560722
-234.59313375605862
-532.9931337560554
-139.59313375606018
-141.1931337560581
-684.3931337560582
-542.1931337560535
-676.993133756059
-324.19313375605594
-82.99313375605561
-404.9931337560596
-464.59313375605535
-499.99313375605834
79.2068662439408
121.2068662439409
-40.193133756057755
-526.1931337560565
-729.3931337560554
-1028.9931337560595
-245.9931337560581
-82.79313375605705
-508.5931337560576
-486.5931337560558
302.20686624394347
475.00686624394257
155.20686624394557
-399.99313375605965
-1217.1931337560563
-175.39313375606113
462.80686624394394
-442.59313375605717
-1144.1931337560611
-616.1931337560577
-792.1931337560585
-668.193133756064
97.40686624394036
-38.99313375605887
-816.9931337560556
-1022.3931337560579
-1115.393133756057
-852.7931337560582
-958.3931337560603
-1320.1931337560573
-826.1931337560641
-536.1931337560575
-540.3931337560524
-361.3931337560587
-36.3931337560569
-566.1931337560609
-513.3931337560624
-444.19313375605986
194.80686624394232
606.6068662439427
-14.193133756057021
-913.793133756059
-265.9931337560577
-64.39313375605737
-448.9931337560579
-65.19313375605773
-187.59313375605342
406.6068662439434
530.6068662439422
-513.593133756055
-498.1931337560552
139.00686624393887
-1565.193133756064
-1033.3931337560493
-903.9931337560602
-92.99313375605806
-294.59313375605484
-342.1931337560575
-591.1931337560586
-557.5931337560538
-893.9931337560578
-1781.5931337560773
-891.9931337560597
85.00686624394184
-257.99313375606073
-77.59313375605784
417.4068662439422
-116.99313375605972
759.6068662439446
552.0068662439426
37.206866243941626
139.80686624394198
-478.59313375605836
-710.7931337560569
-602.7931337560603
-722.3931337560568
-1012.5931337560519
-152.39313375605715
-350.39313375605735
66.40686624393962
121.40686624394225
-352.9931337560597
-21.993133756058626
236.20686624394116
-1052.7931337560653
-676.5931337560618
-950.1931337560611
26.60686624394309
-41.1931337560573
454.80686624394275
61.40686624394313
-997.5931337560653
-805.7931337560641
-1266.3931337560596
-1113.9931337560572
66.80686624394404
222.60686624394145
-104.39313375605703
294.60686624393986
-558.7931337560595
736.6068662439442
483.80686624394394
-656.3931337560604
-378.99313375606124
-278.79313375605517
176.80686624394247
-38.5931337560583
-175.99313375605865
153.40686624394382
157.80686624394497
-47.1931337560582
388.0068662439413
302.80686624394303
129.40686624394044
29.406866243942687
252.20686624394472
-751.7931337560611
-61.1931337560562
-675.593133756062
306.606866243944
-99.59313375606061
-175.39313375605522
-83.79313375605786
-1017.393133756056
-505.79313375605756
-156.19313375605844
150.0068662439421
320.60686624394197
140.0068662439414
-157.7931337560567
190.20686624394222
-387.3931337560584
-79.1931337560582
537.4068662439385
-86.39313375605866
-378.393133756059
-462.19313375605793
167.80686624394036
80.40686624394141
-123.99313375605932
-385.9931337560556
-359.9931337560561
-98.59313375605973
300.60686624394333
202.60686624394603
-468.99313375605414
-362.39313375605485
-427.19313375605884
-442.79313375606176
678.6068662439418
-469.5931337560538
-244.19313375605952
-293.79313375605875
-627.9931337560585
-425.99313375605584
-397.3931337560577
-34.993133756056416
-84.79313375605808
55.206866243942414
-10.593133756057394
-346.19313375605896
-300.59313375605586
-79.19313375605032
-197.59313375606
50.60686624394248
400.8068662439427
-600.3931337560633
-596.7931337560577
-900.1931337560507
-202.19313375605907
110.20686624394361
247.60686624394194
-154.3931337560576
-313.7931337560546
-480.99313375605396
216.40686624394152
97.20686624394281
-569.9931337560548
-154.99313375605428
-722.5931337560584
-1113.7931337560653
-81.79313375605676
-578.7931337560584
-690.9931337560581
-366.39313375605934
-420.1931337560647
-176.7931337560596
-465.99313375605635
6.006866243943579
-134.39313375605985
-255.19313375606174
506.6068662439434
207.00686624394262
164.80686624394193
-133.1931337560563
-609.1931337560583
-445.59313375605575
100.40686624394257
-56.99313375605682
-47.39313375605526
-219.99313375605746
-832.9931337560585
-617.3931337560548
-272.19313375605856
-280.7931337560547
-349.39313375605474
-296.59313375606257
552.0068662439442
310.4068662439423
-530.7931337560524
-912.193133756052
-1562.9931337560527
-1913.7931337560708
-1162.5931337560676
-912.7931337560472
-942.3931337560533
-506.79313375606057
-337.3931337560597
-210.9931337560569
361.0068662439426
-527.7931337560565
70.20686624394084
-334.1931337560565
-591.1931337560573
-690.3931337560562
-394.9931337560615
-305.1931337560619
-886.5931337560539
-1525.3931337560562
-1517.59313375605
-523.1931337560578
-68.79313375605633
-234.7931337560587
-493.79313375606023
-877.3931337560642
-133.1931337560594
-371.7931337560579
-973.1931337560646
-554.3931337560575
-378.99313375605914
-668.1931337560627
-222.59313375606126
-414.79313375606074
-1885.793133756058
-805.1931337560491
-513.9931337560577
-831.1931337560557
-753.5931337560556
-507.79313375606307
-48.79313375605898
146.20686624394045
1094.206866243939
-70.99313375606113
107.00686624394372
-517.993133756058
-573.9931337560569
-70.59313375605959
-333.99313375605516
-382.79313375605625
-785.9931337560596
-965.793133756066
-503.59313375605393
207.00686624394135
17.806866243943702
-283.39313375605866
-292.19313375605816
-189.79313375606026
-243.59313375605925
-211.39313375605903
-622.5931337560567
-609.1931337560569
-476.1931337560542
-949.3931337560603
-823.3931337560618
-681.3931337560614
-858.7931337560557
-476.9931337560587
81.4068662439395
-586.1931337560557
-483.193133756057
-710.7931337560594
491.00686624394086
551.0068662439398
399.2068662439408
-264.5931337560596
-369.79313375605966
-720.1931337560568
201.4068662439431
457.8068662439428
-611.5931337560601
79.40686624394263
190.40686624394152
319.20686624394364
435.80686624394264
597.6068662439412
151.00686624394226
185.80686624394153
984.2068662439414
238.4068662439446
60.80686624394297
-17.793133756057365
-350.5931337560555
-320.793133756057
-429.7931337560586
-768.9931337560591
-557.193133756055
-371.7931337560585
-481.39313375605707
-1083.393133756061
210.0068662439412
58.606866243943095
427.00686624394245
111.2068662439413
-209.39313375605812
-72.1931337560602
23.806866243942927
300.0068662439399
445.40686624394084
-809.3931337560638
11.606866243942356
422.2068662439402
-96.99313375605912
339.8068662439435
67.406866243941
337.00686624394086
-8.393133756057548
-94.99313375605595
-37.993133756056565
-295.393133756059
146.60686624393958
-32.59313375606038
-133.1931337560587
-182.99313375605865
-748.9931337560604
-526.993133756063
-376.3931337560618
-414.3931337560611
-535.39313375606
135.8068662439432
614.2068662439483
-266.99313375606056
-75.39313375605211
-334.3931337560584
91.40686624394351
284.2068662439443
-292.7931337560596
-252.9931337560591
-165.19313375605861
650.2068662439447
1111.806866243941
-575.7931337560577
-982.9931337560593
-186.19313375605762
78.60686624394032
1013.2068662439445
519.4068662439422
494.0068662439417
93.00686624394265
390.2068662439432
109.20686624393963
-912.9931337560548
-453.7931337560588
-381.5931337560576
-879.7931337560603
-934.5931337560573
-919.5931337560592
-639.5931337560572
-478.5931337560544
158.6068662439419
-256.3931337560591
-232.59313375605842
-79.19313375605715
-35.393133756056905
-109.39313375606046
-182.59313375605993
-124.59313375605561
121.80686624394329
688.8068662439349
870.406866243942
644.2068662439395
823.6068662439466
620.4068662439417
-565.5931337560571
-1112.5931337560662
-304.5931337560561
-387.9931337560581
537.0068662439411
225.40686624394348
-494.7931337560547
-892.9931337560593
84.2068662439437
380.2068662439406
-207.39313375605389
85.40686624394392
509.80686624394406
-373.993133756059
-479.39313375605536
-268.59313375605706
-412.19313375605685
-463.5931337560576
369.80686624394093
589.0068662439452
-194.19313375605893
33.60686624394191
93.00686624394231
176.00686624394322
-1.5931337560543213
327.0068662439408
187.80686624394326
543.6068662439409
816.8068662439402
786.0068662439377
333.6068662439429
-363.5931337560565
-1158.1931337560636
-1683.7931337560667
-852.5931337560576
-895.7931337560562
-500.79313375605784
-425.5931337560591
-1049.3931337560653
-776.9931337560608
-388.9931337560546
-545.7931337560574
148.60686624394148
358.606866243941
491.2068662439415
-42.59313375605787
-27.393133756058972
-501.7931337560618
-243.193133756061
-167.3931337560567
9.406866243940438
76.60686624394516
3.4068662439416357
627.806866243946
279.00686624394376
247.80686624393712
-99.19313375606046
-199.79313375606043
-586.7931337560592
-479.99313375606346
-61.993133756059194
176.60686624394313
-575.5931337560551
-631.3931337560549
-389.3931337560623
-878.1931337560595
-703.193133756063
-414.9931337560581
-650.5931337560596
-177.7931337560582
-190.9931337560583
122.00686624394098
53.60686624393982
-498.7931337560628
25.806866243940718
-334.7931337560563
-658.1931337560592
-373.19313375606123
-877.1931337560629
-87.59313375605849
335.0068662439418
3.6068662439431947
70.20686624394065
-135.39313375605713
587.4068662439411
355.6068662439428
877.2068662439464
273.8068662439438
-267.39313375605803
309.806866243943
-449.59313375605626
-264.19313375606004
643.4068662439413
539.6068662439427
132.40686624394203
-571.3931337560585
-217.99313375605806
-146.19313375605915
-482.993133756063
94.00686624394251
-370.79313375605693
-76.59313375605608
302.2068662439427
-299.39313375605894
-491.79313375604966
-739.9931337560586
-162.99313375605755
-246.19313375606092
-803.3931337560599
-278.5931337560623
-1023.993133756057
449.40686624394084
771.8068662439399
613.00686624394
555.8068662439418
220.2068662439456
1001.2068662439483
1254.2068662439383
1261.6068662439384
191.4068662439442
-318.5931337560593
750.6068662439421
103.00686624394291
139.20686624394395
718.006866243941
238.40686624394175
-612.3931337560557
-736.5931337560573
-194.59313375605984
-512.3931337560559
-592.3931337560647
-1109.1931337560638
-646.5931337560573
14.406866243940499
-47.79313375605612
-426.5931337560579
-547.3931337560574
-486.19313375605697
-419.79313375605886
-292.79313375605494
-574.193133756057
-332.1931337560579
-783.9931337560545
55.60686624394171
618.806866243942
355.6068662439404
689.8068662439441
191.80686624394212
865.2068662439399
1272.4068662439536
1026.6068662439438
284.4068662439391
-113.79313375605795
901.0068662439415
453.40686624394357
-49.39313375605844
533.8068662439415
148.2068662439443
-1128.1931337560657
-854.5931337560555
-275.59313375605836
-922.7931337560593
-618.7931337560508
-887.993133756055
-481.1931337560591
330.4068662439431
-227.39313375605295
-495.3931337560511
-545.9931337560574
50.606866243939464
-299.3931337560537
-519.3931337560642
-199.59313375605723
-311.1931337560599
-9.393133756057086
382.00686624394336
8.206866243941072
-289.3931337560584
782.0068662439378
-8.993133756057304
254.6068662439456
812.0068662439467
769.2068662439412
625.4068662439443
703.0068662439459
698.2068662439397
401.2068662439449
-312.99313375605817
-166.79313375605506
468.00686624394365
-64.59313375606015
-328.3931337560566
-408.393133756056
-786.39313375606
-112.79313375605922
185.4068662439426
-295.1931337560559
525.0068662439395
366.0068662439403
-84.39313375605558
-513.3931337560535
-33.593133756058464
-229.9931337560623
-734.7931337560584
123.00686624393832
-446.9931337560582
-667.593133756062
-264.99313375605726
-138.99313375605826
-25.993133756056466
656.2068662439409
466.80686624394406
577.2068662439403
1176.606866243939
403.0068662439419
370.80686624394184
875.2068662439391
434.8068662439427
19.006866243941964
-130.5931337560572
-380.9931337560558
609.2068662439424
-237.9931337560543
-347.79313375605886
-371.5931337560552
-1166.1931337560497
-556.393133756055
97.00686624394096
-496.39313375605894
181.40686624394115
108.40686624393948
-197.393133756055
-338.39313375604996
-156.39313375605627
-486.5931337560582
-502.9931337560553
-624.5931337560595
-477.7931337560571
-489.7931337560571
-1022.1931337560598
-926.3931337560588
-406.59313375605717
-451.1931337560598
190.0068662439415
404.80686624394104
542.4068662439414
470.8068662439433
-99.9931337560571
98.80686624394136
300.20686624394205
97.60686624394361
-328.59313375605257
122.8068662439363
800.8068662439426
-322.1931337560618
-945.3931337560526
-698.7931337560561
-1073.7931337560626
-826.7931337560568
-42.99313375605949
-123.19313375605655
-539.593133756058
245.20686624394386
-288.59313375605706
-585.3931337560597
-171.79313375605727
-168.99313375605965
-82.59313375605895
-282.99313375605834
-528.7931337560589
-376.1931337560619
-586.9931337560585
-1047.193133756057
-1049.9931337560595
-904.9931337560602
1.0068662439471154
-523.7931337560574
-63.99313375605525
1006.4068662439506
121.20686624394017
29.406866243944073
-611.5931337560592
-380.7931337560565
-472.3931337560565
-27.79313375605899
207.8068662439416
-106.59313375606102
-109.59313375605925
328.8068662439459
16.006866243941865
-959.9931337560613
-420.99313375605817
60.40686624394198
-14.993133756059972
791.2068662439414
57.406866243940826
-893.5931337560627
-147.59313375606078
-632.9931337560668
-223.19313375605833
70.80686624394103
-352.5931337560601
42.20686624394179
-372.9931337560578
-717.3931337560592
-398.3931337560598
-179.79313375605784
-113.19313375605739
731.206866243945
972.0068662439429
721.4068662439424
484.40686624393675
244.80686624394534
236.6068662439428
315.4068662439401
-25.793133756059014
-222.39313375605676
-284.9931337560562
-499.19313375605566
-107.19313375605651
196.80686624394178
154.00686624394075
-475.39313375605786
-236.793133756056
46.006866243944444
-414.59313375605745
197.206866243943
177.20686624394205
-741.5931337560536
368.8068662439438
392.4068662439415
356.80686624394144
-76.9931337560613
186.80686624394497
414.60686624394526
-901.3931337560598
-845.1931337560617
98.00686624394282
366.8068662439447
314.0068662439446
975.806866243948
894.4068662439475
519.2068662439372
791.6068662439418
387.60686624394316
725.0068662439431
-79.39313375605826
-355.1931337560601
-436.39313375605684
-621.3931337560634
49.206866243945555
-70.59313375605937
65.00686624394257
-215.7931337560578
-467.1931337560594
-865.5931337560588
-60.193133756057094
-319.79313375605915
-252.39313375606116
490.806866243942
-101.99313375605729
373.0068662439416
-117.79313375606012
-701.9931337560512
-581.1931337560599
347.8068662439439
41.606866243942186
-1300.193133756059
-1455.9931337560554
-276.59313375605694
284.00686624394154
511.80686624394286
828.2068662439447
566.4068662439324
693.6068662439467
1568.8068662439434
1439.0068662439437
816.4068662439397
-90.39313375605974
-397.59313375605694
-168.59313375605905
-463.99313375605476
-399.3931337560592
-41.19313375605994
212.00686624394075
-150.79313375605605
-356.193133756057
-106.19313375605921
336.4068662439434
153.20686624394074
-651.9931337560598
669.4068662439381
703.2068662439439
135.60686624394174
-559.3931337560596
-1020.9931337560523
-542.7931337560582
-207.59313375605632
-490.5931337560543
-347.79313375605835
-274.79313375605784
-728.7931337560616
324.6068662439426
396.20686624394295
637.0068662439419
599.0068662439415
1062.2068662439426
976.4068662439468
902.2068662439441
588.8068662439432
124.80686624394161
439.00686624394274
151.4068662439432
-474.39313375605764
-595.5931337560583
244.60686624394344
289.2068662439417
-131.39313375605957
520.0068662439398
652.2068662439408
-224.59313375605652
114.00686624394419
-235.1931337560591
-412.1931337560563
-307.3931337560569
-301.19313375605975
119.00686624394223
357.00686624394325
-252.39313375605755
215.0068662439408
282.20686624394324
779.206866243944
722.6068662439383
-831.7931337560613
256.60686624394174
223.2068662439434
341.6068662439375
971.4068662439463
279.4068662439441
329.40686624394334
42.606866243944054
250.20686624394205
465.80686624394156
656.0068662439431
111.40686624394345
-879.7931337560628
-478.99313375605976
246.80686624394266
585.4068662439425
286.4068662439421
252.60686624394395
193.806866243942
-371.79313375605716
-338.1931337560571
57.6068662439398
-131.3931337560585
34.80686624394205
210.40686624394206
426.6068662439434
810.0068662439409
-44.993133756056025
167.40686624394334
575.2068662439402
374.2068662439437
410.8068662439351
-258.7931337560602
-215.19313375605722
-123.99313375606015
123.20686624394125
475.40686624394436
-447.79313375606034
-37.59313375606093
422.4068662439417
572.8068662439426
346.006866243941
323.40686624394175
170.8068662439451
-274.39313375605735
-141.79313375605614
265.2068662439437
79.40686624394269
155.20686624394347
53.606866243941795
742.2068662439428
401.8068662439377
474.00686624394126
283.8068662439423
-2.593133756058732
452.8068662439428
8.006866243941896
24.006866243940472
378.20686624394324
-107.19313375605816
-850.7931337560589
-58.993133756058285
56.006866243941495
70.20686624394284
-242.59313375605774
-125.99313375605527
69.80686624393955
288.80686624394093
-68.7931337560589
338.6068662439425
875.4068662439447
671.4068662439414
255.2068662439409
5.206866243944432
186.20686624394244
623.8068662439434
213.00686624394137
1026.2068662439399
652.8068662439439
286.00686624394257
989.2068662439464
534.6068662439437
513.606866243941
427.60686624394305
687.2068662439441
472.80686624393996
442.40686624393993
566.2068662439423
-61.99313375605908
374.2068662439448
28.006866243942838
576.2068662439418
430.6068662439418
492.8068662439424
577.4068662439414
398.80686624394025
297.60686624394333
175.00686624394248
42.60686624394221
111.40686624394124
151.2068662439423
747.8068662439429
635.806866243942
169.00686624394302
10.006866243942355
-420.393133756059
-152.39313375605656
941.206866243928
-212.5931337560591
172.80686624394073
257.606866243943
422.00686624394183
922.2068662439456
707.8068662439352
506.6068662439472
922.8068662439413
1153.4068662439483
-94.19313375605782
183.006866243942
644.0068662439444
62.20686624394418
-132.5931337560597
-504.3931337560593
554.206866243943
514.4068662439435
252.00686624394484
-295.99313375605675
-16.99313375605778
90.8068662439417
-43.59313375605862
-150.99313375605914
-5.993133756053638
-24.193133756053655
1149.006866243937
841.8068662439424
216.60686624394216
147.20686624394165
-457.39313375605747
-271.5931337560585
406.4068662439399
21.806866243942828
-421.19313375605617
-40.793133756060485
55.8068662439427
-44.793133756057415
508.2068662439433
130.20686624394267
543.4068662439419
861.2068662439434
259.206866243942
249.6068662439443
590.6068662439445
966.6068662439426
214.40686624394624
-350.9931337560579
-208.3931337560573
-359.39313375606037
-157.79313375605562
-177.39313375605806
-197.39313375605917
-578.1931337560617
-237.19313375605762
404.2068662439378
634.2068662439407
-510.39313375605866
1001.2068662439438
454.8068662439443
156.6068662439428
592.2068662439425
153.60686624394432
268.80686624394093
780.0068662439437
728.4068662439416
7.606866243942129
-286.3931337560575
-678.1931337560662
-337.99313375605925
327.40686624394414
-297.5931337560566
159.60686624393935
886.4068662439449
870.8068662439498
59.60686624394141
-25.993133756054096
164.2068662439417
-283.5931337560584
-304.39313375605764
-222.99313375605763
30.406866243943124
412.2068662439412
319.8068662439415
-124.9931337560567
-89.993133756059
299.4068662439495
669.6068662439388
222.2068662439429
-869.7931337560545
608.4068662439432
-86.79313375605723
-49.19313375605928
-49.193133756058415
-246.5931337560582
284.00686624394496
111.00686624394237
21.806866243942984
186.00686624394416
-224.19313375606026
-371.1931337560599
-182.1931337560585
407.20686624394153
224.4068662439406
285.20686624394074
210.00686624394555
-13.393133756057026
-873.9931337560574
-215.79313375605827
-40.193133756053015
-467.3931337560584
-393.793133756058
414.40686624394175
763.0068662439448
404.4068662439427
-74.39313375605845
-884.7931337560607
181.4068662439427
873.6068662439473
32.20686624394581
-753.1931337560596
-168.7931337560568
23.20686624394189
-187.1931337560585
360.6068662439419
470.60686624393884
-134.39313375605838
-266.59313375605643
-424.1931337560572
-438.19313375605805
-360.1931337560569
-695.1931337560596
-357.59313375605774
-61.59313375605686
-163.79313375605943
-283.1931337560572
69.00686624394329
-66.19313375605755
47.60686624394259
-383.59313375605586
241.60686624394006
588.8068662439446
147.6068662439418
-635.7931337560574
-121.5931337560574
305.60686624394526
-286.3931337560573
245.4068662439459
365.20686624394165
981.2068662439419
1079.6068662439463
8.606866243939137
-227.99313375605664
363.4068662439432
-669.9931337560529
-482.3931337560614
-456.19313375605617
517.206866243944
329.4068662439366
31.006866243934738
-288.9931337560553
-163.79313375605997
-155.19313375605876
-956.5931337560601
-325.9931337560563
542.4068662439417
158.2068662439428
24.606866243940797
436.80686624394014
90.00686624394245
1160.6068662439475
981.4068662439447
382.4068662439421
443.20686624394295
-25.99313375605748
-291.79313375605545
-333.1931337560567
-380.59313375605745
-697.5931337560555
300.8068662439418
255.40686624394434
542.0068662439452
571.406866243937
100.60686624394492
-24.793133756054466
208.80686624394298
-272.3931337560616
-31.9931337560575
-488.3931337560598
283.0068662439396
144.20686624394156
472.2068662439478
168.60686624393963
-678.1931337560577
-168.5931337560565
-635.3931337560558
-724.1931337560565
246.40686624394803
277.8068662439433
-174.39313375605616
144.40686624394093
-450.9931337560582
1199.6068662439461
1196.2068662439408
-71.59313375605633
225.60686624394404
149.8068662439419
323.00686624394183
63.006866243941566
-212.99313375605809
93.40686624394311
301.40686624394436
533.6068662439417
855.4068662439489
649.2068662439431
422.0068662439444
-70.593133756057
260.2068662439405
182.2068662439414
821.4068662439494
106.80686624394336
708.4068662439271
-43.39313375605707
-218.39313375605718
293.6068662439409
-413.9931337560566
-11.39313375605678
181.80686624394286
59.00686624393815
119.80686624394144
-54.393133756054795
-193.99313375605678
147.60686624394006
-247.39313375605488
266.00686624394353
1016.206866243942
373.0068662439439
81.80686624393988
-227.1931337560583
-21.19313375605752
-30.19313375605752
-227.99313375605882
-514.9931337560569
-247.3931337560586
371.0068662439435
781.4068662439453
700.2068662439398
-10.993133756057105
-167.79313375605858
-44.793133756056136
630.2068662439411
1555.0068662439342
377.6068662439427
571.4068662439417
76.60686624394233
-341.3931337560559
357.40686624394266
724.4068662439489
774.0068662439406
310.20686624393835
155.2068662439415
-82.9931337560549
-529.1931337560613
-485.79313375605955
-161.1931337560606
82.60686624394107
226.80686624394252
475.2068662439446
-370.3931337560564
-328.5931337560595
-575.3931337560568
-45.3931337560588
212.80686624394298
407.6068662439411
248.00686624394245
36.606866243940814
-115.593133756056
645.8068662439445
718.0068662439409
118.6068662439428
416.80686624394286
102.40686624393985
-86.7931337560588
826.2068662439434
261.20686624394585
64.00686624394223
85.40686624394522
335.0068662439427
901.8068662439407
772.6068662439444
1113.8068662439393
726.4068662439436
402.20686624394307
959.0068662439443
368.40686624394283
176.40686624394405
51.00686624394291
-113.39313375606038
-204.59313375605805
423.20686624393886
441.40686624394294
221.80686624394346
202.2068662439375
-433.7931337560573
-442.39313375605707
58.80686624394181
273.80686624394167
148.20686624394267
136.40686624394266
1051.6068662439488
981.2068662439511
314.20686624393727
-32.39313375605822
-457.9931337560593
