-109.0273824299261
-361.82738242993116
1592.5726175700715
1812.5726175700931
-59.427382429920044
-188.22738242993074
1676.7726175700577
85.77261757006059
580.9726175700638
373.77261757007454
-966.2273824299223
-285.6273824299226
831.9726175700632
-985.0273824299348
-230.82738242993005
-866.2273824299326
1616.372617570131
31.77261757007757
-824.4273824299358
-1857.8273824299783
315.5726175700743
-596.627382429926
-645.6273824299288
223.97261757007635
-1381.4273824299246
-137.42738242992465
-417.4273824299206
-2311.0273824299356
142.77261757007616
1365.7726175700739
1185.1726175700796
965.7726175700834
-796.8273824299189
-448.2273824299166
690.1726175700438
1847.972617570098
1227.1726175701035
-355.8273824299192
477.57261757006887
-350.42738242992334
-342.6273824299193
-628.6273824299205
80.97261757007983
441.77261757007267
1053.9726175700605
-1373.8273824299292
591.7726175700784
237.17261757007753
-1271.0273824299366
-1185.0273824299245
594.1726175700828
-543.6273824299554
-663.2273824299242
-1211.0273824299452
-391.8273824299263
-29.027382429921502
-707.0273824299285
370.77261757008114
-1936.2273824299457
-1495.227382429906
713.9726175700665
1201.772617570066
1247.17261757004
2557.572617570068
319.3726175700688
-522.0273824299211
-1026.627382429933
-1254.2273824299332
-348.22738242992233
-204.0273824299204
111.172617570067
1550.1726175700478
995.3726175700906
405.97261757007914
2084.9726175700785
1495.5726175700706
1800.9726175700416
1241.1726175700603
-97.22738242992831
-702.6273824299159
-686.227382429937
-840.8273824299202
102.7726175700757
243.7726175700855
73.37261757007485
-496.2273824299343
-119.2273824299204
-877.0273824299267
-1623.0273824299386
-598.6273824299212
-1472.8273824299224
924.3726175700532
-233.4273824299454
-1353.427382429916
77.77261757006863
1726.572617570038
375.57261757007075
2377.5726175700797
-703.2273824299217
-2949.8273824299285
-1891.6273824298382
-1967.2273824298802
-1991.0273824299704
71.37261757008002
297.3726175700704
1221.572617570066
1722.37261757008
481.77261757006806
774.7726175700727
679.5726175700797
-480.22738242993137
-478.6273824299255
136.17261757006503
-98.82738242992602
-1121.8273824299474
405.5726175700542
588.3726175700721
1528.7726175700784
1268.9726175700948
-539.2273824299292
-998.0273824299225
-2243.6273824299565
-550.8273824299296
501.9726175700674
88.9726175700747
45.37261757007674
468.1726175700642
650.9726175700843
-433.2273824299341
751.9726175700813
-151.22738242991608
-893.0273824299325
-797.6273824299215
57.17261757008445
832.7726175700661
1409.17261757012
-207.82738242992622
-195.02738242993078
625.9726175700818
320.1726175700661
773.1726175700717
371.7726175700549
365.1726175700719
-1228.0273824299152
-547.4273824299288
-259.4273824299377
-1526.8273824299379
-744.6273824299249
-1822.227382429911
602.1726175700935
297.97261757007635
-770.827382429928
-213.0273824299211
667.3726175700632
-128.62738242992066
-1358.6273824299328
353.7726175700759
-328.0273824299312
-275.4273824299263
549.7726175700793
1808.1726175700946
-1461.02738242995
238.5726175700867
638.7726175700658
5.772617570074011
865.7726175700823
22.172617570070294
1102.5726175700527
732.9726175700677
170.37261757007562
-917.6273824299286
-333.227382429926
520.3726175700868
540.7726175700869
608.7726175700702
-2082.827382429963
-858.627382429907
-89.42738242993022
-200.0273824299212
937.3726175700614
1452.572617570087
266.57261757007774
-351.42738242995244
-152.6273824299265
-473.62738242992685
-528.4273824299213
-1045.2273824299066
695.5726175700736
2341.5726175700693
628.172617570074
-357.4273824299246
-459.4273824299306
1909.9726175701005
-558.2273824299348
-1580.8273824299342
-1186.0273824299238
347.77261757007
175.57261757007217
506.5726175700711
-649.4273824299281
-1633.027382429917
-418.02738242992444
-1462.227382429892
-912.0273824299173
-1324.6273824299142
-925.0273824299212
4224.3726175700485
3001.7726175700946
-1045.427382429893
903.3726175700597
1266.9726175700973
2184.3726175700153
391.1726175700374
458.5726175700529
847.5726175700722
727.1726175700649
-465.42738242992556
-2125.6273824299424
-838.8273824299241
1076.3726175700633
1389.3726175701079
416.57261757007495
232.3726175700734
405.5726175700621
1395.572617570052
-1497.027382429923
-65.62738242992798
-579.427382429917
356.3726175700649
-1812.227382429868
463.37261757008014
202.3726175700771
-1570.0273824299159
793.3726175700704
-260.6273824299252
-3667.427382429941
-499.8273824299432
-72.42738242992357
1935.7726175701296
2976.1726175700646
-90.82738242992428
1548.3726175701174
-732.6273824299252
-93.2273824299256
-2299.827382429971
762.5726175700638
664.5726175700819
-152.0273824299249
960.5726175700744
211.17261757007782
1485.772617570064
1582.7726175700434
179.97261757007954
-68.82738242993082
-1299.0273824299354
-21.82738242992669
486.57261757007745
1884.7726175700466
1719.3726175700792
-856.0273824299084
-419.42738242993914
-2529.0273824299247
-974.0273824299247
85.77261757007653
119.97261757007766
-763.0273824299085
492.5726175700745
-1434.2273824299407
-398.22738242992085
382.97261757008204
624.7726175700714
936.3726175700693
3035.9726175699966
2769.7726175701387
-824.0273824299147
-582.0273824299315
409.3726175700805
435.9726175700724
-19.22738242993355
-60.82738242993353
-842.6273824299358
-39.42738242991854
1303.5726175700788
-238.8273824299334
-899.0273824299271
-652.0273824299234
-745.8273824299276
-391.6273824299271
-855.6273824299124
-95.42738242992408
-1113.2273824299225
-1012.4273824298999
-177.8273824299351
-248.02738242992967
-1065.827382429953
-321.82738242993065
1101.772617570049
-1259.8273824299145
-1720.2273824299482
-1332.827382429933
-1885.4273824299346
-278.4273824299185
470.5726175700834
1289.972617570115
1439.5726175700524
90.3726175700745
-1729.8273824299285
-729.0273824299296
579.5726175700646
-653.2273824299432
-3159.0273824299643
-624.0273824299175
-565.2273824299222
-571.2273824299269
561.3726175700829
-1866.2273824299953
-1104.0273824298922
-634.0273824299287
-1018.2273824299182
-46.2273824299305
-629.6273824299259
-1120.8273824299272
-1370.6273824299637
-140.22738242992205
-415.02738242993325
6.3726175700629355
-1058.4273824299432
-1284.6273824299642
-335.82738242992315
595.5726175700729
-1535.0273824299197
-1380.2273824298895
-1068.4273824299135
-849.6273824299324
-749.4273824299385
2262.3726175701495
-435.0273824299241
454.5726175700432
2423.172617570061
976.9726175700767
-526.827382429919
394.5726175700771
-810.2273824299554
408.7726175700572
876.1726175700715
-516.0273824299317
-58.427382429926766
-1406.0273824299231
-749.8273824299271
-294.82738242993133
-49.827382429922004
914.9726175700553
-772.427382429924
681.1726175700809
915.1726175700865
937.1726175700704
-1253.8273824299283
-538.627382429928
-730.4273824299256
-863.0273824299151
-1443.2273824299355
-341.02738242992643
-1180.2273824299007
-827.6273824299197
-1493.6273824299526
1039.3726175700492
-894.4273824299089
998.9726175701239
888.3726175700581
3143.172617570022
1987.772617570168
1404.5726175700381
-538.8273824299239
-788.427382429929
-659.0273824299186
-168.2273824299243
272.57261757007177
-1738.227382429934
558.5726175700781
-447.4273824299418
684.9726175700577
712.1726175700798
-1985.0273824299156
-990.2273824299021
-2198.227382429931
-485.6273824299339
-83.62738242992593
-965.8273824299273
-1457.2273824299236
-554.8273824299181
-1464.8273824299445
-225.2273824299329
-458.2273824299414
-1030.0273824299645
-1927.627382429942
-1647.4273824299003
-764.6273824299147
1704.1726175700512
-405.02738242992524
-209.82738242991493
1976.1726175700703
2894.1726175701747
2070.172617570042
-169.22738242991426
-873.6273824299119
69.57261757007109
-1067.2273824299416
-1217.8273824299242
137.97261757007408
977.1726175700742
407.7726175700736
-2305.6273824299046
-580.8273824299224
730.3726175700771
131.17261757007836
1482.5726175701193
-1042.027382429926
1039.1726175700874
285.77261757005715
544.9726175700674
-595.0273824299361
-962.6273824298861
719.9726175700766
2060.1726175700855
609.3726175700665
-18.427382429954406
-1639.6273824298644
-2544.627382429907
-223.42738242992849
2029.1726175700242
1369.9726175700566
693.5726175701074
2561.972617570069
1174.1726175700662
2685.9726175700976
-504.4273824298991
-1528.2273824298982
50.97261757006216
-1171.22738242993
-2142.0273824299356
-415.8273824299074
-112.82738242991928
-822.4273824299273
-2178.6273824299124
-652.427382429939
261.7726175700725
-1048.4273824299273
743.9726175700561
644.3726175700779
1822.772617570067
2266.5726175700192
2597.972617570066
347.7726175700692
-291.8273824299123
-188.22738242992256
-1265.8273824298935
-2262.627382429953
-395.0273824299336
1124.9726175700732
-1512.2273824298939
-273.22738242992773
1163.9726175700594
1774.7726175700564
1271.1726175700555
3277.5726175701034
-132.2273824299258
-437.62738242993856
-134.22738242992574
548.7726175700693
1203.572617570067
-67.0273824299273
-1543.2273824299336
-2166.6273824299346
-1226.8273824299006
-1829.2273824299064
-62.02738242992291
336.9726175700638
-23.627382429921965
-1377.8273824299258
-710.2273824299372
-330.82738242993037
546.9726175700738
2349.5726175700743
881.3726175700805
-556.0273824299198
-127.02738242991877
-1649.02738242989
-893.0273824299262
-719.0273824299323
-1942.6273824299485
-1557.2273824299389
-1485.8273824299613
291.7726175700777
1249.9726175700716
-836.2273824299255
-913.6273824299122
-55.227382429937755
1146.7726175700777
-1057.2273824299402
-153.42738242993534
425.7726175700679
515.7726175700736
-2007.6273824299494
-1637.227382429931
-1662.4273824299075
-1718.6273824300129
-1364.22738242999
349.3726175700772
-294.4273824299277
169.3726175700741
2132.172617570044
820.5726175700697
295.97261757007374
-1116.8273824299022
1267.5726175700947
631.9726175700906
424.5726175700545
257.37261757007616
-373.2273824299358
-888.4273824299355
-1170.8273824299126
174.3726175700668
-824.0273824299517
-511.02738242992575
-724.4273824299243
138.77261757008557
-447.42738242993255
-1182.2273824299298
-1290.427382429944
514.7726175700849
-129.42738242992132
-154.2273824299209
-149.42738242992644
699.5726175700696
-1064.8273824299079
173.97261757008462
-1076.4273824299994
-1679.027382429924
-1477.2273824298913
-479.2273824299263
-61.62738242993209
-919.0273824299309
-246.22738242992705
-682.427382429929
-440.4273824299238
-518.0273824299159
1684.3726175700203
1062.3726175700724
1012.772617570071
-188.82738242992752
-192.22738242993177
-1809.227382429923
-1742.427382429924
-676.2273824298971
-1372.6273824298853
-1199.0273824299215
-1751.0273824299254
-1302.4273824299182
-1497.0273824299713
-2160.8273824298867
-114.42738242992233
-672.0273824299294
-885.8273824299264
1298.9726175700669
717.3726175700648
-566.6273824299203
-735.0273824299394
68.5726175700714
-224.6273824299105
-579.827382429932
-18.027382429926085
-1865.4273824299544
-1709.6273824299637
-716.8273824299208
-459.6273824299301
737.3726175700725
1282.5726175700659
-1473.2273824299255
-154.22738242992656
215.37261757007593
476.7726175700866
-923.2273824299125
-1447.2273824298939
-1751.2273824299234
-885.4273824299154
249.3726175700652
-131.8273824299387
-2946.227382429858
-1838.42738242998
-432.2273824299371
-1522.427382429954
13.37261757008357
-597.0273824299308
-550.0273824299323
603.7726175700711
658.7726175700827
1014.7726175700631
-1233.6273824299137
-1805.4273824299496
314.97261757007186
-307.0273824299338
369.37261757008486
34.97261757007382
-1146.8273824299292
-734.627382429942
709.3726175700807
609.9726175700758
1905.3726175700758
357.3726175700802
-1069.027382429919
418.77261757007705
-346.6273824299345
1595.572617570097
-284.62738242992486
22.572617570074826
-594.2273824299272
-626.6273824299238
554.77261757008
400.9726175700679
-1733.027382429966
-2034.2273824298695
-865.027382429922
694.9726175700695
1254.37261757008
597.3726175700708
206.3726175700704
1961.9726175700662
-86.82738242993909
152.9726175700725
193.97261757007718
-2086.4273824298575
-963.0273824299335
-860.4273824299449
-295.22738242992546
878.3726175700697
228.17261757007822
-845.6273824299287
-731.6273824299337
-477.02738242992956
617.7726175700661
-185.22738242992926
872.9726175700331
-6.827382429920867
-184.02738242993053
1173.5726175700677
-190.82738242992792
1472.9726175700707
-973.0273824299281
-809.0273824299462
-639.0273824299202
47.77261757007314
344.97261757007453
-2297.6273824299988
-564.8273824299259
-1035.8273824299451
-1054.4273824299019
651.1726175700591
-4.827382429923324
-607.0273824299219
-202.02738242992106
971.7726175700786
-1226.0273824299368
99.17261757007181
-1046.8273824299365
-9.427382429929843
-642.8273824299314
-1665.627382429953
-2700.227382429916
-1905.8273824299154
-554.2273824299276
198.97261757006993
-63.6273824299276
-2317.0273824298756
-481.22738242992466
-1082.227382429936
239.17261757007185
-98.22738242992912
-1403.8273824299245
119.7726175700652
-704.2273824299257
1405.7726175700634
-582.2273824299082
513.5726175700746
252.3726175700821
-3126.227382429911
1550.7726175700864
888.5726175700688
-1729.427382429921
277.77261757006175
2179.9726175700835
-655.2273824299231
-43.22738242992428
203.77261757008088
-1707.0273824299404
-671.827382429935
908.172617570086
412.1726175700395
585.1726175700666
-55.22738242992837
-940.0273824299379
-193.62738242992478
960.7726175700636
1984.3726175700879
1832.1726175700942
-1555.6273824299076
-1744.6273824299005
-1040.2273824299173
771.5726175700573
-1059.0273824299238
-294.8273824299217
-608.4273824299356
-1161.2273824298977
64.17261757006595
-293.6273824299285
-435.2273824299265
-697.0273824299156
-1127.427382429891
309.57261757008536
1637.7726175700989
48.77261757006816
-1404.2273824299155
-409.8273824299448
-1372.8273824299092
-882.4273824299295
-1636.8273824299117
1124.1726175700883
-337.02738242992297
-1876.0273824299582
-1054.2273824299268
-745.4273824299213
2596.5726175700306
1314.1726175700746
-576.8273824299357
737.7726175700793
48.37261757008034
1701.572617570061
-2114.827382429941
-1129.4273824299758
848.1726175700745
-1174.4273824299241
379.7726175700606
1039.9726175700791
-966.427382429935
-501.02738242992746
-1224.827382429913
72.37261757007798
-408.6273824299161
-2341.027382429926
-75.4273824299236
74.77261757007552
-1105.8273824299456
-294.42738242992573
1318.1726175700753
-23.627382429929952
-347.82738242992735
-735.4273824299302
-1062.6273824299126
393.5726175700781
346.372617570071
-1460.6273824299085
411.9726175700804
-2901.2273824298845
-392.62738242993134
-766.4273824299243
-382.02738242993007
333.7726175700748
-1134.0273824299454
1075.3726175700592
-2101.4273824299116
-1108.427382429925
1311.5726175700631
-1790.0273824299595
847.3726175700626
1274.9726175701
-1169.0273824299345
-453.02738242991853
-804.8273824299204
-78.22738242992978
-418.42738242990947
-1975.4273824299332
2182.7726175700723
108.57261757007714
-1853.8273824299636
-95.62738242992323
308.97261757007783
-1105.0273824299188
306.37261757006695
-657.0273824299414
469.97261757007595
240.17261757007506
-59.62738242992482
-82.62738242993707
-322.22738242992665
-3243.8273824298753
-1113.427382429889
-392.8273824299402
-341.82738242992633
1248.972617570061
502.7726175700762
962.3726175700814
-1558.2273824299407
-1861.0273824300034
79.57261757007375
425.1726175700647
-1572.8273824299283
69.17261757007539
519.9726175700831
300.17261757007003
-1475.2273824299352
-902.627382429917
-389.0273824299307
-2605.0273824299097
-343.82738242992656
-1122.827382429934
572.5726175700747
542.5726175700728
449.9726175700726
-590.6273824299269
-797.0273824299163
-2586.827382429878
2233.3726175700867
440.3726175700808
-772.8273824299188
-815.4273824299675
-696.4273824299247
-1409.427382429936
-1384.4273824299776
-1070.02738242995
-1236.0273824299052
426.37261757007036
322.97261757007624
1479.9726175700966
1026.1726175700746
-940.6273824299186
491.97261757006737
-992.2273824299263
-2041.0273824299659
664.9726175700832
1586.772617570073
82.17261757007705
-96.82738242992903
232.772617570067
968.3726175700514
867.3726175700783
622.3726175700909
-518.2273824299341
1231.5726175700765
-830.427382429925
1126.5726175700852
1621.9726175700687
276.1726175700781
-1410.8273824299574
1126.1726175700544
-1658.027382429962
930.3726175700565
757.7726175700656
-1649.6273824299353
-716.6273824299294
-558.0273824299238
-1944.2273824298961
177.97261757005845
-718.0273824299094
-1039.427382429934
-204.42738242992266
-143.82738242992076
-581.4273824299429
-0.42738242992906805
-1266.8273824299395
-589.6273824299212
-541.6273824299266
-191.42738242992297
-180.22738242993375
591.1726175700711
69.9726175700738
469.77261757007653
755.3726175700693
932.1726175701018
371.97261757006794
358.5726175700786
-1223.227382429927
918.5726175700772
1913.7726175700777
2045.3726175700951
1185.972617570127
-447.62738242992845
-236.42738242992442
2294.172617570046
1841.9726175700678
505.97261757007544
-842.4273824299337
-312.02738242992746
-554.0273824299538
-212.22738242992963
316.5726175700678
-629.2273824299381
-2740.2273824299023
-215.62738242993015
325.37261757008025
821.1726175700506
-492.42738242992436
1093.5726175700586
-280.4273824299126
279.57261757007234
-666.2273824299292
13.772617570076758
1986.7726175700648
1650.772617570088
206.57261757007367
669.172617570087
1804.3726175700617
-64.02738242991867
13.972617570080335
1721.1726175700974
904.5726175700567
1744.5726175700474
995.3726175700752
477.5726175700682
412.97261757006305
2013.1726175700744
-65.62738242992464
-531.427382429928
-511.22738242993216
-620.0273824299201
-1645.0273824299925
255.97261757007175
628.7726175700709
42.17261757007699
-1882.02738242994
1401.3726175700554
1211.172617570057
1692.37261757005
-164.62738242992387
296.3726175700815
88.37261757007427
-813.0273824299238
-1657.2273824299348
206.7726175700677
1487.5726175700984
550.372617570073
2131.7726175700554
1315.1726175700653
611.7726175700767
236.3726175700641
728.7726175700634
474.57261757010406
2327.9726175700825
794.5726175701019
-664.6273824299138
1701.9726175700487
-280.6273824299266
-1007.0273824299132
-1287.6273824299333
-629.0273824299321
-426.62738242993055
298.372617570076
-365.82738242991707
-450.6273824299215
-348.62738242993083
-1030.4273824299335
2078.57261757006
2215.172617570034
76.972617570077
956.9726175700841
-247.82738242993761
-116.2273824299338
-457.2273824299232
-1216.4273824299123
-1624.4273824299341
-311.4273824299323
-192.22738242992665
1043.1726175700574
3031.772617570092
1351.3726175700585
2156.572617570072
2652.7726175700436
694.9726175700545
466.1726175700862
3282.972617570203
1025.9726175700498
-251.0273824299238
1216.572617570133
1334.7726175700545
-843.4273824299304
1381.372617570043
650.3726175700957
-1689.027382429898
-827.4273824299405
1415.7726175700448
-1053.6273824299383
-781.0273824299196
-78.22738242992719
-468.827382429927
-1139.4273824299503
9.372617570066435
450.97261757007533
-143.62738242992563
-323.02738242992615
-53.8273824299161
-771.4273824299231
-1151.027382429934
957.3726175700472
502.7726175700852
184.37261757007323
773.3726175700609
-195.027382429941
1556.1726175700644
1818.5726175700797
317.77261757007756
-104.22738242994251
-192.42738242993033
443.57261757008035
-63.42738242991916
-392.2273824299254
-665.4273824299231
-281.62738242993214
2069.9726175701417
1394.1726175700594
1358.7726175700905
-1443.8273824299415
-1.2273824299296052
27.17261757007069
1254.772617570055
2961.1726175700815
1677.3726175700167
328.57261757007234
-1173.22738242994
964.5726175700571
1866.9726175700553
-250.22738242993336
257.1726175700745
1577.972617570091
-43.227382429930934
650.3726175700921
463.97261757007294
173.17261757006895
1454.972617570089
803.5726175700736
133.37261757006493
1354.7726175700789
369.57261757008547
3233.3726175699785
1627.5726175700406
1579.3726175700529
182.5726175700773
1852.3726175700872
1041.7726175700896
1482.3726175701154
2090.3726175700963
1091.172617570053
1449.1726175700794
1466.172617570085
-86.42738242992856
968.7726175700762
1623.1726175701115
607.772617570093
893.7726175700656
-154.62738242992748
-958.0273824299228
510.57261757005386
2285.572617570142
948.1726175700719
-888.8273824299239
-24.427382429917905
-1409.6273824299128
-1357.2273824299164
-1627.027382429918
-1071.027382429937
-214.02738242992245
-103.02738242992413
-1480.2273824299195
237.972617570079
558.7726175700736
185.77261757007625
-580.4273824299249
997.5726175700746
-1336.6273824299244
-2053.8273824299113
-1421.2273824298968
-294.6273824299256
6.972617570077542
116.17261757007554
394.37261757007934
-989.8273824299174
-324.42738242992476
963.9726175700802
564.1726175700474
371.1726175700654
1685.572617570084
786.3726175700818
172.97261757007288
-34.22738242991606
277.1726175700792
327.5726175700921
-57.227382429913376
34.972617570079045
623.9726175701016
-13.827382429927276
-601.8273824299256
-127.02738242992014
-836.0273824299418
-261.22738242991267
140.77261757007045
-314.4273824299281
-326.4273824299258
636.7726175700689
339.9726175700752
972.5726175700877
-163.22738242993094
-1448.6273824299212
-861.8273824299283
472.3726175700695
193.77261757007594
-958.4273824299025
-820.4273824299411
-842.827382429914
1917.3726175700704
682.7726175700752
-1293.227382429924
-156.8273824299189
776.3726175700624
1017.1726175700873
3025.7726175700436
-76.02738242992662
-1347.8273824299324
41.172617570067615
-601.6273824299202
-837.2273824299199
-1045.4273824299262
-788.0273824299184
276.77261757008006
-932.8273824299354
-2019.0273824299363
-1296.6273824299303
-570.027382429931
-751.8273824299213
-286.82738242993935
747.1726175701003
549.9726175700815
-482.62738242994004
1050.9726175700796
670.5726175700878
1640.572617570102
1812.1726175700865
-41.22738242992065
-445.02738242991967
-1783.2273824299189
285.17261757006037
1040.5726175700659
491.77261757007756
510.972617570074
761.3726175700638
-260.22738242993444
-640.6273824299274
1374.972617570079
40.77261757008214
-283.0273824299241
170.17261757007023
676.5726175700944
877.5726175700744
-106.02738242992689
-1298.4273824299182
-287.62738242992356
-76.4273824299278
-126.42738242992543
264.17261757007316
239.97261757007703
392.1726175700723
-995.2273824299109
-336.42738242993
-1122.227382429961
-2246.8273824298453
-1052.6273824299544
-1830.4273824299219
349.3726175700767
-192.82738242991974
-1062.02738242992
618.1726175700783
2126.972617570082
914.3726175700784
-1531.0273824299104
-472.8273824299433
-339.0273824299288
-651.6273824299219
-923.8273824299072
894.572617570084
-830.2273824299168
370.7726175700769
544.5726175700798
-349.8273824299256
440.77261757007244
-674.6273824299298
262.1726175700772
712.372617570082
1794.1726175700928
343.5726175700743
423.5726175700727
106.77261757007419
-130.4273824299232
-347.6273824299369
-2607.027382429855
-210.42738242993647
-800.8273824299455
-1742.6273824299117
-101.02738242993655
394.3726175700709
-652.4273824299212
-1956.8273824298592
-639.4273824299294
785.7726175700602
1569.1726175700876
-510.62738242991264
-607.227382429925
532.5726175700772
-297.02738242993405
-1137.2273824299286
-1803.0273824299336
869.172617570061
-340.02738242992166
-771.6273824299349
348.3726175700738
1063.9726175700728
411.5726175700779
1227.1726175700792
-96.42738242992851
-799.0273824299115
1078.772617570072
-702.4273824299306
447.77261757008415
-1898.6273824298403
-2474.627382429915
2288.172617570096
1242.3726175700576
-1356.8273824299251
238.3726175700624
-466.62738242992225
252.57261757006285
-863.42738242994
-457.82738242991985
-1382.2273824299473
-630.4273824299331
157.57261757008007
-979.2273824299403
-898.8273824299368
189.97261757007686
549.5726175700731
-311.82738242992014
-243.0273824299266
-1087.0273824299247
-39.22738242992768
-1558.4273824299187
828.9726175700251
1337.5726175700963
1932.3726175701051
-342.02738242992507
1989.5726175700793
851.772617570059
-1422.2273824299184
1571.97261757007
1129.7726175700566
-952.6273824299176
511.57261757007564
-1528.427382429927
-545.4273824299364
1087.5726175700893
-1399.827382429956
815.1726175700758
-1318.6273824299415
-743.4273824299283
-2039.827382429934
-124.62738242993026
-1197.827382429936
-430.82738242992593
1433.172617570069
-220.6273824299293
832.1726175700666
1117.772617570044
451.172617570079
575.7726175700836
-505.02738242992945
-662.2273824299334
-80.82738242992768
1224.9726175700705
1973.3726175700263
611.7726175700546
1080.7726175700732
-787.2273824299173
-203.42738242992755
51.97261757006833
-361.827382429923
-651.027382429936
1759.172617570077
1374.9726175700753
1444.572617570066
228.9726175700714
-244.42738242992968
-950.0273824299467
81.97261757007004
1315.7726175700786
-850.0273824298705
-571.8273824299298
111.17261757006946
-347.8273824299306
761.9726175700778
1852.5726175700713
513.972617570071
407.17261757008663
1549.9726175700387
-356.4273824299119
-47.627382429919905
1740.3726175700872
1162.9726175700669
342.37261757006684
50.17261757007276
-386.6273824299213
-841.6273824299266
712.9726175700871
1515.772617570098
699.9726175700616
-560.6273824299268
149.57261757007296
976.9726175700845
-898.6273824299302
-275.0273824299247
1514.3726175700838
-10.027382429931802
331.7726175700631
1152.972617570081
-335.2273824299305
-1751.0273824299493
-1820.427382429906
-2686.8273824299354
-1381.227382429932
-375.42738242991766
-760.227382429936
-1011.0273824299437
1814.3726175700479
488.77261757009353
468.1726175700716
2358.5726175700665
128.172617570074
981.5726175700701
2442.1726175700533
1073.1726175700896
650.972617570064
759.5726175700962
-1515.0273824299393
-1178.0273824299056
1173.5726175700752
946.7726175700944
279.37261757009105
-309.427382429921
-292.82738242992446
565.9726175700582
1467.9726175700525
128.97261757009065
1203.172617570057
244.57261757007066
-568.8273824299214
447.57261757007353
1354.9726175700819
-2646.4273824299926
-2421.8273824299417
-909.8273824299238
-1067.427382429933
-1480.827382429941
136.7726175700699
-281.02738242992854
1425.9726175700555
1090.3726175700604
128.97261757007513
1695.572617570055
717.3726175700809
1484.5726175700488
1305.1726175700549
656.5726175700805
322.7726175700822
-136.82738242992625
305.9726175700748
593.9726175700762
1535.3726175700517
52.572617570072644
137.37261757008068
413.57261757006586
-369.4273824299302
-1365.8273824299417
384.1726175700833
1373.1726175700253
2631.172617570131
-532.8273824299298
-398.42738242992095
-1602.427382429941
-561.0273824299305
-2181.6273824298746
-980.8273824299042
-1276.6273824299296
-535.6273824298943
-1338.2273824299696
-211.6273824299301
822.1726175701081
1266.572617570099
484.77261757008506
-2107.627382429924
920.3726175700735
493.17261757006844
1612.572617570081
1652.7726175700664
-1121.027382429906
-611.6273824299318
-1152.6273824299246
-719.0273824299211
-92.82738242993558
179.77261757007528
253.17261757007856
892.972617570063
-346.62738242993294
-882.2273824299281
-951.8273824299243
653.3726175700646
1874.9726175700732
2922.37261757004
972.3726175700665
-16.427382429931555
-1163.227382429922
-2203.027382429917
-1981.2273824299266
-1524.6273824299517
-397.82738242993037
-934.6273824299287
-1278.0273824299277
1435.7726175700589
2331.7726175700705
1410.5726175700784
1664.7726175700152
414.1726175700711
400.7726175700829
-1529.8273824299235
42.57261757007571
1306.9726175700814
320.17261757011556
2018.9726175700914
27.372617570094164
223.77261757007165
-848.4273824299247
547.9726175700451
218.17261757007046
84.77261757007045
685.1726175700611
1360.1726175701094
812.1726175700787
1768.9726175700591
976.9726175700645
1464.1726175700749
1274.9726175700848
491.37261757007195
367.97261757007516
-781.4273824299474
-1156.8273824299226
-2792.6273824299756
-114.62738242990663
-931.0273824299409
-1070.6273824299374
1198.7726175700727
1981.5726175700945
152.5726175700955
1665.5726175701323
473.5726175700748
311.57261757006256
-215.2273824299272
650.9726175700648
227.37261757007875
-1399.6273824299394
644.3726175700733
751.172617570078
51.97261757006861
-367.62738242993123
780.1726175700549
301.37261757007445
241.77261757005272
-442.2273824299324
-1200.0273824299181
-799.6273824299402
1427.3726175700301
2086.9726175701107
1257.172617570066
151.972617570059
-921.0273824299398
306.37261757007394
-664.8273824299581
507.1726175700832
-3264.8273824300004
-3079.627382429932
-1865.0273824299356
72.17261757007341
1647.3726175700672
2477.3726175700745
1349.772617570085
1280.1726175700946
1607.9726175700935
813.1726175700765
1847.9726175699907
1076.972617570075
-488.82738242993133
-1945.2273824298898
-1137.6273824299099
-502.2273824299307
-559.0273824299326
-113.82738242992055
-787.0273824299153
-528.4273824299196
804.7726175701006
-129.2273824299254
795.572617570064
1409.1726175700999
454.57261757005364
201.57261757008024
914.3726175700511
814.1726175700832
-1271.0273824299009
-1669.627382429904
-1699.2273824299075
-738.2273824299252
-539.4273824299229
-1829.6273824299124
-1461.2273824299143
-1159.4273824299237
257.1726175700791
-430.42738242992857
1143.772617570053
1899.7726175700361
2307.5726175700534
2230.3726175700663
2694.37261757008
613.3726175700721
345.17261757006537
1317.7726175700943
-552.0273824299292
-671.8273824299201
-1297.4273824299148
215.77261757007847
-79.42738242992792
241.57261757007387
1406.3726175700572
1830.9726175700955
1366.3726175700453
881.772617570041
2492.1726175700246
613.5726175700867
1706.7726175700702
887.3726175700847
-957.22738242993
-152.4273824299261
-671.8273824299213
-967.2273824299314
467.3726175700794
1146.1726175700726
609.3726175700834
-138.02738242993627
1095.372617570079
-487.62738242992367
1577.172617570045
849.372617570093
1161.9726175700494
1420.9726175701253
2705.772617570079
2300.3726175701067
466.57261757008104
-387.8273824299225
-2196.4273824299503
-1957.2273824299107
-786.4273824299278
1117.7726175700773
628.9726175700712
-98.22738242991434
936.9726175700386
2468.7726175700905
840.7726175700625
917.1726175700591
1366.5726175700722
-555.4273824299263
1278.172617570093
905.3726175700302
-694.2273824299068
328.3726175700711
37.77261757007031
1137.9726175700673
1349.7726175701105
681.3726175700675
1764.5726175700677
1453.1726175700676
1065.1726175701183
-369.02738242992325
-442.2273824299351
-4.827382429930408
727.7726175701102
1574.572617570092
947.5726175700723
982.7726175700903
630.5726175700713
-955.0273824299377
-987.0273824299273
-461.22738242992307
-1402.0273824299056
-786.0273824299426
-181.8273824299315
-338.82738242992514
394.5726175700847
1973.7726175700275
895.1726175700721
1233.17261757008
1303.9726175700691
300.17261757007645
609.7726175700842
1542.7726175700757
714.9726175700771
-912.4273824299471
557.1726175701011
-2.6273824299298747
449.17261757008276
-49.82738242992023
-829.4273824299464
1009.9726175700798
-224.42738242992797
-1715.2273824298893
89.17261757007961
-261.4273824299278
612.5726175700833
352.37261757008565
-57.02738242993324
1332.9726175700769
1772.9726175701028
-285.22738242992995
-107.02738242992835
-1803.6273824299399
-768.6273824299253
-282.2273824299198
-811.6273824299274
1263.5726175700975
501.37261757005047
1970.1726175700855
935.1726175700729
-401.62738242992293
355.97261757008613
17.572617570073
734.1726175700638
681.7726175700942
646.1726175700927
371.77261757008114
495.57261757007797
-402.62738242992214
-1060.4273824299241
1064.9726175700762
-1261.6273824299492
-965.8273824299206
1351.9726175700598
-789.4273824299255
653.3726175700735
-158.0273824299288
80.57261757008159
1176.3726175701045
1447.772617570044
2056.3726175701363
1323.3726175700842
300.372617570087
-609.627382429943
-1530.227382429913
1670.1726175701356
-1087.2273824299011
-202.42738242992328
1279.772617570048
48.17261757008782
2560.7726175700905
428.7726175700667
-199.42738242992442
168.1726175700886
782.9726175700611
2385.7726175701023
103.17261757009314
1169.1726175700428
-1710.2273824299102
-2027.6273824299076
-41.02738242993137
-552.4273824299262
-320.22738242992494
-37.427382429934895
644.1726175700784
76.17261757007729
1518.3726175700365
225.97261757008664
446.5726175700696
-397.2273824299335
-667.8273824299285
-477.0273824299251
1085.9726175700696
1794.9726175700587
1338.972617570058
-367.62738242993095
-1922.4273824299237
725.7726175700766
-1198.6273824299185
1511.7726175700514
897.5726175700958
-168.02738242991958
1304.9726175700964
-30.827382429926896
795.1726175700666
-201.62738242992558
1759.5726175701002
2727.172617570071
-357.82738242992815
2525.172617570065
533.9726175700735
-1069.027382429949
-154.0273824299146
1470.1726175700596
-223.82738242993133
920.9726175700746
597.5726175700623
-459.4273824299129
407.3726175700605
1344.1726175700524
404.57261757009127
1162.5726175700877
567.9726175700913
564.9726175701095
1282.9726175700757
2123.9726175701326
1455.9726175701248
824.7726175700446
-1456.8273824299636
-401.62738242993447
-796.4273824299355
2079.1726175700483
-50.227382429930906
486.57261757008115
820.3726175700667
-188.62738242992438
-908.8273824299346
-654.4273824299328
-312.22738242993114
377.57261757008047
991.7726175700634
918.1726175700733
1126.3726175700783
145.17261757007626
-1915.8273824299852
-1655.427382429912
-1082.2273824299375
331.1726175700683
-991.227382429922
2233.572617570058
1155.5726175700663
-554.6273824299341
748.1726175701009
1010.7726175701189
3113.972617570159
1986.7726175701052
-296.6273824299314
638.1726175700682
-1261.0273824299297
315.17261757005764
-2338.627382429951
-1252.427382429907
767.172617570067
-411.02738242993064
1233.3726175701008
1603.1726175700583
396.172617570072
629.1726175700641
-220.42738242992047
2034.1726175700908
1331.7726175700668
-821.8273824299475
1020.9726175700763
-372.6273824299257
-1905.4273824299303
-841.6273824299321
899.7726175700792
-1327.8273824298979
-97.22738242994191
588.172617570072
-289.02738242993433
1198.3726175700476
1610.5726175700875
-111.02738242993333
3118.3726175701177
244.7726175700703
1678.172617570072
928.5726175700916
1380.1726175700737
1445.772617570042
-1674.027382429909
819.172617570043
-1275.4273824298764
-2006.427382429953
886.9726175700598
-1804.827382429938
1458.3726175700776
1205.1726175700815
-1490.8273824299092
-72.0273824299279
651.7726175700482
2247.9726175701044
1871.572617570092
373.7726175700648
3419.372617570122
256.37261757007093
-1486.0273824299097
73.97261757007662
104.77261757007538
-1726.8273824299147
1575.9726175700519
1495.9726175700823
453.5726175700646
179.97261757007948
-6.227382429928124
255.57261757007757
1593.5726175700672
217.7726175700719
1863.1726175700567
1465.1726175701
1481.1726175700317
2769.772617570106
262.57261757006876
674.1726175700908
-891.027382429917
-2762.8273824299085
-795.0273824299205
11.772617570058474
-1118.6273824299217
119.97261757005592
208.9726175700819
474.97261757008016
-718.2273824299326
-66.8273824299218
907.7726175700544
-391.2273824299256
275.97261757007817
-811.8273824299484
527.1726175700707
196.97261757007803
-21.22738242993215
-1380.227382429961
888.5726175700689
-321.0273824299222
1910.1726175700717
618.9726175700562
-145.8273824299244
-274.627382429939
1319.5726175700693
1838.772617570148
1709.5726175700484
760.572617570068
-275.42738242991874
354.97261757007925
-526.6273824299283
506.77261757006346
156.77261757007835
-1941.4273824299764
47.37261757006934
-668.4273824299213
-1095.227382429932
1238.172617570011
943.7726175700587
458.57261757006614
489.1726175700838
-148.22738242992222
199.5726175700793
1286.3726175701108
81.77261757007267
-830.0273824299386
63.97261757007398
-1402.8273824299226
-71.42738242994193
-429.82738242990723
-132.22738242993424
-1706.8273824299308
402.3726175700833
-2385.2273824299514
315.77261757007324
380.372617570052
-965.8273824299207
1453.972617570038
1848.3726175700938
-160.22738242992557
1402.5726175700747
-437.22738242992995
-1231.427382429917
-490.8273824299285
-911.4273824299386
-1220.2273824299575
-328.22738242992955
-146.4273824299297
988.1726175701103
790.5726175700707
-4.827382429923512
152.77261757006752
906.1726175700883
-1205.0273824299388
-1156.6273824299376
111.17261757007935
-218.4273824299328
-687.0273824299312
-1589.6273824299114
-2770.027382429933
-1475.027382429894
-1085.827382429899
188.17261757008086
-251.82738242992684
-1502.4273824299198
-2249.0273824299306
666.7726175701011
711.5726175701051
971.9726175700806
670.9726175700611
1090.7726175700607
883.972617570061
995.3726175700527
362.77261757006386
-669.8273824299152
-2799.6273824299324
-608.8273824299184
207.17261757007657
443.37261757008406
373.372617570067
2301.17261757015
1034.3726175700772
575.5726175700785
-259.82738242992565
393.57261757009064
1257.7726175700705
319.9726175700837
-692.2273824299394
-991.2273824299411
33.57261757006633
-1666.8273824299342
-1479.6273824299992
-923.6273824299429
-2855.627382429942
-1218.427382429925
-1170.4273824299064
-313.6273824299205
-250.22738242992554
1915.3726175700824
344.3726175700843
656.5726175700788
557.9726175700708
659.1726175700736
-308.02738242992837
1308.7726175700761
422.772617570056
-310.22738242992494
-2433.227382429899
619.1726175700684
946.3726175700644
1533.7726175700816
-407.22738242992415
339.7726175700805
446.9726175700701
-842.6273824299286
-1400.4273824299132
574.3726175700693
802.9726175700727
-1037.8273824299267
-145.42738242992914
-1172.6273824299471
-1972.2273824299086
-1803.0273824299159
-901.2273824299348
-2168.2273824299778
-1316.227382429906
-2126.2273824298813
-2806.0273824298997
479.9726175700651
-948.0273824299451
-671.6273824299147
-274.0273824299314
339.3726175700686
331.9726175700763
945.7726175700682
615.3726175700543
893.7726175700686
218.37261757007568
-743.0273824299182
1434.9726175700375
1742.7726175700673
-81.62738242992397
727.5726175700701
-224.2273824299294
-245.6273824299202
-853.4273824299408
-1145.2273824299323
-1124.6273824299678
-758.0273824299214
-1555.6273824299435
-918.6273824299369
75.17261757007692
-1810.2273824299211
-638.8273824299112
564.1726175700858
-1149.0273824299334
-2475.8273824299413
-894.0273824299283
-1685.6273824299215
-1357.8273824299204
-187.4273824299285
505.77261757007574
-707.0273824299563
810.7726175700734
3.372617570075443
-2006.4273824298962
-951.6273824299168
1120.7726175700664
-941.6273824299157
-1077.6273824299442
-487.82738242990916
-1009.6273824299313
-1391.6273824299212
257.9726175700739
1001.3726175700787
762.5726175700777
353.5726175700769
469.3726175700731
481.17261757006787
208.97261757007038
372.57261757009684
-1072.8273824299351
-1463.627382429886
-1950.6273824299283
-4109.427382429891
-2213.6273824299737
-1411.4273824299464
-2741.8273824299476
-3593.627382429863
-4666.22738242988
-3094.6273824299305
-1948.4273824298684
-2365.8273824299445
-1664.6273824299656
-588.8273824299417
588.5726175700803
-20.827382429922483
451.1726175700761
-1433.2273824299605
-1008.2273824299039
-1338.6273824299217
-145.62738242992546
1458.9726175701164
619.5726175700925
266.77261757007557
-4142.227382429919
-2056.227382429934
-985.6273824299375
-2424.827382429958
-2267.227382429972
-176.62738242992674
-265.62738242992515
488.37261757007394
-413.6273824299514
-1197.0273824299338
257.3726175700715
-440.4273824299365
-2322.6273824299606
-1544.8273824299704
-2532.627382429991
887.3726175700933
-106.82738242992659
-524.2273824299268
-1657.8273824299079
-473.62738242993186
-252.02738242992683
-125.22738242992781
76.97261757007573
-1688.8273824299297
-690.2273824299357
-420.027382429931
-2023.0273824299177
-1344.6273824299492
-713.427382429926
-1657.0273824299134
-2488.027382429961
-3609.827382429861
-2006.2273824299987
-755.4273824299075
918.7726175700844
186.77261757007363
-1913.6273824299076
-770.4273824299167
-840.8273824299204
-551.4273824299174
-965.0273824299329
-227.82738242993884
919.3726175700623
835.5726175700809
-2148.427382429913
-376.2273824299129
-273.22738242991676
310.77261757007005
16.972617570079947
1419.3726175700936
-1677.227382429922
-2391.827382429926
-987.2273824299278
650.3726175700774
697.3726175700858
-1530.427382429914
-2.627382429930499
-679.0273824299392
-168.42738242994287
65.3726175700664
-923.6273824299317
-1203.4273824299364
-1315.0273824299086
-2482.2273824299327
-604.4273824299397
-811.427382429944
-896.2273824299273
85.97261757006824
-430.0273824299235
-592.0273824299384
495.9726175700695
933.172617570077
208.5726175700774
1032.572617570064
1841.7726175700716
2905.172617570114
1774.7726175700611
1061.9726175700814
569.3726175700697
1260.172617570079
931.9726175700798
1026.9726175700753
279.5726175700708
-449.8273824299438
109.77261757007837
1188.9726175700876
713.3726175700651
-1665.227382429949
134.97261757007385
284.37261757007707
2140.172617570081
661.1726175700746
-1175.0273824298938
-14.427382429922737
-69.82738242993285
-640.4273824298914
1536.3726175700979
-1262.6273824299446
-2176.0273824298865
-298.22738242991466
-387.6273824299332
-849.22738242991
-825.2273824299257
-739.0273824299176
-287.0273824299316
-1596.0273824299456
-1149.82738242992
654.1726175700785
884.9726175700569
167.97261757006834
752.9726175700624
1942.5726175700709
862.3726175700792
-684.4273824299277
682.5726175700833
902.1726175700511
2288.372617570092
1313.7726175700927
-610.6273824299257
-1106.4273824299303
-565.2273824299272
1404.3726175700806
965.972617570084
776.1726175700752
1485.1726175700733
2294.772617570043
210.7726175700751
-901.4273824298974
363.7726175700836
-177.62738242992376
-397.0273824299102
-1096.6273824299121
-398.0273824299297
68.9726175700731
-571.2273824299256
-2118.827382429923
-1303.8273824299183
-1551.6273824299371
-847.22738242994
974.3726175700767
1935.5726175700668
1537.7726175700566
257.5726175700787
2683.972617570123
474.9726175700801
-1488.4273824299164
-980.8273824299374
-2056.8273824298894
-406.0273824299169
-1046.027382429938
-585.02738242993
375.17261757007253
1768.1726175700696
945.372617570071
-1872.8273824299342
-787.0273824299309
49.17261757007245
897.1726175700782
-338.0273824299363
848.1726175700744
-786.227382429901
751.5726175700574
387.9726175700721
-1185.2273824299145
-197.02738242992558
-1518.4273824299119
-1503.2273824299061
-1145.6273824299394
60.57261757007358
-445.02738242992905
206.7726175700798
682.97261757008
1392.3726175700913
592.1726175700761
-2601.82738243004
1421.5726175700663
1343.9726175700919
-0.027382429925978613
990.772617570085
710.3726175700481
-388.62738242991685
-651.2273824299394
693.7726175700612
967.5726175700648
1209.1726175700744
-192.62738242993078
-608.0273824299389
-92.02738242993034
-604.027382429931
-43.62738242992349
-1158.8273824299197
1038.9726175700598
536.9726175700664
-382.6273824299308
-166.4273824299318
611.3726175700813
392.9726175700776
1079.5726175700615
-281.62738242992293
-1622.0273824299302
-66.0273824299233
-788.6273824299274
1614.9726175700675
-728.6273824298871
-1609.4273824299187
1958.1726175700248
101.77261757006886
-1731.827382429901
1681.5726175700538
1257.3726175700203
1420.1726175700842
-135.02738242992055
130.37261757007803
-189.62738242991668
90.57261757007302
357.772617570068
-1083.2273824299377
-1178.0273824299175
-881.0273824299132
-628.2273824299281
-703.227382429924
255.97261757007377
-588.6273824299257
917.5726175700967
95.5726175700812
1486.9726175700619
830.7726175700822
1247.172617570075
-1524.4273824299098
1603.7726175700634
1072.3726175700835
-1811.2273824299857
1180.9726175701057
1317.9726175701094
-195.42738242992453
1004.1726175700773
-553.0273824299252
-1068.8273824299358
-489.2273824299161
-2659.627382429918
884.7726175700755
518.3726175700514
1220.5726175700863
-725.4273824299233
-149.22738242992685
-2128.027382429906
-313.6273824299242
1916.7726175700716
15.972617570067708
-54.42738242992775
-702.6273824299224
-1228.6273824299326
-24.627382429918967
360.97261757007783
-711.8273824299224
571.972617570055
2407.5726175699997
2315.7726175700323
345.3726175700745
-25.827382429922256
-1419.2273824299277
197.57261757007714
-255.22738242992403
-1083.827382429916
-1006.0273824299361
1186.1726175700833
347.57261757008087
773.9726175700714
462.3726175700782
-473.2273824299116
-2144.4273824299207
-1316.227382429922
1099.972617570087
1729.1726175700749
2305.7726175700236
2198.9726175700985
863.9726175700719
-113.227382429905
1005.572617570088
-166.62738242992316
196.77261757007224
409.9726175700816
-1921.8273824299658
-2167.0273824298793
929.772617570057
1869.772617570076
392.9726175700717
486.3726175700796
294.97261757008533
-1377.4273824299323
-676.827382429923
345.37261757007616
1361.3726175701051
223.97261757007286
631.9726175700915
471.97261757010347
-1571.8273824299608
-1036.0273824299409
731.372617570077
-1052.62738242992
-648.027382429935
920.1726175700719
-344.0273824299258
-1980.8273824299613
-802.4273824299295
561.7726175700683
1332.5726175700775
2029.172617570074
1368.3726175700806
-786.6273824298905
709.5726175700777
-1538.6273824299249
-586.0273824299242
955.9726175700777
-1386.6273824299049
-1045.2273824299136
1036.1726175700726
305.9726175700738
-203.82738242993136
228.37261757008395
-1161.0273824299504
-2185.22738242997
-796.6273824299395
-391.62738242991963
142.37261757006917
-595.8273824299229
-366.6273824299265
-171.02738242992135
882.7726175700681
-546.0273824299283
935.1726175700596
158.5726175700773
-451.8273824299074
1698.3726175700424
2747.5726175700875
-1307.2273824299175
-747.6273824299282
370.17261757007714
-471.42738242992147
-355.8273824299161
867.3726175700916
-942.4273824299337
464.77261757007034
-667.4273824299368
-230.0273824299367
872.1726175700688
-383.4273824299354
-580.0273824299213
-719.2273824299355
-898.0273824299016
-1190.2273824299589
-1168.4273824299203
236.17261757007844
-21.827382429925088
1491.5726175700604
453.57261757008195
-93.62738242992577
728.772617570077
550.5726175700768
-1028.8273824299124
113.17261757006256
-8.227382429922933
1444.1726175700421
-543.8273824299285
446.77261757006835
471.7726175700734
67.57261757007083
-1901.4273824299203
71.97261757007257
-1469.0273824299102
-246.4273824299371
-60.427382429929985
-146.82738242990825
-722.827382429938
-71.62738242992813
-805.0273824299219
-1593.6273824299099
2019.1726175700735
33.97261757007392
-580.6273824299308
-396.62738242993487
-2268.427382429943
-1692.6273824299283
-1705.2273824299357
105.17261757007213
807.3726175700706
553.1726175700791
1177.3726175700895
1000.3726175700797
802.7726175700731
909.1726175700516
-862.0273824299311
-899.4273824299255
-297.8273824299384
1667.3726175700624
698.1726175700745
-716.0273824299251
-238.6273824299132
-1076.4273824299391
-2781.6273824299087
-1655.2273824299084
81.37261757007624
411.77261757006806
1192.7726175700705
2200.5726175700383
160.97261757006262
-103.42738242993839
1661.3726175700558
773.3726175701122
1439.5726175700918
-1284.427382429942
-1371.627382429925
-4.42738242993185
386.97261757007556
2555.172617570013
349.7726175700494
404.17261757007157
-1084.0273824299416
-279.2273824299297
432.1726175700754
-569.2273824299399
861.3726175701122
1519.3726175701124
-185.4273824299248
61.572617570068545
-478.0273824299351
-462.6273824299318
-899.8273824299341
-2357.0273824300525
-473.0273824299347
48.17261757008282
-1916.027382429969
-3263.8273824298362
1252.972617570057
1313.572617570065
796.9726175700714
1923.5726175701213
408.5726175700666
-1215.6273824299415
1490.972617570047
1171.572617570088
776.9726175700778
-36.0273824299253
464.5726175700787
92.57261757006322
-68.22738242993063
2192.772617570041
1658.17261757008
343.77261757006625
-634.427382429933
-209.4273824299371
-576.4273824299297
-959.8273824299334
-363.62738242992646
-806.4273824299332
-591.0273824299312
963.7726175700794
1446.9726175700614
-492.62738242991867
-2083.027382429965
-2696.6273824299556
-99.82738242992286
-643.4273824299447
-292.62738242991804
-2753.4273824299526
-1513.227382429871
34.57261757007661
192.17261757007395
800.1726175700733
1972.9726175700537
578.3726175700854
30.372617570078553
972.97261757007
218.37261757008253
907.9726175700705
336.3726175700844
-743.6273824299494
-993.2273824299112
-10.827382429920789
-58.827382429924256
164.37261757006416
-212.2273824299081
-2170.2273824299477
-1633.2273824299923
-62.22738242992776
-635.0273824299345
1403.9726175700991
1357.7726175700786
325.17261757008305
173.57261757007856
-121.02738242991317
-173.4273824299299
-630.8273824299561
762.9726175700713
-463.02738242992035
-123.2273824299332
1037.1726175700767
-354.82738242992235
-312.827382429922
-2074.8273824299163
-1315.8273824299115
-484.62738242991
1112.9726175700675
351.972617570083
709.772617570062
-125.02738242992277
-438.2273824299322
-1695.62738242992
-552.4273824299382
801.9726175700688
-271.22738242995104
20.77261757007088
312.77261757007193
412.3726175700785
-1445.2273824299277
-949.4273824299474
-254.82738242992724
-372.8273824299257
468.37261757006394
-655.0273824299243
1907.3726175701397
731.9726175700782
354.3726175700704
-509.0273824299224
161.37261757007514
1505.572617570069
697.3726175700864
-131.6273824299206
-6.027382429917628
257.97261757007635
228.37261757008088
-1669.0273824298586
-527.4273824299194
152.17261757007222
2507.972617570079
234.97261757007922
45.772617570069485
-485.427382429921
451.57261757008996
998.172617570082
338.57261757006665
24.172617570067757
-856.827382429921
-58.42738242992482
749.9726175700714
826.1726175700812
-333.0273824299296
-718.4273824299221
-850.8273824299305
-19.827382429916653
-563.4273824299256
-314.0273824299251
832.57261757005
-817.6273824299362
-301.62738242992646
-1092.6273824299403
-1249.2273824299139
781.9726175700786
997.9726175700592
961.3726175700945
-648.4273824299362
-1711.0273824299686
400.17261757007896
-434.22738242991585
312.172617570073
1201.9726175700748
887.1726175700662
-40.2273824299279
-244.62738242992103
-43.02738242992069
535.1726175700775
1185.9726175700862
1033.1726175700664
373.5726175700791
1110.1726175700765
2656.1726175701288
104.77261757007162
-406.2273824299268
52.17261757005285
-31.02738242992235
-1273.027382429922
-241.62738242991952
-311.22738242991875
388.17261757008015
428.77261757007733
-976.8273824299034
-321.8273824299476
399.1726175700723
-71.02738242992635
-717.2273824299538
829.972617570094
-433.2273824299243
-823.6273824299011
-1995.4273824299282
-1344.6273824298494
665.1726175700752
345.37261757007707
-589.2273824299559
-60.62738242992909
-75.6273824299294
950.9726175700755
-353.8273824299215
-1158.6273824299408
748.172617570071
181.37261757007573
-175.0273824299253
1466.1726175700583
641.9726175700664
313.57261757007416
697.9726175700721
-975.8273824299145
958.5726175700792
-1732.4273824299444
-340.2273824299339
-612.2273824299353
-1211.0273824299175
-1103.6273824299296
-1079.827382429914
610.5726175700768
1048.772617570063
1029.9726175700855
-82.82738242992538
1294.9726175701164
335.37261757007417
-1244.0273824299181
789.1726175700766
-1004.0273824299254
-1348.827382429901
1662.1726175700762
-370.42738242993204
778.172617570066
300.3726175700755
1681.172617570054
2491.9726175700325
1314.772617570061
383.7726175700787
-2303.8273824299313
-1122.4273824299325
489.17261757007583
340.372617570075
2910.1726175700933
-897.6273824299224
-1537.027382429921
343.1726175700747
-1207.4273824299175
484.3726175700641
-1385.2273824299216
-1251.827382429946
-856.8273824299206
-536.627382429922
1057.5726175701045
-1083.8273824299283
187.57261757007566
-2506.4273824298607
-1040.4273824299237
-219.2273824299214
-770.0273824298974
162.97261757007263
698.7726175700723
1275.3726175700706
249.97261757007925
785.3726175700808
-289.22738242992403
435.37261757008235
-185.42738242993227
-911.0273824299042
-172.82738242993753
488.77261757007733
-1772.8273824299017
-856.2273824299261
558.772617570082
511.37261757007855
1757.5726175700731
-1653.4273824299266
-370.22738242994143
-163.62738242991628
-723.6273824299292
-124.62738242992751
-888.6273824299343
354.97261757007254
-860.6273824299238
683.9726175700587
1385.1726175700499
-3004.2273824299
1245.9726175701005
808.372617570072
-472.42738242991163
-1554.0273824298858
941.5726175700728
674.7726175700919
2023.572617570084
1660.9726175700991
-912.8273824299175
-1259.827382429927
-624.4273824299247
-798.6273824299215
-688.6273824299382
-2379.6273824299583
-1767.0273824300039
521.5726175700751
-159.22738242993506
426.77261757007005
1303.9726175700803
758.9726175700631
750.3726175700715
-703.4273824299264
625.9726175700762
-432.0273824299262
1061.172617570083
679.9726175700711
618.7726175700761
-32.2273824299254
231.97261757006376
327.7726175700663
1137.7726175700723
-123.62738242992063
111.37261757008078
1559.7726175700689
994.9726175700722
-2487.4273824299494
-697.4273824299204
435.17261757007327
919.772617570067
-429.6273824299273
1475.9726175700994
325.97261757008374
-1337.6273824299105
231.97261757009815
-135.02738242992328
-213.0273824299263
-1184.8273824299058
-1628.0273824298629
-192.2273824299288
-880.0273824299217
1102.572617570059
206.17261757008015
-289.62738242992776
428.57261757009564
-1670.8273824299317
370.3726175700714
1446.9726175700578
-291.82738242994037
1025.5726175700643
-109.827382429924
1699.1726175700599
580.1726175700724
-442.0273824299275
959.5726175700593
-1308.6273824299276
-2179.427382429898
-1031.627382429927
460.3726175700682
-457.22738242992614
-378.8273824299282
-817.6273824299276
-743.4273824299389
-58.027382429923534
956.1726175700867
-1211.8273824299429
1742.1726175700448
-1034.8273824299256
-1036.6273824299017
-1913.0273824299213
-549.6273824299283
266.3726175700739
-1672.427382429935
742.5726175701041
667.7726175700752
-1006.8273824299285
969.1726175700817
-2107.427382429922
1195.972617570034
751.972617570071
-2102.427382429931
-172.42738242992414
-303.427382429923
-361.2273824299235
-628.4273824299179
-292.62738242993305
2125.1726175700996
-1372.62738242993
-1036.4273824299187
178.7726175700755
376.9726175700933
392.57261757007825
1073.172617570084
-432.82738242992815
-456.027382429922
-1016.4273824299319
-572.6273824299434
-877.027382429902
-482.4273824299484
-1894.6273824298821
-262.4273824299179
-971.8273824299196
316.77261757008847
1938.1726175700612
-297.0273824299351
268.7726175700766
1127.7726175700602
183.57261757007547
1637.3726175701095
1811.3726175700838
-187.6273824299218
-341.62738242992356
-299.42738242992186
650.5726175700681
-1269.227382429938
-1216.0273824299436
-780.4273824299152
-1043.827382429923
-508.8273824299283
-1589.6273824299437
1978.9726175700896
947.3726175700926
1016.9726175700782
1159.9726175700828
968.1726175700765
-971.4273824299089
1857.572617570089
1208.7726175700245
80.77261757006579
-840.227382429892
335.772617570071
1724.1726175700462
909.1726175700705
-116.82738242991996
-657.4273824299228
33.57261757007581
-534.6273824299204
523.9726175700779
2090.172617570076
953.1726175700669
2219.9726175700653
720.3726175700818
-1077.6273824299199
428.97261757006714
-352.6273824299225
-677.2273824299243
-62.02738242992066
191.77261757008657
543.3726175700689
1432.572617570093
582.9726175700632
-526.2273824299297
1772.9726175700919
1023.9726175700719
1799.5726175700834
1571.7726175700845
-126.82738242992177
-1928.0273824299252
1403.1726175700826
-267.4273824299204
657.372617570084
-654.027382429924
-2194.827382429928
1488.1726175700912
2067.372617570076
-923.6273824299359
-802.0273824299509
-1634.0273824299625
-1308.027382429921
261.57261757008195
960.1726175700778
-634.427382429923
-350.82738242992684
-504.8273824299301
-983.2273824299309
-801.6273824299351
-1201.6273824299142
-234.02738242993394
100.97261757007647
-1280.4273824299523
-620.027382429932
407.57261757007484
152.57261757007214
-187.02738242992342
-215.22738242992358
376.77261757007386
1123.9726175700741
884.9726175700674
799.3726175700559
-915.4273824299333
-948.4273824299283
-1355.8273824299254
-29.22738242992787
-1503.2273824299225
-693.2273824299248
265.97261757007567
980.9726175700671
-426.2273824299188
-295.6273824299267
-290.2273824299189
-903.0273824299315
-1812.4273824299696
1081.3726175700792
-592.0273824299052
-1130.4273824299453
-1087.0273824299375
1296.772617570016
1251.7726175700627
988.5726175700876
518.3726175700772
-549.2273824299292
120.57261757007038
-380.02738242995076
-729.8273824299413
-317.62738242993214
639.5726175700723
-503.8273824299133
1342.9726175700785
995.7726175700636
-1146.8273824299254
584.3726175700787
-965.4273824299173
-94.8273824299266
64.97261757008565
1057.9726175700612
-1417.8273824299363
437.17261757007515
624.1726175700636
72.37261757007903
-2032.8273824299176
-35.227382429935886
124.37261757008442
-3.627382429921738
-2591.627382429941
572.7726175700706
-1856.2273824299277
-1457.4273824299466
-2170.627382429928
312.5726175700796
1487.5726175701113
567.5726175700737
610.1726175700687
1332.172617570061
1019.9726175700876
-791.2273824299324
724.3726175700808
-158.02738242992243
-380.82738242992787
794.9726175700903
1848.7726175700584
229.97261757007527
1003.1726175700621
536.9726175700677
-922.4273824299106
791.9726175700598
-790.0273824299147
-817.827382429921
-1087.6273824299406
572.1726175700641
785.772617570084
1208.9726175700703
-173.42738242992792
385.1726175700691
-23.82738242992865
-913.6273824299187
591.1726175700688
930.9726175701024
-2398.2273824299364
-1084.0273824299286
-1777.627382429931
-1303.2273824299193
-273.8273824299215
3.372617570079326
289.9726175700703
558.5726175700621
-400.2273824299229
810.5726175700855
1332.7726175700677
-372.8273824299303
1355.1726175700871
3238.3726175700535
1459.37261757006
888.3726175700879
2264.5726175701143
653.1726175700767
1135.172617570048
220.97261757006032
513.7726175700883
320.3726175700781
1411.172617570112
155.3726175700773
-1079.0273824299336
198.1726175700737
2036.9726175700494
776.7726175700892
178.77261757007818
-342.4273824299333
-1539.2273824299464
-1857.6273824299217
-574.8273824299412
288.3726175700749
-1121.6273824298983
-1602.6273824299578
-18.82738242991799
970.3726175700857
1140.57261757008
1468.5726175700615
812.5726175700934
960.1726175700766
-479.6273824299314
-1986.4273824299148
283.97261757007277
1850.572617570068
1605.1726175700705
448.1726175700708
-1211.4273824299473
164.17261757007986
873.5726175700823
-866.2273824299205
-923.4273824298928
1167.972617570075
1525.372617570108
608.3726175700725
1762.5726175700672
155.57261757007288
35.17261757006761
-266.22738242992455
235.9726175700779
311.5726175700753
-1902.2273824299252
-1806.8273824299565
