-76.81261207660877
-2027.6126120765568
2187.3873879233734
1617.78738792335
11.587387923394758
1206.9873879233949
1139.9873879233573
1984.387387923402
-1054.6126120766185
-1036.2126120765986
687.987387923369
725.7873879233987
1119.3873879233954
1776.7873879233864
1266.9873879234012
1041.787387923396
150.387387923397
1378.9873879233573
-825.6126120765907
-412.81261207661043
810.5873879233937
242.7873879233984
529.1873879233875
567.187387923391
903.9873879233867
1331.9873879234117
107.18738792338848
-296.41261207661665
444.98738792339304
1056.587387923365
43.38738792338917
-1053.0126120766126
681.7873879234027
1728.987387923373
802.3873879234176
1717.587387923416
359.1873879233801
-28.21261207662815
-1831.6126120766885
-1945.612612076574
-1581.612612076629
-327.6126120766001
-674.2126120766126
269.18738792339366
-69.81261207661014
-1345.61261207658
-1520.2126120766118
-779.4126120766259
-650.0126120766113
-287.0126120766022
-731.4126120766424
-692.4126120766215
270.5873879233988
-3732.8126120766065
-3394.012612076642
-79.01261207661165
-481.81261207661333
-59.812612076611785
-771.6126120766066
-1584.4126120766227
-37.61261207660476
-768.8126120765977
204.18738792338664
264.18738792339104
1674.9873879233778
1369.1873879234035
-497.41261207661216
3258.9873879234465
1537.5873879233695
1685.187387923398
294.9873879233963
-880.2126120766341
-354.4126120766271
-2311.6126120766507
-2060.6126120766035
-334.6126120766139
387.5873879233805
-712.4126120765848
-670.4126120766131
-649.6126120765853
10.587387923383758
315.3873879233994
-1625.8126120766276
-1605.2126120766943
-579.2126120766304
-1680.4126120766243
-754.6126120766
528.5873879233905
-721.2126120766263
1420.7873879233887
143.1873879233953
-1574.812612076625
477.5873879233941
1208.387387923374
967.987387923385
2488.9873879234306
2552.38738792336
0.7873879233901846
-529.6126120766052
2339.787387923391
-732.6126120766195
1329.587387923395
549.987387923397
-269.61261207660925
683.587387923377
-430.2126120766114
-482.61261207659953
-584.2126120766089
-783.2126120766143
-11.612612076606837
355.78738792338663
757.7873879233957
1.9873879233914238
1500.1873879233717
311.5873879233939
-94.21261207661523
-2239.2126120766234
-1140.2126120766097
156.18738792339025
-552.212612076595
-1067.2126120765813
1379.1873879233763
-358.012612076608
-1603.6126120766096
-210.21261207660808
1330.5873879233825
-638.6126120765998
1871.9873879234185
933.1873879233674
73.18738792338746
1801.9873879234053
2173.387387923375
1991.1873879233688
100.3873879234009
1249.78738792341
-142.81261207661362
-1665.8126120765842
881.1873879233761
-34.8126120766099
-228.21261207660493
-289.61261207660345
-1168.4126120766164
-1355.0126120766
524.1873879233824
924.7873879233911
505.78738792339215
518.5873879233985
-78.81261207661402
-3193.2126120765824
-642.4126120766114
475.78738792340005
1763.7873879233819
-803.6126120765888
-650.6126120766074
-498.8126120766066
1255.9873879233917
799.7873879234003
288.787387923396
529.3873879234036
1345.3873879233854
-667.6126120765958
-266.01261207660616
145.58738792339796
337.3873879234143
486.9873879233787
-475.61261207661244
355.58738792339454
715.3873879234002
-517.812612076606
454.5873879234022
-1715.4126120766314
-2451.4126120765986
-912.0126120766469
-767.0126120766093
-51.41261207661081
1928.5873879234086
639.387387923389
-235.01261207660548
1539.787387923431
-1987.6126120765832
-2396.8126120766333
49.98738792339606
-2576.6126120766385
524.5873879233869
1557.3873879234177
1332.1873879233972
1403.3873879234043
1519.587387923367
-326.21261207660837
-104.01261207663113
-801.0126120766122
1423.3873879234138
449.78738792339817
-2227.212612076607
-2443.6126120766125
-1193.412612076613
-48.01261207660532
-311.61261207661363
-73.81261207661507
1358.7873879233985
-650.6126120766096
1185.187387923406
-366.2126120766073
-24.812612076610655
-1611.4126120765961
-1132.2126120766309
-594.412612076611
752.1873879233916
-538.8126120766119
-2235.412612076546
940.9873879233801
-1013.2126120766043
-848.8126120766254
-1781.8126120765985
-1484.0126120766
-1253.2126120765893
807.3873879233802
2010.1873879233485
1437.187387923397
1224.1873879233817
-1198.4126120765957
-123.61261207661121
-586.2126120766164
207.78738792338987
1234.1873879233815
573.9873879233903
-1585.612612076615
-1832.0126120765822
-1019.4126120765666
-1087.0126120766286
-875.6126120766143
1058.387387923403
752.5873879234027
816.9873879233844
146.78738792339396
632.18738792337
-671.2126120766482
-1102.6126120766448
-3191.2126120766147
-345.6126120766206
1047.387387923384
838.7873879233712
-0.012612076615241108
-774.2126120766075
-1431.2126120766184
-1383.4126120766002
1360.5873879234166
-1637.0126120766415
-689.0126120766053
1182.5873879233952
453.18738792339377
-23.812612076600857
145.98738792338662
169.38738792338432
-1439.0126120766006
-257.61261207659487
283.9873879233831
-1357.2126120766163
-811.0126120766179
-612.0126120766092
-1943.4126120766318
-1429.2126120766065
-254.21261207660734
-1559.812612076603
1135.3873879233836
2205.5873879234164
254.1873879233885
1805.3873879234113
673.3873879234083
-819.2126120765693
-2922.812612076516
390.7873879233809
-1112.812612076621
-184.21261207660356
-96.21261207660788
-450.21261207661246
-972.0126120766082
-588.4126120766101
-715.0126120766191
-2724.012612076641
104.98738792339353
819.1873879234105
751.7873879233977
461.1873879233842
1631.5873879233955
-63.8126120766147
-94.41261207660932
-466.412612076613
-259.6126120766101
-2734.2126120766425
-2216.0126120766417
-518.212612076612
1403.7873879233869
435.98738792338264
831.3873879233905
1166.7873879233828
440.98738792338725
-722.6126120766039
-2.012612076613756
1064.58738792342
862.7873879233716
19.587387923384995
-3115.8126120765805
-1071.2126120766038
-2294.4126120766346
-2189.212612076589
-67.21261207660909
1905.387387923361
-367.0126120766142
482.7873879233882
-765.6126120766239
-1249.212612076615
-106.61261207660638
-81.21261207661053
36.387387923387394
-1767.612612076598
1054.5873879233795
-254.41261207660844
658.7873879233988
-214.0126120766253
-1001.8126120765716
576.7873879233913
222.58738792339096
2052.987387923387
220.18738792339673
593.7873879233883
301.1873879233932
199.987387923388
-86.41261207660915
-1502.61261207656
143.78738792339084
501.5873879233776
-495.61261207661596
1105.9873879234028
-462.4126120765952
-1150.2126120766316
-1261.8126120766276
-1095.4126120766057
125.18738792339842
-75.41261207661732
-424.8126120766091
154.98738792338486
-1071.012612076633
-389.4126120766052
-846.2126120766218
-1955.0126120766815
-757.6126120766154
-866.4126120766113
-1683.8126120765808
123.58738792339742
748.5873879233967
911.5873879233739
-773.6126120766196
840.7873879233894
1289.3873879234015
-143.21261207660285
-469.01261207660633
-388.01261207661713
472.98738792339884
-82.8126120766134
-676.4126120766103
-1639.2126120765977
-500.81261207660225
2093.387387923398
-815.6126120765966
-1076.6126120765973
230.98738792339088
798.1873879233856
-2011.81261207655
-1418.412612076594
-664.0126120766371
-2941.2126120765834
-847.6126120766137
-134.61261207660303
67.78738792338761
841.3873879233977
-276.0126120766118
45.7873879233928
-1127.8126120766394
59.187387923389934
-558.0126120766136
-653.612612076594
318.9873879233876
-415.2126120766194
-1308.012612076613
1252.5873879233925
-143.01261207660767
-3023.2126120766493
-790.4126120766234
1135.1873879233979
235.98738792338787
535.9873879233899
1115.7873879233844
-492.0126120766085
1204.7873879233364
1208.3873879234186
-938.0126120765883
-373.8126120766254
-295.81261207661396
503.9873879233965
-1070.612612076611
775.1873879233883
1024.9873879233892
740.3873879233935
-1138.0126120766406
-584.0126120766156
-1144.8126120765983
-1290.4126120766032
-208.01261207661005
-1270.2126120766204
-1272.4126120766368
-762.8126120766017
103.98738792338361
792.3873879233722
-239.41261207660813
-953.2126120766019
-464.61261207660743
-666.4126120766309
-898.0126120766225
-889.6126120765897
-1271.0126120765858
108.7873879233905
-1626.8126120766183
145.78738792338743
-197.41261207661364
-206.6126120766104
-103.01261207660993
352.38738792339933
-161.41261207660693
-192.21261207662198
-941.812612076616
1406.1873879234192
121.78738792338137
-387.0126120766096
-1185.4126120766311
1176.587387923408
-481.81261207660197
-293.81261207662396
-204.6126120766138
-668.2126120766184
-291.0126120766028
-1378.212612076621
-1418.0126120765894
-2058.2126120766
210.78738792338822
-976.6126120765907
-1897.212612076642
-1260.2126120766136
1034.1873879233885
-542.6126120766223
-952.0126120766106
-1170.8126120766085
-1129.4126120766143
-1876.01261207659
-1346.6126120766069
698.3873879233728
362.58738792339193
-855.8126120765955
-2386.2126120766775
-1846.612612076596
-422.41261207660966
605.3873879234133
1226.7873879233591
1863.1873879233617
219.98738792339697
-22.212612076591157
899.3873879233795
1652.3873879233954
-77.81261207660688
-1144.0126120766038
175.7873879233821
638.787387923397
-399.81261207661146
-244.61261207659925
-1361.0126120765997
-955.6126120766517
-277.21261207661007
47.587387923379225
665.7873879233977
-328.21261207660746
399.1873879233933
-10.012612076606274
-1180.8126120766458
-1353.012612076623
699.787387923393
746.1873879233871
-468.01261207661486
-758.2126120766158
-1828.0126120766056
-2096.8126120766087
259.387387923399
-498.0126120766133
-946.0126120765932
-937.6126120766502
981.5873879233955
572.387387923376
-479.4126120766068
130.38738792340177
3847.3873879233724
911.787387923376
355.58738792338073
657.1873879233957
-5.212612076607293
1491.7873879234335
-71.01261207661122
214.9873879233961
-1603.8126120766258
-558.8126120766158
-906.8126120765995
1517.3873879234047
1383.7873879234312
1010.7873879233846
1261.7873879233969
-67.41261207661236
-114.41261207661131
-1187.4126120766061
-388.61261207661613
498.1873879233869
-169.8126120766011
65.3873879233696
495.1873879233823
-486.81261207662317
-505.8126120766144
-493.4126120766217
-1420.8126120765853
-441.0126120766024
916.1873879234006
1811.787387923381
92.58738792337536
-450.41261207661233
1083.3873879233868
1970.9873879233648
676.7873879233825
-1029.2126120765975
-1622.6126120766514
-33.21261207661175
-803.2126120766213
-431.81261207660947
115.1873879233884
-1244.0126120766536
-1286.0126120766326
-1004.4126120766205
-364.2126120766239
-155.81261207662118
-683.6126120765892
-1464.2126120765918
-1414.812612076554
-1088.4126120765995
-441.4126120765972
939.7873879233867
276.58738792339517
223.18738792339238
-1441.0126120766213
-24.212612076613336
118.5873879233974
274.78738792339726
-444.2126120766009
792.1873879233408
-241.21261207661328
2002.9873879233762
-1018.8126120766008
246.38738792340556
1891.787387923365
307.38738792339655
-512.2126120766097
538.7873879233852
-668.8126120766162
-310.2126120766169
-344.61261207661346
-162.61261207659498
-1535.8126120766078
-1720.0126120766367
-970.8126120766079
-1251.612612076611
471.78738792338356
-384.41261207659966
-424.0126120765761
-1424.4126120765904
-529.8126120766191
40.787387923395364
-1036.6126120766373
-24.012612076616108
783.5873879233885
-796.4126120766177
333.3873879233928
-704.4126120766164
206.1873879233926
133.58738792337633
201.38738792340348
962.78738792338
-220.6126120766022
1380.787387923407
-1025.4126120766052
341.1873879233654
2077.5873879234246
399.3873879233952
339.98738792339424
2255.787387923487
1039.3873879234227
1021.5873879233693
-384.8126120766069
974.7873879233957
-769.2126120766173
-1388.4126120766525
-710.812612076608
-612.2126120766299
840.7873879234039
2160.3873879233956
689.187387923381
463.5873879233897
29.98738792338726
-547.8126120766182
191.1873879233909
-2164.8126120766187
-2106.012612076555
-1052.212612076611
-903.812612076615
-807.6126120765894
-1889.212612076587
-6.012612076609404
117.58738792339457
-362.8126120766085
9.987387923378343
346.98738792337303
-355.6126120766118
243.18738792338087
820.9873879234003
1936.3873879233784
412.7873879233752
626.5873879233726
1010.7873879233788
-419.6126120766133
216.58738792338903
438.58738792339307
-160.6126120766067
-701.2126120766133
-1207.8126120765935
-1215.4126120765975
1471.5873879233554
-369.4126120766232
-598.8126120766614
-854.2126120766095
-104.01261207661176
712.3873879233777
-52.412612076610515
12.187387923393828
520.3873879233896
693.7873879233879
194.38738792339015
-489.41261207660756
-689.0126120766151
253.18738792338937
216.98738792341106
1508.387387923397
171.18738792338272
1364.5873879233968
1231.3873879233854
552.9873879233874
1077.7873879233641
1860.7873879233996
-878.8126120766116
-604.0126120766096
-224.41261207660773
-717.2126120766221
-761.6126120766065
144.98738792337417
-60.212612076609304
-226.012612076609
-619.4126120765828
-344.2126120766191
315.3873879233885
-1614.6126120765875
-540.8126120766406
-666.0126120766179
1590.187387923391
-1190.4126120766182
-1587.612612076636
-532.6126120766104
-60.412612076604745
-86.61261207661485
-1106.2126120766147
401.5873879233918
867.3873879233618
-1175.01261207662
335.1873879233924
1643.1873879233985
-189.41261207661378
-2.612612076600726
2567.1873879234035
1582.1873879234163
191.98738792339554
787.9873879233708
-1325.8126120765933
-670.6126120766214
-1241.8126120766037
306.3873879233953
-1121.8126120765744
-1578.4126120766198
812.1873879233723
1463.5873879233552
-2045.6126120765969
-501.21261207661075
-1122.0126120765863
111.38738792339149
-1144.2126120766534
69.58738792339082
3618.3873879232433
-311.21261207660655
-843.8126120766002
406.1873879233986
1638.3873879233868
1252.1873879233872
507.18738792339434
83.18738792338172
1642.7873879233218
-172.01261207660235
-854.412612076567
-1218.6126120766044
-183.81261207660464
395.58738792340046
446.387387923375
-371.6126120766118
-262.212612076623
-1195.6126120765998
-2328.6126120766526
-783.0126120766205
-1160.0126120765908
122.78738792340164
646.7873879233873
1050.9873879233612
-966.8126120765919
1353.1873879233892
-173.21261207660757
358.9873879233941
-19.012612076611287
-555.6126120766289
141.58738792338454
2643.787387923374
715.1873879233896
-1110.2126120765975
330.38738792338546
-995.2126120766142
-869.2126120766013
-1062.612612076586
-1119.8126120766212
-1104.6126120766141
-132.01261207661634
-303.412612076607
301.58738792339904
-2570.612612076621
-661.4126120766036
519.7873879233813
31.187387923390112
271.3873879233911
-516.212612076605
-2566.4126120765936
183.38738792339572
733.3873879233786
-130.61261207661508
-1699.41261207663
-395.61261207660993
2665.387387923444
1272.7873879234062
1440.3873879234102
271.58738792338926
1725.38738792339
518.5873879233922
-2249.2126120766707
2043.7873879233894
1202.9873879233835
-108.0126120766081
869.9873879233921
-135.61261207661377
-262.61261207660823
223.1873879233869
-878.2126120766231
637.5873879233861
1181.1873879233947
-811.8126120766115
-1748.8126120766337
368.98738792338645
-817.6126120766102
1949.3873879234056
1575.5873879233784
547.1873879234072
418.98738792341044
-188.812612076607
-248.8126120766111
1155.1873879233915
-901.8126120766269
1175.3873879233754
497.7873879233737
-1020.6126120766262
-129.2126120766034
-78.61261207660658
775.7873879233764
-897.8126120766125
523.5873879233961
-403.81261207659713
-1313.8126120765867
-237.21261207660288
-1450.2126120765972
127.78738792339234
1087.3873879233915
-1468.0126120766076
53.387387923389184
581.9873879233893
341.18738792339576
1810.3873879234047
1750.187387923392
-896.0126120765947
-1156.4126120766152
-512.2126120766143
-142.2126120766124
1390.7873879233744
1486.7873879234198
-37.61261207660776
-796.4126120766012
200.98738792338767
618.5873879233748
-336.01261207661736
573.1873879233965
-486.21261207661644
470.7873879233772
-1191.41261207662
516.1873879233489
1043.5873879233898
1886.5873879234066
-691.0126120765976
-534.6126120766314
-211.0126120766201
1034.5873879233914
59.98738792339776
1602.987387923394
748.9873879234015
-905.2126120766129
-768.0126120766101
2314.3873879233543
-28.21261207661271
-849.2126120765893
-687.0126120765999
-928.6126120766622
1472.987387923375
421.78738792339556
-1529.4126120766052
-420.0126120766121
391.7873879233955
-257.8126120766152
-293.2126120766166
223.78738792338547
468.5873879233941
654.7873879234146
-946.2126120766192
85.5873879233831
-1186.0126120766195
-967.8126120766087
-422.01261207662264
1410.9873879234103
508.38738792341144
-499.81261207660486
605.5873879234024
583.1873879234017
97.38738792338674
344.387387923388
473.18738792339275
1645.9873879233571
-3.81261207662142
-591.2126120765813
-828.0126120765982
1435.1873879234108
520.5873879233867
72.98738792338226
-311.6126120766128
-645.8126120766264
737.5873879234017
-445.21261207659876
-789.6126120765919
-1339.0126120766115
-1101.4126120765945
-1920.212612076584
-1412.4126120765914
-1029.0126120765945
-840.8126120766194
562.1873879233957
86.58738792338652
-883.6126120765904
-367.61261207663233
-443.01261207663333
-1291.2126120766202
958.5873879233852
412.7873879233957
-708.4126120766247
-617.2126120765967
1091.38738792339
759.5873879233915
573.3873879234064
243.38738792339763
-1331.612612076606
-2423.212612076662
1063.1873879233967
-1133.612612076605
-1373.4126120766189
-1014.412612076612
-105.01261207661642
-137.41261207660932
1098.1873879234506
602.7873879234173
-463.01261207662
731.5873879233819
143.98738792336223
2515.3873879233975
1055.387387923385
-920.2126120766171
-72.81261207661808
1580.1873879233665
-1307.8126120766167
-743.0126120765925
1145.3873879233654
-458.61261207660766
1162.9873879233858
-0.4126120766018957
-53.612612076604805
917.1873879233823
958.1873879234325
16.787387923395634
-98.61261207661329
-802.6126120766331
-693.0126120766173
-575.812612076615
140.38738792339558
-1593.2126120766068
1364.387387923382
2436.587387923397
1487.1873879234176
550.987387923403
296.38738792339126
313.7873879233998
1727.9873879234308
428.1873879233859
-501.612612076588
-741.6126120766161
-1606.012612076603
211.38738792338933
936.5873879233893
-1017.2126120766146
1026.187387923389
1363.9873879234096
-547.6126120766179
-841.6126120766168
-787.6126120766045
585.9873879233534
2881.7873879234126
2132.78738792338
1652.987387923414
552.3873879233979
1712.9873879233867
874.7873879233933
-74.01261207661119
-904.2126120766006
-589.4126120766158
715.1873879234113
2123.3873879234043
-1859.2126120765872
-1559.0126120766315
401.5873879234001
819.1873879233876
965.3873879233772
2339.987387923396
249.78738792338814
-383.2126120766097
262.1873879233952
-1973.6126120765996
-1094.812612076592
1744.787387923392
572.3873879233945
1047.3873879234004
-521.0126120765538
-996.8126120766161
-1212.2126120766518
-686.4126120766088
515.5873879233837
-1428.0126120766042
1126.3873879233684
102.98738792339715
-384.8126120766029
-169.4126120766121
-1881.6126120766417
-1242.412612076612
634.787387923376
655.7873879233737
-321.01261207661094
-0.21261207660779036
1465.787387923356
1773.1873879233513
646.187387923394
1445.987387923397
1145.5873879233854
-618.6126120766099
155.9873879233906
-985.6126120766203
-3045.6126120766135
-975.0126120766073
-264.0126120766221
-1161.6126120766417
-171.41261207661094
-214.41261207660665
-293.0126120766168
1081.5873879234086
-16.61261207661929
-343.41261207659386
-492.2126120766199
-1679.2126120766256
-2101.412612076619
-547.4126120765992
-1149.612612076598
-864.2126120766056
-518.4126120766224
-1659.2126120765909
661.9873879233843
302.3873879233817
1936.387387923354
-1280.6126120766226
-495.4126120766017
138.58738792337877
-436.6126120766179
-3722.412612076496
1546.7873879233798
-263.6126120766218
-2143.0126120765844
-285.6126120766117
94.38738792339348
1906.9873879233664
262.58738792339363
200.58738792339798
1384.187387923417
-46.61261207660368
-425.41261207661057
-452.4126120766083
-220.01261207660855
58.587387923394076
-431.81261207660737
1967.38738792332
109.78738792339863
-352.6126120766084
1080.7873879234123
880.387387923399
1009.1873879234051
1531.1873879233663
260.58738792338613
-379.81261207660003
-753.4126120766174
-226.01261207660536
596.387387923382
410.1873879233935
65.18738792339732
-1752.412612076639
-1581.4126120766246
385.38738792338756
551.9873879233909
-338.21261207661314
-1073.6126120765975
-664.2126120766137
-2089.012612076591
-975.4126120766177
296.5873879233896
1119.58738792341
480.38738792339143
506.3873879233969
-114.41261207660753
-1059.8126120766278
-484.81261207662135
-313.012612076615
-700.612612076613
963.5873879234026
703.1873879233942
-508.6126120766068
1450.9873879234115
-1492.0126120765997
-1353.0126120766147
2222.787387923394
246.78738792338396
-682.4126120766067
-168.2126120766073
-83.01261207661267
1180.187387923389
-488.61261207660664
502.1873879233905
-222.81261207661456
-154.41261207662677
321.987387923398
-1536.0126120766142
-280.01261207661184
-588.812612076627
-495.01261207659917
-1955.4126120765732
-1219.0126120765813
382.3873879233921
-1659.8126120766442
-973.8126120766319
677.9873879234092
808.9873879234023
69.78738792338893
412.7873879234091
-157.01261207661568
-364.8126120766117
1500.7873879233541
-338.8126120766058
-456.8126120766118
1715.987387923371
544.1873879234048
-13.812612076606285
1327.1873879233763
-728.0126120766181
597.787387923389
901.9873879234069
-605.01261207662
579.5873879234116
-124.812612076605
-426.0126120765846
780.587387923394
-47.212612076608835
-1039.8126120766035
-1610.012612076634
-1321.6126120766269
-3276.812612076623
-814.8126120766082
-2632.0126120766345
-1861.2126120766125
569.5873879233809
-1103.0126120766035
5.3873879233971
252.58738792338346
-898.2126120766039
-463.61261207660596
128.18738792340207
358.78738792339885
-1174.212612076624
582.9873879233766
13.187387923386801
1560.9873879234074
475.7873879233879
198.98738792337866
-48.812612076610804
-256.612612076608
-747.8126120766111
1290.1873879233822
397.1873879233921
-1821.8126120766497
-1307.412612076619
-939.4126120765824
-2669.2126120766875
481.5873879233833
-1453.6126120766141
-328.01261207660804
1207.7873879233796
62.78738792339307
482.7873879233907
-546.2126120766067
-488.6126120765989
-1017.8126120766273
-544.6126120766066
697.1873879233865
104.38738792339336
966.1873879233839
-83.0126120766111
-940.2126120766169
-1419.0126120766201
-570.212612076609
59.38738792338975
-304.8126120766192
-606.6126120766068
486.18738792339093
-1143.0126120766324
194.58738792342524
-292.8126120766202
1360.1873879234072
-279.81261207661
-353.2126120766091
-604.0126120766288
351.98738792339486
-242.21261207661564
-1028.6126120765953
-656.0126120765927
1224.3873879233788
-1499.0126120765933
660.7873879233662
1025.9873879233899
-432.61261207660937
-906.6126120766003
-1694.6126120766116
-992.6126120765896
-1395.4126120766407
-425.01261207663214
648.787387923387
-1578.0126120766124
-757.0126120766056
721.9873879233851
974.3873879234
1163.5873879234002
2305.387387923301
1279.787387923393
633.7873879233965
1146.3873879234063
-1877.0126120766117
-771.2126120766113
1205.1873879233578
-1792.2126120765865
200.58738792339975
552.3873879233872
-127.612612076614
752.1873879234009
209.18738792339803
-1915.812612076582
-834.6126120765551
-903.6126120766164
1750.7873879234558
83.38738792339724
-756.0126120766078
-546.2126120765944
-706.8126120766165
-564.6126120766348
-458.0126120766173
-871.412612076627
-513.8126120766308
-942.2126120766027
1235.7873879234055
-988.4126120766228
706.3873879233856
424.7873879233953
1127.5873879233764
875.5873879234028
1531.9873879233326
-399.6126120766312
-869.212612076625
1817.5873879234166
-26.212612076609112
1243.7873879234214
-291.21261207660257
-125.41261207660797
-90.61261207660866
-134.41261207660847
-383.812612076614
-51.41261207660585
-281.6126120766054
-3532.8126120767
-1394.8126120766378
-259.8126120766167
341.38738792339916
333.787387923414
1194.5873879233418
-690.0126120766058
-1915.0126120766238
-231.01261207662114
820.1873879233863
139.78738792338837
1220.5873879233864
658.3873879233887
-64.61261207661565
-468.8126120766196
542.1873879233875
-73.61261207660651
795.5873879233644
-594.0126120766123
891.187387923397
1302.5873879234152
1948.5873879233427
1949.7873879234307
1070.1873879234063
1456.3873879234154
49.78738792339864
2770.3873879233774
118.38738792338498
-603.6126120766003
-385.6126120766171
-2109.8126120766497
-2543.8126120766474
-2264.212612076589
-1306.8126120766244
-1472.212612076567
-239.41261207662384
-453.4126120766076
883.1873879233999
1622.3873879233934
258.3873879233946
-1285.0126120765872
357.187387923378
1320.9873879233821
-210.21261207660754
704.1873879233846
331.3873879233919
-731.2126120766129
791.9873879233751
60.787387923386106
623.7873879233855
-170.81261207662368
1896.587387923426
-47.612612076609935
371.58738792337886
133.1873879233755
426.78738792340596
927.5873879233817
504.58738792339443
1090.3873879233877
-1103.2126120766025
1134.187387923383
470.9873879233885
-510.61261207661164
-1406.2126120766115
-574.2126120766046
-1603.2126120765863
-76.61261207661627
-750.0126120766568
-604.6126120766047
-473.2126120766142
886.5873879233818
1023.1873879233951
770.3873879234116
-144.0126120766077
561.9873879233637
301.7873879233789
-475.6126120766193
-1259.8126120766135
-1203.4126120766318
-802.4126120766169
18.387387923380174
902.7873879233879
-314.2126120766013
2355.3873879234093
1517.987387923439
-107.01261207661649
562.9873879233932
2688.3873879234743
920.3873879234083
1117.1873879233613
1038.1873879233847
-140.4126120766133
393.7873879233529
-447.412612076606
950.5873879233945
-1523.2126120766177
207.98738792338924
-693.6126120765925
1261.5873879233782
111.98738792338634
-535.4126120766023
-331.8126120766122
663.9873879233883
2062.5873879233695
-428.21261207661234
-484.2126120766054
-1066.6126120766116
-1285.412612076617
-292.41261207661074
-216.012612076603
-589.6126120766216
-821.8126120766149
-1835.0126120765935
1591.7873879233553
1457.587387923433
1887.9873879233962
2992.187387923424
1751.187387923396
1813.7873879233773
1473.7873879233073
1071.7873879233987
459.38738792337074
-425.4126120766108
-162.212612076614
-1343.0126120766063
-2381.2126120765734
405.38738792338575
114.7873879233864
-1021.2126120766274
1249.587387923385
2583.5873879234405
2546.187387923474
68.98738792338929
-1589.4126120766205
169.58738792337746
-907.8126120766105
34.38738792340229
-107.8126120766095
30.187387923395306
-759.412612076611
-350.2126120766101
-407.61261207660243
-1080.8126120766217
843.7873879233422
-1317.2126120765708
397.38738792338836
2387.3873879233724
2290.18738792331
125.58738792338241
1059.987387923393
1171.3873879233963
-1030.2126120766263
823.3873879234114
46.98738792339856
323.38738792335636
533.9873879234079
-916.6126120766025
-307.21261207660285
-73.21261207660305
1313.7873879234455
-417.8126120766043
-537.212612076604
954.187387923365
905.3873879234118
-199.81261207660725
-663.412612076603
-58.8126120766052
-2924.012612076626
60.18738792340548
1851.5873879233702
163.58738792339045
-301.012612076617
1116.1873879233897
-271.412612076606
242.7873879233935
629.7873879234124
-951.8126120766253
1240.1873879233888
851.787387923385
380.9873879233952
-1431.8126120765896
1903.1873879234174
2285.7873879234835
974.5873879233997
1.7873879233868735
652.3873879233691
605.1873879233855
-271.0126120766099
387.5873879233853
-230.81261207661615
1214.587387923402
1691.3873879234072
778.1873879233314
386.7873879234016
-83.01261207660589
-235.41261207661367
-329.21261207661036
-1825.0126120766245
-548.4126120766114
713.3873879233919
820.7873879233888
1748.3873879233363
-469.2126120766136
135.98738792339356
282.98738792339117
190.78738792338459
-508.8126120766056
66.78738792339072
465.18738792338905
1570.3873879233686
323.5873879233829
-534.2126120766067
-2402.2126120766
-814.2126120766114
-1216.0126120766251
496.18738792338576
-70.41261207661137
1480.1873879233924
1804.3873879233913
544.187387923396
343.5873879233817
447.78738792339743
2005.7873879233534
771.5873879233725
1350.5873879233432
-840.6126120766197
-1294.4126120766175
-613.2126120766152
-317.2126120766043
-700.0126120766059
-12.012612076612982
1131.5873879233923
1460.9873879233273
13.387387923394115
765.9873879233727
2367.3873879234293
1590.3873879233759
18.187387923388293
-1011.412612076622
-847.8126120766143
383.38738792338677
1418.787387923403
1413.1873879234104
-1423.4126120766273
-1701.412612076624
-1025.0126120765904
-888.412612076636
-709.0126120765862
-1300.4126120766064
-823.0126120766305
476.5873879233875
-37.61261207661889
-1575.6126120766182
636.7873879234181
1475.5873879233704
1195.5873879233638
273.9873879233827
-326.81261207660566
-40.01261207660484
-265.21261207661234
-1154.6126120765655
647.5873879233735
74.78738792339954
409.58738792339216
2196.587387923373
1696.5873879233552
2113.9873879233705
993.5873879233934
-1063.0126120765947
-1004.212612076601
1712.5873879233914
1236.1873879234308
-97.212612076612
-453.2126120766228
-60.01261207660566
-2493.8126120765846
-1095.2126120766463
-927.61261207661
666.5873879233911
-2809.6126120765693
-501.41261207659255
1140.9873879233976
492.98738792339054
1769.9873879233837
-1060.412612076621
-244.6126120766088
-902.0126120766224
1047.9873879233944
342.58738792338283
1824.3873879233406
1551.387387923362
1264.7873879234198
-1042.4126120766014
-540.412612076614
745.7873879233834
907.1873879234071
1632.987387923399
814.5873879233958
489.98738792340066
1029.9873879233985
821.9873879233911
7.98738792338461
305.38738792339126
692.3873879233859
-686.812612076626
57.58738792338766
-665.6126120766098
-861.8126120766092
-226.8126120765765
-1747.8126120766137
-2076.2126120766015
-1393.2126120766368
-571.2126120766198
-588.2126120765822
-804.8126120766228
1243.7873879233712
131.98738792339412
-649.8126120766148
424.18738792337825
275.3873879233904
953.5873879234096
789.9873879234019
694.9873879233902
-200.81261207660498
-2856.212612076607
-2763.012612076614
-775.0126120766048
658.9873879233984
2158.9873879233514
1207.3873879233938
-554.8126120766169
799.1873879233768
-754.0126120766074
382.38738792338614
481.3873879233841
600.5873879234266
-56.61261207661239
499.38738792338023
-1771.2126120766109
-896.0126120766032
-1957.8126120766292
-1454.0126120766413
-1259.4126120765407
-1675.2126120765968
-1630.8126120766212
436.9873879233898
695.3873879233915
1063.1873879233951
1069.1873879233956
75.18738792339376
92.38738792336076
890.5873879233789
1600.9873879233958
437.38738792338773
1412.3873879234427
-97.61261207660434
-1359.6126120765373
-1512.4126120766143
301.58738792338056
1889.787387923348
1146.1873879233622
589.1873879234021
989.587387923395
773.3873879233839
1803.3873879234377
223.38738792339086
658.3873879233608
34.9873879233878
324.387387923381
487.38738792339313
-1309.6126120766025
-975.2126120766284
-2170.0126120766463
-680.8126120766134
179.78738792338837
-1957.6126120766617
-2090.212612076628
-384.41261207660705
1386.1873879233447
1700.787387923392
354.3873879233909
1103.1873879233644
560.9873879234036
957.1873879234338
1834.3873879234434
242.38738792340945
1180.1873879234265
2431.9873879233483
-496.4126120766209
444.7873879233864
1119.5873879234161
485.98738792338554
1152.187387923364
-711.012612076614
-576.6126120766147
980.7873879234347
1108.9873879233778
361.3873879233932
-921.8126120766104
-446.81261207661305
-928.0126120766336
-905.0126120766331
-728.8126120765938
-1538.2126120766004
-1286.4126120765798
-253.61261207660414
-866.6126120765754
-1480.0126120765992
-2522.412612076565
-2042.61261207661
488.38738792340547
-71.61261207660931
904.9873879234191
217.7873879233964
-1.0126120766104663
206.38738792341923
685.1873879233948
-586.6126120766232
2720.987387923429
381.1873879233987
-2287.0126120766286
-760.012612076613
911.3873879233914
632.9873879233896
850.1873879233883
1516.7873879233603
1703.7873879234157
1891.387387923443
1051.987387923384
256.18738792339025
-108.41261207661212
10.387387923381837
-1031.012612076614
-30.61261207660496
-1723.612612076554
-2027.8126120766424
-2276.8126120765533
-2521.0126120765717
-1795.8126120766578
-324.0126120766053
-1290.612612076627
-378.81261207661316
836.3873879233821
122.78738792338982
681.9873879233861
409.3873879233614
-388.412612076613
666.3873879233913
1683.9873879234026
842.5873879233782
2433.3873879233993
442.98738792340134
-753.2126120766269
-2096.212612076625
1332.7873879234141
-654.6126120766158
-321.81261207661043
71.98738792338774
-19.212612076609023
-46.01261207660216
-405.01261207662
855.7873879233914
852.1873879233824
-1079.4126120766261
-331.41261207660546
344.58738792340057
-1772.0126120765547
-2292.8126120766797
-1151.2126120765752
-1699.8126120765749
-2208.2126120765874
95.58738792338615
245.98738792339827
57.987387923386116
-888.4126120765951
-233.61261207661448
-465.01261207661724
-639.412612076603
1053.7873879234191
1918.7873879234585
-234.21261207660058
-303.4126120766122
540.187387923373
1921.587387923406
-1393.4126120765948
-2066.212612076628
2327.987387923402
-399.812612076611
111.98738792339297
1307.187387923365
1170.787387923397
416.38738792339603
669.7873879233895
229.98738792338722
1198.9873879233824
90.38738792339683
-103.61261207660075
-454.8126120766121
-9.612612076603078
309.587387923381
-1483.6126120765778
-1704.2126120766343
-423.8126120765945
-196.0126120766217
-133.21261207661658
-309.61261207661164
-1142.8126120766294
-705.2126120766097
-200.61261207661335
134.78738792339288
-1868.612612076576
687.7873879233704
89.58738792339332
65.58738792339682
1369.1873879233904
221.7873879233894
-1504.412612076607
-795.4126120766209
-1325.6126120765957
-1316.6126120766196
1796.3873879233747
890.9873879234001
-257.8126120766127
-796.012612076601
-15.412612076602937
-497.6126120766128
-358.61261207659646
454.58738792337886
1736.5873879233739
-1507.0126120766022
-686.8126120765946
-490.6126120766222
-1484.212612076557
-969.6126120766295
-632.4126120766084
-1424.6126120766035
760.9873879233805
-233.61261207661877
39.78738792339341
-565.6126120766137
-482.8126120766076
1335.3873879233943
-802.012612076616
420.58738792337306
-124.01261207660934
1294.3873879233884
542.5873879233983
-2741.212612076662
-113.61261207659948
-1854.2126120766459
-1633.8126120765787
973.7873879233963
648.9873879233872
486.3873879233701
1223.1873879233851
683.5873879233814
2011.1873879234217
1688.9873879234174
-216.81261207662274
-510.0126120766042
1851.3873879233695
-939.2126120766202
-34.612612076610034
-880.8126120766242
-953.8126120766235
-955.0126120766184
-944.4126120766226
253.58738792340043
790.787387923381
-2847.2126120765706
679.9873879233857
1649.1873879233513
-467.41261207660847
677.3873879233893
-479.012612076611
316.7873879233836
540.3873879233781
757.3873879233894
-966.4126120766381
-2103.6126120766035
-2289.212612076628
-2379.212612076648
78.98738792339061
1737.587387923431
-1551.212612076603
170.98738792339503
920.9873879233758
1334.5873879233607
2156.7873879233543
1789.587387923354
119.98738792338763
1362.387387923424
2206.9873879234337
213.18738792339198
176.98738792340686
412.58738792339904
259.5873879233911
-962.8126120765834
-54.0126120766148
922.5873879233832
-33.41261207660802
-613.6126120766093
-467.6126120766022
1941.5873879234323
-1085.212612076595
122.78738792339058
50.987387923397236
1825.3873879233743
678.987387923382
-824.212612076623
-1315.8126120766337
644.7873879233799
-1400.8126120766108
1623.5873879233789
1747.9873879233864
-343.81261207661424
-914.2126120766166
2342.787387923397
174.987387923389
-411.2126120766085
-1204.6126120766203
-1349.2126120766125
1313.3873879233915
1144.987387923396
1069.1873879233883
1976.3873879233627
809.7873879234031
-127.81261207660799
1147.7873879233862
533.3873879233755
79.78738792339655
507.58738792338306
360.58738792338073
1620.5873879233852
63.18738792338823
1214.3873879233954
511.58738792338545
1401.1873879234154
-642.4126120766215
-738.6126120766137
401.1873879233859
-510.21261207660893
-1317.212612076617
-792.4126120766102
-1632.012612076611
1367.5873879233675
1200.7873879233791
-476.81261207661015
-1030.0126120766183
1534.3873879233809
848.5873879233882
528.1873879233948
-258.0126120766088
-91.41261207660958
503.1873879233793
-1014.0126120766051
580.1873879233948
966.9873879233729
-370.21261207661956
-1824.0126120766147
566.187387923392
-628.2126120766089
-1225.8126120766121
996.7873879234014
1516.987387923382
1421.187387923395
655.5873879233874
379.7873879233891
-418.412612076593
1338.187387923387
-178.41261207661103
-1269.4126120765907
-1308.6126120766417
-135.01261207660573
-272.8126120766127
184.98738792339262
-1558.0126120765822
-2679.2126120766716
-1920.6126120767178
1181.7873879233923
-1038.8126120766035
-1189.6126120766114
-769.4126120766056
-391.01261207660804
-741.0126120766056
1456.987387923427
627.1873879233826
-604.0126120766108
1712.7873879233614
1673.387387923454
2481.9873879234524
1172.7873879233416
1007.587387923386
-149.21261207660046
1151.3873879233915
-868.2126120766017
352.78738792339743
1868.7873879233662
-1217.4126120766316
-164.61261207660976
-710.8126120766137
-1461.212612076598
-256.41261207660364
-130.41261207660847
-798.2126120766047
-1040.6126120766185
-797.212612076624
157.98738792340768
-427.4126120766109
-573.4126120765987
-773.2126120766095
1464.1873879233758
1896.9873879233774
198.78738792338103
-637.6126120766016
-1137.2126120766166
-926.4126120766039
1310.1873879233433
1135.587387923387
119.38738792339207
786.3873879234087
-338.6126120765972
-84.41261207660466
1251.9873879233926
988.787387923371
1869.5873879234314
1917.787387923353
46.987387923395126
-707.0126120766084
-1426.0126120766045
-592.4126120766053
1315.1873879234026
471.387387923405
17.78738792339302
-218.41261207661293
809.1873879233962
364.5873879234013
-341.8126120766046
-319.2126120766092
940.9873879233907
1569.1873879233663
2271.7873879233794
-1090.0126120766124
-1580.8126120765917
-662.612612076605
-1464.6126120765998
-1051.812612076617
1806.9873879233946
1337.7873879234057
1196.5873879233918
1977.787387923351
-293.01261207660986
245.78738792338982
1979.5873879234052
49.787387923397986
1626.3873879233943
1336.7873879234073
1041.9873879233987
709.7873879233874
1428.5873879234332
1746.98738792337
-623.6126120765999
1484.1873879234115
614.9873879233937
-718.6126120765972
-75.6126120766069
-722.4126120766213
-1154.6126120766019
355.18738792338536
833.1873879233802
-31.61261207660365
458.1873879233831
1253.787387923353
1531.587387923353
410.5873879233725
697.5873879233816
91.78738792339391
-2333.6126120766444
-1141.8126120766149
163.78738792338916
-408.4126120766153
1236.3873879234213
1211.9873879233978
476.9873879233977
1189.5873879234025
473.3873879233795
516.7873879233914
2686.787387923368
2010.5873879233584
2013.187387923393
1651.787387923397
897.1873879234082
1092.5873879234036
1747.1873879233563
551.987387923385
740.3873879233895
570.9873879233786
-182.01261207661372
2710.187387923419
1823.3873879233895
2214.387387923443
-1143.0126120766122
13.787387923396913
1071.3873879233824
-293.6126120766047
-3627.612612076638
1196.9873879233905
333.78738792340107
-1029.2126120766234
475.7873879233889
257.58738792338596
949.9873879233896
-1260.8126120766076
188.38738792339433
1320.3873879233886
350.5873879233849
-203.41261207661094
-1498.4126120766346
-1380.812612076602
-1187.8126120766292
-1419.8126120766317
931.9873879234035
-3.012612076606729
-733.0126120766246
307.1873879233835
-28.01261207661313
1641.1873879233713
1002.7873879234085
-1875.2126120766493
-808.2126120765997
-768.0126120766264
-671.4126120766152
-786.6126120766058
-353.41261207662643
-359.8126120766186
-2954.2126120765793
-4110.012612076681
-682.0126120766157
-244.61261207663685
29.787387923389048
1056.9873879233992
1484.7873879233978
-505.8126120766138
27.987387923383366
928.387387923433
1861.1873879234092
498.587387923386
358.58738792339244
132.78738792339203
-1072.012612076612
-1068.8126120766165
-607.0126120765693
-578.8126120766138
565.1873879233677
68.5873879233934
-457.6126120766106
777.3873879233752
-2681.2126120766306
-1642.2126120766093
1076.787387923386
-1838.0126120765851
-899.4126120766033
895.5873879233784
440.3873879234051
1314.5873879233873
-350.6126120765979
220.98738792337937
-1158.0126120765956
-1836.8126120765921
-1339.0126120766263
-2573.2126120765543
-509.61261207660425
645.5873879233907
2186.5873879233664
658.587387923387
606.5873879233856
1782.387387923375
-985.812612076613
-1076.4126120766375
-368.0126120766147
1017.9873879233603
256.38738792339115
131.78738792339433
-305.61261207661573
-588.8126120766007
321.5873879233869
-816.0126120766198
-399.41261207661637
721.9873879233938
-470.8126120766113
-49.01261207659873
691.1873879233916
-1157.612612076591
798.1873879233809
1295.3873879234193
-198.21261207661266
1308.3873879234236
258.3873879233975
-1163.212612076647
-514.6126120766078
-978.8126120766362
-1764.6126120765748
-2023.412612076617
-262.8126120766093
-1541.6126120765773
1896.387387923409
747.5873879234086
354.58738792338636
1974.7873879234694
-322.21261207660706
896.5873879234124
33.18738792339215
-448.21261207660586
437.5873879233928
215.3873879233969
443.18738792339116
-659.2126120766018
-170.81261207661018
122.18738792339354
2597.7873879234685
848.7873879234056
172.38738792337801
451.18738792340486
-1406.4126120766084
-1629.4126120765663
1386.1873879233976
696.78738792341
-593.6126120766088
14.38738792338529
-128.41261207661145
-3046.6126120766908
524.1873879233835
-1280.412612076652
-1281.6126120766196
-731.6126120766065
-113.01261207661561
1703.5873879234168
1469.787387923405
2164.587387923352
1406.3873879233943
1315.587387923425
1196.3873879233763
937.1873879233788
1400.3873879234202
-600.4126120766118
-773.6126120766298
-1401.6126120765678
-1119.2126120765768
-947.4126120766186
-1321.4126120765875
-1387.0126120766515
1150.9873879233814
204.78738792338885
1117.1873879234217
966.1873879233799
603.9873879234242
-1150.8126120766108
-661.612612076606
-605.4126120766067
1632.9873879234085
2030.787387923443
490.98738792339907
-252.61261207660965
1180.787387923384
-1352.812612076615
-229.812612076614
-1791.6126120765987
-2178.012612076583
-1564.6126120766096
-1396.6126120766023
-204.0126120766046
-341.41261207660784
-606.8126120766221
-705.4126120766128
-1771.412612076581
13.787387923389296
843.3873879233729
552.1873879233826
531.1873879233938
1500.987387923387
51.98738792339891
-1651.012612076608
-430.01261207660986
-1606.2126120766036
318.187387923399
1694.587387923392
-956.4126120766106
-285.01261207660866
-473.4126120766125
-846.4126120766025
552.1873879233611
2112.387387923433
1197.3873879233727
448.58738792339636
-1437.0126120766033
1043.1873879233526
-278.6126120766077
-204.21261207660552
-1032.612612076627
-1139.6126120766125
-912.8126120765963
307.98738792339367
840.9873879233987
365.58738792338676
-2056.8126120766237
494.9873879233794
-1361.012612076597
637.5873879233906
1139.7873879233896
612.3873879233997
313.5873879233935
893.1873879233927
-461.8126120766258
-2937.212612076651
-480.812612076621
30.787387923392664
1455.5873879234048
-1030.8126120765814
-280.0126120766105
283.38738792342144
105.78738792339817
-224.41261207661202
-381.8126120766109
1974.787387923434
165.3873879233723
408.38738792338626
164.38738792339254
701.5873879233734
633.1873879233822
2588.587387923458
195.58738792339304
-1711.6126120766023
-516.0126120766047
2538.7873879234153
1178.9873879234312
431.98738792337815
-1018.0126120766158
-161.81261207660566
-380.0126120766115
253.58738792338437
-592.2126120766076
-569.6126120766085
-1527.6126120766016
-313.21261207660655
879.987387923377
-108.4126120765863
-1456.012612076626
13.987387923381398
384.18738792338013
-1938.2126120766025
2428.9873879233705
13.387387923388303
-902.2126120766172
-365.61261207661374
-1769.21261207658
89.9873879234002
1590.987387923393
2144.1873879234163
569.3873879233947
309.98738792340146
-44.412612076603224
1308.987387923399
1501.7873879234457
-441.4126120766111
-980.4126120766131
1216.7873879234046
1124.9873879234133
-1060.612612076603
-292.41261207661324
87.18738792340642
-472.61261207661124
675.1873879233937
365.3873879233706
877.3873879234122
-1517.0126120765879
679.1873879233672
177.58738792339466
-1065.2126120766204
-2152.812612076596
-1960.0126120766495
-1197.6126120766105
-2465.6126120766235
219.1873879233948
-614.4126120766213
1176.5873879233945
-48.81261207661014
-617.2126120765996
-15.412612076601626
1498.187387923397
189.78738792337063
-125.4126120766144
-2154.412612076596
-868.812612076577
-453.61261207660687
-437.21261207661064
-642.8126120766117
-87.6126120766082
-1526.6126120765919
-837.0126120766197
1074.1873879233865
970.7873879233949
204.98738792338588
55.58738792339253
-660.2126120766112
1521.9873879234167
2182.387387923373
-1575.81261207664
289.7873879233872
501.1873879233958
-1035.0126120766215
-689.6126120766472
465.5873879233924
-584.4126120766273
-778.8126120766058
1096.1873879234206
1571.3873879233252
1122.987387923395
271.78738792337754
1513.3873879234266
-518.0126120766153
-114.81261207661485
-1591.6126120766207
-641.8126120765997
-2079.2126120765997
-1292.0126120766035
726.387387923405
-635.8126120766103
267.7873879233896
-1710.2126120766186
-1532.412612076623
-2491.4126120766286
-342.4126120766084
1618.9873879233592
1615.1873879233935
1301.7873879233998
-487.6126120766042
-393.0126120766075
1913.9873879233446
-62.812612076609845
-8.212612076625504
1523.587387923393
-139.21261207660595
-452.812612076608
254.98738792338705
81.7873879233918
-1321.012612076601
-507.4126120766108
592.5873879233751
-282.21261207660893
-1035.8126120766087
293.5873879233757
198.18738792338655
-1072.8126120765999
259.9873879233924
849.3873879233815
1152.5873879233664
-315.61261207660414
685.9873879233842
119.58738792338707
-1481.6126120766007
-559.0126120766171
-410.01261207660025
-672.8126120766049
-560.0126120766147
739.9873879233966
543.5873879233724
237.78738792334624
1731.1873879233578
-544.2126120766103
-1541.4126120765984
-243.01261207660696
401.3873879233909
-1625.2126120765759
-679.212612076628
-1069.2126120765552
-1473.4126120766205
424.58738792339284
-222.61261207660786
1541.5873879234084
0.9873879233893419
-1786.212612076585
146.98738792338642
-1250.6126120766355
-307.21261207660973
-1022.412612076598
-168.01261207661574
1763.7873879233525
1264.9873879233373
221.1873879234064
2109.3873879233984
1009.9873879233651
-2055.412612076584
638.1873879234062
565.987387923384
-950.812612076629
-135.6126120766229
715.9873879233961
-966.8126120766132
335.3873879233796
884.9873879233671
-1652.8126120765758
-2193.0126120766154
-2364.012612076562
-667.4126120766047
-1719.8126120765774
2062.9873879233946
724.5873879234015
-429.6126120766095
-859.4126120766176
170.3873879233886
1060.7873879233723
-2010.412612076665
-1672.6126120766191
-53.4126120766111
-830.4126120765926
-1055.0126120766183
-1180.4126120766007
-248.212612076611
427.3873879233927
597.5873879234091
-18.212612076604195
54.18738792339162
658.3873879233929
663.1873879233868
834.7873879233882
55.787387923380436
-3115.4126120765777
-1182.8126120765776
-413.0126120766127
-259.21261207661433
-925.2126120766118
-764.4126120766276
-1322.412612076608
-1620.612612076637
-2376.4126120766323
23.987387923386727
-221.61261207660777
205.7873879233907
-2110.6126120766435
140.18738792338888
-376.0126120766049
879.7873879233824
1066.7873879234032
-554.8126120766065
323.38738792340405
1564.9873879233974
576.7873879233979
-1276.4126120766023
128.18738792339363
-841.2126120765962
-746.0126120766142
450.78738792339675
1703.7873879234246
552.5873879233733
275.3873879233816
572.38738792339
979.7873879233866
-926.8126120765991
-1304.8126120765241
709.3873879233823
1376.3873879233756
723.587387923379
-545.6126120766118
109.5873879233836
-231.61261207661175
-449.4126120766109
-881.612612076618
-763.6126120765978
490.38738792340223
-170.21261207661163
-1718.6126120766069
-491.41261207661313
-302.01261207660906
-1389.6126120765882
-189.0126120766044
316.3873879233978
-1520.0126120766229
810.3873879233902
858.9873879233937
-564.8126120766154
-229.81261207661052
-587.2126120766026
-113.81261207660346
1290.7873879233978
2474.9873879233555
1329.5873879233914
-260.4126120766117
-873.0126120766115
716.1873879234068
-333.4126120766036
203.18738792338894
-266.61261207660266
-1200.8126120766062
-1400.0126120766229
410.3873879233904
1453.9873879233628
-265.0126120766246
-740.2126120765708
-1498.212612076574
-2789.412612076607
156.38738792339387
229.9873879233882
1279.3873879233915
-1911.2126120765531
941.9873879233813
1532.587387923392
543.7873879233942
1501.9873879234187
-1663.2126120765527
-726.0126120765945
-1653.4126120766152
-214.41261207660745
127.98738792339364
239.7873879233868
-608.4126120766053
2084.987387923341
2146.1873879233517
1558.3873879233977
973.7873879233796
-1266.6126120765755
-1204.6126120766148
-471.2126120766029
-590.6126120766468
273.9873879233961
983.3873879233818
160.78738792339283
-1046.4126120766173
-237.01261207662057
-1266.0126120766001
114.7873879233934
-261.21261207657807
-286.6126120766327
1124.9873879234142
447.787387923396
7.587387923396506
294.1873879233907
1377.9873879233646
1580.1873879234051
316.3873879233928
942.9873879233891
575.5873879233818
151.98738792338676
100.18738792337683
-329.0126120766057
863.9873879233973
-918.6126120766043
-2038.012612076578
-357.6126120766104
-172.41261207661745
682.7873879233794
42.58738792338849
-795.0126120766171
-265.41261207661125
-202.81261207662854
-1551.612612076631
-88.21261207660825
-1174.0126120766054
872.1873879234068
215.18738792338328
530.5873879233905
-462.0126120766088
696.1873879233862
-624.8126120765943
836.1873879234098
-174.41261207660077
504.3873879233936
369.78738792337356
-1210.412612076609
-474.612612076624
1086.1873879234029
105.38738792339879
-1520.4126120766064
-203.81261207661652
1.9873879233918004
-333.0126120766087
-152.81261207660685
1272.98738792339
-1316.8126120765844
-953.412612076629
-547.0126120766199
111.58738792338836
1174.9873879233933
997.3873879234013
1332.587387923362
501.58738792338886
462.38738792339404
720.7873879233779
-212.81261207661896
681.5873879233953
-475.4126120766117
500.78738792339584
-463.4126120766076
344.1873879233953
1028.5873879233773
269.1873879233955
1238.1873879234004
-1022.8126120766257
750.9873879233784
1436.7873879233966
-1221.6126120766207
-250.01261207662384
209.78738792341423
-518.0126120766138
-1411.2126120766125
-1892.812612076588
-46.012612076600284
-229.8126120766106
131.78738792339024
1596.9873879233621
-1462.412612076623
-443.0126120766076
1643.7873879233064
237.3873879233911
1555.1873879234058
870.1873879234103
-313.61261207661505
833.3873879233909
-720.4126120766108
-747.612612076623
69.98738792339638
-648.6126120766091
-1113.2126120766197
-205.8126120766073
435.3873879233833
-1212.012612076588
-1315.61261207663
949.9873879233833
1312.1873879234042
-258.8126120766063
1123.9873879233667
523.187387923386
-217.61261207660644
247.187387923389
-189.81261207662234
-1139.2126120765745
-2539.412612076585
101.98738792338816
-398.2126120766159
-1209.0126120766147
-653.412612076625
851.5873879233686
-1386.4126120766107
1654.7873879233891
-274.6126120766108
-708.212612076602
1067.187387923371
798.5873879233941
-30.612612076603668
698.1873879233849
992.1873879234054
98.78738792337728
-333.8126120766099
-1819.8126120765771
-1933.6126120766683
-62.412612076620874
1738.9873879233962
-578.8126120766067
-164.81261207660862
315.7873879233902
615.5873879233956
-788.4126120765959
-736.8126120766011
-1383.4126120766005
-112.81261207661244
-15.61261207660798
526.9873879233851
-323.0126120766023
-1518.0126120766677
311.1873879233854
259.38738792338006
-1540.6126120765982
-1372.6126120766367
1082.5873879234023
-373.21261207661667
979.5873879233966
758.5873879233912
1323.9873879233846
270.9873879233976
1725.1873879233779
-1514.4126120766373
-462.21261207661615
-335.41261207659954
-1961.8126120765985
-2006.4126120766066
-1804.0126120766852
-511.61261207661784
827.7873879234048
212.78738792339658
-46.21261207660187
1282.587387923407
51.78738792338736
-1154.0126120766322
80.9873879233875
311.58738792338863
-1518.4126120766102
595.9873879233837
473.9873879234124
522.5873879233887
122.18738792338527
200.38738792338896
-387.21261207659734
-61.01261207660429
1574.9873879233753
560.7873879233779
-1166.012612076598
-1339.2126120765947
-1244.812612076595
2154.3873879233574
842.1873879234058
-451.6126120766
2283.7873879234785
-1162.8126120765985
-400.0126120766245
1142.387387923381
916.7873879233806
105.98738792341841
663.5873879233812
-977.0126120766313
1977.1873879233704
1505.387387923382
-419.6126120766152
1111.1873879233801
2150.5873879233923
1046.1873879234045
4.587387923377218
359.98738792339384
1239.1873879233517
1063.5873879233777
386.78738792339846
759.387387923372
828.587387923383
135.38738792339393
-985.2126120766065
-226.41261207660972
-1502.8126120766221
379.387387923382
-807.212612076628
-678.4126120766246
132.58738792339182
253.1873879233933
1072.187387923344
1916.3873879234027
241.18738792339386
-340.01261207660167
1434.3873879233934
111.78738792339581
-151.61261207660456
-799.0126120765788
-885.8126120765977
-1922.4126120765482
819.587387923386
2248.387387923374
802.7873879233773
-1120.6126120766312
854.3873879233705
979.3873879234033
-534.012612076602
1473.587387923378
1322.987387923403
-1301.4126120766214
983.1873879233805
1047.3873879233754
1008.7873879234326
-916.8126120766112
-1285.4126120766007
116.38738792338347
-1542.2126120766084
-349.41261207661177
-1794.8126120766003
534.5873879233724
803.5873879233757
-189.81261207661115
3572.78738792338
-456.41261207663
-627.6126120766087
1963.5873879234043
1068.5873879233843
-443.0126120766154
-737.4126120766027
-1586.0126120765942
-29.812612076617746
-61.61261207662007
-606.2126120766418
-865.012612076609
-219.21261207660737
-1491.412612076594
-25.612612076610816
-53.212612076617276
-160.0126120766095
116.58738792339679
509.3873879233821
-97.41261207660123
617.78738792341
-1109.4126120766343
1697.9873879233587
1305.1873879233883
-615.6126120765914
-1114.2126120766213
-2075.6126120766276
-496.8126120765913
-1193.8126120765664
785.1873879234138
1384.787387923379
1187.1873879233844
2093.1873879233617
-2347.0126120765863
-311.01261207660895
1992.587387923404
184.18738792339357
595.5873879233902
-607.4126120766055
-643.8126120766228
823.5873879233924
-44.61261207660088
-746.0126120766012
780.3873879234002
34.98738792338971
-424.2126120766007
234.18738792339803
701.9873879233686
-163.01261207660974
-1998.212612076613
400.58738792338335
181.98738792339145
80.38738792339313
587.3873879233959
482.9873879233841
1804.3873879234493
7.387387923387855
-472.4126120765864
-1666.8126120766062
1131.7873879233812
-794.8126120765934
-1621.2126120766272
57.38738792339523
2250.387387923369
436.387387923393
1725.7873879234098
609.1873879234006
-848.4126120766442
-245.41261207658061
2176.5873879233945
-266.4126120766129
-752.0126120766272
-1432.4126120766252
-1775.612612076575
119.98738792338716
133.9873879233888
-1097.8126120765949
527.5873879234023
343.78738792340295
-133.0126120766145
111.98738792339451
-1261.6126120766146
-901.2126120766222
-1010.6126120766125
94.7873879233798
1132.3873879233922
-923.8126120765946
657.3873879233836
1549.7873879233816
1181.587387923378
-1482.4126120765936
-8.012612076610154
1683.3873879233295
667.3873879233887
859.9873879233778
749.3873879233892
-1177.0126120766065
1132.7873879234155
-166.01261207661463
-937.4126120766384
-953.812612076593
852.3873879234355
-139.41261207660824
12.587387923400364
415.7873879233832
611.5873879233959
-145.4126120766249
-1117.2126120765497
-521.4126120766182
-507.41261207659574
-628.8126120765928
-745.412612076608
1125.387387923386
-1626.4126120765818
-2451.612612076586
-293.21261207661905
805.3873879233881
-64.812612076611
-1454.4126120766289
-1009.4126120765785
-699.4126120766083
1416.387387923359
-691.2126120766271
-539.01261207661
404.78738792338817
1042.587387923392
1558.3873879233345
1654.7873879234035
-1147.6126120765941
-2784.8126120765974
-3043.012612076609
687.9873879233842
-472.6126120766094
-1110.2126120766188
-924.6126120765957
-879.6126120765873
-487.0126120766286
533.9873879233885
-488.0126120766128
-682.4126120766083
940.987387923393
202.98738792340288
1602.1873879233974
1282.1873879233756
646.1873879234225
-1974.612612076621
-1035.6126120765723
-2234.2126120766166
347.38738792339444
1970.1873879234051
-2227.612612076624
-1420.8126120766199
-1264.41261207659
-469.21261207660837
283.3873879233843
-130.81261207661098
-280.61261207660664
-1119.0126120766147
-1576.8126120765803
91.18738792339207
-689.0126120766305
-250.21261207660797
-1245.2126120766407
902.1873879233837
2529.7873879233475
828.5873879233861
-416.2126120766004
-1683.4126120766448
-2193.012612076584
-533.0126120766033
-963.2126120766217
-487.41261207660574
855.1873879233817
-1965.012612076566
-2116.412612076635
-80.61261207660834
-1320.8126120766105
-1631.4126120765566
-126.61261207659953
-29.012612076605087
951.3873879233931
541.9873879233938
-605.2126120766231
-105.01261207660585
-465.81261207660344
-349.2126120765998
-1171.4126120766014
-550.012612076618
-987.812612076588
-1367.8126120765887
-1702.0126120765606
-507.4126120766153
9.987387923388098
604.1873879233835
-2147.6126120766035
-1497.2126120766363
499.98738792339634
-332.8126120766141
-620.8126120766069
1294.387387923396
9.78738792339393
-1327.812612076613
64.78738792339217
-1180.8126120765858
238.58738792339034
921.5873879233895
-2658.2126120765665
-1330.4126120766039
-1281.2126120765815
-2472.612612076644
-1375.8126120765974
1162.387387923405
2273.787387923449
58.38738792338076
474.5873879233888
-1180.21261207664
-1109.212612076628
-1131.0126120766117
-2434.0126120765976
-3224.4126120767396
-1675.4126120765854
-561.2126120766062
-533.6126120766008
-511.81261207658304
-1246.4126120766332
-1179.2126120766252
-341.4126120766095
2029.3873879233522
830.5873879233906
-773.4126120765967
695.9873879233888
801.5873879233784
-1187.6126120766428
-559.4126120766161
1027.3873879233852
403.7873879233921
753.787387923393
550.5873879233847
-1297.0126120765983
-1084.012612076646
-1400.612612076628
-1021.4126120766117
-1760.0126120766467
-1218.2126120766072
-608.0126120766053
532.387387923382
-578.212612076598
-197.81261207662175
70.58738792337653
-967.2126120766219
701.1873879233959
-474.612612076615
710.18738792339
-1613.6126120766057
-147.0126120766135
171.9873879233926
-3396.2126120766407
