-12.41261207660821
-982.0126120766192
1282.5873879233932
1319.3873879233872
271.9873879233908
707.5873879233895
457.3873879233917
380.98738792339276
-565.8126120766041
-424.41261207660926
511.5873879233835
563.9873879233921
738.9873879233922
781.1873879233959
372.7873879233929
216.5873879233923
256.7873879233931
1202.3873879233845
277.78738792339647
-11.612612076609729
266.58738792339483
-108.81261207660756
97.98738792339289
216.78738792339345
276.78738792339084
655.3873879233955
95.38738792339282
-103.61261207660958
60.38738792339138
341.5873879233937
234.18738792339283
-109.41261207661056
444.9873879233948
540.1873879233925
1001.1873879233968
1363.3873879233931
650.987387923389
489.3873879233837
-642.6126120766089
-833.4126120766144
-548.412612076611
-405.21261207660706
-457.41261207661125
93.78738792339138
44.387387923390875
-543.6126120766166
-773.2126120766106
-803.2126120766152
-342.81261207660964
163.38738792339234
-325.6126120766089
-546.212612076609
-220.61261207660803
-1584.812612076604
-1450.8126120766142
-107.61261207660849
-363.41261207660904
124.38738792339217
101.58738792339449
-208.0126120766072
317.18738792339605
52.387387923392666
450.98738792339134
559.7873879233897
864.787387923393
574.3873879233914
299.7873879233898
1513.9873879233862
703.1873879233926
641.387387923387
-294.0126120766057
-495.6126120766059
-36.21261207660953
-1409.6126120766091
-1645.2126120766152
-597.412612076607
-116.61261207660672
-592.012612076603
-643.4126120766119
-816.4126120766024
-393.0126120766116
-32.212612076607584
-651.2126120766076
-1068.0126120766047
-670.0126120766105
-947.8126120766034
-720.8126120766115
-56.0126120766093
-540.6126120766065
508.38738792338984
340.1873879233929
-482.21261207660854
678.787387923394
915.9873879233884
615.9873879233934
1516.1873879233976
1481.7873879233869
-33.41261207660854
-39.21261207660767
1240.3873879233893
74.18738792339107
494.1873879233903
-125.41261207660928
-294.4126120766082
366.5873879233917
-363.81261207660634
-554.0126120766079
-484.6126120766061
-456.41261207661023
-208.61261207660695
-222.21261207660842
-54.81261207660704
-360.012612076609
228.18738792339474
258.787387923391
-61.01261207661099
-1034.412612076609
-502.21261207660973
-228.21261207660882
-580.8126120766087
-683.8126120766033
346.7873879233939
-95.81261207660879
-470.8126120766047
339.9873879233926
587.3873879233911
58.987387923392006
1153.9873879233896
753.1873879233966
283.987387923391
972.1873879233971
1328.5873879233843
1201.3873879233952
476.18738792339343
613.987387923384
52.18738792339151
-128.2126120766097
382.1873879233906
-356.0126120766086
-415.41261207660773
-555.8126120766093
-958.6126120766075
-957.6126120766099
-173.21261207660993
-103.21261207660608
-187.21261207660828
69.38738792339402
-527.0126120766098
-1742.8126120766128
-335.01261207660866
271.38738792339
392.98738792339464
-442.21261207660143
-273.01261207660764
-88.01261207660785
539.1873879233916
248.18738792338974
1.3873879233933977
354.58738792339193
775.1873879233966
76.78738792339934
-8.412612076606198
201.38738792339515
347.3873879233934
281.7873879233925
-26.81261207661034
363.1873879233947
89.98738792339286
84.3873879233901
350.58738792338966
-970.4126120766106
-1080.012612076603
-580.0126120766174
-547.0126120766118
-204.21261207660555
541.58738792339
-183.81261207660975
-365.01261207660764
380.5873879233925
-1603.412612076612
-1639.2126120766168
-349.2126120766078
-836.6126120766062
-7.012612076607642
527.1873879233916
899.9873879233878
749.1873879233939
626.1873879233951
-151.21261207660584
-531.6126120766162
-192.61261207660652
1089.7873879233955
611.7873879233946
-904.6126120766055
-1130.4126120766107
-774.8126120766151
-263.2126120766074
11.787387923390195
-76.21261207660685
37.187387923391356
-31.812612076608943
608.5873879233939
-98.61261207660948
-209.2126120766119
-1011.8126120766105
-593.8126120766071
-190.81261207661032
506.3873879233927
-205.41261207660978
-1026.6126120766025
497.7873879233908
-355.61261207660755
-455.41261207661296
-1102.8126120766026
-901.8126120766051
-552.212612076608
215.78738792339388
842.3873879233917
565.9873879233924
217.58738792339435
-552.2126120766127
-532.0126120766109
-389.4126120766093
723.3873879233882
1024.987387923391
210.58738792339128
-585.4126120766149
-886.0126120766092
-578.8126120766021
-48.412612076608085
-154.21261207660766
325.98738792339077
560.5873879233912
513.987387923389
438.3873879233951
506.78738792338726
-562.012612076622
-733.8126120766211
-1563.012612076591
-64.41261207661017
309.98738792339134
-364.41261207661086
16.18738792339351
24.38738792339373
-299.0126120766069
-1095.4126120766027
-41.81261207660687
-918.8126120766163
-310.4126120766087
270.1873879233909
42.18738792339145
-179.61261207660576
-19.812612076609636
-40.812612076609746
-646.212612076605
68.7873879233986
493.5873879233853
-526.4126120766055
-72.41261207661148
-188.01261207660966
-574.212612076609
-87.41261207660912
212.58738792339207
-586.6126120766098
346.5873879233923
767.3873879233965
110.78738792339152
781.5873879233922
533.7873879233924
-674.4126120765989
-2056.6126120765985
-340.0126120766143
-568.8126120766151
-562.0126120766074
-60.81261207660814
-346.812612076607
-932.6126120766095
-1227.6126120766103
-842.8126120766105
-1276.012612076615
-67.21261207660834
-70.41261207660921
-181.21261207660908
116.38738792339187
844.9873879233895
195.78738792338754
-122.21261207660848
-391.01261207660406
-264.6126120766085
-1108.8126120765987
-725.2126120766068
-265.0126120766081
552.5873879233918
488.5873879233875
534.9873879233903
504.98738792339077
253.98738792339194
-313.6126120766091
16.987387923389292
376.7873879233907
324.98738792338634
-470.61261207661295
-2146.412612076609
-829.2126120766119
-915.0126120766137
-1319.8126120766121
-267.01261207661025
625.9873879233966
-575.6126120766089
-418.41261207661256
-791.2126120766067
-696.6126120766127
-439.41261207660546
-512.812612076608
-403.6126120766087
-813.4126120766147
268.3873879233924
-86.81261207660728
486.3873879233917
44.58738792339011
-775.412612076604
-53.012612076607454
35.587387923393024
708.3873879233903
-205.01261207660608
-246.61261207661042
-126.01261207660544
-42.21261207660914
-266.2126120766082
-1180.6126120766053
-165.01261207660883
127.58738792339291
-504.6126120766101
-216.81261207660992
-777.6126120766065
-309.8126120766095
-557.8126120766038
-1233.6126120766119
-578.2126120766087
-52.212612076612835
-367.21261207661024
-523.0126120766089
-1023.2126120766162
-471.2126120766066
-952.2126120766129
-1415.8126120766112
-604.4126120766142
-557.2126120766123
-857.6126120766093
-524.0126120766075
344.3873879233922
537.987387923387
-486.21261207661445
126.98738792339338
326.18738792339167
-103.6126120766072
-516.8126120766076
-398.8126120766077
89.98738792339114
-14.612612076609743
-425.4126120766091
-903.0126120766143
-72.81261207660586
865.7873879233892
-630.4126120766115
-1024.2126120766054
-41.01261207660758
-34.41261207660662
-1332.4126120765982
-957.0126120766067
-517.6126120766147
-1125.6126120766062
-568.8126120766107
-269.41261207660517
-323.81261207660964
-240.41261207661051
-667.0126120766128
-394.8126120766091
-699.4126120766172
-75.21261207661163
-306.6126120766094
-806.2126120766053
64.78738792339121
115.78738792339337
-524.8126120766074
239.98738792338995
-293.4126120766096
-1447.6126120766016
-525.0126120766072
443.7873879233885
104.78738792338952
252.98738792339
406.9873879233916
274.1873879233939
915.7873879233947
741.5873879233952
-500.81261207661026
-11.012612076614541
502.58738792339045
235.1873879233931
-742.8126120766075
315.5873879233881
663.5873879233901
544.9873879233917
-404.6126120766138
-517.8126120766116
-632.0126120766088
-753.2126120766115
-505.4126120766104
-562.4126120766113
-769.0126120766123
-527.2126120766081
-189.61261207661252
-125.812612076617
-251.21261207660817
-240.81261207660123
-155.21261207660692
-481.21261207661246
-752.2126120766104
-968.0126120766032
-749.8126120766103
-88.61261207660758
-826.2126120766125
119.78738792339038
103.98738792338975
2.1873879233919062
-67.61261207660806
69.58738792339207
-102.21261207660785
481.98738792338804
374.1873879234016
617.1873879233852
-379.2126120766111
-603.012612076607
-415.21261207660973
771.9873879233877
99.7873879233926
-357.21261207661144
-271.41261207660943
-289.4126120766143
-333.21261207661166
-696.61261207661
-860.8126120766154
-1126.8126120766076
-278.41261207661205
-1027.6126120766103
-1060.8126120766026
-388.01261207661616
315.78738792339334
-359.01261207660957
-483.2126120766084
-406.4126120766085
-270.4126120766094
-667.2126120766146
-662.4126120766068
531.7873879233958
386.9873879233888
-787.6126120766063
-1362.6126120766035
-887.412612076606
-273.21261207660837
351.5873879233928
963.387387923384
838.7873879233883
33.187387923392734
-505.8126120766002
-127.81261207660806
255.58738792339915
-214.0126120766049
-648.0126120766083
-177.81261207660935
442.9873879233909
-199.01261207660914
-84.61261207660255
-461.8126120766084
-391.41261207661466
-108.81261207660768
-273.0126120766121
-45.41261207660819
140.78738792339277
170.78738792339055
-211.61261207660834
-257.41261207661574
-367.8126120766082
219.78738792339274
122.38738792338816
-571.2126120766104
-533.2126120766114
-503.61261207661425
-1012.4126120766051
-355.8126120766078
-96.41261207660749
-431.6126120766087
-593.4126120766185
440.7873879233936
469.7873879233893
310.5873879233943
585.587387923398
1826.7873879233794
340.78738792339215
145.78738792338942
321.58738792339363
-95.41261207660936
807.5873879233902
203.1873879233913
227.78738792339158
-498.41261207661944
-424.81261207661305
-374.6126120766087
561.7873879233897
635.9873879233887
656.587387923389
339.18738792339315
-163.0126120766087
-465.6126120766105
-811.212612076611
-171.41261207660946
-57.012612076608946
-643.6126120766022
-391.4126120766146
-225.61261207661178
-650.8126120766152
-340.81261207661413
-152.21261207660905
-588.6126120766166
116.18738792339212
546.7873879233955
1028.18738792339
503.1873879233902
105.58738792337964
960.7873879233969
1321.9873879233794
224.9873879233935
-769.6126120766103
-954.4126120766155
-155.21261207661055
-254.81261207661146
-191.61261207660758
-469.81261207660935
-903.4126120766041
-684.0126120766096
-631.4126120766119
-461.61261207661244
-435.6126120766106
-952.6126120766038
-920.0126120766081
-980.2126120765914
-847.2126120766048
-412.0126120766083
-214.41261207661137
-355.01261207660684
221.98738792338997
-481.21261207660825
-353.41261207660574
126.18738792339614
391.1873879233933
65.98738792339196
1007.1873879233744
462.3873879233867
707.9873879233896
-25.812612076608687
430.58738792339875
1004.3873879234001
423.7873879233936
-254.81261207660634
381.58738792338926
-10.412612076611389
-523.8126120766124
-120.01261207660919
26.387387923395348
-804.2126120766085
-898.2126120766044
-503.6126120766111
-724.0126120766128
-141.41261207661364
-312.0126120766053
-770.4126120765939
-749.6126120766071
-359.8126120766115
-258.8126120766062
-599.8126120766116
-384.0126120766107
116.3873879233892
-145.4126120766136
-16.41261207660843
-756.4126120766105
-425.0126120766091
217.98738792339168
495.38738792339586
763.5873879233942
95.78738792339641
555.5873879233868
18.58738792339354
510.1873879233854
1185.7873879234
167.38738792339672
203.18738792339352
1688.5873879234114
983.9873879233961
196.38738792339387
165.18738792338954
531.187387923389
-660.6126120766085
-1094.2126120766077
-698.6126120766098
-361.4126120766086
461.1873879233934
851.5873879233893
-46.8126120766105
96.38738792339203
-139.21261207661078
-420.6126120766112
-138.61261207660903
-936.4126120766134
-923.2126120766128
-537.4126120766117
-407.412612076606
-643.8126120766024
-1173.2126120766127
-184.2126120766071
269.5873879233904
-98.81261207661052
552.1873879233825
934.5873879233831
575.7873879233888
690.987387923388
692.5873879233853
639.1873879233801
-293.4126120766108
817.7873879233858
621.9873879233867
-122.01261207660781
515.1873879233907
448.9873879233923
-490.8126120766064
-792.6126120766104
-1053.0126120766045
-933.212612076609
635.187387923386
-16.612612076613807
-623.412612076626
-513.6126120766058
-263.2126120766106
-60.812612076605724
-190.21261207660717
18.987387923391772
-13.812612076608263
157.98738792339313
-56.41261207661111
-552.8126120766044
-413.01261207661094
200.38738792338907
508.5873879234026
678.5873879233956
447.78738792339027
1048.5873879233893
889.5873879233949
336.78738792339504
447.7873879233917
754.3873879233857
-687.212612076605
-216.01261207660784
-126.81261207660785
58.18738792339272
99.78738792339152
599.5873879233837
122.58738792339146
171.7873879233901
-403.61261207659794
-685.6126120766112
172.78738792339252
-381.0126120766102
-495.0126120766177
-487.8126120766104
770.5873879233891
-588.4126120766093
-961.6126120766189
-381.6126120766112
-259.6126120766091
201.78738792339283
-454.2126120766058
-250.8126120766093
469.7873879233884
-483.4126120766127
156.78738792339263
643.7873879233928
-101.61261207661092
254.1873879233955
1349.1873879233983
532.1873879233932
90.78738792339274
410.5873879233868
-651.4126120766138
-664.6126120766096
-555.8126120766111
81.18738792339072
-410.4126120766153
-66.01261207660954
464.7873879233926
902.5873879233844
-634.6126120766093
-376.6126120766071
-396.61261207660993
-195.01261207660747
-728.2126120766122
-193.0126120766075
1489.5873879234007
-59.01261207660689
-451.61261207660726
310.1873879233925
763.1873879233897
460.7873879233946
135.1873879233925
174.1873879233886
1091.187387923381
-127.4126120766073
-451.8126120765913
-325.01261207660673
-88.21261207660775
379.3873879233954
661.3873879233823
-249.0126120766081
-299.41261207661296
-498.012612076609
-1076.812612076611
-777.8126120766096
-855.6126120766056
-649.2126120766003
-65.8126120766132
608.9873879233911
-322.41261207661023
756.387387923389
-138.01261207660752
-121.81261207660842
-114.01261207660697
-589.0126120766145
-387.41261207661
670.3873879233936
338.78738792339163
-217.01261207660974
253.18738792339008
150.1873879233923
-95.81261207661312
-641.0126120766125
-288.012612076619
-14.012612076608843
372.58738792338687
-24.2126120766091
369.9873879233913
-777.4126120766067
-324.4126120766058
170.58738792339048
-156.61261207660917
-6.8126120766093266
-279.0126120766063
-789.4126120766127
-3.0126120766064624
26.587387923387855
-379.2126120766105
-877.6126120766144
-99.41261207660776
952.9873879233847
459.5873879233934
786.5873879233901
365.18738792339195
913.7873879233964
108.18738792338897
-1102.2126120766052
571.5873879233894
-53.41261207660766
-165.41261207660872
267.58738792339267
54.58738792339143
286.5873879233911
7.187387923390915
-362.4126120766113
486.38738792339035
684.7873879233903
-536.8126120766077
-726.8126120765997
126.58738792338852
-815.0126120766139
614.1873879233922
655.5873879233935
62.78738792339374
50.18738792339872
-341.01261207660946
-94.61261207661025
166.3873879233865
-573.0126120766067
315.78738792338817
429.1873879233896
-325.2126120766084
-87.81261207660731
211.98738792339273
723.5873879233868
-131.01261207661113
262.58738792339165
-753.8126120766053
-1085.2126120766145
-313.6126120766053
-502.2126120766126
222.7873879233939
512.1873879233874
-407.61261207660954
429.9873879233889
443.5873879233924
305.987387923393
753.787387923388
832.3873879233937
-84.01261207660927
131.7873879233912
343.78738792338953
233.18738792339084
1100.9873879233824
994.9873879233974
411.1873879233931
-216.2126120766104
-169.8126120766085
202.1873879233922
-202.61261207661082
-87.01261207660477
-282.61261207661136
516.5873879233875
77.18738792339299
571.1873879233888
601.9873879233946
1102.1873879233876
102.78738792339817
-243.21261207660774
-671.4126120766135
-64.41261207661417
-133.6126120766073
944.187387923397
842.1873879233892
-121.41261207660902
-163.6126120766079
1305.387387923403
215.98738792339114
-479.2126120766126
-434.012612076608
-331.4126120766119
419.78738792339453
128.38738792339032
-278.0126120766064
92.38738792338972
766.7873879233939
110.58738792339005
280.9873879233892
301.5873879233909
219.38738792339151
243.38738792338958
-9.812612076607513
259.98738792338946
-791.4126120766114
-18.41261207660787
501.38738792338626
870.387387923392
253.38738792339382
-93.01261207660474
647.1873879233916
445.7873879233939
12.787387923390497
-254.61261207660877
-218.81261207660725
493.58738792338863
133.38738792339174
-418.0126120766051
-192.61261207660837
804.987387923391
318.5873879233903
-296.01261207661196
-350.8126120766091
-183.6126120766136
210.3873879233903
-538.4126120766014
-470.81261207661623
-397.81261207660674
-350.81261207660793
-832.0126120766051
-709.6126120766099
-865.4126120766066
-441.61261207661136
5.787387923391573
81.98738792339037
-184.21261207660885
-536.6126120766111
-237.61261207661119
-420.21261207660643
317.9873879233891
149.58738792339543
-178.21261207661075
-131.41261207660557
215.5873879233935
-21.212612076611467
-218.6126120766079
-228.01261207660548
-1169.2126120766131
-1443.2126120766072
-30.41261207660614
-359.6126120766032
-465.61261207661073
-493.2126120766096
-496.41261207661074
-49.012612076608434
958.5873879233927
748.9873879233895
-206.41261207660736
489.3873879233871
476.78738792338487
1083.3873879233988
798.5873879233893
-52.21261207660813
-395.01261207661025
402.38738792339325
-511.4126120766106
-330.4126120766093
469.18738792339644
-224.6126120766071
328.18738792339155
-1.4126120766048196
-151.41261207660676
330.1873879233915
409.18738792339275
-71.41261207661087
-528.0126120766095
-819.012612076611
-655.2126120766105
-637.4126120766076
-413.41261207660966
-989.2126120766011
405.18738792339303
1246.9873879233921
635.7873879233885
-4.012612076607615
-203.4126120766092
120.58738792339366
796.5873879233872
313.1873879233883
-405.21261207660666
-208.8126120766091
-570.8126120766127
-6.4126120766052
571.187387923394
-269.2126120766124
190.78738792339453
571.1873879233905
-106.41261207660824
-182.21261207660802
58.58738792339398
582.5873879233831
1542.187387923395
1396.5873879233882
654.3873879233939
59.58738792339065
504.98738792338924
297.9873879233927
-24.812612076610197
-278.61261207661
-151.01261207660716
427.38738792339126
642.5873879233919
-531.6126120766087
-559.4126120766099
60.987387923393996
194.18738792339138
292.98738792339276
585.3873879233886
-170.21261207660865
-302.0126120766059
-152.4126120766078
-1102.4126120766118
-571.4126120766118
198.38738792339538
-122.41261207660703
134.18738792339352
-477.81261207660054
-566.6126120766108
-227.81261207660967
-19.812612076609636
201.58738792339454
-265.2126120766068
623.9873879233854
320.1873879233958
55.18738792339432
-242.6126120766079
-825.4126120766028
-450.6126120766086
314.1873879233924
546.7873879233855
310.7873879233896
438.1873879233931
1165.7873879233828
750.1873879233857
492.58738792339125
498.18738792338365
-14.61261207661002
-351.812612076611
142.187387923392
-488.2126120766101
-1396.8126120765999
-570.8126120766084
-578.012612076614
-714.4126120766131
-23.012612076608733
-149.6126120766091
-354.8126120766071
178.587387923393
-298.61261207661045
-214.41261207660799
-124.41261207661074
-475.21261207660837
-777.2126120766095
-299.21261207660746
-598.812612076608
-448.61261207660687
-443.21261207661047
-951.6126120766065
7.587387923391621
377.1873879233937
1053.7873879233923
58.58738792339345
302.1873879233954
637.187387923391
378.3873879233892
-2044.412612076625
327.98738792339253
-75.01261207661199
-1013.0126120766056
-252.81261207660935
-155.6126120766087
191.38738792339208
-280.41261207660705
-93.21261207660834
658.9873879233952
296.9873879233921
267.98738792339196
99.58738792339349
-70.01261207660679
-96.81261207660864
12.187387923390943
1340.587387923389
539.1873879233946
9.987387923393165
570.5873879233937
366.5873879233918
378.5873879233908
591.7873879233813
80.18738792338905
-56.81261207660954
-533.8126120766113
-418.2126120766071
-147.2126120766079
-214.41261207661086
-379.61261207660516
-932.612612076615
-838.612612076601
-455.81261207660737
114.187387923389
-98.8126120766112
-523.2126120766108
-294.0126120766082
-1047.212612076604
-677.4126120766082
-34.81261207660729
92.38738792339223
-86.21261207660837
179.98738792339464
41.38738792339189
-447.0126120766118
-319.41261207660915
-570.4126120766142
-289.2126120766087
797.3873879233861
332.7873879233887
-321.61261207660795
402.5873879233924
-672.4126120766128
-641.4126120766126
713.5873879233961
-194.41261207661023
-271.0126120766073
-32.81261207660746
-62.01261207661101
437.78738792339055
-266.21261207660746
-179.01261207660968
-366.4126120766111
-416.61261207661727
-316.0126120766068
-769.812612076611
-340.61261207660544
-628.2126120766156
-640.8126120766057
-1391.6126120766025
-799.6126120766072
150.5873879233917
-1135.412612076611
-1242.4126120766082
-193.81261207660626
144.98738792339242
-155.8126120766086
64.1873879233921
-270.2126120766118
-164.01261207660932
778.9873879233961
82.58738792339207
-382.01261207660826
485.78738792339726
135.5873879233918
-112.81261207660795
462.98738792338975
-620.2126120766056
17.587387923390978
278.58738792339466
-488.2126120766062
409.18738792339695
69.78738792339246
-531.0126120766073
201.58738792339005
-95.41261207660841
-926.6126120766118
-1121.41261207661
-656.6126120766103
-1407.412612076616
-814.8126120766086
-1629.0126120766126
-1108.6126120766078
201.18738792339076
-573.0126120766095
-357.61261207660897
-77.41261207660696
-262.2126120766062
-71.81261207660725
55.78738792339103
216.1873879233938
-388.01261207660684
324.38738792339217
472.18738792338684
843.1873879233902
338.7873879233937
426.98738792339026
198.5873879233886
-125.21261207660969
-577.8126120766069
47.78738792339248
-211.21261207660606
-958.8126120766075
-380.8126120766072
-684.6126120766144
-1338.012612076592
-17.61261207660959
-748.4126120766163
-300.61261207660783
157.3873879233947
-17.012612076608512
69.38738792339078
-328.21261207660734
-448.4126120766074
-493.41261207661506
38.787387923390874
96.38738792339008
-359.0126120766097
75.98738792339294
-219.81261207660935
-629.8126120766117
-614.8126120766085
-90.41261207660682
-50.612612076608904
-106.81261207660617
34.58738792339089
24.387387923391238
-696.6126120766063
291.18738792340133
580.387387923386
838.787387923384
-68.4126120766071
-367.0126120766053
-409.4126120766102
-128.61261207660735
-464.012612076609
-866.8126120766154
-596.4126120766074
141.78738792339436
-815.0126120766026
-22.412612076604695
-5.012612076607542
-436.4126120766088
-775.2126120766063
-947.4126120766063
-504.01261207660866
-824.8126120766067
-222.21261207661013
20.98738792339455
-1154.212612076608
-498.01261207661076
266.38738792338944
363.7873879233923
595.5873879233819
1080.187387923378
351.78738792338936
261.3873879233945
613.1873879233905
-1237.8126120766071
-808.4126120766085
382.5873879233892
-73.81261207660839
442.7873879233955
491.78738792339135
405.5873879233901
331.9873879233912
-143.81261207660432
-1011.8126120766052
-1100.2126120765988
-649.0126120766133
711.987387923389
27.787387923395382
-615.8126120766065
-898.6126120766048
-1014.0126120766091
-950.0126120766141
-522.812612076612
-672.6126120766137
-769.8126120766126
-393.8126120766084
306.58738792339045
-444.6126120766112
126.38738792339322
2.1873879233926985
582.9873879233968
701.9873879233955
1186.187387923382
199.18738792339082
-186.81261207660742
1183.1873879233922
199.38738792338978
517.3873879233919
-206.41261207660364
-123.41261207661009
133.18738792339303
82.98738792339084
44.987387923393186
-111.8126120766073
-609.6126120766094
-1656.2126120766072
-1283.6126120766132
-742.4126120766101
276.58738792339454
357.38738792339734
176.18738792338758
-689.2126120766088
-1352.4126120766168
-684.0126120766117
350.7873879233932
175.78738792339192
401.98738792338844
410.3873879233938
-45.01261207661048
-55.212612076609894
432.78738792339243
-69.81261207660717
325.98738792338906
-271.6126120766094
912.387387923396
938.3873879233969
570.3873879233892
1148.387387923396
897.5873879233936
896.5873879233942
-181.21261207660692
895.787387923391
-80.21261207661104
-216.81261207661018
-200.21261207660933
-910.6126120766114
-1316.6126120766007
-1239.0126120766136
-942.8126120766141
-1193.6126120766007
-471.61261207661556
-122.21261207660706
60.18738792338752
434.7873879233946
-217.61261207660777
-550.0126120766104
445.78738792339203
859.3873879233888
-3.2126120766061845
225.7873879233893
-25.81261207660554
-482.61261207660993
405.187387923391
628.5873879233857
262.58738792338744
-642.8126120766092
857.9873879233938
568.3873879233915
446.98738792338963
694.1873879233892
461.98738792339833
177.7873879233878
-398.81261207661055
244.98738792339003
-360.81261207660606
452.7873879233876
80.78738792339233
-516.612612076609
-576.2126120766101
-118.81261207661001
-629.4126120766108
-597.4126120766084
-952.8126120766284
-705.8126120766026
-298.41261207661
280.5873879233897
212.1873879233873
371.18738792339263
364.9873879233918
595.1873879233864
319.5873879233859
7.98738792339288
-573.0126120766108
-487.01261207660696
-52.412612076610586
556.7873879233831
550.1873879233898
-426.0126120766125
1140.3873879233915
1225.987387923397
396.387387923388
807.9873879233925
1623.9873879234083
514.5873879233982
262.98738792338804
319.1873879233891
181.58738792338815
154.78738792337919
-217.2126120766059
67.18738792338593
-655.8126120766083
-80.21261207660623
-386.4126120766089
439.38738792338916
-120.21261207661048
-886.612612076605
-61.41261207660776
386.3873879233932
824.3873879233947
-254.41261207661026
-461.8126120766108
-483.0126120766094
-540.8126120766093
-345.01261207660696
-699.2126120766103
-366.01261207660576
-48.01261207661102
-432.0126120766081
604.9873879233947
648.3873879233995
1592.5873879233964
1756.9873879234024
700.5873879233939
785.9873879233938
1114.3873879233806
765.1873879233888
35.58738792338693
-287.0126120766072
149.18738792338834
-571.4126120766073
-1082.4126120766095
112.38738792338818
-6.212612076606604
-522.4126120766076
-88.81261207660877
953.5873879233867
1067.3873879233834
-243.6126120766064
-206.01261207660792
309.78738792338777
-86.81261207661015
-13.012612076603276
-113.61261207660789
-84.81261207660562
-404.4126120766083
-428.21261207660643
-446.2126120766064
-234.41261207661023
676.7873879233834
-680.4126120766076
-408.0126120766093
1013.1873879233932
1106.7873879233912
218.98738792338764
678.5873879233928
724.9873879233925
70.1873879233915
546.187387923391
220.58738792339312
179.98738792337855
171.58738792339972
-350.0126120766075
6.587387923392903
117.7873879233949
709.9873879233902
144.58738792339517
-329.41261207661137
520.7873879233823
796.187387923395
107.18738792339354
144.78738792339377
144.5873879233912
-948.8126120766099
251.78738792339539
944.587387923391
108.78738792339195
-62.81261207660767
257.1873879233923
211.987387923393
542.7873879233917
529.9873879233938
-751.2126120766094
157.38738792339242
637.3873879233938
291.78738792339317
-354.0126120766054
1249.387387923391
1525.3873879233984
1128.1873879233956
476.98738792339185
328.78738792338885
288.7873879233921
-1.8126120766070883
190.787387923393
330.5873879233835
637.3873879233907
853.3873879233903
620.9873879233875
369.98738792339395
197.18738792339144
286.18738792339
193.78738792339064
-363.01261207661014
-108.41261207660737
44.58738792339183
463.7873879233971
861.9873879233943
-166.01261207661105
342.78738792339186
251.38738792339112
62.187387923390375
-210.01261207660806
-0.6126120766081016
-42.812612076605305
606.1873879233895
136.98738792339088
-495.2126120766117
-1164.0126120766113
-512.4126120766107
-295.8126120766077
738.187387923388
603.1873879233885
591.1873879233935
718.5873879233861
491.5873879233924
301.7873879233901
403.9873879233911
1002.3873879233827
539.1873879233907
754.3873879233931
-421.8126120766095
-593.8126120766117
-21.612612076610155
34.98738792339241
-9.212612076607567
289.18738792338905
711.78738792339
1001.9873879233905
520.7873879233941
471.58738792339244
1388.7873879233987
923.1873879233979
-377.8126120766075
-700.8126120766104
-335.8126120766092
8.58738792339551
262.38738792339166
332.58738792338914
-864.612612076617
-954.4126120766111
-1097.0126120766004
-998.8126120766127
-673.0126120766041
-565.8126120766105
-430.81261207661385
129.98738792338935
505.98738792338804
-283.0126120766067
568.5873879233981
1039.5873879233839
910.1873879233908
646.1873879233946
142.7873879233946
49.38738792339088
239.78738792339112
-400.01261207660997
314.7873879233904
540.5873879233937
562.1873879233943
1167.7873879234035
1157.1873879233879
966.3873879233868
612.9873879233899
98.58738792339008
-317.4126120766074
518.1873879233915
713.9873879233907
-133.01261207660713
-814.4126120766132
-638.4126120766081
-1364.2126120766193
-535.2126120766096
-441.6126120766084
115.78738792339284
-1368.012612076612
-329.21261207660183
514.5873879233924
248.78738792339132
1156.3873879233922
66.18738792339173
306.7873879233903
248.9873879233927
727.5873879233902
626.5873879233898
1266.5873879233911
1129.7873879233896
849.3873879233944
-481.0126120766114
-52.412612076606734
185.58738792339653
233.38738792339205
943.1873879233843
729.387387923395
376.1873879233936
644.1873879233925
419.587387923392
-70.01261207661204
417.18738792339303
449.58738792339074
-499.6126120766106
-102.41261207660945
-627.6126120766006
-643.2126120766047
-490.21261207659416
-1161.812612076619
-1082.8126120766085
-664.2126120766198
-571.6126120766114
-578.2126120765993
-490.6126120766158
599.9873879233885
374.38738792339075
191.18738792339008
427.9873879233926
522.1873879233918
791.5873879234016
583.7873879233872
405.3873879233916
-125.81261207660867
-1546.2126120766159
-1061.6126120766085
-401.0126120766065
170.18738792339343
956.9873879233912
521.9873879233944
141.3873879233915
1207.3873879233893
335.18738792339406
122.18738792339019
565.7873879233899
515.3873879233954
-232.01261207661088
294.5873879233917
-709.4126120766076
-923.2126120766098
-1209.0126120766154
-1046.6126120766073
-1184.6126120766007
-1349.8126120765962
-1342.8126120766058
-10.012612076608459
270.58738792339375
46.98738792339144
608.7873879233923
443.3873879233907
317.58738792337914
917.7873879233931
1189.5873879233925
523.9873879233917
746.1873879233917
227.3873879233924
-797.2126120766085
-559.8126120766034
279.5873879233905
887.3873879233892
725.1873879233841
452.78738792339465
916.7873879233938
1077.9873879233971
1096.7873879233955
-82.41261207660818
-104.01261207660687
93.38738792339117
-35.612612076607434
-43.012612076608896
-921.012612076608
-984.4126120766117
-1304.6126120766064
-851.0126120766075
-510.2126120766104
-1460.4126120766232
-1173.6126120766128
290.587387923393
733.9873879233903
366.78738792339243
612.1873879233905
832.5873879233947
187.38738792339976
567.1873879233865
991.1873879233981
624.5873879233934
1123.1873879233938
1388.7873879233878
-66.81261207660633
309.5873879233878
457.3873879233869
275.1873879233871
744.5873879233868
100.38738792339149
242.1873879233921
756.5873879233918
829.1873879233921
43.187387923394255
-763.0126120766083
-358.01261207660934
-539.0126120766096
-909.4126120766131
-542.4126120766052
-800.412612076603
-1025.2126120765906
-706.0126120766115
-856.2126120765987
-1141.0126120765997
-1554.6126120766032
-369.212612076611
220.58738792339022
20.3873879233923
970.7873879233935
672.1873879233943
15.587387923390445
346.98738792339196
396.78738792339396
-22.612612076609867
1615.5873879233982
746.7873879233906
-704.2126120766047
-316.012612076609
170.1873879233937
4.387387923391792
442.38738792339086
1010.9873879233922
932.9873879233901
1148.5873879233864
726.587387923388
-136.8126120766097
-137.21261207661064
239.58738792338875
-204.6126120766084
-495.8126120766057
-1103.212612076607
-1222.0126120766156
-1561.0126120766001
-1788.2126120766038
-1372.6126120766203
-476.81261207660896
-1019.4126120766083
-338.8126120766116
54.187387923394695
339.5873879233886
655.5873879233927
790.1873879233821
350.387387923388
1026.387387923396
920.9873879233934
195.18738792338718
1311.3873879233824
758.1873879234004
-130.41261207660696
-876.612612076608
717.1873879233874
-493.41261207661074
-471.0126120766076
183.18738792339204
197.78738792339422
657.3873879233944
135.38738792338808
-8.612612076608215
473.38738792339467
-306.2126120766127
-168.0126120766081
-250.0126120766028
-1394.8126120765996
-1570.8126120766206
-1046.412612076609
-1446.2126120766004
-1350.4126120765986
-67.61261207660995
-66.81261207660556
-270.4126120766086
-209.61261207660846
301.5873879233885
-36.81261207660745
245.78738792339186
808.7873879233961
1444.187387923389
373.58738792339483
141.78738792338964
485.1873879233881
685.9873879233957
-526.6126120766131
-843.812612076611
1132.9873879233928
-123.2126120766083
-111.41261207660801
880.1873879233812
991.9873879233913
579.9873879233904
440.38738792339285
259.5873879233876
935.187387923391
69.38738792339193
-88.41261207660547
-225.61261207660993
-328.61261207660743
-260.0126120766085
-856.0126120766131
-1376.2126120766197
-898.412612076606
-382.4126120766113
-240.01261207661454
-283.2126120766084
-406.41261207661256
-379.81261207660765
-67.81261207660798
340.98738792339174
-538.4126120766052
718.7873879233923
251.38738792339387
169.98738792339265
674.9873879233958
13.787387923392266
-582.2126120766134
-514.0126120766088
-319.41261207661125
-402.4126120766094
636.3873879233889
849.1873879233972
279.58738792339017
-307.4126120766052
203.78738792339115
201.3873879233905
363.7873879234016
374.38738792339245
952.9873879233904
-474.8126120766086
-380.412612076609
-338.61261207660664
-1134.012612076607
-920.4126120766151
-734.2126120766067
-647.6126120766108
170.98738792339074
-27.212612076608686
100.58738792339135
-103.8126120766139
152.98738792339293
594.9873879233928
-236.01261207660875
455.5873879233888
431.9873879233958
1127.787387923385
434.7873879233928
-925.0126120766026
137.78738792339527
-1259.0126120766045
-810.4126120766078
151.18738792339073
174.58738792339472
506.7873879233894
337.7873879233945
258.78738792339504
1016.9873879233907
873.3873879233922
-249.61261207660849
-203.01261207660548
581.587387923386
-1006.0126120766042
-135.01261207660949
-295.21261207661286
-954.0126120766107
-988.4126120766086
-933.4126120766119
-57.6126120766059
139.58738792339074
-898.6126120766107
670.7873879233908
1244.7873879233878
45.7873879233922
178.7873879233894
-6.812612076608417
418.38738792339046
326.9873879233895
607.5873879233957
-588.4126120766114
-1174.4126120766052
-923.612612076609
-1096.412612076604
48.58738792339266
564.1873879233965
-563.6126120766086
364.7873879233872
515.7873879233872
720.9873879233921
981.5873879233935
1003.5873879233834
484.18738792338786
1152.5873879233898
1225.3873879233897
180.38738792339024
650.987387923397
509.5873879233967
77.18738792338972
-600.2126120766129
-372.012612076613
306.3873879233946
105.38738792339348
-70.61261207660831
239.58738792339327
1401.5873879233923
362.18738792339116
575.3873879233919
285.58738792339346
964.5873879233897
518.9873879233918
-112.21261207660564
-742.2126120766159
-126.21261207660963
-654.6126120766102
703.3873879233929
965.1873879233872
-140.41261207660733
-282.4126120766069
1274.587387923395
325.9873879233921
-182.81261207661228
-415.61261207660743
-236.01261207660775
724.387387923393
708.7873879233892
707.9873879233868
910.7873879233891
1077.3873879233954
217.18738792339317
543.987387923394
343.58738792339165
144.18738792339173
273.5873879233919
646.3873879233875
1113.7873879233962
-32.81261207661085
885.1873879233897
963.3873879233878
1075.7873879233903
107.38738792338867
25.387387923392055
762.3873879233937
384.9873879233916
-129.21261207660757
-457.81261207661004
-798.0126120766079
288.7873879233941
373.38738792339205
-411.61261207660766
-185.41261207660773
978.3873879233979
649.18738792339
239.18738792338897
24.787387923394796
274.7873879233917
543.187387923389
-224.41261207660924
189.58738792339295
429.78738792339044
219.78738792338868
-510.61261207660743
5.7873879233927035
-548.8126120766092
-430.8126120766085
217.38738792339313
732.9873879233869
738.7873879233911
-36.41261207660883
100.18738792339047
-104.41261207660624
623.7873879233921
169.78738792339118
-113.8126120766094
-77.41261207660797
132.7873879233939
-79.41261207660807
-143.41261207660781
-649.6126120766133
-1617.0126120766122
-1318.0126120766197
120.38738792339026
-168.6126120766075
-209.21261207660814
-96.41261207660767
-177.01261207660562
165.9873879233943
1390.3873879233927
1209.3873879233943
314.987387923394
1125.3873879233868
1197.987387923401
1500.5873879233961
1249.1873879233847
897.9873879233847
-69.41261207660811
524.5873879233907
-180.61261207660834
220.18738792339448
771.987387923398
-432.6126120766088
-7.8126120766114155
-234.01261207660596
-555.01261207661
-72.41261207660614
164.5873879233947
-98.81261207660526
-646.6126120766098
-695.2126120766094
-302.41261207660807
-535.0126120766089
-585.8126120766079
-741.8126120766062
540.1873879233913
1259.587387923394
481.78738792338237
-77.01261207660326
-314.2126120766099
77.58738792339517
1074.5873879233875
1051.9873879233965
375.9873879233907
789.5873879233947
321.187387923399
343.5873879233952
1088.7873879233919
755.7873879233881
763.787387923393
1010.787387923386
447.58738792339136
165.18738792339582
-34.412612076607196
274.18738792339417
1173.3873879233895
907.5873879233885
108.18738792339121
-308.81261207661055
233.187387923392
250.58738792339275
-121.81261207660634
-100.01261207660973
270.7873879233902
610.9873879233976
716.1873879233973
-242.0126120766121
-408.0126120766085
-15.612612076607281
-210.4126120766065
30.187387923390986
789.7873879233864
529.1873879233914
682.3873879233969
1046.7873879233878
46.78738792339176
323.1873879233921
734.3873879234008
112.18738792339322
670.1873879233909
492.1873879233928
332.58738792339176
571.5873879233931
915.787387923392
854.7873879233922
120.3873879233921
904.9873879233962
596.1873879233896
-5.012612076607411
-206.8126120766068
-549.2126120766064
-485.41261207660847
179.18738792339192
423.9873879233917
262.18738792339303
426.78738792338913
900.1873879233825
695.5873879233923
517.1873879233839
524.1873879233893
-34.612612076605465
-480.2126120766071
206.58738792339238
331.7873879233899
-102.01261207660836
755.3873879233869
635.9873879233915
409.7873879233911
832.7873879233972
523.9873879233799
376.58738792339244
1088.1873879233888
709.1873879233939
774.98738792339
776.5873879233922
603.5873879233965
516.38738792339
699.5873879233934
239.98738792339142
210.1873879233921
-6.012612076607024
-470.0126120766101
618.5873879233807
853.7873879233996
1015.187387923393
-155.61261207660905
263.7873879233935
681.9873879233957
176.18738792339383
-2194.6126120765935
68.38738792338995
114.38738792339504
-557.6126120766103
208.18738792339292
217.98738792339236
42.787387923391336
-646.61261207661
-27.01261207660765
595.7873879233881
384.7873879233891
308.9873879233886
-227.0126120766104
-509.2126120766072
-683.0126120766176
-584.4126120766141
740.3873879233851
250.58738792339193
-258.01261207660883
136.987387923391
-147.01261207660946
398.78738792339357
325.98738792339185
-713.8126120766113
-333.0126120766128
-492.21261207661104
-508.4126120766142
-530.0126120766099
-589.4126120766139
-800.6126120766056
-1607.21261207662
-1928.2126120766213
-917.8126120766146
-234.81261207661427
123.98738792339068
409.98738792339185
776.5873879233926
-64.81261207661143
62.98738792338979
641.3873879233957
805.1873879233901
310.38738792339245
490.1873879233928
446.98738792339145
-160.8126120766091
-349.0126120766137
-650.6126120765986
-424.01261207660554
364.98738792339293
79.58738792339253
-269.41261207660966
256.7873879233921
-955.6126120766078
-649.6126120766108
511.3873879233893
-668.41261207661
-198.8126120766051
464.9873879233923
287.5873879233944
633.5873879233941
-183.81261207660296
-412.41261207661574
-871.812612076612
-1237.6126120766073
-906.4126120766115
-1204.0126120766024
-264.21261207660797
102.98738792339057
698.3873879233959
9.387387923392602
389.38738792339245
1264.3873879233936
-166.21261207660677
-606.012612076606
13.187387923390233
613.3873879233934
203.18738792339045
109.98738792339154
-271.21261207660984
-401.4126120766056
81.38738792338916
-170.81261207660492
-316.81261207661095
266.58738792339386
-52.01261207660923
59.58738792339582
508.78738792339163
-395.61261207661187
478.58738792338966
803.3873879233879
36.18738792338989
953.587387923396
387.38738792339325
-782.6126120766148
-302.01261207660804
-576.4126120766205
-1120.812612076609
-1353.412612076608
-319.0126120766098
-618.212612076613
454.58738792339676
-44.41261207660666
93.58738792339045
1099.1873879233929
139.3873879233908
277.787387923395
118.98738792339171
2.1873879233927767
143.78738792339192
-100.01261207660535
-5.212612076606984
-649.6126120766128
-304.01261207661025
330.18738792339417
1154.9873879233944
540.7873879233931
531.5873879233907
398.18738792339445
-237.8126120766093
-435.4126120766122
539.1873879233931
376.5873879233902
-43.81261207660643
525.9873879233868
-74.61261207660985
-1383.6126120766062
25.187387923390137
-733.2126120766087
-420.21261207661087
-456.8126120766066
-122.01261207660764
650.5873879233933
785.3873879233935
829.3873879233927
617.7873879233911
871.1873879233902
526.9873879233895
137.5873879233884
372.58738792339136
-311.81261207661316
-769.0126120766124
-918.8126120766104
-698.6126120766102
-852.8126120766057
-851.6126120766107
-547.0126120766092
32.787387923394505
-252.41261207660864
661.3873879233906
917.7873879233925
744.3873879233927
-45.012612076610324
-87.01261207660674
46.38738792339583
877.5873879233948
939.3873879233898
133.58738792338858
-264.21261207661036
380.1873879233942
-562.2126120766063
-79.41261207661138
-694.4126120766097
-924.4126120766131
-788.6126120766111
-466.4126120766061
15.187387923393374
-361.2126120766111
-205.41261207661057
-185.61261207660806
-1001.812612076618
-242.61261207661028
291.98738792338935
74.78738792338994
82.58738792338946
426.5873879233907
-518.6126120766031
-1011.2126120766127
-494.6126120766101
-1592.6126120766103
-577.0126120766058
431.58738792339255
53.7873879233896
397.3873879233893
349.98738792338906
438.5873879233905
711.787387923384
1080.7873879234019
773.3873879233882
77.38738792339483
-356.01261207660923
925.7873879233874
354.38738792339336
-215.61261207660726
-682.8126120766112
-892.0126120766079
-766.0126120766076
93.18738792339204
111.78738792339571
-353.41261207661
-640.4126120766035
217.98738792339248
-411.4126120766099
43.587387923389656
171.58738792338937
314.9873879233915
213.9873879233927
580.387387923391
-325.6126120766078
-1459.4126120766168
-170.6126120766032
-298.0126120766055
227.38738792339117
-723.812612076606
-368.0126120766098
251.38738792340044
267.9873879233931
364.5873879233909
258.3873879233916
790.1873879233888
348.1873879233844
84.78738792339165
-21.012612076606572
923.5873879233911
897.7873879233854
855.7873879233911
-20.6126120766102
-909.6126120766083
-487.81261207660725
1141.187387923381
685.9873879233927
421.9873879233877
72.98738792338774
42.38738792339069
48.587387923391105
289.58738792339534
-246.01261207660784
-176.81261207660955
-832.812612076608
96.587387923392
210.58738792339096
-600.6126120766022
-432.41261207660705
9.787387923389531
159.7873879233875
-1115.0126120766138
529.1873879233918
-147.6126120766103
-319.01261207660843
-27.812612076609305
-432.81261207660947
9.787387923395308
620.9873879233937
774.3873879233906
-9.012612076609262
225.38738792339313
274.7873879233927
394.1873879233911
743.5873879233986
-159.01261207660957
-401.21261207660825
682.7873879234035
781.7873879233929
-114.01261207660689
68.98738792339161
21.387387923395487
-307.41261207661296
351.78738792338703
718.98738792339
231.78738792338854
-1282.6126120766107
30.387387923389944
-105.6126120766079
-861.0126120766083
-774.0126120766054
-792.2126120766094
-780.8126120766063
-1618.0126120765947
-191.01261207660855
-185.2126120766083
570.587387923392
161.78738792339283
-262.01261207660565
114.18738792339539
907.5873879233889
320.1873879233886
-279.2126120766106
-1009.012612076608
-533.6126120766041
-31.01261207660928
123.5873879233921
-179.61261207661016
22.387387923392115
-158.21261207660862
73.38738792338876
565.1873879233948
558.5873879233909
18.987387923390187
-33.612612076608336
-134.012612076605
870.587387923387
694.5873879233902
-997.4126120766052
94.18738792339113
141.78738792339237
-832.0126120766123
-441.41261207660784
347.787387923391
-363.2126120766076
-516.2126120766042
387.3873879233943
785.1873879233908
506.1873879233865
270.1873879233893
533.9873879233891
-124.81261207661173
47.987387923391026
-562.212612076609
-160.21261207660845
-619.2126120766048
-867.2126120766053
363.7873879233924
31.587387923392015
188.18738792339263
-833.0126120766109
-970.0126120766108
-1080.4126120766045
-244.01261207660684
396.18738792339065
136.38738792339115
312.7873879233899
-111.01261207660457
-259.2126120766091
377.1873879233922
-61.81261207661084
577.9873879233829
630.387387923391
-650.2126120766058
-619.2126120766121
91.58738792339122
-41.01261207660874
-695.4126120766084
-357.41261207660966
295.7873879233888
-254.61261207661005
-578.2126120766097
157.78738792339036
-39.212612076611414
-576.812612076608
-497.41261207660784
254.5873879233904
631.1873879233822
-232.4126120766072
362.38738792338665
37.38738792339171
-687.4126120766088
-638.6126120766121
-600.6126120766072
-624.4126120766107
-412.612612076609
14.987387923391115
57.187387923389075
254.5873879233823
800.1873879233793
-602.6126120766089
-1303.8126120765971
-244.81261207660685
41.987387923388724
-865.8126120766044
-503.2126120766137
-768.8126120766076
-793.2126120766139
-12.012612076609608
-127.612612076608
399.38738792338995
-221.4126120766077
-766.2126120766097
28.78738792338787
-492.4126120766193
-249.01261207660696
-432.4126120766052
-504.21261207661024
596.3873879233923
1042.3873879233836
439.1873879233944
810.5873879233926
69.78738792339107
-1267.8126120765983
-166.61261207660831
-29.612612076609995
-791.4126120766069
-452.21261207661183
30.787387923391915
-10.812612076610783
465.18738792338706
365.58738792338943
-1159.8126120766046
-1232.012612076614
-909.6126120766144
-491.21261207660876
-880.4126120766125
824.987387923393
304.9873879233911
17.987387923392845
-172.61261207661116
-13.212612076611347
392.38738792339024
-831.6126120766073
-778.6126120766056
127.38738792339218
-449.8126120766082
-638.4126120766097
-567.0126120766075
-276.8126120766061
86.7873879233936
655.5873879233989
562.7873879233942
119.38738792339099
-50.81261207660694
-527.0126120766091
-221.6126120766072
-337.41261207660955
-1639.4126120766093
-644.8126120766126
-221.81261207661086
-252.01261207660775
-536.4126120766126
-556.4126120766122
-834.6126120766044
-751.2126120766092
-1153.0126120766022
-613.8126120766141
-667.412612076605
-450.8126120766073
-1014.4126120766026
193.387387923392
350.58738792339284
397.1873879233912
546.387387923391
-95.21261207660886
-274.41261207660017
327.9873879233893
161.78738792339269
-478.8126120766129
-23.412612076609875
-827.2126120766086
-665.6126120766113
408.3873879233892
1012.787387923403
463.3873879233908
379.98738792338844
218.78738792338916
173.98738792338816
-484.0126120766096
-808.6126120766033
571.1873879233929
831.1873879233964
-241.21261207660703
-687.8126120766029
-79.0126120766082
-159.81261207660785
-406.6126120766082
-568.2126120766122
-719.8126120766062
-340.0126120766058
-811.2126120766121
-1302.6126120766153
-678.2126120766087
-174.01261207660994
-490.81261207661146
112.58738792339406
328.5873879233931
-932.8126120765996
-35.212612076608714
365.1873879233923
60.18738792339412
191.98738792339284
-334.6126120766083
-209.61261207660564
834.9873879233882
969.7873879233907
663.5873879233917
519.3873879233893
-63.01261207660812
160.58738792339443
-104.81261207661053
-225.01261207660787
-57.812612076607294
-87.01261207660457
-663.8126120766045
-115.41261207660725
693.5873879233926
-171.61261207660874
-801.6126120766015
-1002.8126120766034
-1337.4126120766073
-38.81261207661135
189.3873879233896
536.5873879233927
-873.2126120766067
425.1873879233909
888.5873879233928
535.3873879233913
879.3873879233907
-664.0126120766124
-403.81261207660464
-519.6126120766048
26.187387923390038
233.7873879233924
360.5873879233877
87.58738792339203
1066.3873879233959
571.5873879233922
834.1873879233949
465.9873879233903
-438.6126120766082
-243.01261207660838
-203.01261207661008
-524.4126120766099
40.187387923391796
114.98738792338997
-329.8126120766068
-300.41261207661023
-143.2126120766111
-846.0126120766007
72.98738792339174
-194.41261207659602
-132.21261207661584
292.58738792339295
-51.41261207660885
-61.81261207660688
178.1873879233894
384.98738792339117
401.18738792339377
1.5873879233904784
315.3873879233926
96.98738792338914
-103.61261207661005
-166.41261207661424
14.187387923392174
438.18738792339235
-384.0126120766099
-850.2126120766062
-368.6126120766111
-774.0126120766101
312.1873879233885
171.38738792339092
-50.012612076609415
118.98738792338884
-275.01261207661287
-659.8126120766082
636.7873879233935
59.38738792339071
210.5873879233894
340.38738792338904
253.58738792339443
-392.41261207660796
687.9873879233957
121.98738792339189
128.1873879233922
-178.01261207660738
-35.8126120766056
-325.81261207661214
-812.012612076608
-638.2126120766105
460.7873879233922
126.98738792339431
-963.2126120766127
-83.01261207661118
-83.41261207661063
-387.2126120766098
90.1873879233919
654.9873879233896
-516.0126120766058
-432.61261207660885
-192.21261207660928
-543.412612076608
626.1873879233984
822.3873879233898
936.5873879233928
513.5873879233893
67.58738792339244
285.3873879233919
404.38738792338285
558.9873879233925
-419.01261207660826
-232.01261207661022
-84.61261207660954
97.98738792339242
436.1873879233921
127.58738792338997
345.9873879233927
-354.4126120766112
165.38738792339353
445.1873879233941
-732.0126120766105
-356.2126120766118
592.9873879233968
-12.212612076608899
-1061.8126120766135
-597.2126120766252
-52.81261207660643
-699.412612076606
-381.01261207660946
321.78738792339396
-492.4126120766112
101.78738792339345
811.3873879233804
-120.21261207660982
988.1873879233776
744.1873879233959
204.98738792338892
558.1873879233931
-285.6126120766073
-471.412612076609
-155.612612076608
-151.61261207660908
-627.8126120766044
-517.0126120766085
95.58738792339187
-406.81261207661123
-730.2126120766121
429.7873879233885
701.587387923394
57.58738792338988
545.5873879233942
422.9873879233937
-28.012612076606928
-312.01261207660747
298.9873879233842
-561.6126120766078
-1357.2126120766052
113.18738792339208
-85.41261207660979
-982.2126120766129
-621.612612076609
-132.01261207660923
-696.2126120766048
983.3873879233867
396.587387923392
-338.41261207661023
570.9873879233899
443.58738792339085
-31.212612076606327
243.1873879233885
341.7873879233904
-308.41261207661387
-280.81261207660833
-801.8126120766052
-1229.6126120766087
-326.4126120766076
866.9873879233999
143.78738792339067
-211.21261207660933
-3.8126120766074294
157.18738792339312
-319.2126120765984
-348.2126120766044
-430.21261207660956
359.78738792338936
-164.81261207660916
139.387387923393
-499.8126120766045
-751.6126120766048
16.587387923393056
242.78738792339178
-567.0126120766093
-165.0126120766132
417.58738792338966
-380.4126120766096
735.7873879233927
894.3873879233915
588.7873879233887
76.58738792339439
1050.1873879233938
-673.6126120766064
-733.2126120766111
-487.41261207660756
-1191.4126120766086
-746.6126120766139
-998.4126120766132
-894.0126120766124
275.58738792339386
235.78738792339527
271.38738792339194
470.78738792339294
-100.81261207661161
-513.2126120766084
159.98738792339137
61.187387923392194
-365.61261207660533
652.1873879233887
453.98738792339196
190.3873879233905
90.38738792339099
94.58738792339307
-276.41261207660386
152.18738792339244
570.987387923392
692.9873879233867
-72.61261207660911
-422.2126120766138
-60.61261207660778
976.5873879233845
341.3873879233926
-185.01261207660843
1119.587387923394
-484.8126120766081
-659.8126120766111
114.78738792339045
9.387387923391913
-404.0126120765941
-279.4126120766103
-539.0126120766074
1058.9873879233828
878.7873879233863
270.9873879233923
730.5873879233909
1056.1873879233951
908.3873879233944
663.9873879233877
228.18738792339065
461.3873879233911
562.9873879233905
448.1873879233927
647.7873879233913
471.3873879233933
-114.61261207660951
-334.41261207660835
160.98738792339438
-617.6126120766122
361.1873879233897
-242.4126120766107
-326.6126120766125
359.18738792339275
399.1873879233926
471.1873879233936
498.38738792338916
45.387387923392495
-386.01261207661076
96.98738792339304
-91.41261207660662
-501.6126120766022
-1113.6126120766003
-691.612612076608
-627.0126120766089
517.5873879233892
1013.5873879233937
788.1873879233914
-117.01261207661081
455.9873879233888
842.9873879233943
171.78738792339422
653.7873879233848
625.3873879233864
86.58738792338941
864.7873879233935
963.5873879233882
754.1873879233908
-7.412612076608561
-161.01261207661062
113.78738792338925
-640.0126120766021
-119.21261207660915
-306.61261207661335
767.78738792339
717.7873879233913
304.18738792339104
1673.7873879233807
-685.0126120766089
-671.0126120766089
148.7873879233913
-81.41261207661134
-262.812612076611
-839.4126120766086
-1047.2126120766075
-47.81261207661158
20.187387923392237
-638.812612076606
-591.612612076609
-230.61261207661082
-1155.6126120766119
-43.61261207660921
368.98738792338537
-117.61261207660871
-228.01261207660704
-84.01261207660616
303.1873879233923
549.5873879233973
-107.81261207660843
1120.187387923393
1210.9873879233887
-261.61261207660925
-724.8126120766171
-908.0126120766175
-297.8126120766081
-382.8126120766108
515.7873879233913
209.7873879233932
172.78738792339283
850.3873879233929
-920.0126120766051
-122.41261207660472
473.1873879233909
-225.41261207660816
178.38738792339328
-362.2126120766089
-354.81261207660964
189.78738792339013
-11.21261207660704
-286.2126120766104
420.9873879233899
69.58738792339368
-169.41261207660875
680.1873879233984
711.7873879233881
51.98738792339128
-837.6126120766087
-171.0126120766086
232.9873879233925
288.9873879233918
351.98738792339026
488.1873879233876
1235.9873879233892
261.3873879233903
-277.81261207660583
-838.6126120766039
343.18738792339417
-45.41261207660576
-403.8126120766116
-189.6126120766068
738.1873879233959
292.9873879233916
794.3873879233934
534.58738792339
-466.6126120766067
-289.2126120766043
872.3873879233904
-183.61261207661028
-718.2126120766108
-997.412612076612
-939.4126120766038
-224.4126120766112
-220.81261207660717
-522.8126120766124
99.38738792339058
574.5873879233949
-68.0126120766098
-28.612612076606815
-546.4126120766116
-467.6126120766134
-348.2126120766064
430.5873879233902
903.9873879233973
-470.6126120766022
436.38738792339274
861.587387923392
329.5873879233901
-661.6126120766097
-29.21261207660921
1084.987387923389
761.7873879233895
698.387387923391
413.98738792339003
-384.61261207660647
116.78738792339023
-187.41261207661262
-775.8126120766184
-426.4126120766082
385.1873879233909
-66.41261207660763
-412.41261207660665
-356.81261207661214
-136.0126120766068
-354.21261207661854
-910.4126120765964
-711.8126120766109
-536.8126120766074
-463.21261207660905
-674.8126120766098
-223.41261207661006
-1393.2126120766115
-1312.6126120766148
-556.6126120766103
154.18738792339042
82.58738792339037
-867.4126120766107
-657.0126120766014
-622.0126120766105
64.18738792339312
-442.2126120766162
-171.61261207661266
278.787387923392
487.18738792338985
606.7873879233914
538.9873879233917
-437.81261207660964
-1698.0126120766142
-1762.21261207661
-260.0126120766138
-221.41261207661086
-412.0126120766108
-528.0126120766067
-826.4126120766064
-384.4126120766136
461.38738792338705
180.18738792338783
-377.6126120766114
286.18738792339127
106.98738792339545
549.5873879233856
728.1873879233904
202.38738792339254
-1257.6126120766085
-771.0126120766057
-1218.212612076602
-284.21261207660734
531.387387923395
-1033.012612076612
-773.0126120766105
-951.612612076606
-887.8126120766112
-419.0126120766082
-231.41261207660864
-244.61261207661158
-749.4126120766053
-881.2126120765993
-253.21261207661115
-624.812612076612
-583.2126120766075
-913.6126120766107
228.18738792339232
1233.587387923397
480.58738792339176
-299.0126120766066
-947.0126120766198
-838.8126120766058
-20.21261207660851
-162.41261207660992
-385.6126120766055
210.58738792339193
-895.81261207661
-940.2126120766075
105.18738792339141
-655.4126120766128
-1014.6126120766069
-352.612612076605
-255.61261207660513
158.38738792339205
118.38738792339204
-258.2126120766104
164.18738792339312
42.58738792339168
-578.8126120766083
-1169.0126120766101
-754.0126120766109
-653.8126120766033
-792.6126120766007
-724.6126120766098
-349.21261207660876
-89.01261207661045
14.987387923393843
-614.0126120766118
-499.21261207660643
100.98738792339095
-134.41261207661097
-147.81261207660805
236.98738792338875
-241.4126120766078
-446.81261207661066
-11.01261207660805
-735.4126120766076
-294.8126120766108
-261.41261207661165
-1367.0126120766147
-754.8126120766053
-922.2126120766076
-1328.4126120766173
-687.0126120766122
301.38738792339063
580.187387923389
-201.41261207661637
-81.21261207661081
-657.0126120766099
-750.2126120766015
-1049.2126120766102
-1687.8126120766087
-1847.6126120765966
-1117.612612076602
-584.212612076609
-416.6126120766104
-439.01261207660673
-476.0126120766085
-424.4126120766049
106.58738792339477
708.3873879233896
-46.81261207660406
-315.4126120766067
391.18738792339195
100.58738792339243
-767.0126120766108
-168.41261207660824
203.18738792339275
-62.812612076610236
108.98738792339068
-34.412612076607765
-733.6126120766148
-559.012612076623
-899.0126120766151
-724.412612076611
-824.0126120766131
-563.2126120766048
-492.4126120766067
-137.4126120766129
-753.6126120766047
-732.6126120766132
-820.0126120766157
-1152.2126120766054
-457.41261207660415
-423.81261207660845
27.187387923392123
-796.0126120766229
-374.81261207660714
-194.6126120766089
-1369.6126120766169
