-57.44287542906263
-157.0428754290608
-447.64287542906237
-110.2428754290623
157.7571245709364
158.15712457093787
277.357124570938
273.35712457093837
114.5571245709374
-47.44287542906221
143.3571245709374
471.35712457093825
310.957124570936
-25.64287542906152
-18.242875429061307
-115.64287542906213
-402.0428754290644
-651.6428754290629
-245.8428754290618
-282.6428754290611
-182.4428754290627
98.35712457093749
52.55712457093773
-9.042875429062107
-151.6428754290623
-111.24287542906333
-449.8428754290615
-275.04287542906235
-46.8428754290623
192.95712457093802
341.9571245709403
179.35712457093774
-458.8428754290625
27.35712457093703
-457.64287542906203
-325.4428754290636
22.55712457093746
167.35712457093655
258.9571245709384
128.55712457093819
2.9571245709385963
39.1571245709404
-91.84287542906111
338.55712457093625
442.15712457093747
352.7571245709396
223.9571245709391
157.15712457093747
178.15712457093775
6.357124570938765
272.7571245709357
290.9571245709376
354.75712457093897
480.75712457093886
44.75712457093811
-143.8428754290623
-122.84287542906182
16.157124570937427
-285.0428754290623
58.35712457093743
317.5571245709374
279.55712457093745
456.3571245709377
240.95712457093632
37.95712457093792
128.1571245709398
-194.24287542906288
-194.8428754290626
-52.84287542906157
406.3571245709363
475.5571245709382
-16.64287542906184
-70.64287542906126
-9.242875429060817
-57.842875429061905
278.5571245709358
224.55712457093853
386.3571245709389
531.3571245709354
652.7571245709372
585.3571245709373
128.75712457093817
519.7571245709411
520.7571245709361
575.3571245709406
382.35712457093956
-117.24287542906188
-154.6428754290626
-172.44287542906255
-162.042875429062
-319.64287542906186
-116.84287542906287
-283.4428754290629
-136.4428754290617
31.15712457093612
-64.64287542906216
91.75712457093701
685.1571245709382
116.7571245709381
181.957124570939
380.95712457093884
443.1571245709393
387.5571245709386
-125.64287542906249
-232.04287542906417
-232.24287542906217
-375.0428754290621
-53.2428754290608
244.95712457093958
392.1571245709397
702.957124570939
789.9571245709373
528.357124570939
225.35712457093905
499.3571245709379
538.5571245709397
736.5571245709385
320.9571245709369
-339.4428754290608
-594.8428754290605
-526.242875429061
-377.642875429062
-193.24287542906183
-112.64287542906273
-332.4428754290641
265.1571245709375
292.35712457093604
-78.44287542906304
61.757124570939105
361.1571245709378
-122.44287542906028
-146.8428754290619
218.15712457093764
-49.64287542906247
-83.6428754290609
-172.24287542906168
-70.0428754290603
-7.642875429061704
-17.2428754290618
-44.64287542905932
225.35712457093786
670.7571245709363
780.3571245709377
455.35712457094047
384.15712457093923
434.1571245709363
332.7571245709355
184.75712457093854
449.95712457093373
321.35712457093655
10.157124570938159
-296.4428754290618
-482.6428754290622
-291.0428754290622
161.95712457093813
-345.4428754290627
-661.2428754290625
290.7571245709374
437.9571245709367
211.15712457093747
234.5571245709383
-387.8428754290614
-602.0428754290612
-661.6428754290613
-114.442875429062
-229.04287542906167
-451.2428754290625
-21.842875429062072
-61.642875429061675
107.95712457093904
162.75712457093817
178.15712457093778
-12.842875429061824
302.95712457093856
910.3571245709343
657.5571245709375
626.7571245709374
649.1571245709379
247.55712457093992
47.35712457093713
212.35712457093842
423.75712457093823
332.9571245709383
-170.44287542906255
-249.04287542906403
-110.64287542906305
135.9571245709378
-55.642875429061405
-595.8428754290634
-193.4428754290626
187.7571245709379
234.757124570938
475.95712457093714
136.55712457093824
-75.04287542906232
-219.44287542906255
-3.842875429061529
-166.24287542906026
-324.2428754290604
-96.24287542906207
-338.6428754290624
-170.64287542906408
247.15712457093872
544.5571245709419
559.7571245709373
506.357124570938
531.7571245709414
476.15712457093684
235.15712457094008
696.5571245709417
792.7571245709371
428.757124570939
506.9571245709384
498.15712457093787
232.7571245709396
138.95712457093816
3.9571245709397687
49.957124570937545
-81.04287542906265
45.757124570938586
-221.2428754290626
-17.642875429062165
-132.64287542906285
-257.6428754290628
188.55712457093787
40.55712457093688
-224.8428754290635
-118.04287542906175
-273.2428754290621
-268.2428754290624
257.3571245709374
-64.24287542906085
-688.042875429064
-203.8428754290629
300.3571245709378
659.3571245709377
488.3571245709401
418.1571245709399
344.55712457094137
314.5571245709385
145.15712457093997
561.5571245709411
659.1571245709396
99.55712457093814
334.5571245709376
516.7571245709356
441.5571245709384
760.757124570938
61.55712457093798
147.7571245709375
-4.0428754290626685
246.55712457093676
-52.04287542906326
186.157124570938
-307.8428754290614
-756.4428754290607
137.55712457093662
-103.64287542906249
-237.44287542906184
6.757124570936334
-342.242875429062
-160.64287542906263
595.757124570937
319.75712457093584
76.75712457093897
270.95712457093765
310.55712457093796
696.7571245709413
43.55712457093604
32.95712457093727
469.5571245709374
408.1571245709395
485.3571245709377
645.7571245709368
620.9571245709395
262.7571245709394
104.35712457093629
900.1571245709358
1151.757124570941
840.5571245709374
334.15712457093815
228.55712457093722
275.7571245709372
471.35712457093763
203.95712457093813
218.35712457093518
-228.84287542906324
-605.0428754290596
100.15712457093825
318.35712457093763
325.75712457093834
251.75712457093826
-77.64287542906337
-39.44287542906148
213.7571245709383
165.75712457093996
298.3571245709376
643.9571245709385
658.9571245709378
451.3571245709376
-78.84287542906145
299.1571245709428
531.9571245709401
169.75712457093744
252.15712457093704
643.3571245709363
399.9571245709377
269.5571245709363
147.35712457094002
750.957124570937
1086.3571245709368
793.1571245709396
466.1571245709383
720.7571245709365
692.7571245709374
421.75712457093687
149.35712457093797
-171.64287542906166
-219.0428754290619
-260.0428754290637
-48.64287542906169
-131.4428754290623
190.75712457093732
307.55712457093756
359.55712457093836
296.1571245709375
249.15712457093952
-110.44287542906139
-174.04287542906027
430.3571245709372
706.9571245709375
234.9571245709392
316.1571245709373
378.75712457093886
52.95712457093851
403.7571245709405
463.55712457093506
200.55712457093887
-46.84287542906165
513.5571245709369
561.3571245709378
500.1571245709372
225.35712457093766
503.9571245709367
504.357124570938
508.9571245709358
316.5571245709372
132.35712457093797
87.7571245709366
-551.6428754290638
-384.64287542906175
-60.84287542906137
172.95712457093842
-405.6428754290653
-24.442875429062273
-16.842875429061518
136.9571245709372
-10.842875429062241
-85.24287542906295
-177.6428754290614
-6.042875429062786
360.7571245709369
359.55712457093676
284.75712457093766
699.7571245709358
576.357124570942
-110.24287542906126
228.75712457093846
538.3571245709371
239.5571245709375
-51.84287542906224
564.9571245709386
936.5571245709392
1167.9571245709387
502.35712457093814
486.1571245709389
144.35712457093865
-107.44287542906129
65.35712457093683
219.9571245709385
175.95712457093916
-193.24287542906197
-450.24287542906154
-621.242875429065
-273.0428754290617
116.35712457093761
439.1571245709381
-33.64287542906036
-111.04287542906212
-268.24287542906006
76.35712457093678
129.15712457093713
37.35712457093702
-1.642875429062613
-183.24287542906234
193.75712457093692
522.3571245709389
375.55712457093773
-339.04287542906235
-288.4428754290624
92.75712457093967
-150.6428754290612
-324.442875429063
-5.242875429062753
816.1571245709382
682.9571245709376
329.9571245709401
627.9571245709392
162.95712457093785
84.55712457093802
270.15712457093974
-65.24287542906157
30.55712457093826
4.557124570939777
-95.44287542906193
-655.4428754290631
-200.24287542906185
625.9571245709373
621.7571245709398
-223.64287542906033
-80.24287542906046
-124.44287542906197
-74.04287542906135
-108.4428754290618
-290.24287542906217
-537.8428754290621
-413.64287542906084
213.95712457093768
155.75712457093647
-190.04287542906312
-64.44287542906187
-153.2428754290628
-407.04287542906167
-804.6428754290607
-788.4428754290625
-434.04287542906104
728.9571245709383
38.35712457093746
-125.04287542906053
333.35712457093575
168.5571245709373
547.9571245709384
573.1571245709383
-73.44287542906409
167.95712457093904
159.7571245709379
-106.84287542906
-534.6428754290624
-213.64287542906172
335.75712457093704
303.55712457093676
-112.44287542906211
36.957124570937296
-49.24287542906207
175.3571245709378
-42.84287542906287
-398.24287542906296
-528.2428754290615
-68.64287542906213
257.5571245709394
-78.44287542906122
-116.84287542906031
-78.24287542906242
-71.24287542906139
44.75712457093808
-510.6428754290603
-471.24287542906063
-155.64287542906263
330.5571245709373
9.557124570938877
-271.2428754290638
175.35712457093902
-75.24287542906461
319.75712457093726
382.35712457093825
99.35712457093766
138.75712457093803
-222.44287542906244
-522.642875429062
-106.84287542906209
217.35712457093672
58.357124570937984
359.95712457093805
-133.2428754290621
-91.64287542906328
4.157124570938851
-301.4428754290617
-321.44287542906306
-83.64287542906237
78.15712457094001
143.35712457093697
-386.84287542906077
-587.6428754290656
-89.24287542906029
54.557124570935166
-374.84287542906185
-158.6428754290625
-714.4428754290602
-688.0428754290624
-135.0428754290612
-525.4428754290567
-745.2428754290613
-353.4428754290614
-85.24287542906237
13.357124570938012
152.95712457093842
107.95712457093762
-53.44287542906197
102.15712457093828
-98.84287542906247
-729.4428754290664
87.15712457093875
560.7571245709396
167.95712457093816
36.55712457093862
-714.6428754290607
2.957124570938735
38.95712457093683
-526.2428754290617
-84.24287542906163
683.9571245709379
552.7571245709378
107.7571245709363
-60.8428754290604
-425.2428754290627
-193.0428754290634
-47.842875429063426
-743.4428754290627
-801.6428754290627
-1140.8428754290615
-702.6428754290637
84.15712457093805
-417.8428754290624
-472.0428754290622
56.557124570937795
-82.84287542906148
-185.04287542906377
275.1571245709372
61.15712457093748
-163.44287542906167
-181.04287542906224
-204.2428754290622
-816.6428754290656
-112.44287542906208
587.1571245709395
257.35712457093905
186.9571245709391
-444.04287542906314
-199.6428754290614
-146.4428754290646
-73.44287542906261
130.357124570938
128.95712457093805
198.7571245709368
-84.84287542906178
-28.442875429061115
-31.242875429062064
33.75712457093777
-74.44287542906775
-502.44287542906324
-538.4428754290614
-739.24287542906
-253.84287542906102
272.7571245709386
-414.6428754290602
-207.6428754290629
532.5571245709395
613.757124570939
28.957124570938788
404.75712457093505
255.15712457093798
-35.24287542906248
-608.8428754290632
-514.0428754290614
-1019.0428754290613
-445.64287542906584
109.95712457093951
-525.2428754290621
-439.24287542906353
-422.0428754290592
-330.6428754290639
22.95712457093813
122.95712457093737
-35.842875429063426
-319.0428754290642
-152.04287542906346
-62.442875429062376
125.95712457093826
234.7571245709394
-139.2428754290623
-192.04287542906098
-210.24287542906245
-125.04287542906111
-672.8428754290608
-367.8428754290638
273.75712457093977
-92.44287542906089
-512.242875429061
307.5571245709392
665.5571245709407
146.55712457093762
194.7571245709393
184.35712457093916
-124.04287542906542
-513.0428754290664
-268.0428754290633
-677.4428754290593
-464.84287542906264
207.35712457093828
-728.6428754290639
-378.6428754290605
-136.24287542906242
-397.0428754290628
-116.8428754290619
102.35712457093778
248.95712457093802
573.7571245709355
4.957124570938422
-127.24287542906148
14.157124570938208
322.55712457093887
-29.842875429061976
-146.64287542906231
-427.04287542906474
-568.2428754290672
-441.04287542906167
4.557124570938075
-15.842875429062133
173.55712457093853
312.35712457093746
367.1571245709371
465.35712457093706
475.55712457093574
505.9571245709387
282.9571245709386
-110.64287542906067
-191.2428754290616
28.757124570939016
-47.242875429062764
-117.44287542906356
101.95712457093644
-440.2428754290649
153.55712457093955
369.35712457093774
-159.0428754290628
-15.242875429061067
-33.24287542906134
368.35712457093706
589.9571245709413
-209.84287542906185
-295.8428754290623
-3.6428754290617213
82.9571245709377
92.95712457093816
71.95712457093754
-541.0428754290646
-564.6428754290616
254.55712457093765
506.3571245709399
304.35712457093797
536.357124570937
1193.7571245709369
994.957124570942
782.3571245709379
453.15712457093935
15.557124570938385
4.757124570937911
-174.04287542906232
-466.0428754290607
-400.4428754290635
-378.64287542906175
-209.84287542906054
-304.642875429062
-279.242875429063
-63.44287542906296
-28.242875429063577
-305.2428754290625
-111.24287542906266
160.35712457093751
96.7571245709376
70.75712457093853
-375.0428754290626
-477.842875429064
-102.64287542906268
148.9571245709389
377.7571245709363
-17.24287542906129
-395.6428754290618
-462.84287542906213
-59.84287542906125
353.35712457093524
149.15712457093775
70.95712457093688
460.55712457093796
687.5571245709377
221.55712457093895
-193.44287542906227
-25.64287542906038
-300.0428754290624
-344.64287542906237
-554.4428754290616
-588.2428754290625
-443.6428754290631
-312.0428754290636
-489.44287542906426
-651.0428754290633
-225.84287542906188
-122.04287542906229
-139.84287542906242
-135.44287542906346
323.7571245709373
284.7571245709366
494.35712457093695
182.95712457093606
-19.442875429062624
-226.04287542906297
329.1571245709375
472.35712457093706
28.757124570937826
-328.84287542906293
-399.4428754290602
5.357124570938092
478.1571245709389
255.95712457093876
46.75712457093876
147.15712457093835
72.15712457093821
-264.44287542906255
-79.84287542906209
588.9571245709377
361.9571245709392
175.3571245709368
139.15712457093827
-354.24287542906126
-80.44287542906225
-119.24287542906261
-490.6428754290616
-899.242875429062
-563.6428754290628
-334.24287542906023
-174.44287542906298
-183.84287542906176
188.75712457093724
203.55712457093816
352.3571245709369
-10.642875429062151
131.35712457093805
150.15712457093662
78.35712457093678
123.15712457093755
189.15712457093846
150.35712457093786
-14.44287542906159
242.75712457093852
335.95712457093884
583.7571245709373
156.95712457093708
507.75712457093994
-141.44287542906176
-464.64287542906175
178.35712457093945
980.1571245709396
762.1571245709373
219.157124570939
93.15712457093802
-449.64287542906254
-43.04287542906178
-100.64287542906204
-470.4428754290636
-762.8428754290576
-677.4428754290619
-372.64287542906175
80.7571245709385
222.55712457093793
184.7571245709372
-337.64287542906254
-149.042875429062
-371.4428754290632
-27.842875429061575
599.9571245709365
238.75712457093906
455.5571245709389
609.9571245709388
635.9571245709382
330.55712457093745
295.5571245709355
17.357124570936765
255.9571245709402
-347.8428754290632
59.35712457093872
-16.64287542906241
-272.04287542906127
-204.842875429062
555.157124570939
811.5571245709407
13.557124570937553
-509.24287542906166
-747.6428754290637
-478.6428754290617
-694.2428754290598
-521.8428754290634
-564.242875429065
-781.8428754290649
-267.4428754290636
696.7571245709362
156.35712457093825
-66.84287542906483
67.35712457093723
-1.242875429061364
-53.84287542906118
-102.84287542906333
21.557124570936796
-8.24287542906086
385.95712457093714
754.9571245709384
595.1571245709372
478.35712457093854
555.3571245709393
1.1571245709380484
-277.24287542906177
-832.0428754290623
-188.0428754290622
52.757124570938515
-160.44287542906204
138.5571245709382
300.9571245709374
190.3571245709378
-85.44287542906295
73.95712457093569
171.15712457093818
-314.6428754290621
-834.0428754290617
-765.4428754290607
-618.0428754290643
-859.4428754290635
-228.04287542906158
498.95712457093737
558.5571245709361
161.75712457093817
132.3571245709382
312.55712457093716
350.9571245709374
384.15712457093844
391.9571245709391
652.9571245709384
597.957124570937
899.3571245709362
597.7571245709368
450.5571245709391
515.9571245709387
66.95712457093934
75.15712457093898
15.157124570938372
433.5571245709373
464.95712457093896
185.75712457093846
575.1571245709359
239.95712457093947
-118.04287542906255
1.95712457093763
74.95712457093802
-42.04287542906174
-255.64287542906274
-713.2428754290642
-575.6428754290628
-440.6428754290623
-652.4428754290626
-285.6428754290621
295.3571245709377
640.5571245709395
401.1571245709368
105.15712457093804
278.9571245709382
454.9571245709388
770.1571245709401
1134.757124570938
937.3571245709362
704.1571245709383
1007.3571245709367
602.757124570936
499.15712457093804
524.5571245709399
201.557124570938
409.1571245709401
254.15712457093636
496.55712457093824
366.3571245709395
147.75712457093863
592.5571245709361
81.75712457093897
30.757124570937545
246.5571245709385
327.1571245709386
228.55712457093827
77.9571245709386
-457.6428754290617
-877.0428754290627
-573.0428754290612
-495.8428754290621
-318.4428754290611
183.15712457093733
571.3571245709402
577.357124570939
412.7571245709384
587.3571245709388
852.1571245709396
856.3571245709408
554.557124570939
333.1571245709387
441.3571245709377
596.1571245709383
727.957124570938
441.3571245709384
533.9571245709388
188.9571245709384
127.35712457093723
51.557124570938704
292.75712457093715
251.35712457093672
412.157124570939
557.7571245709366
81.55712457093844
141.75712457093823
473.3571245709403
259.35712457093933
296.1571245709368
312.35712457093763
-195.24287542906177
-753.2428754290617
-741.442875429063
-679.8428754290646
-387.64287542906027
3.9571245709375766
70.15712457093741
192.35712457093885
553.7571245709395
627.3571245709371
767.9571245709355
312.7571245709378
58.55712457093861
202.7571245709388
101.35712457093777
269.5571245709378
693.7571245709356
362.9571245709385
385.55712457093784
128.15712457093883
167.3571245709363
324.3571245709375
206.15712457093824
411.35712457093814
320.9571245709401
169.9571245709381
3.7571245709384513
398.7571245709369
525.3571245709384
-140.04287542906246
-91.24287542906256
116.15712457093841
-564.0428754290606
-760.4428754290636
-604.6428754290602
-509.2428754290627
-208.84287542906256
0.9571245709375198
-27.84287542906161
-207.44287542906213
110.75712457093861
204.15712457093855
325.95712457093765
43.15712457093818
359.15712457093895
799.7571245709396
372.3571245709394
313.55712457093875
305.3571245709401
168.55712457094015
-6.84287542906273
-208.24287542906234
-126.44287542906159
246.95712457093862
328.5571245709396
187.9571245709376
37.957124570937154
207.75712457093806
-103.04287542906332
50.75712457093872
357.75712457093897
-176.0428754290624
-239.2428754290613
102.55712457093837
-314.64287542906163
-259.0428754290625
-276.64287542906436
198.5571245709379
402.357124570938
274.95712457093674
93.15712457093726
-338.04287542906326
-172.0428754290618
-109.64287542906197
-75.84287542906293
-198.84287542906216
-81.04287542906206
312.75712457094085
54.15712457093703
-8.242875429062288
-89.44287542906312
-37.64287542906148
-128.24287542906262
-471.24287542906274
-409.2428754290617
-115.2428754290616
-183.4428754290617
-186.64287542906112
-35.242875429063645
-7.042875429061642
-159.04287542906195
-365.24287542906234
60.757124570937115
-56.64287542906213
-270.24287542906154
-199.24287542906302
-17.042875429062637
392.35712457094183
-124.64287542906209
-383.2428754290637
36.95712457093677
356.15712457093804
315.7571245709379
217.15712457093852
54.157124570937725
3.157124570936091
-203.0428754290628
-124.8428754290619
204.7571245709365
100.75712457093817
-246.64287542906345
-102.2428754290627
-190.84287542906097
-330.8428754290637
-577.0428754290621
-266.4428754290622
-395.44287542906284
-472.04287542906604
-211.84287542906313
-177.44287542906153
-31.84287542906128
-21.242875429062448
-32.04287542906253
-695.0428754290635
-675.0428754290608
-381.84287542906526
86.15712457093609
431.5571245709379
249.1571245709379
-353.8428754290646
147.35712457093712
-321.64287542906055
-200.44287542906207
93.55712457093887
177.1571245709361
137.75712457093812
-30.44287542906238
-26.442875429062926
-86.64287542906321
-309.84287542906293
103.55712457093624
131.15712457093758
-122.24287542906312
-256.2428754290629
-258.8428754290625
-29.042875429059343
-70.04287542906198
204.15712457093622
110.75712457093996
73.55712457093847
312.7571245709399
40.757124570937535
-43.24287542906116
150.35712457093888
187.15712457093855
-485.8428754290618
-203.04287542906135
186.15712457093795
211.7571245709392
477.35712457093643
289.957124570937
200.55712457093733
460.15712457093883
90.55712457093895
-30.24287542906245
-74.04287542906202
270.1571245709367
309.9571245709382
-159.04287542906252
-192.44287542906198
-175.4428754290624
-282.4428754290614
43.55712457093874
-88.8428754290629
-253.04287542906195
-290.0428754290627
-60.842875429062815
70.9571245709372
-135.6428754290616
333.1571245709397
253.55712457093887
257.75712457093607
292.95712457093543
-4.242875429061456
-51.64287542906286
72.75712457093847
77.75712457093744
-254.84287542906065
12.957124570938447
-53.04287542906318
2.757124570937094
89.55712457093807
32.957124570937715
432.7571245709382
1033.9571245709358
397.9571245709361
267.15712457093764
335.7571245709386
253.3571245709365
170.95712457093924
-361.04287542906224
-421.0428754290616
-321.6428754290648
-584.2428754290598
-300.6428754290607
-110.24287542906198
-302.04287542906064
-235.44287542906233
-196.04287542906224
-266.24287542906205
-267.64287542906214
155.95712457093788
62.95712457093814
220.1571245709374
27.35712457093826
-283.64287542906266
-528.8428754290619
-420.44287542906176
-203.64287542906334
51.557124570938115
290.1571245709382
121.15712457093727
559.357124570938
505.9571245709393
110.7571245709378
432.35712457093706
704.7571245709344
207.1571245709384
37.557124570937006
221.35712457093845
-146.04287542906224
-266.0428754290632
-468.2428754290636
-270.2428754290616
9.757124570938295
-196.84287542906281
-366.64287542906237
-181.64287542906163
-81.4428754290617
-206.0428754290616
-562.242875429062
-578.6428754290623
-277.44287542906306
-126.64287542906291
-345.84287542906355
-150.84287542906114
-175.4428754290622
-188.8428754290616
-423.24287542906205
-582.8428754290613
-269.24287542906296
307.1571245709405
-44.042875429062335
-326.2428754290609
525.7571245709385
555.3571245709387
273.35712457093734
394.5571245709377
-69.64287542906389
-282.4428754290621
-333.2428754290621
-25.442875429062795
-228.24287542906256
-544.4428754290644
-339.0428754290618
-380.2428754290618
-20.842875429061106
-177.84287542906185
-385.44287542906295
-674.4428754290614
-480.242875429063
36.35712457093677
-197.44287542906204
-338.0428754290633
-248.4428754290625
-438.4428754290624
-636.6428754290612
-498.84287542906117
-209.24287542906183
-13.842875429061266
-418.6428754290631
-361.84287542906236
-101.8428754290621
153.9571245709372
36.957124570938056
-335.44287542906136
83.95712457093865
360.5571245709376
413.5571245709382
710.7571245709372
305.55712457093745
138.957124570938
43.55712457093841
133.35712457093834
-49.24287542906142
-328.04287542906377
-451.642875429061
-736.442875429064
-488.6428754290622
-321.4428754290612
-134.84287542906154
-179.04287542906215
-286.6428754290621
-320.64287542906084
-394.2428754290627
-715.4428754290602
-349.4428754290617
-98.84287542906452
-212.4428754290609
-170.64287542906206
-191.2428754290634
-184.84287542906193
-160.44287542906102
-128.84287542906034
-2.84287542906241
-113.04287542906259
31.15712457093783
-43.842875429061756
235.5571245709376
219.15712457093727
245.35712457093865
593.1571245709393
208.3571245709368
-34.04287542906353
62.15712457093661
-63.64287542906307
-176.0428754290615
221.35712457094147
-407.2428754290617
-1108.4428754290611
-687.6428754290614
-398.64287542906345
-133.24287542906163
-440.24287542906205
-447.8428754290617
-374.24287542906296
-509.4428754290614
-819.042875429062
-497.64287542906516
-326.4428754290631
-498.6428754290617
-237.44287542906306
-217.44287542906127
-164.44287542906113
207.35712457093763
-357.0428754290615
-250.6428754290614
-330.84287542906225
64.35712457093669
-57.04287542906175
321.35712457093973
79.15712457093701
-95.04287542906248
665.557124570939
-11.042875429061802
-190.84287542906333
138.75712457093726
-209.64287542906192
-176.84287542906213
417.9571245709401
-85.042875429062
-517.4428754290608
-390.24287542906205
-378.4428754290615
-183.6428754290636
-1059.0428754290638
-876.6428754290627
-105.04287542906111
-238.0428754290624
-437.6428754290632
-430.2428754290621
-334.6428754290625
-391.24287542906546
-510.2428754290623
85.35712457093939
418.3571245709391
87.55712457093652
-257.2428754290619
-374.24287542906313
-285.8428754290669
143.75712457093718
210.35712457093823
418.75712457093664
133.9571245709377
-36.842875429062815
649.7571245709372
296.75712457093584
192.35712457093786
212.75712457093846
-54.842875429063014
-89.04287542906306
46.15712457093787
-219.04287542906283
-136.442875429062
186.95712457093697
109.75712457093883
-368.04287542906104
-1170.442875429067
-684.6428754290636
-157.64287542906203
-397.6428754290629
-476.4428754290638
-285.2428754290618
-446.84287542905986
-370.04287542906087
-490.8428754290623
-61.44287542906201
338.35712457093746
-20.242875429061186
-81.04287542906366
152.95712457093617
78.75712457093857
124.15712457093716
127.95712457093687
-22.242875429061787
93.55712457093756
226.35712457093842
438.9571245709375
-0.24287542906203896
220.55712457093753
228.15712457093724
240.5571245709385
188.3571245709377
88.35712457093715
-450.2428754290612
-432.0428754290633
141.15712457093792
275.5571245709369
-456.4428754290629
-678.0428754290609
-660.8428754290601
-638.0428754290617
-100.84287542906114
-105.6428754290613
-536.6428754290647
-802.8428754290621
-82.64287542906128
-154.842875429063
-511.6428754290625
-568.8428754290619
-335.24287542906177
-153.84287542906344
-71.84287542906281
-243.8428754290618
-158.84287542906316
24.35712457093863
-404.04287542906303
-84.04287542906188
486.95712457093737
694.3571245709377
-107.44287542906105
159.3571245709391
-65.44287542906243
-4.4428754290615675
-82.24287542906211
-306.4428754290625
-498.24287542906404
-380.0428754290628
-14.242875429061856
95.95712457093774
-254.44287542906034
-44.642875429061355
-184.24287542906225
-586.4428754290624
-169.64287542906186
223.75712457093962
-119.84287542906166
-525.242875429062
78.55712457093942
250.95712457093674
148.75712457093795
-294.6428754290633
-301.6428754290653
-458.24287542906706
-649.0428754290657
-421.84287542906384
-166.8428754290623
71.75712457093843
-24.24287542906218
-122.64287542906276
-96.64287542906169
210.75712457093857
335.55712457093836
536.1571245709354
-150.6428754290642
-231.64287542906382
-310.0428754290639
-77.04287542906374
-139.8428754290628
-209.44287542906153
-78.04287542906097
-93.24287542906194
-48.64287542906369
251.95712457093785
177.75712457093996
-388.4428754290621
-431.64287542906123
-92.64287542906237
-299.04287542906286
-539.4428754290616
-395.6428754290612
258.1571245709377
-114.44287542906324
-311.04287542906303
130.75712457093715
-291.8428754290639
-409.4428754290629
-153.24287542906134
-361.0428754290627
-114.0428754290612
45.357124570937415
90.3571245709375
-340.64287542906175
55.357124570939405
690.75712457094
670.1571245709364
-259.24287542906353
-154.44287542906096
-285.64287542906305
-259.64287542906186
-313.2428754290619
-448.2428754290635
-356.4428754290625
-237.24287542906197
77.15712457093716
36.75712457093509
-186.44287542906554
-21.842875429060935
-155.64287542906246
-326.04287542906206
-721.8428754290629
-801.44287542906
-723.2428754290598
285.5571245709375
-530.4428754290624
-657.6428754290629
-31.442875429062152
-290.842875429062
136.15712457093736
201.557124570938
-251.4428754290627
33.55712457093789
86.55712457093847
-49.042875429062676
-329.44287542906204
-51.04287542906129
329.95712457093686
323.5571245709382
-35.84287542906138
79.15712457093721
-56.64287542906198
6.357124570937021
-328.8428754290631
-644.4428754290618
-390.0428754290635
-15.042875429063656
157.55712457093728
-88.04287542906076
-28.842875429064037
5.157124570937988
70.15712457093797
416.7571245709372
29.557124570938438
46.95712457093625
29.157124570937466
206.35712457093987
-156.04287542906158
-514.2428754290621
-172.84287542906168
-425.242875429061
66.55712457093726
176.95712457093748
101.75712457093846
176.75712457093854
-218.0428754290617
-407.84287542906156
189.35712457093828
487.3571245709372
130.9571245709361
489.7571245709378
143.15712457093838
83.55712457093884
86.9571245709385
-451.6428754290636
-604.6428754290627
-339.64287542906203
-13.242875429062924
66.75712457093728
-474.24287542905984
-417.04287542906366
181.95712457094106
254.95712457093717
-90.44287542906257
271.9571245709384
-1.8428754290613476
68.55712457093854
416.9571245709372
-245.0428754290647
-606.4428754290614
-527.2428754290613
-349.0428754290638
-90.64287542906206
82.15712457093721
-20.44287542906212
59.75712457093851
222.75712457093664
8.357124570936868
-387.24287542906325
465.1571245709352
754.957124570939
98.55712457093787
79.35712457093707
-329.24287542906325
247.957124570938
129.95712457093788
-768.8428754290613
-310.04287542906116
364.95712457093816
185.75712457093655
-103.2428754290629
-217.4428754290639
-332.0428754290632
116.15712457093774
80.15712457093868
-511.2428754290626
-309.6428754290632
-380.04287542906195
173.557124570936
852.957124570936
110.75712457093877
-253.84287542906233
16.557124570937646
-262.04287542906286
-310.2428754290635
152.75712457093795
-10.842875429061813
-10.042875429061958
12.75712457093622
-96.24287542906096
-516.0428754290612
184.95712457093666
623.3571245709372
231.15712457094253
291.75712457093334
-100.84287542906131
127.15712457093863
45.757124570937165
-165.64287542906237
-20.042875429059375
-124.44287542906191
-155.24287542906265
-281.4428754290621
-223.44287542906272
-208.24287542906245
48.5571245709374
-114.64287542906193
-322.6428754290611
-99.4428754290621
-88.64287542906152
629.7571245709364
986.5571245709386
-56.042875429063564
-153.64287542906172
597.1571245709348
541.5571245709359
-225.04287542906178
197.95712457093356
211.15712457093963
87.95712457093802
-269.8428754290621
-226.04287542906192
-659.6428754290614
-163.44287542906193
153.35712457093734
-370.24287542906114
-200.44287542906056
-62.842875429063014
-12.44287542906185
239.75712457093715
146.35712457093837
-54.642875429062784
-376.2428754290617
-369.2428754290633
-345.4428754290623
-140.842875429062
-2.0428754290618762
-297.0428754290635
-391.44287542906295
-67.04287542906252
277.95712457093754
-204.24287542906205
147.3571245709387
657.5571245709373
69.35712457093918
-545.0428754290615
257.75712457093766
502.7571245709392
-243.6428754290607
-59.442875429060656
114.35712457093939
6.3571245709383035
-84.44287542906284
267.757124570938
-32.44287542906189
111.5571245709386
413.75712457093783
-669.0428754290633
-239.24287542906174
130.15712457094017
-18.442875429062084
167.75712457093772
67.7571245709374
145.5571245709387
461.5571245709361
-78.24287542906305
-231.24287542906086
-197.04287542906025
126.75712457093816
-267.44287542906403
-310.6428754290602
-165.64287542906567
-8.04287542906663
11.357124570938915
254.95712457093853
100.35712457093695
104.95712457093698
10.957124570936358
5.357124570937739
-31.04287542906387
-129.84287542906227
225.3571245709384
136.7571245709374
-66.042875429061
109.9571245709376
531.9571245709391
581.3571245709392
450.15712457093673
359.95712457093765
-357.8428754290621
248.75712457093988
595.5571245709401
340.75712457093306
461.3571245709393
57.557124570939344
257.957124570938
448.95712457094004
-264.6428754290623
-289.0428754290613
-169.64287542906146
25.55712457093645
77.15712457093785
79.1571245709381
-173.44287542906216
-17.842875429060413
605.1571245709373
530.9571245709376
64.55712457093648
152.5571245709371
663.7571245709389
380.15712457093696
138.15712457093815
-135.84287542906236
-182.64287542906317
-30.242875429062217
-142.8428754290643
-153.0428754290632
64.35712457093783
46.35712457093757
156.5571245709374
-57.642875429062556
-213.6428754290618
3.7571245709382737
124.55712457093749
12.557124570938793
212.95712457093887
347.9571245709384
243.9571245709368
126.35712457093908
-495.4428754290618
-565.2428754290595
-282.24287542906234
56.9571245709379
336.9571245709362
-31.84287542906296
-205.84287542906247
-206.84287542906145
24.757124570937993
150.5571245709378
-210.84287542906284
-245.24287542906376
20.557124570936864
231.15712457093764
-244.442875429063
-704.2428754290632
-268.842875429062
-255.24287542906208
-239.04287542906303
-189.04287542906206
-161.24287542906126
-145.44287542906227
-14.642875429062528
-263.6428754290617
-526.8428754290616
-101.64287542906135
-83.44287542906224
-183.04287542906167
-210.64287542906166
199.1571245709383
242.55712457093782
403.55712457093546
-115.24287542906004
-392.842875429062
-651.0428754290612
-7.442875429059642
148.5571245709391
-382.84287542906196
-569.242875429061
-541.4428754290611
-198.8428754290602
101.3571245709378
-60.84287542906373
-207.84287542906156
-196.84287542906122
-232.04287542906116
-707.2428754290638
-646.0428754290597
273.55712457093773
291.3571245709387
162.35712457093712
321.95712457093805
35.95712457093739
260.55712457093796
130.15712457093784
-277.84287542906475
-619.8428754290604
-269.6428754290624
-278.64287542906095
-416.44287542906346
-376.04287542906326
11.35712457093818
-58.442875429062326
-57.0428754290626
-565.0428754290605
-405.2428754290638
-516.242875429061
-597.6428754290623
-400.64287542906226
-445.84287542906185
-474.4428754290627
-446.24287542906376
-156.4428754290631
-121.6428754290612
281.9571245709382
-49.84287542906329
164.75712457093823
-314.64287542906226
-755.2428754290609
-228.24287542906185
616.1571245709414
613.1571245709382
151.75712457093746
160.15712457093818
-120.2428754290627
353.15712457093923
235.35712457093652
-170.44287542906312
-376.0428754290628
-209.24287542906154
-244.24287542906222
-190.44287542906295
-38.44287542906174
83.35712457093824
-412.44287542906227
-379.4428754290599
-798.0428754290631
-475.2428754290611
-86.84287542906148
-485.0428754290622
-174.64287542906166
-124.44287542906218
-166.64287542906348
-197.6428754290619
-169.24287542906282
-387.0428754290612
16.157124570937107
-518.0428754290608
-217.6428754290619
-114.64287542906284
-268.84287542906213
-249.44287542906233
395.95712457093464
758.3571245709393
153.7571245709366
-294.4428754290622
-472.2428754290629
-50.04287542906239
-205.44287542906324
-57.242875429062835
-167.64287542906334
-284.0428754290593
-15.042875429064985
649.9571245709396
-7.0428754290627325
-199.44287542906423
5.757124570937819
-142.44287542906318
-490.24287542906256
-495.2428754290627
-469.6428754290616
-587.4428754290605
-406.04287542906155
-49.44287542906402
-71.64287542906095
89.75712457093952
243.15712457093838
-127.04287542906283
-370.242875429062
-959.2428754290651
-475.24287542906166
-125.84287542906091
-168.0428754290655
127.95712457093886
164.95712457093765
129.35712457093823
-33.24287542906184
108.95712457093842
254.7571245709412
10.157124570937327
-430.64287542906135
-418.4428754290672
-314.842875429062
-448.6428754290626
-7.0428754290619295
358.5571245709355
210.55712457093836
-263.842875429063
-279.4428754290616
-13.84287542906166
-212.64287542906416
-196.44287542906395
-189.44287542906244
-127.84287542906195
-461.8428754290623
-73.44287542906244
-15.642875429061583
104.35712457093771
333.5571245709381
17.75712457093723
41.15712457093834
-124.24287542906225
62.957124570936934
105.15712457093824
-142.84287542906037
210.75712457093815
-130.44287542906227
-397.6428754290622
-224.6428754290624
-156.6428754290616
-158.24287542906222
-91.84287542906222
-437.04287542906496
-275.842875429061
-277.64287542906476
-378.2428754290613
-168.2428754290633
16.357124570937486
123.95712457093742
-171.24287542906373
-448.84287542906225
-158.44287542906235
-151.64287542906266
93.15712457093703
376.7571245709372
-14.04287542906183
-403.8428754290619
-3.8428754290611664
-40.642875429064105
31.957124570937424
170.9571245709383
99.95712457093754
318.55712457093915
16.35712457093714
150.95712457093836
-57.24287542906211
-304.8428754290624
11.757124570938508
-478.2428754290621
-427.04287542906246
-128.44287542906244
-30.242875429061456
-50.44287542905985
-12.842875429062452
-378.4428754290651
-699.4428754290675
-316.842875429062
-318.24287542906285
-295.4428754290592
-201.2428754290599
-27.042875429062384
-27.642875429061466
-82.64287542906143
104.9571245709383
172.3571245709386
9.757124570939276
-330.44287542906125
-491.24287542905955
-551.242875429064
-277.24287542906217
81.15712457093716
-183.04287542906283
-170.6428754290628
-252.44287542906065
-125.24287542906225
-380.6428754290646
-296.2428754290622
-407.8428754290615
-145.64287542906368
-61.04287542906261
-536.4428754290639
-391.84287542906185
47.95712457093754
-144.4428754290612
-56.042875429063216
90.55712457093767
-420.64287542906055
-789.6428754290615
-310.2428754290617
-401.6428754290629
-332.8428754290633
-279.4428754290617
-402.84287542906196
-330.2428754290626
-8.242875429061407
-3.842875429061917
1.7571245709377186
-551.0428754290622
-738.4428754290583
-518.8428754290618
-748.6428754290656
-429.042875429062
84.9571245709384
-396.4428754290633
-498.24287542906126
-600.0428754290605
-309.04287542906314
-173.04287542906187
-384.6428754290626
-279.84287542906407
-191.24287542906245
-284.4428754290617
-482.04287542905985
-74.24287542906188
143.35712457093626
-485.44287542906466
-314.2428754290604
-118.84287542906242
-776.4428754290597
-765.8428754290653
-197.24287542906174
-190.44287542906224
-136.64287542906254
-157.84287542906188
-312.8428754290626
-527.0428754290652
-392.2428754290606
-442.6428754290624
-357.2428754290634
-608.8428754290602
-217.24287542906296
245.95712457094058
-245.64287542906217
-296.2428754290625
-176.64287542906217
-377.2428754290606
-638.2428754290632
-784.4428754290597
-535.2428754290622
-151.24287542906256
-127.64287542906324
-407.04287542906275
-401.2428754290638
-190.4428754290634
-523.642875429063
-297.6428754290624
15.957124570938248
-452.84287542905986
-295.2428754290617
-14.242875429062863
-323.8428754290634
-160.44287542906312
32.15712457093642
354.1571245709386
321.75712457093783
173.75712457093795
-17.842875429061152
-624.2428754290594
-716.6428754290591
-736.2428754290651
-612.0428754290662
-574.2428754290627
-349.8428754290628
-36.84287542906134
-460.24287542906313
-499.2428754290626
-337.0428754290621
-137.64287542906396
-252.84287542906208
-664.6428754290625
-636.2428754290622
-401.442875429062
-562.642875429061
-683.8428754290625
-470.84287542906594
-365.0428754290639
-562.2428754290623
-636.4428754290616
-142.24287542906148
-164.64287542906138
-181.24287542906214
-106.24287542906242
114.1571245709398
485.357124570938
-760.6428754290702
-987.2428754290657
-750.0428754290633
-538.8428754290658
-622.2428754290654
-633.6428754290655
-495.84287542906395
-222.64287542906342
-424.84287542906543
-375.84287542906264
77.15712457093802
29.35712457093662
-266.4428754290617
-56.042875429060885
-76.44287542906177
-273.24287542906416
-621.8428754290649
-608.442875429062
-773.0428754290651
-766.4428754290649
-645.0428754290639
-699.8428754290649
-508.44287542906625
-387.44287542906284
-491.6428754290623
-1025.4428754290573
-968.2428754290634
-811.2428754290631
-495.04287542906155
-217.64287542905868
-337.4428754290623
-978.2428754290554
-496.04287542906724
-1115.64287542907
-1218.2428754290659
-875.0428754290656
-831.242875429064
-738.4428754290639
-640.4428754290608
-399.6428754290619
-404.8428754290653
-562.0428754290635
-192.44287542906133
-251.24287542906112
-334.2428754290639
-238.04287542906175
-263.6428754290599
-46.24287542906229
31.957124570938475
190.55712457093802
68.15712457093717
-40.8428754290624
161.757124570939
-180.04287542906133
-414.84287542906316
-168.44287542906267
-209.84287542906006
-834.0428754290627
-637.6428754290586
-392.0428754290616
-388.4428754290612
-114.84287542906294
-303.0428754290628
-530.0428754290601
-92.04287542906042
-558.0428754290606
-680.0428754290615
-548.2428754290615
-282.6428754290618
-271.2428754290623
-396.64287542906
-238.04287542906195
-346.04287542906326
-460.0428754290631
-238.8428754290643
-505.6428754290625
-520.442875429061
-314.24287542906154
-54.64287542906311
218.75712457093852
324.15712457093775
816.7571245709395
528.3571245709389
321.9571245709373
412.7571245709391
139.75712457093704
-17.442875429062056
96.75712457093857
66.7571245709374
-295.8428754290633
-307.6428754290613
-428.2428754290636
-282.8428754290637
-235.24287542906325
-375.64287542906266
-182.64287542906183
617.7571245709381
10.957124570938404
-19.042875429062086
128.5571245709375
-130.84287542906344
-124.64287542906257
-284.8428754290626
-223.8428754290619
-330.44287542906125
-793.442875429065
-509.2428754290623
-249.04287542906212
-329.24287542906245
-157.4428754290618
23.15712457093749
15.757124570937954
197.1571245709379
739.5571245709383
507.35712457093825
409.7571245709372
206.15712457093764
-65.64287542906345
-224.042875429062
-109.64287542906244
-40.84287542906269
89.75712457093817
101.15712457093736
-174.2428754290637
271.157124570939
219.95712457093802
-181.6428754290631
-19.442875429063243
347.15712457093827
10.157124570937341
-56.84287542906089
101.3571245709371
-465.64287542906084
-460.04287542906417
-362.64287542906226
-38.442875429062724
113.95712457093857
-281.4428754290618
-369.6428754290625
-41.842875429061344
115.95712457093812
19.557124570938072
-246.84287542906318
-261.64287542906305
127.15712457093892
378.1571245709392
53.35712457093842
153.7571245709371
18.557124570937646
-27.242875429062405
-154.2428754290625
-430.84287542906156
-270.84287542906117
175.15712457093738
-120.4428754290619
-479.24287542906376
53.75712457093799
191.55712457093705
-46.842875429060506
-52.84287542906199
-287.64287542906067
-382.8428754290613
-388.4428754290615
-59.04287542906314
-333.6428754290623
-605.0428754290614
-212.24287542906282
-164.64287542906132
152.9571245709399
-114.04287542906236
-278.8428754290626
-390.04287542906224
-231.84287542906088
375.15712457093736
117.95712457093722
-190.84287542906185
58.75712457093652
-94.24287542906296
-481.04287542906184
-319.04287542906286
-134.6428754290626
29.357124570938467
-289.042875429062
-265.4428754290623
-64.04287542906182
145.75712457093817
216.9571245709377
-337.8428754290632
-259.6428754290636
103.9571245709368
71.55712457093806
195.5571245709366
361.15712457093736
107.95712457093782
-86.44287542906198
49.557124570938505
-120.64287542906244
-435.64287542906095
-305.84287542906327
-505.44287542906255
-299.0428754290627
-127.84287542906276
88.35712457093697
89.35712457093807
-34.84287542906311
-53.242875429063254
-81.24287542906222
-632.8428754290616
-185.242875429062
115.35712457093598
-114.24287542906215
-145.6428754290616
-126.04287542906296
-11.242875429060959
32.95712457093736
132.15712457094037
254.75712457093775
154.55712457093682
360.55712457093597
97.157124570939
241.5571245709379
185.3571245709375
-19.642875429062077
80.75712457093908
162.35712457093845
-195.64287542906135
-122.04287542905736
-132.44287542906292
-225.2428754290625
101.7571245709389
-318.64287542906214
-937.2428754290629
-499.6428754290638
-194.84287542906225
39.957124570938504
-172.24287542906296
-283.24287542906234
-373.64287542906413
-448.64287542906163
-889.4428754290607
-561.4428754290609
-258.4428754290628
-414.64287542906413
-271.242875429062
-176.64287542906118
173.75712457093792
549.7571245709398
40.75712457093868
228.95712457093774
84.55712457093591
369.7571245709367
97.75712457093367
457.757124570937
135.7571245709387
-191.84287542906338
299.75712457093755
-204.04287542906093
-439.642875429061
4.357124570937941
-175.8428754290623
-174.44287542906366
309.3571245709374
-55.64287542906168
-398.24287542906205
-195.8428754290595
-263.0428754290632
-35.442875429062795
-903.8428754290674
-956.2428754290646
-444.042875429063
-496.2428754290639
-518.6428754290611
-405.04287542906314
-192.0428754290626
-262.2428754290635
-396.4428754290617
173.55712457093918
637.7571245709388
297.55712457093694
178.75712457093704
207.95712457093668
181.15712457093835
506.7571245709363
338.15712457093866
508.1571245709367
265.7571245709372
-48.842875429062836
490.75712457093766
121.5571245709387
-8.04287542906238
90.15712457093741
-55.24287542906222
-106.2428754290615
-96.4428754290636
-343.84287542906185
-157.84287542906128
270.7571245709389
233.157124570938
-252.24287542906382
-1004.0428754290585
-692.842875429061
-327.84287542906253
-428.64287542906334
-316.64287542906305
-56.64287542906115
-137.84287542906236
-112.2428754290632
-183.24287542906166
255.5571245709372
659.1571245709399
184.55712457093847
201.15712457093827
511.7571245709371
505.5571245709374
649.1571245709383
517.757124570938
222.75712457093778
246.35712457093797
336.9571245709383
531.3571245709379
-229.24287542906285
37.15712457093841
279.75712457093846
397.7571245709368
205.15712457093753
114.55712457093883
-413.24287542906313
-373.84287542906253
282.1571245709382
537.9571245709384
-246.6428754290634
-544.0428754290623
-605.4428754290611
-591.0428754290634
21.35712457093794
129.15712457093684
-228.24287542905958
-502.44287542906164
303.15712457093855
270.557124570938
-49.4428754290624
-143.842875429063
-6.0428754290616755
173.15712457093764
126.95712457093697
-40.44287542906221
210.5571245709375
506.35712457093916
-3.2428754290606125
15.157124570936524
557.7571245709377
887.5571245709348
-196.242875429063
85.35712457093781
178.95712457093828
296.15712457093906
98.15712457093807
-26.44287542906227
-172.64287542906212
-141.44287542906346
349.757124570938
592.7571245709357
-116.64287542906233
-122.84287542906337
-183.84287542906355
-559.8428754290621
15.15712457093802
602.7571245709381
295.7571245709362
-126.64287542906249
572.1571245709367
681.1571245709396
515.9571245709394
58.957124570938085
-0.04287542906152453
-188.44287542906437
-594.4428754290662
-431.24287542906364
-94.64287542906158
203.5571245709394
53.75712457093775
-288.8428754290626
-183.0428754290625
369.3571245709373
208.95712457093828
403.7571245709369
-12.642875429062496
32.35712457093723
-93.64287542906382
189.55712457093776
168.9571245709384
-47.04287542906154
330.15712457093883
439.5571245709376
68.9571245709367
277.55712457093784
409.5571245709388
-228.64287542906152
-102.04287542906084
374.157124570937
57.557124570938164
-270.8428754290625
-112.04287542906255
297.9571245709372
-147.24287542906364
-98.04287542906327
391.95712457093845
-196.44287542906264
-420.44287542906477
-203.44287542906306
-443.64287542906186
-265.0428754290624
-195.04287542906184
-316.64287542906004
-626.2428754290629
-18.842875429061998
686.1571245709359
653.157124570938
-109.24287542906254
99.95712457093711
-227.44287542906585
-324.4428754290625
-305.6428754290619
-307.44287542906295
13.957124570937447
116.15712457093883
246.7571245709387
191.35712457093916
53.15712457093703
196.5571245709379
85.15712457093726
-55.44287542906366
-429.0428754290624
-614.0428754290622
-589.8428754290625
273.3571245709376
-766.6428754290633
-729.042875429063
78.15712457093642
-245.84287542906054
9.75712457093913
-99.84287542906205
-502.64287542906277
-230.04287542906258
-267.6428754290641
-488.64287542906294
-610.8428754290625
-175.84287542906273
460.3571245709389
351.95712457094004
-8.442875429061363
234.35712457094053
-137.04287542906343
-224.84287542906307
-379.44287542906324
-552.0428754290618
-124.44287542906333
170.35712457093723
192.75712457093783
9.957124570937925
8.957124570935816
-64.84287542906316
118.15712457093791
479.15712457093724
182.55712457093773
252.7571245709367
176.75712457093903
319.5571245709389
-325.2428754290645
-669.2428754290665
-101.0428754290617
-381.64287542906254
-60.242875429063275
-141.04287542906314
-200.44287542906164
-153.64287542906283
-512.2428754290617
-756.6428754290631
-52.642875429062045
453.9571245709399
182.15712457093858
349.55712457093824
68.95712457093774
111.15712457093849
-35.64287542906185
-437.8428754290622
-472.24287542906296
-393.6428754290628
64.55712457093915
203.15712457093923
-526.442875429065
-573.8428754290645
-4.042875429061372
-64.6428754290611
-125.84287542906264
354.95712457093794
210.3571245709366
290.95712457093924
456.5571245709378
-162.44287542906432
-497.6428754290616
-487.4428754290631
-344.24287542906296
-192.64287542906166
-110.64287542906234
-227.44287542906247
-79.2428754290627
20.55712457094009
-143.04287542906198
-542.2428754290637
251.1571245709363
774.9571245709408
186.75712457093783
-5.842875429063163
-442.4428754290633
186.7571245709384
109.15712457093896
-632.6428754290627
-258.64287542906163
268.1571245709365
61.55712457093836
-143.04287542906172
-236.84287542906267
-450.4428754290605
61.95712457093639
37.757124570938885
-336.64287542906345
29.957124570937484
62.35712457093788
466.75712457093726
952.1571245709398
306.7571245709369
-91.04287542906218
-10.042875429061986
-356.4428754290633
-417.8428754290614
-0.44287542906029387
0.357124570937259
84.55712457093895
-14.642875429061
-164.242875429061
-649.642875429064
-27.04287542906163
574.3571245709393
369.3571245709396
258.157124570936
-279.44287542906164
-41.84287542906224
-22.442875429061957
-241.64287542906146
-135.0428754290612
-165.64287542906143
-210.04287542906076
-330.2428754290635
-214.04287542906312
-116.24287542906194
314.3571245709386
214.75712457093428
58.757124570937165
398.1571245709387
529.7571245709362
1157.1571245709358
1309.9571245709415
262.7571245709374
6.95712457093688
617.957124570936
564.7571245709346
-273.8428754290626
160.7571245709384
265.5571245709375
281.35712457093763
-89.8428754290619
-229.24287542906157
-817.0428754290627
-288.64287542906294
217.55712457093742
-221.6428754290624
-253.24287542906134
-170.44287542906477
-94.44287542906333
103.55712457093676
-219.24287542906183
-227.6428754290614
-386.2428754290618
-513.2428754290623
-500.84287542906225
-233.64287542906337
-0.8428754290629357
-163.2428754290629
12.557124570937649
475.75712457093744
982.3571245709379
641.1571245709393
942.7571245709343
1233.3571245709393
491.75712457093886
-345.8428754290621
477.3571245709386
748.7571245709372
-301.84287542906293
-114.64287542906206
125.55712457093847
140.15712457093795
73.757124570938
292.7571245709378
-193.84287542906188
-69.84287542906293
455.15712457093866
-539.2428754290621
-375.64287542906203
-213.04287542906232
-227.2428754290615
-67.84287542906195
-423.24287542906217
-80.64287542906007
484.1571245709377
-268.24287542906416
-448.6428754290609
-236.64287542906214
156.75712457093803
-118.04287542906343
116.35712457093932
564.5571245709381
778.7571245709387
801.757124570938
991.3571245709353
669.5571245709385
511.15712457093866
255.75712457093795
338.1571245709399
248.3571245709374
-189.8428754290619
83.15712457093737
67.75712457093728
-45.24287542906297
118.75712457093937
486.7571245709363
392.75712457093766
158.3571245709365
252.95712457093833
-303.24287542906336
33.55712457093755
128.7571245709372
-58.64287542906228
60.357124570937316
-349.44287542906346
41.35712457093815
461.5571245709351
-278.0428754290605
-263.64287542906305
-30.642875429063068
323.9571245709373
344.1571245709399
505.55712457093864
515.7571245709398
595.5571245709384
1156.3571245709372
1053.9571245709365
486.1571245709393
452.15712457093787
841.1571245709397
668.7571245709366
352.7571245709393
-242.64287542906365
-344.2428754290596
-146.2428754290622
-176.84287542906353
-98.84287542906122
103.1571245709376
-58.24287542906224
-143.44287542906295
-130.04287542906164
-373.2428754290629
-314.44287542906176
-274.04287542906303
-339.44287542906085
-126.64287542906244
135.1571245709377
113.1571245709356
200.5571245709378
-272.8428754290623
-294.2428754290636
45.357124570938645
455.9571245709393
754.9571245709401
479.7571245709387
458.35712457093626
307.95712457093913
468.15712457093815
474.95712457093646
155.7571245709375
69.5571245709376
120.95712457093808
333.95712457093884
-86.44287542906095
-669.0428754290633
-374.442875429062
-298.0428754290614
-182.04287542906195
-176.44287542906244
-146.042875429063
-317.04287542906155
-318.04287542906206
-349.0428754290614
-664.442875429063
-422.6428754290632
-365.6428754290633
-444.64287542906226
-576.2428754290615
-97.24287542906278
162.95712457093597
488.75712457094403
136.15712457093701
-31.642875429063515
-263.64287542906294
381.5571245709393
564.7571245709412
70.95712457093967
1.5571245709375456
-37.64287542906323
141.95712457093748
355.1571245709382
332.55712457093836
181.7571245709374
-7.842875429062772
-173.4428754290619
-709.2428754290609
-772.6428754290637
149.55712457093813
403.55712457093944
278.5571245709379
220.35712457093848
-125.0428754290621
8.157124570938606
-129.442875429063
-291.8428754290613
-715.6428754290617
-417.042875429065
-365.6428754290635
-561.2428754290614
-696.6428754290633
-355.242875429063
-158.8428754290609
64.95712457093575
-240.64287542906266
7.3571245709393835
-138.84287542906242
-168.04287542906312
112.95712457093825
7.357124570939618
31.75712457093899
20.557124570938576
283.35712457093763
363.7571245709374
821.3571245709361
367.1571245709386
456.35712457093774
-131.0428754290615
-636.2428754290632
-312.2428754290637
649.3571245709406
872.5571245709344
361.9571245709385
258.95712457093595
-216.04287542906098
219.95712457093788
157.35712457093777
-82.64287542906318
-360.04287542906224
-143.6428754290628
-277.042875429061
-269.8428754290623
-236.24287542906174
-224.24287542906265
-457.44287542906216
-209.44287542906346
-376.8428754290633
-63.64287542906216
300.5571245709385
-8.042875429061734
317.15712457093815
344.15712457093616
243.7571245709383
233.15712457093787
399.9571245709397
203.7571245709386
598.5571245709374
49.55712457093999
227.15712457093903
100.35712457093683
-167.84287542906193
-302.242875429062
438.7571245709369
1055.957124570938
424.5571245709372
-77.0428754290628
-346.24287542906256
-47.24287542906191
-310.6428754290632
-13.242875429062824
33.757124570937805
-3.4428754290626173
195.9571245709378
603.9571245709379
-107.04287542906269
-197.64287542906246
230.7571245709394
224.35712457093823
-45.842875429061436
-11.842875429063017
84.95712457093765
5.1571245709384
134.15712457093605
420.5571245709382
287.95712457093776
530.7571245709381
810.7571245709416
340.75712457093715
144.1571245709364
-347.44287542906306
108.95712457093964
219.95712457093973
-24.64287542906215
81.75712457093952
204.35712457093928
415.95712457093674
137.157124570938
139.15712457093775
287.5571245709398
-64.84287542906192
-540.4428754290632
-368.24287542906245
14.957124570937328
2.7571245709377266
416.55712457093637
577.5571245709366
337.15712457093707
71.95712457093802
252.55712457093813
478.1571245709372
205.75712457093715
262.35712457093956
302.35712457093865
394.5571245709385
75.55712457093725
369.757124570939
272.5571245709372
450.5571245709392
658.1571245709385
360.1571245709375
530.3571245709373
442.75712457093783
565.3571245709386
452.7571245709383
45.357124570937
211.55712457093856
67.9571245709374
-4.242875429061854
7.357124570937536
-144.64287542906183
-245.64287542906283
-242.24287542906407
-519.6428754290633
-298.2428754290617
94.95712457093788
70.95712457093884
230.1571245709378
349.9571245709392
361.95712457093714
265.9571245709386
92.55712457093789
376.75712457093647
256.75712457093715
390.9571245709367
687.9571245709387
351.9571245709384
-17.642875429063505
377.5571245709394
242.75712457093755
266.75712457093766
419.15712457093804
520.1571245709381
920.1571245709379
610.9571245709371
755.7571245709373
351.35712457093854
-38.24287542906191
115.75712457093812
-246.24287542906282
-51.04287542906278
103.95712457093798
61.95712457093788
26.75712457093781
43.15712457093727
-335.24287542906234
-618.4428754290643
-7.442875429062241
16.35712457093958
35.75712457093799
259.1571245709381
348.55712457093875
280.95712457093924
294.75712457093744
609.7571245709387
620.3571245709442
346.7571245709358
33.15712457093798
-152.04287542906187
-292.8428754290631
-98.2428754290624
247.7571245709404
33.95712457093747
147.95712457093836
199.1571245709389
481.357124570938
130.15712457093733
135.55712457093796
-8.24287542906211
151.7571245709371
102.35712457093825
-365.842875429063
-74.04287542906152
318.7571245709396
106.15712457093719
205.95712457093748
335.5571245709381
-168.84287542906205
-503.6428754290626
3.557124570938047
-104.84287542906199
-51.842875429061515
112.15712457093744
-42.64287542906336
-176.64287542906243
234.35712457093572
430.5571245709388
388.1571245709375
-240.84287542906216
-423.04287542906405
-261.2428754290622
-567.642875429062
-447.642875429061
112.95712457093829
-206.0428754290633
-224.2428754290624
-125.04287542906185
253.9571245709365
227.55712457093802
-132.24287542906225
133.75712457093798
181.5571245709368
59.357124570937756
-135.0428754290625
322.157124570939
490.957124570942
-31.242875429062615
26.157124570937718
160.55712457093486
-528.0428754290624
-474.8428754290632
72.35712457093841
41.757124570940064
9.957124570938163
84.35712457093928
-21.64287542906218
-352.04287542906116
-57.64287542906237
41.15712457093808
8.957124570938056
-322.04287542906127
44.55712457093958
462.7571245709377
-115.04287542906064
-318.4428754290633
-44.242875429063304
-5.042875429061674
-168.24287542906274
-160.04287542906118
86.55712457093816
375.7571245709377
196.7571245709368
-64.04287542906084
-1.4428754290618109
292.95712457094004
-70.84287542906111
246.95712457093953
523.5571245709386
3.5571245709377948
32.357124570937486
252.55712457093742
-146.64287542906132
-15.042875429063002
270.35712457093683
655.9571245709359
653.7571245709395
598.3571245709387
461.7571245709377
-131.24287542906063
-25.042875429064477
79.35712457093888
-41.04287542906333
-120.64287542906187
100.55712457093892
391.35712457094087
-53.64287542906126
-131.24287542906316
75.75712457093672
493.35712457093746
581.7571245709389
255.55712457093858
244.35712457093928
373.9571245709406
79.15712457093733
-130.84287542906284
221.75712457093806
432.5571245709409
154.1571245709381
161.75712457093834
633.1571245709366
448.3571245709384
256.15712457093815
295.5571245709382
457.5571245709362
769.1571245709388
