-232.84287542905767
257.3571245709439
-559.0428754290651
11.557124570936857
205.157124570942
-26.242875429060774
-2.042875429061951
186.7571245709382
367.9571245709401
-450.04287542906184
-10.242875429060511
514.7571245709308
185.9571245709381
-334.64287542906175
-451.04287542905973
-797.8428754290616
-985.6428754290773
-1543.2428754290486
-605.6428754290647
-1275.0428754290701
-683.0428754290622
489.55712457093585
533.557124570938
283.35712457093575
-380.04287542906
-149.24287542906742
-636.8428754290604
263.5571245709395
148.357124570939
418.9571245709434
946.1571245709409
440.95712457094453
-982.6428754290522
1.157124570936375
-903.242875429069
-661.8428754290575
-352.84287542906463
473.7571245709362
241.35712457093737
123.15712457093869
542.157124570937
101.55712457094629
-933.8428754290615
220.75712457093852
758.9571245709345
956.1571245709388
19.55712457093931
-329.64287542906277
396.75712457093476
158.1571245709426
282.1571245709383
124.75712457093854
695.3571245709367
1620.9571245709135
108.55712457093756
-570.2428754290593
-690.0428754290635
156.15712457093684
-67.6428754290628
890.55712457094
923.9571245709386
214.35712457094027
1064.9571245709344
627.7571245709331
347.55712457093955
-749.6428754290586
-673.6428754290652
-647.6428754290556
-785.842875429059
1095.9571245709333
1026.5571245709416
-465.0428754290624
193.75712457093786
181.75712457094062
-457.4428754290611
421.75712457093306
-289.0428754290625
750.3571245709408
461.5571245709322
668.5571245709415
849.5571245709407
-370.6428754290655
549.1571245709399
435.757124570936
941.7571245709465
864.5571245709389
-1075.8428754290624
-507.64287542906044
-780.8428754290525
-410.84287542905815
-706.2428754290677
108.75712457093857
189.35712457093797
-279.0428754290601
62.95712457093762
-150.84287542906273
301.3571245709369
745.3571245709362
6.5571245709406085
520.9571245709423
420.55712457093966
742.3571245709345
1101.5571245709364
-314.4428754290633
-475.24287542906393
-221.04287542906363
-584.4428754290702
-142.64287542905777
-222.64287542905757
519.9571245709448
662.1571245709422
976.5571245709384
479.5571245709405
-357.44287542905755
437.357124570941
475.15712457094384
1151.7571245709398
452.7571245709375
-1159.2428754290695
-1144.8428754290521
-869.4428754290685
-257.04287542906206
250.75712457093908
193.35712457094172
-713.0428754290625
306.9571245709341
664.5571245709332
-218.84287542906986
220.35712457094067
874.357124570922
-173.04287542905854
-512.4428754290662
775.3571245709361
191.35712457093663
308.15712457093974
132.7571245709408
-40.44287542905472
-44.24287542906203
992.1571245709372
292.7571245709448
139.95712457094055
1418.7571245709332
923.7571245709397
210.75712457094383
811.5571245709384
624.357124570936
185.9571245709357
348.957124570938
1204.5571245709368
394.75712457093636
-272.84287542906
121.95712457093705
-44.64287542906108
-7.442875429059139
1632.5571245709405
-266.6428754290642
-1760.642875429084
699.7571245709393
1341.1571245709376
812.5571245709374
405.75712457094016
-987.6428754290584
-1460.6428754290646
-1646.2428754290586
416.95712457093504
-7.6428754290625704
-330.2428754290594
777.7571245709443
-233.44287542906162
1.3571245709405808
833.7571245709436
263.5571245709406
-1085.2428754290588
-151.04287542906084
1390.5571245709152
971.9571245709327
925.3571245709423
1071.7571245709296
-83.04287542905797
-614.6428754290581
246.75712457094056
637.1571245709339
512.3571245709409
-246.64287542906237
195.35712457093192
131.75712457093994
797.5571245709392
30.357124570939447
-1310.6428754290546
-719.8428754290638
646.3571245709256
803.5571245709422
783.9571245709371
123.15712457093892
140.95712457094083
-62.2428754290637
184.7571245709405
-311.0428754290598
-579.8428754290599
466.35712457093894
-532.0428754290679
-261.84287542906054
694.9571245709419
601.7571245709388
1150.1571245709447
896.1571245709355
388.7571245709367
976.3571245709286
201.95712457093546
756.7571245709537
708.5571245709276
-404.4428754290556
539.7571245709405
956.5571245709444
445.55712457094717
405.3571245709415
421.35712457094047
118.35712457094002
92.55712457093645
444.1571245709388
-845.0428754290597
-184.44287542906
84.75712457093796
-10.442875429063356
416.1571245709373
-67.44287542906075
-405.04287542906155
201.9571245709401
-280.44287542906875
-948.0428754290566
524.9571245709373
690.7571245709369
-1454.0428754290597
-480.64287542906624
883.5571245709373
1655.9571245709305
1468.1571245709463
742.5571245709496
191.55712457094867
327.1571245709417
181.95712457093813
470.95712457093816
460.9571245709483
-836.6428754290598
-30.842875429052185
787.9571245709225
361.9571245709388
1051.7571245709432
-432.04287542906155
11.15712457093926
58.757124570945535
1190.157124570939
-526.2428754290593
556.9571245709363
-106.44287542906005
-1319.2428754290631
483.9571245709391
-30.042875429060516
-687.2428754290678
513.3571245709383
-563.2428754290535
-813.6428754290649
1067.957124570938
1017.3571245709458
396.35712457094036
-265.44287542906244
-141.64287542905961
1564.9571245709406
-96.6428754290655
-79.84287542906624
703.5571245709314
538.9571245709437
658.3571245709298
741.757124570942
1144.9571245709321
499.7571245709368
-970.442875429065
887.557124570938
1235.9571245709476
752.3571245709418
64.15712457093913
305.9571245709396
187.9571245709407
945.3571245709393
40.757124570937066
298.55712457093495
-200.4428754290648
-1195.0428754290685
102.7571245709405
761.7571245709415
289.5571245709393
635.7571245709448
-34.04287542906519
-81.04287542906044
132.15712457093872
206.75712457093778
750.3571245709373
385.9571245709475
258.1571245709408
1014.5571245709476
173.15712457093855
1208.1571245709351
1167.157124570934
314.55712457093654
281.557124570938
820.1571245709349
523.5571245709415
271.55712457093404
-1248.4428754290643
832.3571245709395
1646.1571245709542
914.3571245709408
357.95712457093737
1548.3571245709463
1038.3571245709438
605.357124570934
-25.04287542906381
-1030.8428754290667
-482.4428754290602
-666.8428754290609
-556.6428754290629
-56.84287542905618
58.15712457093905
207.75712457093803
453.75712457094187
373.9571245709374
794.3571245709518
348.5571245709386
-521.6428754290487
580.3571245709402
1132.9571245709262
409.5571245709423
898.1571245709432
422.3571245709369
-515.0428754290587
791.9571245709516
474.3571245709396
149.35712457094147
-562.4428754290645
826.5571245709298
272.9571245709428
787.5571245709383
-118.44287542906446
-18.44287542906097
268.75712457093977
948.5571245709307
398.75712457093994
66.75712457093708
381.3571245709372
-905.2428754290547
-170.44287542905897
233.15712457093923
274.7571245709405
-752.4428754290656
-225.8428754290627
-453.842875429052
41.55712457093537
85.15712457093677
40.15712457093812
-246.84287542905943
-363.0428754290644
502.1571245709374
63.957124570935775
-307.8428754290558
1059.757124570939
895.9571245709296
-461.8428754290623
751.7571245709366
808.5571245709451
658.7571245709369
-105.24287542906306
1517.5571245709239
1117.7571245709246
1991.5571245709211
474.75712457094085
434.7571245709426
425.15712457094173
-429.4428754290536
-578.4428754290667
60.957124570939385
370.7571245709423
11.157124570937661
-348.4428754290576
-1345.2428754290706
-918.6428754290655
-291.44287542906306
604.7571245709388
-155.04287542905791
412.55712457094023
-246.24287542905347
693.1571245709383
667.3571245709323
430.75712457094284
144.1571245709345
-823.8428754290586
155.95712457093816
961.7571245709291
742.5571245709318
-648.0428754290664
-38.04287542906196
345.35712457094786
304.3571245709424
-74.24287542906237
13.157124570939416
1667.9571245709258
1845.7571245709528
403.557124570947
844.5571245709497
304.35712457093416
151.15712457093622
347.5571245709472
-173.64287542906297
-10.442875429059832
145.35712457093712
220.75712457093906
-1219.6428754290678
-8.442875429059647
998.1571245709342
1437.1571245709335
-314.44287542906
339.7571245709419
-294.84287542906344
226.95712457093737
145.35712457094087
-188.2428754290615
-1057.8428754290615
-721.842875429053
503.357124570936
182.35712457093496
-823.642875429072
625.5571245709364
405.7571245709356
-502.44287542905937
-821.8428754290555
-1156.8428754290737
-860.2428754290701
2347.7571245709464
1010.5571245709436
-514.2428754290573
830.9571245709337
-55.04287542906191
693.7571245709373
1437.9571245709333
-192.24287542906694
170.1571245709417
972.9571245709393
226.95712457094274
-847.2428754290686
-189.64287542906217
140.35712457093533
679.7571245709421
-409.24287542906154
299.55712457093557
161.55712457094018
810.1571245709412
80.75712457094073
-557.8428754290643
-1272.442875429058
-111.04287542905966
910.1571245709456
-292.8428754290606
-878.0428754290525
408.9571245709416
169.95712457093867
83.55712457093765
-430.8428754290563
-472.24287542906524
-89.64287542906084
1042.1571245709438
886.3571245709478
-412.44287542906034
982.1571245709429
-593.8428754290588
-145.44287542906002
878.1571245709454
473.157124570938
598.757124570939
-110.8428754290633
-643.2428754290681
358.55712457094285
364.9571245709363
-229.0428754290638
772.957124570939
-566.042875429063
-492.8428754290629
-464.6428754290611
-678.2428754290625
-733.6428754290531
404.5571245709417
229.55712457093784
246.15712457094085
-701.042875429058
-983.4428754290755
-408.04287542905837
498.15712457093434
-173.6428754290619
135.15712457093784
-1189.2428754290472
-1046.8428754290646
-24.642875429064503
-1002.442875429053
-1139.8428754290526
-99.64287542906094
503.1571245709384
315.7571245709407
-37.042875429060715
-511.04287542906604
-118.84287542905844
423.9571245709371
-164.8428754290583
-1728.8428754290726
345.75712457094215
1163.9571245709387
74.95712457094223
37.557124570939266
-2245.0428754290742
-587.4428754290666
-606.6428754290698
-1236.6428754290637
-503.6428754290602
1348.1571245709392
1101.3571245709345
424.1571245709419
551.9571245709377
-248.44287542906062
159.15712457093613
609.3571245709409
-1137.0428754290558
-766.8428754290601
-2252.6428754290378
-1600.8428754290594
-255.64287542905913
-1326.242875429051
-1422.042875429059
241.75712457094104
-142.8428754290559
-319.24287542906455
278.35712457093507
-541.2428754290628
-99.8428754290541
-117.24287542906336
216.3571245709407
-1622.4428754290593
41.157124570938024
1561.5571245709555
870.1571245709372
1221.7571245709466
-778.0428754290624
-553.2428754290589
-757.4428754290567
288.757124570939
368.3571245709381
-401.4428754290582
374.55712457094086
62.15712457094015
-186.442875429059
-166.0428754290616
909.9571245709342
621.3571245709288
-972.2428754290596
-444.24287542905904
-1536.0428754290658
-571.0428754290646
-56.84287542906078
-753.0428754290594
-469.2428754290638
688.7571245709511
677.1571245709391
-169.44287542906864
853.1571245709343
22.9571245709367
-50.4428754290671
-1151.642875429073
-502.24287542906154
-1755.6428754290775
-689.0428754290698
680.1571245709388
-722.6428754290708
-514.0428754290667
-897.8428754290719
-545.0428754290773
348.3571245709396
838.7571245709388
-48.44287542906449
-1846.642875429058
-794.2428754290587
28.357124570939057
280.7571245709354
155.15712457094244
-356.8428754290619
280.95712457094317
91.95712457093991
602.7571245709405
-1380.4428754290789
-507.6428754290551
893.757124570943
-63.842875429061785
-1242.8428754290696
96.55712457093946
562.7571245709388
-349.24287542906507
-197.64287542906217
-417.8428754290576
-80.44287542906775
-882.4428754290707
-854.6428754290622
-1307.6428754290575
-932.6428754290586
849.1571245709466
-986.4428754290545
-82.64287542905453
-405.0428754290631
-773.0428754290572
-442.2428754290655
-64.84287542906091
-206.4428754290623
513.5571245709269
-370.44287542905795
-295.24287542906353
539.7571245709412
957.1571245709376
-221.24287542906086
729.9571245709388
-169.4428754290626
-881.6428754290854
-1404.842875429058
110.1571245709381
2.35712457093501
-122.04287542906252
589.157124570943
-18.44287542906109
374.9571245709368
305.75712457094164
459.55712457094177
427.5571245709371
145.35712457093825
50.75712457093425
-231.64287542906274
169.75712457093942
-159.64287542906263
472.5571245709384
-184.0428754290654
1541.7571245709382
658.5571245709333
-699.2428754290617
-467.04287542906195
-643.442875429063
-208.24287542906256
407.1571245709521
-948.4428754290658
-661.8428754290594
670.7571245709379
-41.44287542906079
-358.6428754290603
701.757124570933
-1134.2428754290668
-1250.8428754290644
395.5571245709375
741.7571245709412
434.55712457094
639.9571245709407
2105.5571245709157
1652.5571245709095
1967.1571245709176
598.957124570946
-709.8428754290617
121.15712457094122
667.9571245709398
-64.44287542905482
-510.84287542907475
-138.84287542906011
-77.0428754290544
-445.6428754290667
77.75712457093937
1030.1571245709265
370.9571245709365
-729.8428754290634
-713.4428754290609
-196.2428754290626
-672.4428754290632
-261.44287542906113
-1584.8428754290687
-994.4428754290549
97.55712457093287
-125.64287542905922
302.5571245709349
178.95712457094274
-895.4428754290715
-1034.4428754290593
34.35712457094053
553.1571245709337
617.9571245709445
187.15712457093588
148.1571245709411
612.3571245709435
451.3571245709419
-710.2428754290585
-135.8428754290587
-314.84287542906355
269.95712457093765
-371.24287542906126
-1279.4428754290582
144.75712457093456
-68.24287542906637
-492.24287542906967
-1269.842875429064
354.95712457093737
494.1571245709395
349.3571245709389
-246.64287542906882
259.75712457093556
40.35712457093721
941.9571245709307
74.1571245709379
258.7571245709411
-805.4428754290622
725.3571245709315
1132.7571245709426
606.3571245709397
135.35712457093769
-470.442875429064
-32.04287542906375
1540.3571245709506
736.3571245709414
-352.04287542906303
-424.64287542905913
-366.042875429057
-236.2428754290657
155.55712457093992
1762.5571245709275
895.1571245709425
304.15712457093707
460.95712457094
-1273.2428754290668
349.75712457093323
-4.442875429064443
-801.0428754290652
-1292.6428754290519
-261.0428754290594
-298.64287542905754
-179.04287542906576
-362.0428754290622
272.55712457093904
324.35712457093814
610.7571245709362
-80.64287542906081
636.5571245709359
545.5571245709407
408.15712457093525
517.1571245709406
726.757124570933
685.357124570939
44.55712457094238
2.357124570938897
346.5571245709397
667.55712457094
-622.24287542906
976.5571245709364
-343.04287542906235
-393.64287542906493
639.9571245709358
1335.9571245709337
857.357124570945
-43.44287542905927
772.3571245709427
-725.6428754290569
423.35712457093746
202.95712457093896
-728.4428754290673
-215.64287542905427
-620.642875429067
-561.6428754290528
-63.84287542906084
348.15712457093787
433.75712457093624
-619.242875429057
121.15712457094139
-923.0428754290562
285.3571245709383
1481.5571245709302
-61.4428754290579
688.9571245709387
881.957124570942
969.5571245709422
850.9571245709388
395.7571245709363
-813.8428754290594
274.957124570945
-1027.0428754290594
81.1571245709429
-53.64287542906385
-350.6428754290507
-653.2428754290612
28.757124570942654
1199.757124570942
-220.44287542906267
-370.2428754290645
-1345.242875429052
-757.842875429065
-948.6428754290782
-303.6428754290592
-275.44287542907574
-1212.242875429077
-626.242875429059
1278.7571245709494
148.55712457093938
-392.442875429066
412.7571245709385
93.3571245709424
-376.4428754290634
159.1571245709364
-29.042875429063077
-840.4428754290584
420.1571245709419
1090.1571245709522
725.957124570938
855.3571245709388
1219.9571245709433
-302.24287542906177
-357.6428754290611
-1679.0428754290695
-882.4428754290641
-236.24287542906345
-233.64287542906823
442.7571245709383
316.7571245709349
82.9571245709406
-138.6428754290607
1353.557124570949
1281.9571245709321
40.95712457094098
-952.2428754290669
-892.2428754290523
-1213.0428754290642
-1511.442875429083
-494.4428754290626
229.55712457093472
364.3571245709362
-276.2428754290624
-170.84287542906063
650.5571245709455
520.5571245709403
1182.1571245709351
483.15712457093946
686.3571245709419
822.5571245709386
1665.357124570956
623.3571245709359
223.7571245709389
954.7571245709422
81.35712457093999
157.75712457094392
221.55712457094208
608.7571245709379
172.5571245709386
-295.0428754290627
1382.5571245709418
156.55712457094344
-525.442875429061
78.75712457093766
496.1571245709419
253.75712457093792
-92.84287542906154
-855.642875429069
-180.8428754290594
-756.6428754290546
-1257.4428754290652
-431.4428754290642
387.95712457094305
1016.557124570953
449.5571245709378
-481.64287542906345
46.957124570940934
290.55712457093694
1221.357124570937
1645.7571245709296
1366.557124570937
966.7571245709252
1621.7571245709323
77.35712457093439
-28.642875429061945
517.5571245709386
229.55712457093867
151.15712457094472
-306.2428754290623
997.1571245709341
445.55712457093995
-624.2428754290617
844.3571245709364
225.5571245709381
427.7571245709384
930.7571245709429
1152.157124570938
720.1571245709285
598.7571245709416
-118.44287542906059
-763.8428754290715
-913.4428754290544
-831.8428754290778
-66.84287542906287
545.1571245709378
1110.9571245709346
1052.1571245709354
342.55712457094
591.7571245709406
727.3571245709427
1261.957124570947
687.5571245709416
261.15712457094025
928.1571245709395
654.1571245709408
951.9571245709367
560.3571245709436
930.1571245709351
307.3571245709368
85.55712457094012
-273.6428754290594
674.7571245709361
439.1571245709342
284.15712457094077
642.757124570928
146.75712457094065
-10.242875429061037
674.3571245709348
654.1571245709392
454.5571245709317
816.9571245709263
423.55712457093836
-751.842875429072
-1084.842875429046
-1037.6428754290673
-225.04287542904916
93.75712457093695
-218.24287542905844
112.95712457094002
827.5571245709323
593.557124570928
731.9571245709295
193.15712457093917
-352.04287542906445
-264.24287542906103
-434.44287542906017
188.75712457094465
1789.5571245709407
1259.5571245709389
919.1571245709365
532.9571245709443
700.5571245709431
644.9571245709413
93.95712457093894
754.1571245709414
-53.042875429056366
-431.64287542906226
-183.0428754290587
778.3571245709362
953.3571245709417
-437.2428754290722
-262.24287542906467
486.557124570938
-914.6428754290669
-945.2428754290721
-623.4428754290615
-581.6428754290704
-162.44287542906187
-46.24287542906436
14.757124570939173
-500.6428754290615
880.3571245709304
959.9571245709376
1013.957124570933
336.3571245709379
731.9571245709564
1333.5571245709139
216.7571245709377
381.55712457094063
1028.757124570945
748.7571245709291
-304.6428754290666
-338.6428754290646
-85.64287542906163
491.1571245709345
920.7571245709399
732.7571245709372
-304.6428754290649
249.55712457093634
-3.042875429064374
544.1571245709358
1132.5571245709302
-115.44287542906595
-323.24287542906086
750.9571245709429
-442.24287542906353
86.95712457093822
-1024.0428754290806
553.1571245709416
828.5571245709345
98.75712457093859
-43.84287542905989
-534.4428754290702
499.35712457094064
660.1571245709347
319.95712457093964
-378.4428754290619
-644.4428754290614
-353.6428754290566
-998.0428754290635
-835.2428754290623
-813.042875429063
-387.6428754290633
-753.442875429065
-1262.4428754290639
-1290.6428754290619
-532.8428754290601
-305.84287542906645
86.5571245709395
133.3571245709402
-137.24287542906075
-191.4428754290611
-986.4428754290601
-343.44287542906284
-500.042875429064
-884.4428754290616
-640.8428754290617
-319.0428754290637
1096.9571245709262
526.1571245709389
-336.2428754290631
294.95712457093873
857.957124570939
752.35712457094
43.957124570939335
-253.4428754290588
262.9571245709371
-725.0428754290597
-675.442875429064
2.1571245709370714
2.3571245709417
-770.4428754290768
-406.44287542905835
-581.4428754290606
-261.84287542906424
-941.8428754290652
-434.4428754290628
-1286.0428754290747
-1302.8428754290608
-393.24287542906393
-142.64287542906266
197.15712457093935
142.15712457094554
189.3571245709513
-1410.642875429061
-1127.0428754290515
-1100.842875429078
92.95712457093543
998.5571245709272
-76.64287542906233
-1435.2428754290675
402.5571245709389
-651.8428754290641
-527.4428754290659
15.957124570939282
911.3571245709304
130.95712457093958
-89.64287542906224
660.9571245709395
-121.24287542906325
-1268.2428754290627
33.15712457093008
400.55712457093273
-110.04287542906368
-1020.4428754290594
-902.0428754290589
431.757124570944
336.1571245709387
456.5571245709341
-39.4428754290612
94.55712457093735
1066.557124570932
62.55712457094147
-112.84287542905857
332.3571245709344
759.9571245709537
-724.242875429066
-198.8428754290648
294.1571245709396
76.55712457093817
1013.9571245709467
99.35712457093652
99.75712457093917
113.3571245709374
-36.04287542906097
-339.24287542905915
-631.2428754290663
1073.5571245709423
838.7571245709368
-672.6428754290661
11.35712457094062
-238.64287542906288
-784.64287542906
278.7571245709346
-572.0428754290608
-640.2428754290623
-1345.042875429058
-539.8428754290713
158.95712457093714
-539.2428754290571
443.7571245709444
-170.2428754290577
144.95712457093586
695.557124570941
-607.0428754290588
70.35712457093854
59.35712457093872
232.35712457093717
-729.842875429055
5.357124570938701
499.55712457093756
75.35712457093476
83.95712457093822
-314.04287542906127
913.3571245709314
1377.5571245709223
349.5571245709428
342.55712457093875
175.35712457094024
297.7571245709356
611.7571245709338
-960.4428754290569
-963.6428754290608
-337.04287542906883
-816.0428754290642
-167.0428754290607
-277.2428754290625
-593.6428754290682
-1066.442875429057
-911.4428754290689
-1052.0428754290538
-940.442875429056
308.7571245709374
-260.4428754290608
252.75712457093942
80.95712457093697
-464.2428754290606
-616.2428754290638
-643.6428754290587
-30.84287542906319
476.3571245709379
745.9571245709394
103.95712457093538
804.9571245709303
956.1571245709303
-77.2428754290551
1005.3571245709411
1188.157124570933
148.55712457093534
-643.642875429068
374.95712457093805
-321.8428754290623
-443.4428754290613
-888.2428754290717
-697.0428754290647
66.55712457094138
770.5571245709355
83.75712457093923
-38.44287542905822
296.957124570929
-727.4428754290643
-1643.242875429072
-1068.642875429059
-369.2428754290668
96.55712457094207
-96.24287542906248
317.15712457093906
-587.4428754290583
-464.4428754290593
-47.84287542906439
-577.242875429062
-401.6428754290639
1459.5571245709511
-46.24287542906311
-1318.2428754290554
955.7571245709374
1050.5571245709348
361.15712457093775
420.1571245709381
-527.2428754290594
-969.8428754290686
-1295.6428754290619
367.15712457093707
14.557124570934988
-591.842875429072
-102.8428754290611
-956.442875429057
-244.24287542905998
171.95712457094027
-604.0428754290667
-1992.6428754290741
-1135.0428754290692
266.5571245709399
-162.6428754290634
-406.4428754290615
-172.84287542906173
-547.8428754290637
-1043.6428754290757
-431.2428754290583
-309.0428754290591
-23.44287542905598
-739.6428754290537
-431.8428754290632
-470.44287542906267
300.9571245709348
-222.44287542906144
-809.642875429056
-174.24287542905853
387.35712457094115
511.7571245709389
880.1571245709318
307.3571245709407
548.9571245709387
386.75712457094255
343.1571245709366
133.55712457093907
-374.24287542906353
-310.64287542906436
-1385.8428754290553
-858.0428754290627
-462.24287542906023
-629.6428754290592
-84.44287542906343
36.15712457093827
-492.8428754290592
43.15712457093659
-693.8428754290503
-542.4428754290644
154.75712457093394
-259.64287542905964
245.55712457094162
291.95712457093435
19.15712457093992
-103.44287542906244
37.557124570941355
-292.84287542906054
-412.64287542906686
100.55712457094049
-358.8428754290598
516.7571245709407
581.3571245709406
626.1571245709406
954.5571245709399
196.35712457093615
27.35712457093799
516.3571245709388
168.157124570938
-605.6428754290641
645.757124570934
118.7571245709392
-1934.2428754290545
-941.6428754290567
-394.04287542906593
57.75712457094086
-220.84287542906026
-211.4428754290589
-99.44287542906216
-155.64287542906155
-614.4428754290674
-754.8428754290579
-484.84287542906327
-691.8428754290607
-105.84287542906378
51.55712457094058
-325.8428754290604
262.95712457093964
-858.8428754290622
-881.6428754290637
-1079.442875429068
525.9571245709392
-565.8428754290672
1030.7571245709378
841.757124570937
-27.04287542906325
1464.7571245709273
-4.242875429062494
-664.8428754290542
952.9571245709428
40.757124570937364
-577.4428754290627
933.5571245709433
370.1571245709424
-219.84287542906773
-763.8428754290652
-1163.8428754290574
134.15712457093727
-1931.4428754290564
-1303.6428754290616
851.5571245709435
635.1571245709405
-11.642875429060565
-678.0428754290563
-11.84287542906251
174.5571245709358
-1173.2428754290672
36.957124570941886
326.35712457094337
-396.04287542906275
-671.2428754290654
-957.8428754290632
-1413.4428754290514
-31.842875429065632
42.957124570938355
960.757124570926
774.5571245709334
-91.04287542906405
1142.157124570922
355.9571245709352
-252.44287542906267
683.5571245709417
398.9571245709385
228.95712457093643
172.15712457093971
-323.2428754290593
567.557124570944
176.95712457093882
-379.2428754290625
-53.042875429063386
-1782.4428754290768
-548.642875429071
587.1571245709331
66.55712457094324
-290.64287542906106
-576.2428754290611
-775.4428754290632
-330.2428754290604
-1493.8428754290594
170.75712457093644
679.1571245709404
-594.6428754290547
-368.8428754290608
532.9571245709342
-386.0428754290665
-214.0428754290605
-159.64287542906422
-676.0428754290633
146.9571245709375
178.55712457093895
351.1571245709399
116.95712457093903
-128.84287542906583
68.55712457093723
289.7571245709393
372.157124570938
764.5571245709364
9.957124570934837
-474.4428754290542
471.157124570939
579.7571245709332
-601.0428754290585
-1066.6428754290566
-1624.042875429056
-1441.6428754290562
148.5571245709428
-129.8428754290619
-1032.6428754290755
-1941.6428754290646
-24.24287542905971
-594.6428754290611
-576.2428754290585
-1283.642875429058
-1651.042875429052
-868.0428754290696
-108.0428754290641
-796.0428754290679
-518.2428754290605
34.95712457094053
-1018.642875429059
71.15712457093949
1315.9571245709324
1497.9571245709253
-99.24287542905901
31.557124570942214
-467.44287542905715
-286.84287542906
-112.24287542906177
-410.04287542906206
-750.042875429064
-902.8428754290626
-132.4428754290604
-206.24287542906467
-1030.6428754290548
-69.44287542906048
-447.44287542906153
-1099.242875429063
-102.84287542906142
289.15712457094287
-33.04287542905807
-1120.4428754290557
415.1571245709403
-549.8428754290626
-160.8428754290599
-1042.6428754290612
-1126.042875429054
-697.2428754290794
-1303.4428754290711
-1289.042875429065
-565.8428754290577
281.1571245709444
310.1571245709363
190.15712457093753
-236.84287542906017
254.75712457093488
144.15712457093852
779.3571245709246
-234.4428754290642
143.55712457093784
-507.4428754290597
200.55712457093816
25.357124570937483
-11.042875429060778
130.3571245709413
-331.84287542906395
-149.44287542906602
557.75712457094
308.557124570943
-888.2428754290706
-779.0428754290708
-253.64287542905748
-130.2428754290646
-540.842875429057
-913.2428754290637
115.9571245709376
-120.24287542906532
-838.4428754290667
345.1571245709358
-115.44287542906336
-555.442875429068
-145.84287542906117
-635.0428754290677
-178.64287542906092
313.75712457093033
645.3571245709339
-696.8428754290668
324.15712457093804
1022.5571245709381
1643.5571245709555
-140.24287542906717
293.75712457094323
-696.2428754290706
-125.24287542906144
-150.24287542906185
-409.64287542906584
-230.84287542906097
-178.8428754290645
85.15712457093777
-107.242875429063
-812.8428754290768
249.75712457093994
-210.24287542906737
-520.6428754290602
-474.84287542906117
-982.2428754290748
-1463.4428754290655
1031.9571245709442
-516.4428754290761
-1577.2428754290554
438.5571245709398
-722.0428754290584
65.95712457094119
1104.9571245709292
-276.44287542906187
-99.4428754290595
687.7571245709348
79.35712457093845
-842.0428754290606
-328.6428754290593
-97.44287542906251
783.3571245709384
-24.44287542905777
542.1571245709368
429.75712457093425
829.3571245709364
-155.64287542906442
-838.2428754290632
-527.6428754290657
41.157124570934954
769.1571245709375
156.95712457093578
-432.64287542906624
144.15712457093667
-70.44287542906457
833.5571245709416
926.5571245709388
869.7571245709433
415.55712457093654
461.157124570945
416.55712457094023
-849.0428754290651
215.9571245709364
-1155.042875429064
-523.4428754290608
769.557124570934
729.9571245709338
649.157124570936
-258.6428754290605
-762.2428754290521
548.5571245709414
455.5571245709295
-366.0428754290656
1024.5571245709373
277.1571245709403
231.9571245709371
406.55712457094
-378.84287542906713
-775.0428754290574
277.7571245709365
500.15712457093736
102.55712457093479
-679.8428754290544
49.15712457093636
308.55712457093824
531.557124570931
289.7571245709376
1043.9571245709242
413.15712457094304
750.7571245709406
1360.357124570939
-418.6428754290744
-878.4428754290568
-485.2428754290611
-374.84287542906486
304.7571245709421
112.1571245709388
-576.0428754290638
428.95712457093816
792.3571245709327
112.9571245709322
-955.0428754290593
925.757124570922
1107.7571245709287
-650.042875429063
-132.64287542906217
-1353.8428754290642
363.7571245709435
435.9571245709407
-1157.8428754290646
-348.0428754290659
1138.3571245709397
651.3571245709397
69.95712457093602
570.5571245709406
382.75712457094056
544.1571245709408
338.15712457093645
-748.0428754290721
255.1571245709403
-715.242875429053
435.5571245709392
1843.557124570923
319.15712457093827
-674.6428754290638
287.35712457094195
-752.8428754290624
-367.24287542906063
541.157124570949
-119.44287542906224
591.3571245709446
445.5571245709414
386.9571245709326
-874.4428754290649
480.55712457093347
905.157124570928
584.5571245709604
1377.957124570951
-27.242875429060994
606.5571245709392
405.3571245709377
489.75712457094073
388.1571245709535
-407.84287542906407
78.5571245709364
41.157124570936546
-110.44287542906255
-365.64287542906254
331.357124570937
-412.24287542905876
-1130.6428754290707
327.5571245709448
-323.4428754290589
1349.957124570925
1850.5571245709343
461.3571245709339
-47.84287542906013
1166.7571245709182
748.5571245709285
-244.64287542906106
1195.157124570937
639.1571245709397
566.557124570942
-339.24287542906285
42.35712457093707
-821.442875429056
-547.6428754290557
-398.04287542906053
-395.6428754290614
107.35712457094044
127.35712457093713
408.3571245709376
1240.357124570927
1165.1571245709347
226.95712457093256
-1096.2428754290613
-350.8428754290626
119.15712457093723
183.5571245709384
-183.84287542905864
-896.6428754290686
-779.0428754290617
143.75712457093508
1410.157124570936
-555.4428754290699
294.3571245709392
1671.5571245709364
414.1571245709394
-1024.8428754290524
445.3571245709377
726.9571245709442
-592.4428754290625
-172.24287542906086
-44.242875429059666
438.55712457093875
91.9571245709435
406.5571245709275
282.5571245709425
-123.04287542906161
360.55712457094074
-1033.8428754290737
190.5571245709382
372.5571245709431
217.3571245709413
540.5571245709376
148.75712457093823
48.75712457094053
1051.3571245709484
344.3571245709423
223.55712457094228
148.35712457093672
676.3571245709378
-749.8428754290542
-149.24287542905722
-25.242875429064764
84.55712457092925
-733.0428754290509
131.15712457093963
-113.44287542906993
-255.04287542906303
-32.0428754290623
-799.642875429055
-444.042875429062
-768.2428754290694
24.15712457093958
250.55712457094012
439.1571245709377
601.7571245709379
910.157124570938
1398.157124570922
543.3571245709351
352.7571245709354
-279.64287542905856
1589.1571245709404
1270.357124570932
833.1571245709323
1199.7571245709237
49.55712457094123
120.95712457093671
932.357124570937
-334.4428754290647
23.357124570937543
325.95712457094214
-176.64287542906686
-329.84287542905946
112.5571245709411
-772.4428754290648
-353.64287542905487
699.9571245709375
190.35712457093493
-350.04287542905683
50.15712457093682
972.7571245709445
102.75712457093938
687.9571245709406
-216.24287542906404
-761.8428754290629
316.1571245709395
1057.3571245709334
625.3571245709365
578.3571245709392
339.95712457094055
148.55712457093733
-174.2428754290653
-241.24287542906225
715.3571245709362
418.1571245709369
211.3571245709405
818.5571245709413
926.3571245709403
151.15712457093105
491.55712457094756
-1674.6428754290785
-853.8428754290587
-134.44287542906574
-430.2428754290635
95.95712457093973
-290.24287542906205
-570.8428754290661
-344.0428754290557
159.75712457093658
-338.44287542906693
-265.44287542906204
106.35712457092772
-223.2428754290652
91.7571245709396
-62.24287542906276
-1281.042875429064
-410.2428754290616
-201.84287542907003
396.7571245709366
333.15712457094
-463.8428754290558
61.15712457093793
3.7571245709381405
-96.24287542906322
-1448.4428754290614
55.5571245709377
160.55712457093898
111.7571245709377
16.957124570936944
566.9571245709413
323.7571245709426
992.7571245709393
-744.8428754290567
-683.6428754290572
-1795.8428754290621
-165.24287542905572
149.55712457094137
-769.042875429065
-534.0428754290617
-569.8428754290617
-181.04287542906144
585.9571245709378
62.55712457093553
-523.6428754290546
-453.04287542906275
-139.44287542905968
-569.8428754290667
-843.2428754290582
1070.1571245709447
515.9571245709417
-157.64287542906013
596.3571245709412
-565.2428754290621
491.9571245709429
-26.642875429063047
-661.4428754290635
-835.6428754290504
178.35712457093956
-150.84287542905903
-581.8428754290563
-358.4428754290631
435.9571245709425
81.95712457094002
47.75712457093699
-1208.4428754290514
-188.64287542906263
-583.6428754290613
-961.2428754290681
-556.8428754290735
-903.6428754290764
-924.4428754290641
-689.8428754290585
-307.6428754290526
-390.84287542906037
208.55712457094526
-804.0428754290633
643.7571245709445
29.557124570940985
-587.8428754290585
-364.24287542906137
283.75712457095193
233.7571245709435
-755.4428754290658
305.15712457093366
-328.842875429064
1010.5571245709406
555.9571245709377
-465.0428754290612
718.9571245709374
551.9571245709377
29.35712457093687
-365.2428754290605
121.75712457093888
763.9571245709438
-152.24287542906202
292.5571245709461
-1408.4428754290605
3.1571245709400957
580.1571245709418
-1194.042875429061
-330.44287542906375
-554.8428754290638
-791.8428754290582
-175.4428754290587
-362.0428754290776
-1438.6428754290648
209.15712457093412
-940.4428754290585
-164.44287542906144
285.75712457094045
171.95712457094027
-317.8428754290612
-120.4428754290683
967.7571245709368
-170.64287542906237
-541.2428754290667
-1273.8428754290558
75.95712457094027
-122.44287542906355
485.5571245709397
802.5571245709388
-62.642875429056886
57.75712457092984
1301.9571245709346
61.35712457093789
-262.64287542906595
846.7571245709407
388.9571245709384
-1293.642875429055
-419.04287542906656
-589.2428754290604
-1476.4428754290866
-899.24287542906
-240.04287542906428
-378.6428754290619
278.7571245709397
766.5571245709384
-384.0428754290616
-226.04287542905897
-1730.0428754290565
-1247.042875429077
-75.84287542905838
502.35712457093575
1304.5571245709389
587.3571245709423
80.95712457093751
-53.842875429058864
1194.1571245709374
965.5571245709416
471.75712457093186
-258.44287542906477
-313.2428754290702
-336.24287542906245
-648.2428754290594
10.157124570942617
-30.442875429068025
-180.04287542906144
-822.2428754290647
-572.8428754290617
593.7571245709372
-812.6428754290678
-177.2428754290608
-360.2428754290589
-348.04287542905706
-1054.0428754290751
-111.04287542906528
-270.64287542906425
-146.4428754290635
959.3571245709384
220.75712457093593
189.95712457093788
46.75712457093927
4.757124570936357
-122.64287542906216
-308.04287542905837
1456.1571245709333
180.15712457093707
-794.4428754290619
-230.0428754290641
68.95712457094066
-255.44287542906076
153.55712457093992
-327.24287542907274
290.55712457094035
-77.04287542906224
-382.6428754290571
-19.042875429062555
-158.84287542905997
-0.04287542906468644
-529.6428754290639
-1205.6428754290655
-343.44287542906187
-934.442875429062
-82.44287542906154
656.9571245709346
-37.84287542906072
-1032.4428754290639
-195.84287542906492
-606.6428754290641
-426.04287542905416
281.1571245709379
485.95712457093623
466.75712457093897
-319.6428754290634
673.357124570942
166.95712457093794
-652.2428754290618
525.1571245709374
-314.4428754290667
-212.84287542905952
301.1571245709372
228.9571245709346
-70.84287542905705
421.75712457094477
-40.842875429063355
-531.2428754290818
51.3571245709383
-109.04287542906376
182.15712457094196
-356.2428754290552
-197.44287542906318
64.15712457094004
-141.24287542905822
58.557124570938925
-389.24287542905404
47.357124570938325
-208.84287542905085
-467.842875429044
-522.4428754290591
-395.042875429065
631.9571245709375
61.55712457093215
45.15712457093878
-195.2428754290614
341.7571245709384
-338.2428754290708
48.95712457093061
-278.2428754290634
243.1571245709418
231.1571245709408
-666.8428754290543
-735.6428754290687
104.95712457093845
-195.24287542906046
-423.0428754290612
224.75712457093786
-427.4428754290555
-1025.0428754290717
319.35712457093643
-106.64287542906423
23.15712457093832
-605.4428754290649
-1198.042875429064
-728.8428754290642
-96.04287542906168
-387.84287542906293
-592.0428754290638
-1074.242875429057
-1117.8428754290767
-768.6428754290665
-1435.242875429068
-543.242875429061
990.3571245709413
-116.04287542906782
-757.6428754290681
-831.4428754290769
281.7571245709371
371.1571245709408
-661.0428754290571
-281.0428754290631
-98.24287542906282
-627.0428754290562
-866.2428754290586
28.957124570942113
456.1571245709349
-1023.242875429062
-816.2428754290552
-230.24287542906228
-1736.0428754290704
-996.2428754290678
661.5571245709294
568.9571245709352
254.95712457093742
-189.44287542906108
-220.0428754290636
-833.0428754290742
-67.44287542905789
-347.04287542906286
-307.44287542906983
-602.8428754290611
222.55712457094222
1084.3571245709409
-143.64287542906257
-174.24287542906137
448.95712457094083
-32.442875429060074
-1184.0428754290645
-1044.4428754290645
-368.64287542906186
294.95712457093913
363.35712457093746
-220.2428754290604
-484.64287542906436
91.95712457093597
-503.2428754290501
81.75712457093562
641.957124570943
-537.8428754290583
-392.2428754290624
353.95712457093765
-485.24287542906467
402.1571245709372
-44.44287542906338
1146.7571245709341
821.5571245709389
155.157124570941
140.95712457093686
-902.6428754290457
-800.2428754290491
-846.8428754290691
-875.4428754290633
-859.6428754290631
-465.8428754290637
-275.04287542905917
-1298.6428754290644
-1046.8428754290744
-386.44287542906096
484.5571245709375
158.75712457093735
-756.442875429058
-1071.2428754290559
-563.8428754290646
-851.0428754290635
-842.2428754290602
-498.0428754290702
-451.6428754290571
-720.4428754290639
-1363.0428754290613
-563.0428754290624
-549.6428754290565
-634.6428754290637
-409.8428754290541
165.75712457094022
1454.757124570912
-184.24287542907885
-991.2428754290811
-991.6428754290852
-969.0428754290717
-1160.0428754290485
-1417.8428754290467
-1112.4428754290732
467.557124570935
-326.64287542907095
-209.64287542906206
968.957124570933
1044.5571245709248
311.1571245709409
731.3571245709337
706.3571245709381
594.7571245709281
-323.44287542906875
-344.44287542906534
-1493.4428754290789
-1455.0428754290617
-957.8428754290758
-1217.4428754290536
-502.04287542907116
65.55712457093256
-295.24287542906455
-1304.4428754290402
-594.2428754290636
-1184.0428754290447
-526.8428754290564
15.157124570941278
-1002.2428754290743
-2344.0428754290792
-208.6428754290714
-1846.0428754291083
-2540.6428754290455
-2032.242875429101
-1211.24287542909
-1527.4428754290655
-1145.2428754290588
413.157124570939
-142.04287542906528
-1210.0428754290608
167.75712457093817
378.7571245709369
296.3571245709329
-44.24287542905948
-208.6428754290659
635.9571245709342
875.7571245709357
991.5571245709277
372.55712457094
41.55712457094045
875.3571245709365
-380.8428754290604
-777.6428754290657
-67.2428754290618
-38.84287542905741
-1318.6428754290591
-662.64287542905
-521.0428754290574
-762.6428754290617
255.55712457094128
-680.8428754290567
-1110.2428754290634
-356.6428754290591
-792.642875429062
-1213.8428754290533
-1112.842875429063
242.55712457094143
-39.4428754290623
-632.8428754290599
373.95712457093924
-301.04287542906445
-1013.4428754290614
-55.4428754290679
-1049.642875429069
-756.6428754290575
-775.8428754290701
-110.64287542906641
702.9571245709403
793.9571245709369
1921.1571245709551
718.1571245709343
168.5571245709357
796.7571245709565
-245.24287542906077
216.75712457093525
203.15712457093693
218.35712457093663
-853.6428754290571
-662.0428754290682
-75.2428754290648
-61.64287542906856
141.5571245709359
-468.84287542905946
-127.44287542906557
1132.55712457092
188.15712457093974
449.55712457094273
339.7571245709377
-317.2428754290662
392.757124570935
-98.24287542905871
-151.0428754290615
-350.4428754290615
-1560.042875429071
-613.6428754290624
-287.6428754290629
-280.0428754290674
-325.0428754290623
-89.6428754290618
-337.0428754290599
181.15712457093926
1596.7571245709269
327.35712457094155
2.157124570936684
-22.64287542906124
-269.24287542906393
-180.84287542905992
-152.04287542906164
5.757124570940039
160.15712457094517
-23.242875429061122
-738.242875429064
327.3571245709366
864.7571245709366
-299.842875429074
231.95712457093776
1120.957124570931
425.75712457093977
-207.4428754290583
300.9571245709383
-1285.0428754290522
-902.6428754290716
-383.24287542906217
154.95712457093813
392.1571245709315
365.55712457094063
6.757124570938878
591.1571245709432
1291.1571245709197
442.35712457093666
-584.8428754290618
-388.6428754290647
633.757124570941
1075.3571245709402
119.75712457093887
146.35712457094127
-656.8428754290612
-465.0428754290622
163.75712457093934
-769.6428754290582
-910.4428754290606
550.1571245709341
-689.0428754290533
-1874.0428754290629
-365.8428754290612
213.9571245709383
-298.4428754290692
-372.6428754290651
-249.44287542905784
-353.84287542906264
-705.2428754290556
371.5571245709356
-599.242875429059
-1052.4428754290655
276.75712457093783
-181.04287542905718
394.7571245709425
398.1571245709391
-362.2428754290644
-1021.2428754290711
-128.64287542906143
1442.5571245709475
579.3571245709426
-406.642875429061
455.75712457094255
-59.6428754290636
-1384.842875429057
-767.4428754290622
-650.2428754290632
-189.84287542906088
-824.8428754290603
-735.8428754290679
-655.4428754290632
71.75712457093847
117.1571245709379
-993.0428754290573
-1120.64287542906
-307.04287542906417
-305.6428754290629
-181.84287542906853
1098.357124570937
1136.7571245709355
693.9571245709396
570.5571245709427
-18.842875429063927
-872.2428754290702
164.35712457093865
-386.0428754290579
-19.842875429062794
219.1571245709357
6.757124570936667
835.9571245709368
803.357124570942
64.3571245709403
708.5571245709406
-761.042875429056
-339.0428754290625
347.15712457093446
-537.2428754290603
-488.64287542906317
-130.44287542906426
218.75712457094258
-23.8428754290613
280.35712457094195
308.9571245709326
264.357124570937
889.3571245709387
-325.6428754290641
441.3571245709368
485.7571245709382
-221.44287542906557
-337.44287542907335
515.7571245709354
-55.8428754290591
310.1571245709422
396.3571245709403
-462.0428754290612
22.15712457094021
87.75712457094401
-1286.442875429077
-331.0428754290621
27.557124570940424
346.3571245709373
385.1571245709419
-244.0428754290635
-690.242875429065
-531.2428754290619
-1220.4428754290525
-1304.2428754290586
-640.8428754290602
-835.8428754290654
-870.8428754290655
-550.0428754290616
115.55712457093827
790.5571245709374
-119.44287542906031
392.7571245709369
-18.64287542906655
1140.1571245709433
-537.0428754290676
1031.9571245709392
535.7571245709383
-763.0428754290693
167.9571245709413
-342.44287542906386
-1268.24287542907
595.557124570939
219.35712457093825
-544.6428754290667
336.1571245709372
173.1571245709382
-120.24287542906345
-315.842875429055
-859.4428754290722
543.5571245709349
-1608.6428754290828
-1966.6428754290646
-521.0428754290618
-552.6428754290631
-663.0428754290641
-854.0428754290613
164.35712457094198
209.35712457093697
-1347.6428754290648
-157.4428754290598
630.5571245709423
-112.84287542906429
192.95712457093902
385.15712457093485
-296.6428754290599
748.9571245709361
-6.6428754290598775
640.957124570941
542.1571245709367
-699.0428754290675
92.75712457093968
191.35712457093905
-526.4428754290635
507.15712457093707
231.3571245709391
-86.6428754290612
-584.0428754290587
-958.0428754290664
114.35712457093801
342.35712457094024
26.757124570939784
261.95712457093356
-1379.8428754290494
-803.4428754290556
-74.64287542906246
-283.64287542906214
-251.8428754290609
-44.44287542906204
-6.642875429058673
-88.4428754290637
-1059.8428754290662
823.9571245709436
1483.757124570942
-150.84287542906048
127.75712457094141
1201.3571245709338
550.9571245709312
1041.5571245709355
739.7571245709375
-441.842875429066
-20.6428754290603
-181.44287542906216
62.557124570940765
-140.24287542906976
-189.64287542906226
350.3571245709415
625.9571245709382
305.7571245709353
601.957124570941
-111.84287542906657
-430.84287542906316
906.5571245709348
1508.157124570937
14.557124570937834
-707.4428754290652
-1117.8428754290692
-1117.8428754290692
240.95712457093987
109.55712457093644
-571.4428754290537
-1269.4428754290668
938.5571245709561
458.35712457093774
561.7571245709381
-182.64287542906035
-516.6428754290573
58.15712457093957
45.957124570936216
-706.2428754290587
323.3571245709387
1686.7571245709353
110.75712457094257
29.55712457093901
1047.7571245709337
1813.5571245709498
-187.8428754290762
-47.4428754290657
219.75712457093888
501.55712457094023
382.75712457093744
104.55712457094094
-142.64287542906175
-271.64287542906595
825.5571245709316
1438.157124570933
-573.0428754290587
-130.84287542906455
336.95712457093487
-622.4428754290598
224.35712457093686
869.5571245709316
627.3571245709345
-220.8428754290606
1777.1571245709406
590.9571245709385
911.7571245709349
117.75712457093834
-34.44287542906203
262.95712457093424
-1432.242875429083
-1657.2428754290738
-355.04287542906434
1234.9571245709312
1040.7571245709294
-101.44287542906264
-414.44287542905715
842.5571245709355
-37.84287542906345
412.7571245709391
-65.44287542906137
630.5571245709386
-141.44287542906358
398.9571245709402
392.95712457094055
14.15712457094022
934.9571245709402
1079.9571245709321
-30.442875429060702
779.5571245709363
1555.757124570927
-306.4428754290576
-188.04287542906013
361.1571245709297
71.75712457093908
-277.44287542905926
-440.0428754290657
-143.84287542906333
-257.04287542906053
155.1571245709388
1342.7571245709275
243.95712457094018
-594.0428754290646
-189.6428754290614
-782.8428754290655
-238.24287542906373
275.9571245709419
-34.242875429059424
-1368.0428754290674
126.15712457093954
1383.5571245709298
1702.1571245709606
97.95712457093903
826.1571245709368
-715.4428754290713
-773.6428754290637
-506.6428754290599
-440.2428754290689
448.1571245709409
522.7571245709397
354.3571245709419
572.9571245709399
291.5571245709384
760.7571245709461
-69.04287542906498
-824.6428754290632
-828.2428754290661
-1200.8428754290653
-1735.4428754290582
638.3571245709417
-1029.0428754290622
-1296.4428754290695
1039.1571245709265
-470.44287542905937
-200.24287542906035
559.9571245709407
-858.042875429055
-668.6428754290571
66.75712457093343
-518.6428754290703
-1279.2428754290725
-516.842875429065
562.3571245709402
961.5571245709418
-35.042875429060615
941.3571245709336
151.3571245709387
-73.44287542906086
-361.04287542906167
-697.042875429063
106.5571245709387
228.357124570939
495.357124570937
414.15712457094145
-296.84287542906253
-192.04287542906738
-453.24287542906353
13.557124570937265
366.9571245709435
636.5571245709344
170.95712457093998
383.9571245709397
-68.24287542906598
-908.0428754290716
693.1571245709314
-894.8428754290663
-650.2428754290689
-11.842875429061987
-164.4428754290628
-392.8428754290637
-956.0428754290673
-1018.2428754290722
369.5571245709368
889.5571245709388
-89.84287542905588
453.1571245709355
-106.04287542906422
196.15712457093926
129.5571245709434
-358.24287542905927
-256.04287542906286
65.15712457093834
396.55712457094154
-93.44287542906036
-1472.6428754290746
-650.2428754290661
-75.04287542906287
-275.64287542906027
-248.8428754290635
605.357124570938
426.35712457094473
620.1571245709267
742.7571245709385
-655.0428754290664
-660.2428754290581
-246.24287542906293
-138.04287542905996
182.15712457094529
-135.4428754290652
-1213.4428754290716
-299.64287542906317
-120.04287542906022
-315.0428754290616
-843.2428754290656
771.1571245709308
1739.5571245709511
-215.24287542906148
-387.2428754290653
-1678.8428754290844
179.757124570942
482.1571245709358
-791.4428754290651
-145.84287542905986
927.3571245709339
45.55712457093617
-517.4428754290668
25.357124570935945
-114.2428754290603
566.7571245709344
450.55712457094205
-368.24287542906296
863.5571245709451
148.15712457093773
442.9571245709347
1242.7571245709544
420.7571245709367
-495.2428754290603
-10.442875429060917
-841.2428754290697
-493.64287542905737
356.9571245709344
-229.64287542906112
416.1571245709359
-169.442875429059
22.757124570936845
-972.8428754290655
259.3571245709367
1195.3571245709304
939.5571245709458
1357.957124570924
-597.4428754290587
44.75712457094188
144.5571245709326
89.3571245709406
28.757124570940512
-332.84287542906077
-235.04287542905925
-482.442875429066
-337.4428754290636
-136.24287542906038
1043.1571245709426
520.7571245709319
-104.84287542906145
1304.9571245709626
716.5571245709306
1652.157124570918
1718.9571245709442
602.5571245709383
-106.0428754290608
982.7571245709291
657.1571245709284
-382.042875429059
1262.3571245709406
569.7571245709454
512.5571245709452
-456.24287542906836
-316.24287542905995
-1294.4428754290623
-756.2428754290686
153.95712457093973
-58.642875429062485
-26.442875429062013
-349.6428754290688
-13.842875429064065
696.3571245709421
15.357124570940254
-130.44287542906412
-981.4428754290599
-949.042875429066
-762.8428754290618
-346.84287542906384
-149.04287542906187
-587.4428754290691
91.15712457093788
1167.3571245709477
2714.357124570938
1017.3571245709333
1323.9571245709142
2273.1571245709374
905.5571245709355
-859.0428754290642
656.9571245709449
1097.157124570935
-722.2428754290571
-193.64287542906206
-215.4428754290613
2.757124570940883
-347.44287542906096
36.35712457093737
-201.64287542906095
-604.6428754290642
738.7571245709374
-801.6428754290598
-304.2428754290624
-794.0428754290676
-440.64287542906146
-41.242875429063034
-904.2428754290722
-234.64287542905896
1279.9571245709246
-303.64287542906214
-678.6428754290615
-246.04287542906397
502.3571245709413
-694.4428754290681
430.5571245709368
1319.5571245709377
1552.7571245709455
822.7571245709404
1288.7571245709307
666.3571245709359
444.7571245709416
282.7571245709383
-436.0428754290557
113.35712457093422
-548.8428754290653
-126.84287542906299
-340.8428754290628
-490.04287542906184
-372.2428754290598
376.95712457093737
1015.557124570934
-50.442875429064586
292.5571245709395
-473.0428754290641
637.3571245709365
-419.24287542906416
-519.6428754290627
151.95712457094072
-961.4428754290594
-462.2428754290615
1080.157124570935
-504.2428754290625
-303.0428754290619
284.95712457094413
229.5571245709391
52.95712457094356
802.7571245709418
578.5571245709473
591.9571245709412
1521.9571245709465
805.5571245709267
-76.64287542905758
555.5571245709386
1109.1571245709447
222.35712457094394
985.9571245709388
-49.44287542906595
-737.2428754290717
-409.24287542906217
-66.04287542906238
63.55712457093758
503.35712457094223
252.957124570937
-439.2428754290528
-103.24287542906461
-1285.0428754290556
-764.6428754290703
-1010.0428754290642
-914.6428754290706
-198.6428754290622
313.1571245709314
-218.44287542907128
763.7571245709456
-1104.242875429061
-555.8428754290679
246.75712457093437
91.7571245709549
908.1571245709418
725.9571245709383
685.9571245709301
306.75712457093783
646.7571245709403
-110.84287542906362
136.35712457094215
536.7571245709368
-524.0428754290601
-172.84287542906057
81.35712457094091
-1041.4428754290618
-412.84287542906276
-644.642875429061
-245.64287542906408
-145.44287542906372
-393.44287542906216
-228.0428754290627
-582.2428754290738
-94.64287542906646
-2384.642875429059
-1352.2428754290731
-830.2428754290653
-477.442875429063
-1076.6428754290591
-379.8428754290605
177.75712457093522
1460.9571245709544
33.95712457093813
-5.042875429065489
-1077.8428754290592
460.55712457094313
754.3571245709496
-89.24287542905894
367.5571245709407
83.15712457094108
74.15712457093738
760.5571245709424
748.1571245709403
224.95712457093776
-370.6428754290634
-268.6428754290586
-954.0428754290522
-1250.642875429068
914.1571245709521
546.5571245709418
-369.04287542905786
-20.842875429063028
-941.6428754290604
-203.8428754290625
-465.8428754290605
-379.2428754290633
-1671.242875429086
-651.2428754290631
-622.642875429062
-966.6428754290511
-1294.6428754290753
-688.0428754290658
-266.04287542906013
248.7571245709343
-473.84287542906293
608.3571245709497
149.35712457093882
-214.24287542906316
376.5571245709371
-127.44287542906059
-53.44287542906134
-128.0428754290624
229.1571245709367
431.55712457093824
1278.5571245709602
248.55712457094097
1224.1571245709263
141.35712457092518
-844.6428754290671
-822.642875429066
486.95712457094317
855.9571245709117
-472.0428754290565
236.35712457092853
-850.6428754290569
350.1571245709395
497.95712457093515
167.55712457093722
339.35712457094127
304.9571245709354
-312.84287542906355
-476.6428754290672
-294.642875429058
-344.4428754290695
-498.84287542905895
619.1571245709367
-471.64287542906385
759.157124570933
1215.3571245709327
-452.8428754290602
633.1571245709315
404.75712457094016
3.9571245709396545
607.1571245709398
744.9571245709412
-151.84287542906077
1527.1571245709433
621.7571245709368
821.7571245709214
301.55712457093716
-250.64287542906135
-865.6428754290604
39.757124570937435
1847.1571245709506
359.3571245709386
-387.6428754290611
-1363.642875429061
-126.0428754290611
-424.84287542906463
833.1571245709381
647.9571245709373
42.35712457093597
267.35712457093626
1010.9571245709457
-349.2428754290596
-543.6428754290573
1248.1571245709429
1464.5571245709361
-191.44287542906267
523.757124570933
603.1571245709365
-317.44287542906176
209.55712457093708
530.957124570935
111.95712457093755
1099.3571245709438
1854.9571245709321
473.55712457093824
732.5571245709376
-408.2428754290642
-238.04287542906104
-31.242875429060508
-81.44287542905968
430.15712457093883
445.95712457093805
627.3571245709326
-83.64287542905893
665.1571245709284
702.957124570946
163.15712457094185
-722.6428754290607
-128.042875429062
-218.2428754290613
-110.84287542906128
611.7571245709273
172.35712457092637
-163.04287542906337
-263.6428754290621
701.9571245709391
2059.55712457095
207.55712457093713
576.5571245709436
435.35712457094394
522.9571245709462
-12.642875429064103
482.75712457094215
-370.8428754290574
-16.442875429055928
868.1571245709455
410.15712457094264
841.3571245709347
843.3571245709325
440.757124570938
-185.44287542905542
-636.2428754290696
584.5571245709353
207.35712457093632
-170.44287542905963
-218.04287542906133
-705.2428754290703
-935.2428754290642
-635.042875429062
-1063.6428754290612
-25.442875429065403
307.3571245709415
74.95712457093958
359.557124570938
124.55712457094833
153.1571245709399
262.3571245709392
110.15712457093989
1266.9571245709496
247.55712457093784
503.9571245709352
1162.5571245709216
497.3571245709386
-415.84287542906486
258.15712457093775
-611.8428754290616
-627.4428754290554
-150.04287542906263
653.5571245709293
1291.9571245709556
350.757124570941
1313.557124570941
395.15712457094065
-581.6428754290674
176.75712457094193
-102.0428754290645
423.7571245709373
393.5571245709378
-116.24287542906244
-218.8428754290626
224.55712457093153
-381.0428754290584
-650.0428754290648
193.55712457093807
-172.8428754290573
151.15712457093935
336.3571245709433
395.757124570941
495.5571245709346
549.3571245709384
1349.957124570942
795.1571245709562
671.557124570936
460.35712457094064
169.15712457094006
-232.24287542906052
-596.442875429057
314.55712457094177
-100.0428754290678
-198.24287542906075
-243.04287542906187
889.7571245709336
-27.04287542906009
129.15712457093784
84.55712457093709
563.3571245709444
405.15712457094054
-428.0428754290592
-198.4428754290584
491.5571245709436
206.9571245709368
104.95712457093843
874.1571245709196
31.95712457094187
-647.6428754290552
581.9571245709362
-356.04287542906206
-341.6428754290625
-387.64287542906345
-933.242875429059
-1101.2428754290627
-145.04287542906658
363.15712457093593
92.3571245709395
-785.4428754290568
-704.6428754290722
-300.642875429064
-1375.8428754290653
-1384.8428754290715
172.95712457093776
-637.8428754290622
-1293.242875429061
-895.6428754290603
459.9571245709417
292.55712457094285
-1068.6428754290607
153.15712457093863
443.7571245709351
79.15712457094234
-86.04287542906377
807.5571245709372
1051.1571245709447
-150.64287542906533
-208.84287542906708
424.35712457093246
-1416.2428754290593
-647.0428754290647
744.9571245709366
126.35712457094384
-471.2428754290617
-411.0428754290595
-245.44287542906363
-1206.842875429061
-102.2428754290604
31.957124570941772
-211.24287542906006
-784.4428754290589
199.95712457093984
1392.7571245709426
-180.84287542905938
-944.8428754290562
-2.2428754290627273
-106.64287542906177
-868.8428754290449
-196.6428754290657
227.1571245709384
680.1571245709295
290.5571245709397
-80.24287542906035
8.357124570937174
878.9571245709416
153.1571245709406
964.7571245709328
1349.557124570938
-76.84287542906141
-159.4428754290638
727.357124570938
-449.0428754290597
375.9571245709415
318.5571245709387
1328.1571245709385
1023.3571245709346
933.3571245709406
1085.7571245709387
-113.64287542906389
342.95712457093543
494.7571245709335
-154.24287542906842
-440.6428754290557
227.3571245709358
603.5571245709414
-439.24287542906137
-458.04287542906906
37.95712457093434
1240.757124570926
1704.557124570928
1324.3571245709452
702.5571245709355
837.1571245709347
225.5571245709399
-72.24287542906193
677.957124570934
998.3571245709444
499.5571245709368
102.55712457093975
818.7571245709263
424.3571245709307
-36.24287542906103
220.55712457093892
594.7571245709366
1772.157124570941
