-288.3775538018336
1671.2224461981702
-397.97755380183685
716.4224461981756
1429.4224461981537
-93.57755380184072
559.8224461981637
-1278.977553801855
-1618.3775538018583
-1563.9775538018414
-1273.7775538018573
-207.9775538018498
1470.4224461981466
498.42244619815193
-1799.1775538018885
-383.9775538018417
-1306.7775538018898
273.42244619815165
809.8224461981553
-336.17755380185383
1019.8224461981688
-358.77755380183095
-309.17755380182365
494.62244619817005
-284.1775538018353
-180.9775538018391
1547.422446198142
-74.7775538018382
-3536.577553801772
-2068.177553801855
381.4224461981645
-473.1775538018448
2156.02244619817
-785.5775538018435
-270.57755380184017
620.2224461981531
71.62244619815606
-420.5775538018137
1746.6224461981626
-1510.5775538018593
-1982.177553801843
-553.5775538018383
-847.1775538018818
-1507.5775538019043
-187.77755380184144
1123.022446198128
-148.77755380184172
118.42244619816412
-856.7775538018498
-1724.9775538019207
-759.3775538018613
-1766.9775538018541
141.6224461981732
-640.5775538018305
138.22244619816297
91.02244619813831
-1681.9775538019205
-40.37755380187514
-768.5775538018535
-2099.777553801908
-2461.5775538018206
-1119.977553801919
-248.7775538018367
-1978.1775538018612
548.4224461981707
1882.8224461981586
1805.622446198189
1276.422446198162
810.8224461981663
477.02244619816094
766.6224461981582
-12.17755380183997
435.02244619815735
-593.1775538018497
-1122.1775538018614
-2416.7775538018427
-492.37755380186513
-1317.7775538018361
-300.5775538018394
790.0224461982008
1658.0224461981736
151.42244619815378
-1134.5775538018565
-1790.1775538018564
-819.7775538018225
-786.97755380185
-1139.7775538018595
-2239.1775538019087
-1521.3775538018456
403.22244619816314
-20.177553801830364
79.82244619815795
-895.7775538018503
-856.977553801869
141.82244619815953
-273.77755380184385
1152.0224461981422
120.22244619816651
428.02244619815957
-732.3775538018432
482.02244619815906
1186.222446198143
334.8224461981484
1014.0224461981473
667.0224461981488
-833.3775538018638
320.6224461981664
536.6224461981634
-874.3775538018728
-1797.1775538018878
-1853.7775538018816
52.02244619816209
3089.0224461981497
1745.622446198127
1521.822446198174
-873.1775538018273
-1181.9775538018348
-1436.3775538018378
-879.1775538018579
-2116.377553801855
-557.9775538018338
258.8224461981681
-557.3775538018447
380.42244619816046
475.0224461981682
-763.3775538018393
-188.77755380183953
-755.5775538018539
-1114.9775538018582
-1503.7775538018261
-2227.1775538018387
-611.3775538018435
-312.5775538018378
-1510.977553801846
-217.37755380183367
512.0224461981278
-227.77755380183993
375.2224461981578
-1488.1775538018608
-1294.377553801848
-1194.1775538018494
-1567.9775538018666
-2066.577553801834
-103.97755380184373
126.82244619815883
2075.0224461981466
3297.4224461981667
-185.5775538018401
-2402.577553801843
-2441.977553801871
-2193.177553801857
-2345.777553801816
-1039.177553801852
-752.9775538018447
-1638.3775538018433
688.8224461981476
1165.6224461981683
-306.37755380183665
946.4224461981256
1156.4224461981555
933.0224461981577
-274.17755380184366
-2393.9775538018193
-1363.7775538018516
-1220.7775538018468
581.8224461981539
1085.2224461981557
-602.3775538018444
987.0224461981267
2372.022446198169
705.0224461981611
-582.5775538018474
1333.2224461981637
69.42244619815129
124.22244619816733
1701.4224461981623
-2439.1775538018824
-684.3775538018265
29.022446198165504
-538.777553801835
-1877.777553801837
-1717.3775538018147
-1506.7775538018473
-493.7775538018354
143.22244619816095
472.22244619815365
28.02244619816117
1275.2224461981355
1832.8224461980712
1042.0224461981295
1137.0224461981406
565.8224461981702
-1710.177553801833
-733.5775538018364
-1599.1775538018408
-2053.777553801856
-1592.3775538018442
2105.2224461981377
-334.5775538018427
-568.7775538018399
2590.822446198221
537.8224461981329
604.6224461981649
497.6224461981614
-1023.9775538018315
-810.7775538018462
-947.3775538018649
-14.977553801840264
1.0224461981577058
-778.3775538018615
-1712.377553801857
1355.4224461981494
-428.3775538018408
-649.9775538018336
9.022446198158843
931.6224461981649
1613.8224461981674
461.22244619816405
119.82244619816588
1252.222446198195
1538.4224461981566
1733.222446198143
948.6224461981501
1385.222446198136
-2033.577553801794
349.2224461981575
149.42244619816242
703.0224461981552
-6.377553801830754
778.2224461981369
591.2224461981588
-137.17755380184755
2087.4224461981057
2015.6224461981892
1352.6224461981662
1100.6224461981428
-1356.777553801839
474.4224461981593
2754.2224461981446
373.4224461981638
224.6224461981626
48.62244619815854
-1063.777553801832
-1338.177553801868
-2007.9775538018055
-1264.5775538018374
-796.9775538018516
2400.422446198112
1768.0224461981845
607.2224461981715
1054.0224461981861
-382.1775538018377
1200.4224461981546
1307.0224461981393
1924.2224461981382
1029.822446198153
-245.57755380186126
491.6224461981626
-137.17755380182726
-1450.3775538018758
-593.9775538018616
899.6224461981648
1612.4224461981373
-320.5775538018339
1332.4224461981837
1636.6224461981537
-211.57755380183244
-249.9775538018366
1431.8224461981188
1947.022446198143
1550.6224461981644
634.4224461981529
2382.622446198157
1249.4224461981585
192.02244619815764
254.22244619813824
1898.0224461981168
1942.8224461980903
1451.0224461981597
1505.0224461981961
-509.1775538018302
-1597.5775538018502
1163.222446198172
308.6224461981686
1384.6224461981744
79.02244619814803
-941.3775538018431
-149.37755380183862
1355.2224461981816
-991.3775538018544
-1541.9775538018616
-2705.577553801766
-671.5775538018305
812.0224461981553
-364.3775538018387
561.0224461981302
-100.37755380183656
288.42244619815244
2403.6224461981933
1304.6224461981499
1676.2224461980459
-120.97755380183273
48.02244619815805
35.8224461981423
1468.4224461981555
2052.0224461981616
2694.422446198138
3126.222446198176
3614.0224461981925
1501.4224461981191
1478.4224461981955
1577.8224461980715
3977.6224461980923
317.42244619814295
-73.37755380183899
1228.6224461981385
348.0224461981655
64.8224461981586
-993.7775538018548
-125.37755380183887
1967.8224461981908
-157.7775538018469
320.8224461981594
347.0224461981581
430.4224461981614
835.4224461981531
237.62244619816087
-254.17755380183488
699.2224461981365
-142.9775538018352
2960.0224461981
3692.022446198145
1168.0224461981327
-218.57755380184662
1311.8224461981433
2482.8224461981736
1838.622446198172
1520.4224461981812
2837.422446198119
860.2224461981738
2253.8224461981745
1149.422446198099
1782.0224461981484
699.4224461981408
1612.8224461981758
1195.0224461981395
-2293.3775538018326
-1263.177553801833
-2138.77755380188
-2257.777553801887
-188.5775538018372
-282.57755380184045
-46.977553801838
-1518.5775538018086
-339.77755380185937
-815.3775538018623
-545.5775538018212
247.82244619815336
-568.7775538018498
-1694.7775538018454
1069.822446198156
-675.7775538018457
925.2224461981579
2443.2224461981705
1279.2224461981498
1275.4224461981173
717.2224461981381
1747.0224461981823
391.6224461981283
-1403.9775538018228
680.2224461981482
-718.9775538018356
374.4224461981512
2204.8224461981335
2379.0224461981184
2182.622446198138
1325.2224461981655
1144.222446198174
-1062.9775538018387
-1822.977553801856
-888.177553801832
-1620.377553801872
542.4224461981573
1735.4224461981394
502.62244619815175
370.62244619815647
231.62244619815723
683.4224461981559
-438.17755380183775
-294.57755380185404
-706.5775538018293
-2318.177553801841
-201.77755380183677
1028.6224461981683
1267.0224461981632
1738.0224461981752
1509.222446198188
313.8224461981495
871.6224461981701
330.0224461981832
864.4224461981365
-426.1775538018398
341.4224461981678
-530.7775538018401
1866.622446198176
1509.2224461981891
605.6224461981744
864.0224461981262
778.6224461981548
853.6224461981495
-895.9775538018341
-543.3775538018394
-887.7775538018647
-765.3775538018624
-362.77755380183225
36.62244619815595
-379.9775538018331
-290.9775538018493
693.8224461981553
1417.8224461981822
-1162.9775538018214
-2115.177553801837
481.8224461981527
529.8224461981672
-2619.1775538017937
-895.3775538018507
970.6224461981554
2458.822446198144
1119.4224461981325
1711.0224461981425
845.6224461981533
107.42244619816691
922.4224461981894
-510.37755380183967
833.0224461981288
-657.3775538018253
1507.4224461981178
-921.5775538018436
1239.0224461982007
1827.4224461981573
113.62244619815743
-492.5775538018478
303.82244619815964
792.8224461981595
-498.5775538018247
-1907.177553801793
-1353.3775538018378
67.02244619816076
179.0224461981601
-279.1775538018297
-32.177553801835
930.0224461981612
-1609.5775538018386
-2082.7775538017895
-865.1775538018535
93.42244619815749
-3316.3775538018376
-41.57755380183889
2260.2224461982155
120.02244619817009
-558.7775538018358
2983.022446198144
-33.97755380183485
612.6224461981417
1022.6224461981346
-963.7775538018313
-892.9775538018414
702.8224461981561
386.022446198159
821.6224461981193
1921.822446198112
-88.57755380184089
1487.022446198191
-606.3775538018403
-192.9775538018372
-2064.9775538017943
-2998.3775538018476
-1701.3775538018526
-766.9775538018481
147.2224461981789
158.02244619816807
2009.622446198135
710.6224461981544
1142.6224461981521
-1173.1775538018637
-1297.9775538018112
10.822446198151482
-2447.5775538018675
-752.7775538018386
-126.37755380184362
702.2224461981723
-587.1775538018328
1218.8224461981815
1372.2224461982175
1335.2224461981525
1424.8224461981117
1176.4224461981487
-552.977553801835
-2311.5775538018515
-1802.3775538018972
-330.97755380184253
1139.2224461981712
-775.3775538018335
-2097.5775538018534
946.6224461981748
-2237.977553801821
-52.57755380184165
-1759.377553801818
-1782.777553801832
-1203.7775538018311
-1012.5775538018333
-1505.3775538018554
-904.9775538018488
93.2224461981595
-1187.1775538018283
-633.7775538018454
-364.9775538018391
-1403.1775538018273
-2842.177553801833
-4000.5775538018133
-413.77755380183265
-466.3775538018469
-550.3775538018407
-1055.5775538018574
1567.0224461981013
3109.4224461982003
653.622446198158
270.6224461981683
758.8224461981646
30.622446198154883
-1377.3775538018092
-1849.9775538018523
1327.2224461981652
1108.8224461981572
-1068.97755380183
1264.2224461981682
-99.37755380184034
-1675.7775538018684
-163.77755380185042
266.8224461981386
1154.8224461981545
-708.1775538018503
-1024.7775538018318
-976.9775538018305
489.6224461981701
-792.5775538018446
-1140.5775538018402
779.2224461981618
1404.822446198151
-361.5775538018384
-1631.1775538018626
-549.1775538018511
-687.5775538018544
-1201.777553801839
-2006.7775538018798
93.82244619816177
-1119.577553801856
1289.222446198154
148.8224461981612
426.0224461981571
-831.5775538018254
1735.8224461981722
1438.6224461981594
-741.7775538018274
745.8224461981548
842.222446198172
667.8224461981537
158.2224461981621
-345.3775538018408
-1091.377553801856
-30.77755380183723
621.6224461981586
-479.777553801846
335.6224461981609
128.82244619815893
-90.5775538018379
2184.0224461981666
368.42244619814056
997.6224461981401
-85.97755380184022
-721.5775538018561
-34.37755380184251
-884.1775538018331
902.8224461981584
-681.7775538018375
-2032.5775538018852
-1688.3775538018388
-221.7775538018359
1229.022446198172
-1067.3775538018508
-865.7775538018393
-68.17755380184101
-1629.9775538018375
-742.9775538018611
-1277.5775538019
-716.9775538018455
-730.7775538018219
-1015.5775538018453
466.0224461981705
192.02244619816065
-148.17755380185653
-1300.7775538018552
-836.3775538018366
2048.022446198161
-35.9775538018377
149.62244619816425
889.8224461981642
-1305.3775538018597
23.82244619816449
209.8224461981672
587.422446198162
733.6224461981465
1196.0224461981495
70.62244619816491
-1262.177553801849
1020.4224461981438
50.222446198162885
-722.3775538018144
-2542.777553801847
-2323.7775538018504
1599.022446198144
-1540.9775538018393
-3000.7775538018363
-2181.9775538018857
437.2224461981653
57.62244619815891
-1858.9775538018478
-660.577553801844
-1646.5775538018815
-1860.377553801881
240.42244619816594
530.2224461981617
-736.3775538018339
-1903.7775538018673
-650.9775538018515
1841.4224461981469
-639.3775538018424
-1672.9775538018264
-21.577553801849596
-1292.7775538018468
519.622446198165
-108.97755380183419
1244.8224461981101
-483.1775538018393
-359.57755380183784
-921.5775538018399
-525.5775538018448
1369.022446198152
-1747.9775538019048
503.82244619817436
-1324.9775538018384
-3572.777553801846
-497.7775538018329
-1533.1775538018403
-1845.3775538018463
-3260.177553801855
-1739.9775538018594
-1793.5775538017883
-1443.977553801869
-2730.577553801844
-1879.9775538018657
-340.77755380185965
-1381.1775538017996
381.6224461981608
-114.77755380184348
-2461.377553801905
-1160.3775538018147
530.2224461981613
166.02244619815468
-1079.7775538018257
-615.5775538018444
1054.622446198122
987.4224461981661
50.22244619815878
1749.4224461981307
-314.3775538018331
380.82244619816447
741.8224461981392
1387.6224461981483
1775.022446198168
99.82244619816156
-1599.7775538018486
-730.3775538018451
663.6224461981486
743.6224461981453
-1725.1775538018526
-582.5775538018415
-2823.977553801839
-698.3775538018275
-2504.3775538017985
-1233.9775538018193
-840.9775538018397
-1289.5775538018531
-769.1775538018105
22.222446198163464
-681.3775538018268
-31.57755380184512
-1290.7775538018393
-899.9775538018373
154.8224461981592
1426.2224461981696
1291.2224461981566
-300.1775538018425
273.02244619815957
-724.9775538018441
-16.377553801837227
-409.5775538018445
210.82244619816072
376.22244619815564
546.8224461981584
-381.7775538018393
354.2224461981548
1239.4224461981485
549.6224461981805
-2111.5775538017992
1345.4224461981337
-1231.1775538018355
-192.57755380184147
-1001.3775538018443
-3571.377553801863
-595.3775538018417
-786.3775538018264
542.2224461981583
-2427.37755380181
-100.1775538018471
264.62244619816437
-299.97755380184014
-1304.1775538018435
-746.1775538018028
-971.9775538018162
609.222446198161
-91.3775538018431
44.222446198157414
1473.6224461981503
2475.0224461981716
1327.6224461981449
-9.777553801840757
868.4224461981735
602.4224461981252
1851.2224461982084
694.2224461981722
2.622446198155121
547.8224461981532
70.02244619815976
-987.5775538018391
341.8224461981722
-2609.1775538018437
-491.9775538018426
-1279.5775538018324
-524.7775538018594
1016.8224461981713
-2203.7775538018614
-1991.9775538018478
-3160.7775538018345
-1218.377553801846
-2819.777553801873
287.0224461981594
-813.9775538018419
967.0224461981443
1579.2224461981452
-675.777553801868
-23.777553801842156
1814.42244619816
1418.0224461981456
-215.37755380183904
-443.37755380184495
-154.57755380183065
1453.4224461981555
-1134.377553801847
-229.17755380184212
60.42244619815392
1451.0224461981518
-696.1775538018286
313.6224461981655
2521.6224461981724
22.82244619816366
-1429.1775538019078
-1100.977553801837
-647.977553801841
215.82244619815654
-502.57755380182573
-1277.7775538018634
1398.222446198151
-1453.9775538018225
101.62244619815019
-117.3775538018439
425.02244619815934
-2655.177553801893
-585.777553801862
-1045.977553801861
1203.42244619816
40.42244619815762
-526.3775538018701
-423.7775538018427
264.0224461981603
1084.4224461981585
998.8224461981698
861.0224461981679
1259.2224461981468
958.6224461981253
176.82244619817249
1052.4224461981278
1349.0224461981281
2381.0224461981743
607.8224461981619
1524.0224461981463
2209.222446198149
-252.5775538018451
-1156.377553801808
291.02244619816287
1070.2224461981461
-366.7775538018557
85.42244619814893
-354.97755380185225
248.82244619816126
-1418.977553801843
758.4224461981673
140.0224461981603
1758.622446198155
248.2224461981678
997.0224461981584
1184.422446198148
1095.4224461981553
-1043.9775538018364
965.6224461981549
852.6224461981594
-218.97755380184248
393.0224461981628
1162.4224461981505
1438.4224461981926
1419.622446198148
1608.2224461981432
633.8224461981656
86.02244619815372
965.622446198145
940.0224461981601
489.0224461981639
1000.0224461981643
357.2224461981395
-58.777553801848114
333.02244619814695
202.42244619815793
437.02244619816815
-13.377553801848048
-437.57755380185506
915.2224461981648
-873.7775538018346
-809.3775538018436
-920.777553801825
-214.37755380184652
756.2224461981695
1344.2224461981473
267.6224461981629
-68.17755380184317
-609.7775538018345
323.6224461981597
1211.622446198148
-49.77755380183625
-1024.577553801871
182.42244619815853
-94.77755380184817
-243.57755380183823
1181.6224461981317
855.2224461981489
-632.3775538018417
-24.977553801844454
812.422446198163
771.2224461981589
-729.977553801845
269.222446198151
-679.3775538018374
-625.3775538018396
280.42244619816415
-110.17755380184019
-380.1775538018431
214.6224461981607
-113.9775538018387
215.82244619815737
-49.57755380183611
659.422446198151
714.6224461981564
-543.5775538018514
-1083.1775538018564
-791.377553801834
455.622446198157
-538.5775538018513
596.8224461981603
-241.37755380184575
-490.77755380184453
-696.9775538018445
-1227.5775538018493
-664.3775538018444
306.2224461981505
-170.57755380184688
1560.0224461981043
-49.17755380184324
-78.37755380184464
-1333.9775538018373
1561.4224461981487
1295.0224461981543
-1768.7775538018188
2202.022446198121
-944.9775538018496
-813.9775538018598
-486.9775538018526
-294.7775538018448
377.8224461981674
866.2224461981397
397.8224461981552
-443.1775538018409
1524.6224461981499
973.8224461981581
939.6224461981744
-1921.3775538018417
-167.97755380185185
1118.622446198166
768.8224461981564
-782.3775538018533
339.222446198168
-645.1775538018245
-1863.3775538018294
32.222446198159815
-538.9775538018486
-1340.377553801815
6.822446198164652
-478.97755380183486
501.22244619814705
769.4224461981594
1070.8224461981654
-249.37755380184285
1106.4224461981626
750.0224461981494
-1119.1775538018364
1336.8224461981392
-608.1775538018304
-334.5775538018385
-404.37755380184745
174.02244619815758
1242.2224461981618
-782.5775538018537
-1051.7775538018282
-914.3775538018492
945.8224461981586
-718.1775538018491
305.2224461981577
-2176.577553801829
-266.1775538018405
2011.2224461981498
-309.5775538018365
638.2224461981584
-53.7775538018395
578.2224461981573
-994.3775538018449
-1039.5775538018495
453.22244619816246
458.62244619816573
-309.97755380185725
1551.6224461981476
1765.0224461980745
1930.2224461982094
408.6224461981484
1288.2224461981791
696.2224461981685
1494.2224461981339
505.22244619816604
1386.0224461981645
-140.57755380182877
398.22244619816126
-97.97755380183824
470.0224461981621
902.8224461981613
465.2224461981507
569.822446198159
-1302.1775538018217
-0.1775538018404319
1105.8224461981706
2888.422446198194
-502.5775538018432
318.8224461981628
481.4224461981638
-1546.377553801857
1049.8224461981588
-1037.177553801831
-306.9775538018441
527.0224461981566
1329.4224461981598
1575.6224461981526
721.4224461981528
-665.7775538018309
1622.222446198166
2003.6224461981828
2412.8224461981176
1131.0224461981215
3531.222446198119
1798.6224461981105
1447.4224461981978
1857.4224461981375
3277.022446198074
502.0224461981502
1454.2224461981616
979.422446198144
-1238.5775538018534
-137.37755380183884
1641.422446198134
-1438.9775538018484
-1604.577553801836
-1467.977553801853
-30.577553801833915
1877.2224461981812
746.2224461981527
-545.5775538018445
-2008.577553801865
696.8224461981684
2675.622446198104
-471.7775538018285
-1542.777553801844
-1449.9775538018125
187.22244619815132
568.8224461981487
-640.7775538018394
-1207.1775538018403
-1019.9775538018489
573.6224461981525
347.4224461981348
1586.6224461981228
1107.422446198143
-1938.9775538018646
-817.5775538018436
-245.3775538018423
-1553.7775538018834
1036.8224461981554
531.422446198172
-59.57755380183788
-574.7775538018391
-924.5775538018614
-360.57755380183636
871.4224461981519
-779.777553801835
-3091.377553801799
-1138.9775538018157
-2041.5775538018552
-655.3775538018565
642.2224461981605
-700.977553801844
430.82244619814486
-833.9775538018465
-680.977553801835
87.22244619815838
-141.5775538018437
234.22244619816556
2333.822446198157
1293.6224461981553
-1477.5775538018313
-152.97755380183304
640.822446198165
-559.7775538018391
1979.4224461981646
-2052.377553801838
-1956.5775538018522
-839.7775538018352
-2099.777553801877
-2768.577553801812
894.2224461981497
-628.1775538018345
-328.777553801843
1586.022446198154
952.2224461981455
-7.777553801835561
258.8224461981611
417.0224461981655
-240.37755380182858
147.42244619816222
-1512.7775538018593
-2205.3775538019163
-629.1775538018346
-1069.5775538018452
1333.4224461980818
907.622446198109
1542.8224461981213
1258.6224461981408
-498.1775538018343
660.2224461981591
180.62244619815857
-1081.7775538018432
-1328.1775538018576
452.6224461981692
670.2224461981474
-1692.1775538018676
490.62244619815095
155.22244619815774
410.0224461981642
317.2224461981616
-342.97755380184987
-1460.377553801858
-597.177553801874
-165.57755380183585
783.8224461981549
476.4224461981528
291.822446198171
-425.7775538018415
1040.8224461981765
-759.9775538018339
174.22244619816274
963.0224461981527
722.8224461981574
-657.7775538018416
-960.5775538018682
219.22244619816365
2860.2224461981696
2860.022446198148
1517.8224461982184
-488.37755380183887
-293.3775538018377
1083.0224461981431
-56.57755380183872
-716.9775538018442
-1228.777553801847
-365.97755380184094
963.8224461981492
285.8224461981646
904.6224461981681
43.622446198162315
727.4224461981613
-256.97755380183577
1171.4224461981687
526.4224461981656
-591.7775538018399
1005.4224461981648
175.22244619815365
-667.7775538018536
1799.0224461981616
2521.622446198181
1565.6224461981465
329.02244619815576
-831.9775538018504
-111.97755380184554
1976.8224461982109
133.22244619816257
879.6224461981589
874.8224461981551
1828.2224461981798
1861.0224461981895
1675.822446198134
-496.17755380183974
578.8224461981537
195.42244619816415
-1265.9775538018434
-1145.1775538018562
-712.377553801844
-884.3775538018415
694.4224461981443
-127.57755380183762
-1531.977553801849
-7.177553801834563
259.42244619816347
1668.6224461981276
1281.8224461981515
-1286.3775538018353
-769.7775538018317
-135.77755380184254
-2025.777553801836
-1074.1775538018492
-492.37755380184524
645.622446198182
914.422446198147
1706.8224461981802
-162.17755380185133
-968.1775538018553
-1362.3775538018463
262.4224461981722
2664.82244619817
866.4224461981818
170.82244619816768
278.22244619815507
689.8224461981634
344.0224461981587
504.82244619814963
-788.5775538018363
-2051.177553801882
-411.9775538018433
-430.77755380184465
-405.57755380184534
1328.0224461981481
1341.2224461981612
188.02244619816094
1238.0224461981693
264.42244619815233
571.6224461981712
-189.77755380184942
653.8224461981588
750.0224461981661
-1896.3775538018433
-1463.1775538018733
-684.1775538018462
-38.777553801837044
509.22244619814836
1949.6224461982115
1534.6224461981644
1366.822446198147
1791.4224461981667
-2879.777553801821
-831.7775538018329
907.8224461981437
791.6224461981516
507.2224461981434
107.0224461981515
271.42244619816836
549.0224461981587
-895.5775538018438
-688.3775538018493
-802.1775538018927
-492.177553801845
-465.9775538018381
43.422446198167265
834.02244619813
-283.9775538018336
-2403.977553801814
2457.0224461982084
1092.0224461981504
-284.97755380183986
-1804.7775538018614
929.6224461981288
-1824.3775538018547
-2606.7775538018905
-538.9775538018407
-3102.9775538017952
-1144.1775538018426
924.6224461981624
-637.9775538018788
-545.977553801842
-844.7775538018258
-956.1775538018463
-846.9775538018482
-317.577553801851
-648.5775538018341
2349.822446198173
970.4224461981785
-171.57755380182033
-310.57755380183386
-968.1775538018506
-1667.9775538018382
-1530.1775538018749
-556.7775538018454
-294.5775538018514
-1095.177553801879
299.422446198166
655.0224461981717
10.822446198157666
-3145.577553801886
3285.8224461981386
2706.0224461981593
2244.422446198114
-931.3775538018392
-1111.1775538018517
-1903.1775538018203
-2593.5775538017833
-1306.5775538018083
-1956.7775538018452
-1014.5775538018548
1497.8224461981483
-446.7775538018478
-456.17755380186406
1032.2224461981614
-1802.177553801857
-1917.7775538018732
-1218.3775538018165
-612.5775538018249
-803.9775538018474
-2344.177553801668
-1500.1775538017803
-1659.3775538018438
-729.3775538017974
-1161.977553801786
-340.7775538018288
274.622446198159
-1395.3775538018094
-1007.9775538018428
285.82244619815134
2132.222446198151
806.2224461981715
-969.177553801865
1099.8224461981686
1227.0224461981602
-965.1775538018461
-1737.9775538018675
-307.17755380184633
688.0224461981657
-1889.3775538018508
-1473.1775538018708
-1627.3775538017999
-3201.377553801881
-1211.5775538018818
309.4224461981579
-301.37755380184205
-524.5775538018175
-1685.5775538018295
-413.9775538018406
-1434.1775538018192
-2164.377553801856
-2799.5775538018556
-1857.7775538018282
-531.3775538018073
-1382.1775538019083
-2772.1775538017564
-4253.77755380172
-3646.577553801819
-316.1775538018403
-1328.7775538018404
-974.3775538018466
-1537.1775538018721
-1026.777553801838
-606.5775538018406
253.82244619815845
-307.37755380185223
236.62244619816457
-2107.177553801851
-1663.3775538018838
-409.1775538018437
-275.57755380184796
1065.2224461981607
-1181.3775538018363
-1257.377553801828
-334.17755380183263
-1362.3775538018165
-254.57755380182533
-1388.9775538018341
-2076.977553801846
-3001.1775538017228
-2030.377553801824
-2423.177553801831
-2368.777553801872
-2418.977553801784
-1155.1775538017534
-1982.177553801806
-1611.3775538019222
-1462.777553801761
798.2224461981452
-2345.7775538019073
-1195.177553801795
-407.7775538018401
-1507.7775538018686
-401.3775538018411
-508.3775538018351
-762.5775538018321
997.0224461981338
1210.0224461981602
2619.022446198121
1469.2224461981946
-223.77755380183444
-529.5775538018444
448.8224461981657
1353.6224461981833
348.02244619816406
-2069.577553801865
-1292.5775538018697
-840.7775538018165
-1547.3775538018542
-1382.577553801858
-764.5775538018623
-1650.5775538017526
-2375.377553801812
-3700.5775538018415
-1470.7775538018252
-3038.17755380195
-2460.177553801811
-2190.5775538018056
-283.1775538018439
-2087.9775538019308
-1529.9775538018644
56.22244619815602
-1000.1775538018601
-162.97755380184458
-2070.3775538018044
-1065.7775538018557
1451.4224461981476
-722.3775538018355
-1201.777553801844
-564.5775538018153
1997.2224461981573
-130.97755380183744
-975.9775538018386
210.02244619816375
1427.422446198129
761.8224461981551
1275.4224461981685
-2127.7775538018614
-3330.1775538018687
-2924.3775538018317
-2094.777553801842
-689.3775538018183
-1268.3775538017876
-1322.177553801843
-2676.977553801846
-4044.9775538017216
-674.3775538018663
-2117.3775538017867
-2992.9775538019726
-1365.7775538017477
-1152.7775538019184
-2255.177553801853
-1993.1775538017985
722.2224461981731
954.4224461981456
531.8224461981647
1059.6224461981403
-159.5775538018467
2258.4224461981507
1844.0224461981402
-882.7775538018298
977.8224461981546
1610.4224461981419
1233.0224461981563
-656.9775538018473
445.4224461981649
2580.2224461981864
1149.0224461981747
920.0224461981683
438.422446198158
-2316.9775538018066
-2685.1775538017127
-2000.1775538018442
-1861.3775538018476
-1548.777553801877
-2166.7775538018404
-1445.3775538018845
-2839.177553801815
-1256.177553801839
-2692.5775538018074
-1441.3775538018067
-1967.177553801775
-3051.5775538019575
-3068.777553801838
-2422.9775538018885
-150.9775538018382
-496.5775538018373
574.222446198155
566.0224461981679
1020.4224461981587
2073.6224461981346
216.4224461981703
-2191.1775538018137
-926.377553801833
991.4224461981629
1627.2224461982269
-807.5775538018656
-1162.9775538018266
2607.022446198215
3241.822446198286
-1175.9775538018455
-1705.9775538018616
-2238.777553801846
-1317.5775538018065
-2839.5775538018897
-1419.977553801866
-726.5775538018311
-1732.1775538018169
-1030.5775538018072
-2178.9775538018785
19.022446198146813
-2029.5775538018038
-1102.3775538018408
-3662.7775538018805
-1023.9775538018436
326.0224461981743
-1347.9775538018728
-519.3775538018517
101.42244619815872
928.2224461981501
1146.4224461981812
510.42244619814903
1421.2224461980936
1047.2224461981436
385.62244619818455
-1829.3775538018551
236.2224461981497
1630.022446198155
-178.37755380184058
463.2224461981667
2820.2224461981086
4128.422446198194
-381.77755380184374
-121.97755380184428
-318.7775538018467
-2741.9775538018034
-3669.3775538018867
-982.3775538018366
-2026.977553801861
-1388.7775538019002
-1245.977553801825
-1804.3775538019202
-918.5775538018004
649.4224461981601
-1517.3775538018465
-2320.177553801852
-198.97755380184384
-1060.5775538018245
1062.4224461981632
1882.422446198147
1187.0224461981766
-769.1775538018422
-100.57755380184493
2484.2224461981505
1988.6224461981908
2112.422446198136
1387.0224461981713
1633.6224461981026
1298.822446198094
2191.822446198228
-351.77755380184266
809.4224461981438
3438.6224461982565
1529.6224461981597
1441.622446198139
-99.57755380184224
3.422446198160575
-2325.177553801881
-1122.5775538018518
-2970.177553801836
-2032.5775538018809
-697.5775538018319
-1187.377553801858
-1694.7775538017847
-1002.9775538018552
-597.377553801885
-1255.7775538018416
-439.97755380185197
-1032.3775538018608
-2158.377553801851
911.2224461981478
775.622446198159
1476.2224461981448
-734.1775538018414
371.02244619817156
2063.0224461981734
1444.2224461981227
-247.7775538018366
34.82244619815597
278.8224461981627
210.8224461981578
1048.622446198151
181.6224461981496
-25.377553801846734
843.6224461981644
-151.97755380183747
1998.4224461981464
1059.6224461981317
1264.4224461981655
-1460.17755380182
-547.3775538018554
66.02244619817466
-2313.1775538018805
-2107.1775538017896
-1142.9775538018193
-1788.177553801848
-1390.7775538018932
-1792.1775538019194
45.622446198160276
50.022446198160594
-533.1775538018651
2552.4224461981853
1453.222446198163
741.6224461981624
603.0224461981563
279.6224461981602
2002.4224461981248
390.4224461981605
353.6224461981815
124.62244619815749
585.4224461981352
162.22244619814265
1068.2224461981893
2972.2224461981577
1811.0224461982068
1460.622446198181
2186.8224461981513
2570.0224461980883
1098.0224461981027
1276.8224461981304
488.2224461981582
1120.6224461981549
-2149.377553801862
-840.577553801831
-1684.1775538018574
-1769.1775538018433
-1867.7775538018382
451.82244619815737
577.6224461981627
-2193.1775538018337
-1923.377553801843
-871.9775538018458
-273.37755380184194
434.8224461981573
915.2224461981434
645.2224461981386
-485.37755380184785
-606.7775538018477
-223.3775538018424
1311.222446198113
1898.8224461982065
1364.6224461981637
2540.822446198164
371.2224461981696
1720.222446198158
1385.0224461981297
-335.97755380184174
1251.022446198171
158.82244619816197
792.8224461981775
-1324.3775538018306
-525.7775538018352
1080.8224461981422
315.22244619817775
358.2224461981445
-2251.3775538018567
-1936.3775538018522
-1145.3775538018572
-1828.3775538018433
-1405.9775538018303
-1375.9775538018544
-1476.5775538018431
-2006.7775538018295
-1422.3775538018415
428.2224461981538
535.0224461981531
1466.4224461981548
1475.622446198168
-420.17755380184764
-61.97755380183843
-218.37755380183313
2260.022446198152
2540.6224461981674
-364.77755380184226
566.0224461981734
-281.1775538018374
20.222446198153918
1050.022446198152
1563.4224461981576
934.2224461981577
-1237.1775538018524
-50.97755380181879
-265.9775538018463
1928.4224461981862
1075.4224461981544
-665.5775538018403
1728.2224461981693
-1566.777553801863
-1574.577553801818
330.02244619816116
2489.622446198149
1225.622446198147
-490.777553801839
1054.0224461981347
-1028.1775538018474
-1098.7775538018527
1206.8224461982
1681.422446198142
877.6224461981615
1628.6224461981612
1228.2224461981414
96.2224461981665
-898.377553801844
-401.7775538018434
-53.17755380184434
-771.1775538018276
1559.8224461982375
-1285.1775538018562
181.0224461981639
-467.977553801848
-282.7775538018403
-1035.177553801854
-1319.1775538018364
259.8224461981601
-1845.5775538018506
3045.422446198124
2210.6224461981906
-1233.9775538018462
704.0224461981198
-1429.1775538018437
690.4224461981247
2311.4224461981653
2616.4224461981416
2287.222446198195
3000.4224461981457
1355.8224461981604
210.42244619815796
1082.8224461981586
-172.9775538018385
2111.42244619816
1505.2224461981152
-151.37755380184348
338.2224461981594
-1048.7775538018104
-574.3775538018361
-1639.1775538018235
-1932.9775538018641
889.0224461981576
2126.8224461981663
-368.17755380184593
937.4224461981619
-852.9775538018334
-10.977553801839008
-260.97755380184253
-870.7775538018442
369.02244619815673
-272.3775538018411
-392.377553801832
666.2224461981265
1013.6224461981536
741.4224461981371
-1106.1775538018478
2836.022446198225
4030.8224461981476
5357.622446198211
2248.6224461981833
3675.8224461981854
3106.4224461981244
474.4224461981595
195.02244619816364
587.622446198154
550.6224461981625
1534.022446198137
272.4224461981646
-1286.3775538018085
-1552.1775538018555
-444.77755380184345
-1566.777553801838
-2786.377553801881
-691.5775538018357
-763.3775538018353
294.6224461981628
-898.3775538018124
-648.5775538018472
-57.17755380184985
-974.5775538018412
-3298.7775538018027
-1322.5775538018452
1071.4224461981576
1398.022446198197
-1310.7775538018354
1943.6224461981776
-1039.1775538018398
997.2224461981612
2452.2224461981837
3420.0224461981084
6397.222446198224
4160.222446198223
5134.622446198153
1983.2224461982341
2153.622446198089
867.2224461981584
-87.17755380181518
510.02244619816656
889.0224461981597
-83.17755380184008
-939.377553801843
-2410.9775538017952
-1534.377553801857
-872.7775538018385
-41.977553801837125
455.82244619815316
-24.37755380183743
2391.8224461981868
903.0224461981664
1489.6224461981787
552.6224461981601
-979.377553801853
-1844.177553801812
-765.977553801853
91.62244619815033
2981.022446198139
-134.9775538018321
1776.822446198132
551.2224461981666
452.8224461981566
2962.622446198056
2506.2224461981664
3475.422446198119
1133.2224461981173
3821.0224461982143
2106.6224461981033
2646.422446198134
-87.57755380186
1631.4224461982265
3170.622446198043
-22.377553801831183
-825.37755380185
5.622446198156915
-782.9775538018328
-1231.9775538018237
-1736.7775538018336
-2189.7775538018454
474.82244619816913
-1429.7775538018427
1405.222446198163
343.82244619815935
319.82244619815714
-1278.1775538018453
-1402.9775538018312
-515.1775538018514
-1165.5775538018265
-94.3775538018429
1861.4224461981398
2038.2224461981846
2034.2224461980704
469.6224461981595
-682.5775538018438
2483.622446198304
1460.622446198162
3003.8224461981167
2207.6224461981133
3757.222446198203
263.6224461981606
754.022446198171
-727.3775538018498
730.0224461981776
234.22244619815535
-322.7775538018346
-1131.3775538018122
-1182.3775538018654
-944.177553801838
-851.177553801836
-1091.7775538018336
-595.5775538018188
17.022446198156487
-32.97755380183705
1169.6224461981549
370.62244619815266
-62.57755380185417
-1444.7775538018502
-971.3775538018409
-606.1775538018455
-1368.977553801831
-611.7775538018119
1634.0224461981384
2308.0224461981466
-252.5775538018419
-785.5775538018318
228.82244619817
1731.2224461981923
1068.222446198135
2648.422446198149
956.422446198233
2691.0224461981425
1055.8224461981704
1500.4224461981464
1007.0224461981912
478.62244619814936
-1099.9775538018314
1502.2224461981464
1488.4224461981864
389.6224461981683
-556.377553801832
-982.3775538018373
-641.3775538018446
-416.5775538018438
1084.0224461981652
892.6224461981542
-1156.9775538018491
-954.7775538018291
-2360.77755380183
-2329.5775538017847
-1002.577553801844
-1037.3775538018251
-746.1775538018519
275.0224461981542
462.8224461981612
1384.6224461981828
54.82244619815611
-808.7775538018537
1316.4224461981717
90.02244619815188
135.42244619815645
-216.37755380183677
-59.977553801841296
879.0224461981536
1426.2224461981566
143.02244619816494
-385.1775538018451
-859.1775538018366
-82.7775538018373
1668.6224461981813
1471.6224461981628
210.02244619815866
236.4224461981628
-1388.977553801873
-1916.7775538018927
-948.9775538018398
-226.37755380184103
-418.3775538018367
-787.5775538018355
-363.57755380184045
-1381.7775538018395
-3025.577553801847
-999.3775538018357
-1048.9775538018425
-396.5775538018399
70.42244619817136
-444.97755380183554
-317.97755380184657
-684.5775538018378
-1081.3775538018397
-188.37755380184615
-355.1775538018559
719.6224461981359
907.0224461981799
-457.77755380183925
-820.3775538018355
-840.7775538018435
-307.1775538018486
-1210.5775538017829
215.02244619816153
-437.57755380185023
420.22244619815723
928.6224461981716
274.622446198171
640.62244619814
715.822446198167
-1284.5775538018113
-687.977553801852
-1122.7775538018507
350.2224461981554
-1478.377553801843
1179.82244619815
181.82244619816345
-3784.377553801821
1061.6224461981526
-775.3775538018455
-92.97755380186089
-566.5775538018464
-783.5775538018502
579.422446198167
265.0224461981602
-758.7775538018353
-1034.9775538018382
663.8224461981745
381.62244619815635
1260.2224461981702
-892.7775538018427
844.4224461981637
872.2224461981713
-721.3775538018414
-2036.7775538018461
280.62244619816045
-166.97755380183568
-637.5775538018406
962.0224461981609
-533.1775538018462
-1102.77755380184
-382.9775538018403
-1702.3775538018183
-1372.7775538018116
181.42244619816182
991.0224461981671
-543.5775538018543
451.42244619815364
-741.9775538018516
-2974.9775538018207
-59.97755380184141
-817.9775538018109
-774.7775538018385
-1500.777553801871
-853.5775538018336
1098.4224461981694
-1179.5775538018065
-2022.3775538018374
-180.77755380185
1126.0224461981609
-969.5775538018395
245.0224461981602
-966.9775538018364
839.2224461981705
1059.4224461981391
-1957.1775538018503
-22.97755380184758
166.62244619815672
1976.6224461981571
683.0224461981581
-1076.7775538018582
-1386.7775538018573
-728.1775538018331
-2176.7775538017972
-891.3775538018207
-486.17755380183866
761.822446198156
-80.57755380184764
866.4224461981722
-154.37755380184186
-485.5775538018399
-1405.7775538018625
-663.1775538018411
-1590.577553801855
-830.9775538018216
-1239.3775538018608
-128.17755380184025
490.0224461981609
551.8224461981562
1113.6224461981478
320.4224461981567
870.0224461981318
998.6224461981475
1866.4224461981976
-438.37755380184615
854.0224461981602
-109.57755380184273
-2078.577553801863
1276.622446198158
164.6224461981595
1216.8224461981656
1840.8224461981613
799.422446198155
-618.9775538018489
-365.7775538018442
-2318.177553801885
-460.977553801853
-106.77755380184642
1093.2224461981687
1172.622446198166
2915.2224461982214
1265.222446198165
-76.37755380184026
101.22244619816101
1967.6224461982008
-434.97755380183685
980.2224461981515
1421.6224461981406
-775.5775538018406
20.42244619817049
2211.822446198156
506.2224461981639
488.8224461981681
378.0224461981604
808.6224461981519
1462.2224461981607
800.2224461981805
188.4224461981549
-1592.3775538018665
944.0224461981768
3565.6224461981346
1361.422446198206
442.6224461981539
51.62244619815581
640.6224461981681
1025.6224461981983
765.0224461981338
-43.777553801831694
-233.97755380183798
621.6224461981619
775.8224461981529
2769.422446198131
3641.022446198144
820.0224461981164
1100.622446198164
1170.2224461981584
181.0224461981622
2054.4224461981507
1693.8224461981608
1547.4224461981485
828.0224461981444
262.0224461981459
930.622446198131
2826.82244619812
676.0224461981578
-1019.1775538018418
2742.622446198153
1520.0224461981225
1992.0224461981402
2411.022446198206
-425.3775538018422
90.02244619814776
-194.37755380185152
-295.7775538018473
-166.37755380184436
-362.1775538018407
28.22244619815763
2176.4224461981935
2120.4224461981653
-169.77755380184985
1187.0224461981359
555.0224461981772
-733.9775538018398
2941.622446198238
-503.3775538018497
-6.97755380184155
732.02244619813
-753.1775538018373
-1292.1775538018364
2195.4224461981535
552.4224461981286
522.022446198148
1572.8224461980915
252.82244619816055
209.02244619816733
2176.422446198175
2120.222446198137
941.0224461981218
2241.2224461981546
350.4224461981723
-1239.7775538018702
-33.57755380183868
-1393.1775538018558
431.82244619814327
466.62244619813293
1403.8224461981335
1021.4224461981404
-857.7775538018467
558.2224461981318
29.022446198149265
155.42244619814315
638.622446198152
2042.6224461981765
651.6224461981648
-1560.9775538018678
1474.8224461981565
833.622446198158
1689.822446198147
555.8224461981337
-822.5775538018459
-1529.377553801846
-727.1775538018474
-763.1775538018622
220.22244619815868
-482.1775538018367
-1510.9775538018391
-1714.5775538018208
1336.8224461981665
-972.1775538018469
-1060.5775538018404
277.6224461981546
-98.17755380183849
-2485.7775538018263
-2585.1775538017996
-949.3775538018698
713.222446198157
333.22244619814836
115.42244619815449
-1257.5775538018447
-1204.177553801845
851.0224461981242
-565.1775538018562
-250.57755380184648
75.62244619816279
174.82244619815688
441.8224461981495
-239.7775538018392
1179.2224461981407
607.8224461981664
844.2224461981522
-783.5775538018471
813.6224461981602
1020.8224461981573
-706.1775538018429
311.0224461981643
360.6224461981629
-1190.777553801835
281.22244619815666
963.8224461981974
1028.2224461981377
-660.577553801852
-1972.5775538018738
-943.7775538018426
601.2224461981687
-2084.177553801869
-1148.177553801848
-613.17755380183
-202.97755380183406
-666.377553801845
1030.822446198157
-252.37755380184493
443.22244619816007
311.2224461981529
-1498.377553801859
-282.37755380184336
-188.57755380185574
-1038.7775538018375
350.4224461981427
-268.1775538018388
-746.3775538018302
-81.57755380182967
-570.3775538018442
1004.6224461981753
1773.0224461981838
-696.3775538018218
-393.77755380184357
31.822446198157582
-1093.5775538018443
-881.9775538018133
-1610.9775538018594
-812.9775538018422
-46.577553801843074
-52.77755380184155
-1925.7775538018766
-2059.1775538018505
-2529.777553801859
-1967.577553801836
902.2224461981436
-46.17755380184041
-1648.5775538018454
-796.3775538018418
1322.6224461981853
646.4224461981447
1175.2224461981475
1136.022446198172
-990.3775538017918
406.0224461981529
-767.1775538018369
-927.1775538018777
711.0224461981509
1272.2224461981739
1248.2224461981593
830.422446198143
-464.3775538018402
500.82244619816316
639.2224461981584
1347.222446198179
1699.622446198158
-682.7775538018368
388.022446198158
961.8224461981529
989.6224461981564
411.4224461981967
1683.4224461981644
354.02244619815644
355.2224461981645
2057.0224461981575
-1488.177553801873
-624.1775538018697
139.0224461981499
179.8224461981657
-717.1775538018385
-236.97755380184353
852.2224461981592
1084.2224461981348
266.0224461981594
1081.422446198182
553.8224461981567
2.4224461981591157
-334.5775538018295
-704.5775538018668
-433.5775538018533
-1273.1775538018546
-1583.77755380182
938.0224461981302
-28.777553801844412
-347.3775538018422
-644.3775538018464
1030.0224461981636
-1354.9775538018139
-1220.3775538018479
1358.6224461981344
-720.9775538018495
552.6224461981541
1099.8224461981538
-1014.7775538018557
-1114.3775538018604
-1212.9775538018503
1067.022446198179
1573.0224461981493
1507.8224461981745
703.4224461981355
3217.222446198081
1278.8224461981324
499.8224461981625
979.2224461981576
126.82244619813422
-1043.7775538018523
-381.5775538018416
182.4224461981579
-138.57755380184182
-1196.7775538018234
-509.97755380184145
-865.3775538018275
-606.377553801796
-2117.177553801864
-224.37755380184606
549.0224461981544
1415.4224461981155
-305.77755380184254
-1037.977553801853
-1995.9775538018791
-1538.3775538018508
519.0224461981604
-194.97755380184682
676.4224461981544
1971.4224461981491
-1011.7775538018519
-740.5775538018444
1299.4224461981323
374.8224461981367
194.42244619815435
1562.4224461981876
2026.4224461981232
1088.6224461981415
-1188.777553801826
315.4224461981574
1329.822446198163
1394.0224461981506
72.22244619815882
382.2224461981533
386.4224461981563
-1604.7775538018182
-1188.7775538018439
-164.9775538018279
1255.0224461981418
481.6224461981567
-922.5775538018094
-2253.577553801853
52.02244619814784
-850.9775538018355
-1513.7775538018363
252.82244619815964
384.2224461981584
-985.1775538018503
375.0224461981565
-32.5775538018421
-860.5775538018286
-213.1775538018433
-104.1775538018387
-161.77755380182785
1104.4224461981598
650.6224461981509
2038.4224461981462
2249.2224461981614
480.2224461981767
-1391.57755380185
-311.9775538018398
1043.8224461981627
629.8224461981534
69.22244619815658
-2021.9775538018155
-2714.3775538018517
-143.5775538018397
-191.97755380184364
381.0224461981613
-973.9775538018195
-476.77755380184414
-287.3775538018445
244.6224461981628
-2178.7775538018022
360.62244619815675
-1107.7775538018498
-634.1775538018396
768.0224461981572
-321.17755380183837
880.4224461981673
-550.7775538018496
22.222446198159368
1362.0224461981609
364.82244619815646
738.822446198175
-116.5775538018506
222.82244619816402
-683.7775538018426
176.0224461981659
1031.822446198197
170.822446198172
22.622446198133574
501.4224461981334
-1086.1775538018421
-824.9775538018536
642.0224461981277
2477.822446198279
-1428.1775538018626
92.0224461981623
2424.422446198178
1360.0224461981481
1688.022446198148
1749.2224461981605
649.0224461981727
1379.822446198172
-594.5775538018173
1617.622446198145
1053.4224461981503
61.222446198150955
-13.377553801850157
18.42244619815505
470.2224461981629
41.022446198152934
-1125.177553801844
-188.37755380184552
987.222446198127
1017.0224461981948
229.42244619817535
413.6224461981622
-167.3775538018475
224.62244619815488
-899.9775538018612
785.2224461981552
-562.1775538018372
-57.777553801842146
-58.377553801839326
1074.822446198155
-377.3775538018407
-546.3775538018385
-90.77755380184436
22.02244619816427
2402.2224461981873
75.02244619815207
-122.77755380184271
1885.222446198123
-497.5775538018372
-1349.177553801875
-3216.177553801837
-680.1775538018211
-1890.1775538018826
-1253.7775538018461
-324.77755380183896
-426.57755380184085
-935.177553801833
697.0224461981444
-1746.5775538018356
-2308.9775538018293
-45.77755380185463
951.2224461981261
1041.622446198125
385.22244619817076
1004.4224461981095
927.422446198155
-115.77755380183663
2632.2224461981414
1346.6224461981733
878.4224461981581
2182.2224461981177
1645.8224461980847
-21.977553801841676
-974.3775538018526
506.6224461981977
1651.8224461981783
1488.022446198136
1719.022446198137
-485.1775538018486
477.0224461981577
-99.77755380183964
-2144.5775538018656
-1205.177553801859
-743.9775538018099
888.6224461981576
731.422446198159
1377.4224461981732
-241.3775538018377
-1082.5775538018559
977.0224461981702
1422.4224461981885
-542.1775538018283
682.8224461981665
1712.0224461980956
818.8224461981877
921.2224461981845
871.8224461981529
1909.822446198168
600.0224461981542
1801.6224461981737
1570.6224461981258
2454.022446198046
1000.2224461981549
755.2224461981668
-446.1775538018704
-1719.9775538018641
194.62244619815834
752.2224461981433
1264.822446198135
929.8224461981579
-328.37755380183967
-1015.1775538018443
-3020.977553801748
-4300.977553801833
-1165.1775538018248
-419.9775538018344
1735.222446198126
558.6224461981759
-734.377553801863
-1078.3775538018313
80.82244619814283
-655.7775538018518
102.02244619816628
-188.37755380183722
2243.022446198191
1237.0224461981193
1760.8224461981417
2172.4224461981903
1145.6224461981276
1740.2224461981336
422.02244619816616
1978.2224461981461
749.6224461981803
1374.2224461981737
-1401.3775538018494
1652.822446198162
1368.6224461981865
-2153.777553801837
-2231.3775538018167
-786.1775538018568
158.62244619815505
834.022446198184
-1498.1775538018453
-849.5775538018491
-632.7775538018298
-730.977553801828
-1325.3775538018406
-1713.377553801848
169.0224461981625
-1156.3775538018324
-998.5775538018551
-1618.177553801838
243.42244619815474
-419.1775538018431
1177.0224461981602
1511.0224461981736
1153.222446198149
609.4224461981727
1722.2224461982498
-175.57755380183949
525.822446198147
286.822446198147
-38.37755380182466
1032.0224461982007
2276.6224461981956
106.8224461981586
-746.7775538018448
869.0224461981524
-918.9775538018403
188.4224461981658
-440.7775538018391
-296.1775538018326
-653.9775538018368
827.0224461981581
1450.422446198166
620.422446198166
871.2224461981692
691.6224461981529
3092.222446198143
132.02244619815974
23.222446198166274
-1512.3775538018508
-552.3775538018442
-327.77755380184885
-1391.77755380184
454.42244619815654
-884.1775538018346
132.42244619815725
-23.777553801842053
2145.4224461981544
250.6224461981728
-595.1775538018478
852.4224461981687
683.2224461981541
16.022446198159415
1051.0224461981647
1312.2224461981793
1031.82244619812
1234.022446198117
-923.5775538018628
-3164.3775538018745
1225.8224461981422
271.02244619815946
526.8224461981389
60.42244619816512
1643.622446198161
1109.822446198163
508.02244619816
-1270.3775538019
-982.7775538018165
536.8224461981699
-1551.7775538018002
-1755.5775538018638
-1695.7775538017904
-1613.9775538018207
-628.3775538018599
-1497.7775538018527
-86.17755380183895
-635.377553801834
192.82244619816862
-885.377553801841
871.8224461981647
1364.822446198169
-1152.1775538018253
-687.7775538018404
664.22244619816
66.82244619815832
289.22244619816837
-596.3775538018356
1838.8224461981692
1683.8224461981786
-923.7775538018468
1282.022446198162
1427.6224461981687
714.6224461981415
-746.7775538018553
-453.3775538018446
1215.0224461981686
-1555.3775538018156
-1318.5775538018206
-1077.3775538018087
-810.377553801844
-356.17755380183826
-310.17755380182655
601.6224461981618
-703.5775538018582
-417.3775538018302
1279.0224461981506
1002.2224461981704
-795.9775538018333
941.4224461981779
-157.9775538018429
875.4224461981674
-1248.3775538017928
257.4224461981436
-306.5775538018471
73.02244619816452
-1032.3775538018435
1122.0224461981793
1360.8224461981392
-1782.57755380182
-512.1775538018454
426.6224461981657
-721.177553801842
-1027.3775538018278
-32.17755380184251
704.2224461981558
-1201.9775538018594
-2015.7775538018254
-1683.177553801853
-1007.1775538018569
-811.5775538018395
-505.17755380184093
24.822446198162552
1050.0224461981566
471.4224461981679
-2052.1775538018596
-3205.9775538017257
-165.3775538018433
-566.9775538018363
154.42244619815443
-2115.1775538018783
-859.5775538018463
152.42244619816475
-93.5775538018404
903.4224461981419
-287.37755380184046
271.02244619816827
481.022446198151
-1388.3775538018597
-1279.177553801835
-1159.9775538018507
-807.3775538018442
-1010.977553801837
-397.9775538018264
7.022446198159102
-1826.7775538018595
27.622446198159203
1420.8224461981697
-1202.5775538018434
-928.3775538018459
-816.977553801855
1121.222446198165
886.0224461981528
-2743.77755380183
-2736.377553801879
1507.8224461981479
-1106.7775538018284
-1648.1775538019165
-513.1775538018303
602.6224461981645
-727.7775538018385
763.4224461981585
-772.1775538018419
927.4224461981388
266.62244619815453
-796.9775538018419
2755.2224461981587
695.8224461981567
-36.377553801835944
424.4224461981642
994.8224461981488
-1557.977553801825
-1852.3775538018112
1468.4224461981612
-350.17755380183894
-557.1775538018359
1125.4224461981573
-175.3775538018452
-647.9775538018399
1040.4224461981687
474.222446198167
161.02244619816506
335.4224461981689
615.0224461981436
-35.37755380184278
-2207.377553801862
-205.77755380184558
621.6224461981691
49.022446198157155
-1371.3775538018585
-423.97755380184446
371.6224461981583
1131.222446198161
1830.8224461981388
-1628.577553801829
1897.2224461981596
1624.0224461981406
-1692.1775538018646
776.0224461981572
-506.9775538018441
400.02244619816463
373.6224461981748
-1043.3775538018433
-2843.3775538017526
-1081.7775538018318
-178.17755380184127
-691.1775538018406
254.42244619816222
-651.7775538018443
771.22244619816
506.422446198159
-837.5775538018432
665.8224461981603
-218.9775538018371
1412.0224461981556
1064.2224461981486
-801.7775538018452
406.8224461981565
1903.422446198158
689.8224461981661
447.02244619816366
-1988.777553801811
-652.17755380184
1653.0224461981572
2585.4224461981325
1880.2224461982028
-1115.1775538018196
-2360.177553801839
-809.777553801856
-406.97755380184446
-751.577553801849
-2942.177553801834
-650.9775538018334
-1574.777553801835
-710.9775538018486
-3923.1775538019406
-1785.3775538018426
189.02244619815835
-1124.5775538018427
-1167.577553801879
-949.1775538018463
-51.377553801843945
1023.0224461981379
9.222446198156739
-490.97755380183645
59.22244619815244
2396.822446198153
2030.2224461982048
-2037.9775538019142
-1159.3775538018135
-891.9775538018074
917.6224461981348
-1500.977553801836
-1576.5775538018404
-691.9775538018221
876.422446198161
-140.17755380184724
523.2224461981665
154.42244619815145
-921.1775538018114
-2485.5775538018224
756.6224461981499
-2353.17755380184
-1721.777553801861
-2226.5775538018106
-3173.177553801821
-521.1775538018467
-2726.777553801845
-492.1775538018685
-1420.9775538018255
214.8224461981556
-329.1775538018174
-1558.3775538018851
37.6224461981549
1202.4224461981528
402.0224461981555
271.22244619815183
-637.5775538018247
1014.2224461981631
1706.2224461981427
36.22244619815583
-267.37755380184325
-793.9775538018741
1049.2224461981546
-1245.977553801829
-169.77755380184504
104.42244619815936
391.42244619815955
585.8224461981631
339.62244619815976
-766.5775538018355
1290.6224461981342
-1629.7775538018254
307.6224461981547
-954.5775538018556
-2171.9775538018307
-410.3775538018369
-2457.37755380179
-1564.177553801828
-4482.9775538018
-1221.977553801847
-340.37755380186053
1234.2224461981482
-1359.17755380182
-41.97755380183748
3050.622446198169
511.82244619815316
375.8224461981624
1989.4224461981178
1086.2224461981743
961.6224461981683
-119.57755380184132
-2022.1775538018528
-96.77755380183467
-1297.1775538018642
-55.97755380184256
-2238.7775538018273
-1190.5775538018179
417.02244619814434
1191.422446198182
2066.0224461981716
237.82244619815958
-849.1775538018426
1049.0224461981595
552.4224461981557
703.0224461981678
-18.9775538018422
-2100.7775538018395
-135.37755380184035
-2336.7775538018896
-1010.9775538018885
-3577.777553801885
-813.1775538018154
-1651.5775538018968
-615.3775538018394
-2320.7775538018464
-691.9775538018489
2.0224461981602815
-1065.1775538018717
-1155.3775538018529
-42.97755380184265
579.8224461981471
1340.4224461981687
389.62244619815766
-558.7775538018335
-137.3775538018691
153.42244619815818
429.4224461981617
-1816.1775538018069
-943.377553801884
1107.62244619817
1692.4224461981767
1086.8224461980863
-201.17755380184178
-1271.1775538018744
1145.6224461981546
1097.622446198141
-1756.177553801868
-1031.3775538018426
-1054.5775538018495
-563.9775538018362
-1777.1775538018517
492.2224461981619
-3324.3775538018854
-561.1775538018359
-331.97755380185663
491.2224461981601
271.22244619815484
1133.8224461981263
-780.7775538018512
-40.5775538018355
-697.5775538018411
-947.1775538018426
-438.9775538018402
750.222446198154
369.22244619816365
-1057.7775538018445
-445.57755380183863
-144.77755380186923
-1642.9775538018075
-2033.377553801896
-1727.1775538019065
401.0224461981635
2130.0224461981597
982.2224461981561
350.62244619816084
194.02244619816182
116.02244619815806
538.222446198197
-829.7775538018494
-725.9775538018444
288.8224461981471
-1055.5775538018443
-1578.9775538018732
-1155.3775538018483
-2226.3775538018876
-1099.1775538018385
537.222446198155
-395.7775538018433
-329.97755380184486
25.22244619815603
297.2224461981652
898.6224461981468
-483.17755380183974
-912.9775538018456
439.02244619814957
611.6224461981565
97.02244619817263
-799.7775538018385
-1418.977553801859
-953.1775538018336
-648.7775538018551
-745.7775538018326
-16.777553801835115
34.422446198155285
2447.222446198117
1819.422446198136
1405.4224461981491
747.4224461981518
-784.9775538018398
-530.1775538018378
33.02244619815958
-8.37755380183745
201.62244619816454
-250.97755380183972
-387.5775538018415
995.8224461981521
-508.77755380186693
-1477.9775538018218
-776.1775538018533
290.2224461981562
-83.1775538018491
1208.0224461981868
-496.57755380184454
-208.77755380183558
-254.5775538018331
723.4224461981244
2225.0224461981607
3069.822446198151
1098.8224461981779
285.82244619815214
-1130.9775538018257
404.4224461981581
-334.5775538018516
1080.2224461981443
1460.0224461981509
-739.577553801843
3686.4224461980943
1945.6224461981435
1800.4224461981719
509.6224461981699
-689.3775538018457
587.8224461981557
1655.2224461981498
1158.6224461981694
-16.77755380184288
1273.2224461981596
652.022446198155
2349.2224461981946
361.6224461981553
1371.2224461981477
1501.6224461981938
681.2224461981681
-146.17755380184303
2140.622446198161
189.82244619816046
-1043.7775538018473
712.622446198154
903.6224461981608
1256.0224461981643
2179.222446198183
496.22244619814643
-975.5775538018347
-570.9775538018392
713.0224461981445
-510.97755380183355
168.42244619815503
14.622446198157903
-1206.5775538018247
2113.222446198163
1496.0224461981554
389.8224461981565
-964.5775538018383
-1698.5775538018606
474.8224461981612
-231.97755380184657
-277.1775538018442
-186.57755380184037
-189.177553801847
-1450.7775538018682
704.2224461981654
-80.77755380183699
1085.022446198165
711.4224461981611
-1550.57755380183
759.6224461981641
1599.4224461981275
1675.222446198146
18.222446198157357
-783.9775538018456
698.8224461981603
1586.8224461981686
-344.77755380181617
212.8224461981564
-969.5775538018305
-256.5775538018456
-894.9775538018293
-2419.977553801891
-2750.7775538018714
-1589.3775538018222
-992.7775538018749
878.2224461981584
572.6224461981635
172.62244619817528
-708.1775538018182
-982.7775538018279
-506.17755380186503
317.42244619815995
1171.2224461981525
113.62244619814564
-913.3775538018541
-856.9775538018507
422.4224461981583
-1299.5775538018404
-313.97755380185174
-1582.7775538018288
-2992.577553801895
-44.97755380184925
-607.5775538018554
-242.37755380182705
202.02244619815667
402.02244619816264
191.02244619815838
206.62244619814805
-1880.5775538018963
-1463.1775538018533
-1794.9775538018762
-1013.3775538018468
-1283.1775538018924
-2512.9775538018325
-3545.577553801771
-2790.377553801805
-602.777553801844
1169.022446198141
-1087.5775538018486
28.22244619816597
181.2224461981545
-2718.1775538018424
-2371.7775538017963
239.62244619815382
-1325.5775538018788
-952.9775538018625
-1774.5775538018863
-1106.977553801845
-170.57755380183198
-371.77755380181196
-1138.5775538018358
-2905.1775538019147
-33.57755380184658
1578.6224461981215
-666.1775538018437
-1616.7775538018798
-1921.5775538018033
-159.37755380184126
1054.0224461981586
-54.57755380183873
-1376.5775538018238
-2418.177553801827
-1756.5775538018313
-2948.377553801848
-1958.7775538018748
