-384.31959438869075
2390.6804056113115
1333.680405611316
729.0804056112908
1225.4804056112885
-41.51959438870156
116.88040561130794
678.2804056113035
1212.8804056112954
540.6804056113006
461.48040561130216
581.0804056113001
48.48040561129589
-468.91959438870236
-442.9195943887046
371.480405611298
1232.4804056113103
1321.0804056112875
1180.4804056112955
944.8804056112943
672.8804056112971
811.4804056112891
611.0804056113061
822.2804056112944
737.4804056112904
260.28040561129893
91.08040561129523
538.8804056112966
834.8804056113042
831.6804056113052
546.6804056112956
1218.0804056112852
3382.8804056112963
1540.6804056112858
339.6804056112988
773.280405611298
447.2804056112939
-701.1195943887
-1050.7195943887082
48.880405611300056
752.2804056112925
156.68040561129732
16.280405611297095
645.4804056112902
39.48040561129386
-1096.9195943887094
-756.1195943887003
-210.5195943887017
584.6804056112961
262.2804056113026
-191.71959438870383
-602.7195943887045
-407.319594388701
-407.31959438870814
-217.31959438870388
-361.11959438870207
561.2804056112849
398.2804056112997
-471.51959438870523
-118.1195943887011
665.080405611287
609.2804056112956
-216.71959438870164
104.28040561128053
2225.6804056112987
1424.4804056112907
36.68040561129641
409.8804056112996
43.280405611297965
-263.71959438870283
-234.51959438870102
-92.51959438870125
682.4804056112941
-708.5195943887044
-613.5195943886968
511.88040561130026
164.28040561129524
-202.71959438870527
285.8804056112995
-352.51959438870495
-258.91959438870265
-560.1195943887003
-1423.5195943886952
-951.3195943886979
29.880405611297768
344.6804056112953
-69.719594388701
-1191.9195943887232
159.08040561130397
-452.11959438870485
-860.919594388693
-478.3195943887029
-25.919594388702706
-540.9195943887048
-432.3195943887012
-394.51959438869767
1302.2804056112977
1822.0804056112752
748.8804056112969
426.28040561129774
-119.51959438870477
-890.7195943887033
-1074.1195943887087
-1338.9195943886996
-24.119594388706915
-370.11959438870133
-206.91959438870242
746.4804056112933
184.48040561129494
463.08040561129656
644.8804056112964
-260.71959438870084
564.4804056112965
529.080405611297
-648.3195943887033
487.080405611297
562.0804056113025
383.8804056112979
-633.9195943887023
-1480.5195943887009
-319.3195943887018
-471.51959438871046
-436.11959438870497
-422.71959438870323
-431.7195943887029
89.88040561129792
1257.6804056112828
492.880405611296
906.2804056112966
1578.6804056112996
784.4804056112919
932.2804056112982
-172.31959438870248
-1243.3195943887129
-866.7195943887143
-751.9195943886934
183.88040561130055
131.880405611297
-583.3195943887093
-387.7195943887036
-1323.719594388711
-495.7195943887025
-64.7195943887036
-1429.719594388704
-620.9195943886978
587.8804056112948
504.88040561130043
125.68040561129682
-145.5195943887026
957.8804056112907
275.68040561129664
321.2804056113005
905.8804056113031
243.88040561130137
92.08040561129619
-37.31959438870449
428.8804056112991
890.2804056113013
591.2804056112952
259.2804056113003
478.08040561129894
513.2804056112911
515.280405611298
928.2804056112982
-427.91959438870424
-1127.9195943886955
-676.5195943886966
-431.9195943887063
-237.51959438870543
-294.5195943887011
-870.3195943887024
-950.5195943887106
-904.119594388695
-6.319594388705923
-765.5195943886936
-1809.5195943886933
-1292.7195943886977
-262.5195943887019
577.080405611295
650.0804056112971
460.6804056112994
14.48040561130447
-157.7195943886941
-428.1195943887005
896.2804056113001
203.68040561129914
-22.119594388705767
448.48040561129545
498.88040561130197
13.480405611297083
-501.7195943887024
428.8804056112995
1271.2804056112966
698.4804056112972
278.0804056113007
628.080405611296
-880.7195943887073
-1471.5195943887072
-570.1195943887008
-351.9195943887046
-524.3195943887023
-330.7195943887041
-167.91959438870526
-1379.3195943887197
-1506.3195943887013
-1035.1195943887208
-1471.7195943886957
-878.9195943886954
-136.91959438870487
-129.7195943887025
-727.1195943887075
100.48040561129734
261.0804056113016
-1031.9195943887032
-147.11959438870514
-641.1195943887111
56.88040561129503
-219.11959438870076
-827.9195943886923
-193.11959438870142
-14.319594388706584
-783.1195943887222
-779.5195943887154
577.6804056112983
1746.8804056113074
358.0804056113052
-352.9195943887004
170.28040561130047
-564.719594388707
-720.9195943887074
51.480405611293776
-574.7195943887061
-905.719594388708
-664.3195943887165
-824.319594388714
-915.9195943886982
-1056.5195943887052
-1039.319594388713
195.88040561129793
-345.9195943886973
384.28040561130047
536.6804056112969
-251.91959438870052
-378.3195943887017
-441.91959438870407
-460.91959438870055
-113.71959438870206
-158.91959438870353
-224.51959438870352
390.6804056112988
280.68040561129413
181.68040561129737
511.2804056112973
-490.5195943887054
288.080405611296
1087.280405611298
2284.8804056113067
1022.8804056112909
278.48040561129534
727.6804056112966
207.48040561129307
729.0804056113021
115.2804056112958
-521.9195943887079
-1051.1195943886994
-731.7195943887112
-761.9195943887124
-592.5195943887067
-603.5195943887036
-875.7195943886964
-299.3195943887028
-288.1195943887038
214.68040561129692
51.48040561129391
29.080405611297817
-392.3195943887057
39.88040561129861
-279.51959438870426
-118.31959438870159
203.28040561129765
370.28040561129757
119.88040561130111
-209.71959438870323
891.2804056112924
132.8804056112974
39.68040561129681
280.8804056112961
439.2804056113019
1881.4804056112994
1479.8804056112906
595.0804056112992
663.2804056112983
-273.11959438870423
1065.880405611302
492.28040561129586
-540.3195943887031
589.4804056112957
267.2804056112963
-249.51959438870125
-656.519594388708
-381.91959438870447
-1160.7195943887075
-370.91959438872414
1226.4804056113046
880.4804056112939
198.68040561129672
-162.31959438870442
-252.71959438870107
-311.5195943887101
-636.1195943887112
-924.119594388706
-253.91959438870168
646.080405611293
27.68040561129764
-1222.1195943886928
448.2804056112998
198.28040561129595
263.68040561130414
808.4804056113011
757.8804056113037
2763.0804056113084
1182.080405611299
-285.7195943887082
192.48040561129397
-352.3195943887064
-458.5195943887028
-654.3195943887022
-1420.9195943887091
-262.919594388705
-240.11959438870005
-411.9195943886996
-1175.1195943887083
-668.5195943887077
-659.3195943887027
39.880405611297014
515.680405611296
-237.31959438870342
665.6804056113021
-1079.9195943887053
-461.71959438870067
-142.91959438870413
214.68040561129402
-1063.1195943887044
-1017.9195943887108
-237.1195943887044
253.28040561129657
-1072.5195943887047
-214.9195943887039
-1080.5195943886908
-627.5195943887029
412.88040561130066
502.6804056113006
1586.88040561131
1364.2804056113096
-517.7195943887127
-209.71959438870496
-365.91959438870606
556.880405611292
316.4804056112979
-165.11959438870744
735.6804056112957
183.48040561129363
246.0804056112976
556.6804056112985
444.2804056112979
74.28040561129268
561.6804056113018
205.08040561130127
799.4804056112957
571.0804056113012
-45.91959438870306
1140.8804056112958
410.6804056112917
125.28040561129745
-182.91959438869748
-875.719594388702
-962.1195943887025
1299.480405611303
407.880405611294
-37.719594388705175
-539.9195943887054
167.08040561129465
1422.280405611296
143.68040561129692
1593.2804056112795
438.480405611299
-1078.5195943887068
-165.11959438870144
-950.519594388703
543.0804056113088
519.0804056112916
-429.5195943887079
354.48040561129153
838.8804056113023
531.0804056112963
80.08040561129921
-1065.7195943886964
-1.7195943887053602
205.28040561129706
-62.71959438870799
1152.6804056112899
-734.5195943887071
-678.9195943886981
404.6804056112985
412.6804056113009
474.0804056112975
-933.5195943887031
-255.11959438870397
-450.7195943886995
-596.9195943887046
-276.5195943887023
-567.7195943887003
-41.31959438870402
-722.9195943886988
70.48040561129673
189.88040561129742
1801.6804056112994
-526.5195943887043
-917.3195943887032
103.08040561129388
-1133.1195943887024
364.08040561129815
840.2804056112974
-78.1195943887069
9.280405611295976
1440.0804056113138
927.4804056112943
-1167.3195943887167
-1314.5195943887109
-292.3195943887048
-370.1195943887037
1511.080405611318
1515.8804056113045
70.0804056112986
789.4804056112945
707.0804056112927
-426.7195943887045
-447.11959438870207
-1580.9195943887048
-434.91959438870254
1261.4804056113055
-382.11959438870355
-1011.5195943887113
-961.5195943886954
-569.9195943887015
-990.3195943886985
-739.1195943887002
-714.3195943886975
765.8804056113025
163.68040561130022
484.280405611303
-265.1195943887001
-920.3195943887047
-952.7195943886952
-479.7195943887062
-123.71959438870601
-271.11959438870156
671.680405611304
579.280405611296
-2169.3195943887195
910.0804056112992
716.0804056113028
-2327.3195943886935
58.880405611298436
666.8804056113007
-507.11959438870497
74.6804056112956
-1495.7195943887027
-1476.719594388703
-1054.3195943886935
-611.919594388707
-829.3195943887117
-144.7195943887019
-114.91959438870069
228.08040561129744
-482.3195943887011
-326.7195943886993
-31.519594388705585
188.48040561129886
-242.51959438870261
952.0804056112889
522.4804056112954
118.48040561129935
254.08040561129798
-1021.1195943886963
-904.3195943887082
-981.1195943887019
567.2804056112964
-199.11959438869712
813.2804056112986
269.48040561129835
-686.3195943887024
972.480405611294
-130.51959438870483
-1760.7195943887118
-1023.5195943886981
-314.5195943887041
-280.51959438869915
-815.9195943887021
-1023.7195943887021
-939.3195943887088
-970.1195943887016
-227.3195943887058
-748.1195943886969
-53.71959438870117
1034.2804056112993
445.6804056112991
844.0804056112962
127.88040561129655
-1131.7195943887004
-780.5195943886985
23.4804056112971
571.6804056113035
433.28040561129313
-316.5195943886975
1110.2804056112948
344.680405611298
564.0804056112954
506.88040561129947
-59.51959438870419
-27.71959438869925
-4.3195943887046795
-748.7195943887045
6.480405611296497
-119.91959438869901
-1647.119594388713
-953.5195943886938
-701.5195943886982
-283.31959438871274
501.68040561129493
-1524.3195943887167
-502.5195943887155
-13.519594388700856
-620.3195943887048
23.080405611296698
-454.319594388708
899.2804056112928
561.2804056112965
-950.519594388714
-423.11959438869985
-67.31959438870521
-1348.3195943887072
-1727.1195943887085
-1957.1195943887012
-1452.5195943886993
28.68040561130153
-607.9195943887039
757.4804056112961
-786.1195943887062
-282.91959438870606
173.88040561129253
679.8804056113148
950.4804056112959
-1005.319594388707
-1016.5195943886981
624.0804056112974
800.8804056112981
-591.5195943887032
-312.9195943887027
-1590.319594388709
-1321.5195943886888
-16.91959438869705
-1264.319594388679
-533.5195943887072
356.880405611298
724.6804056113018
973.6804056113032
-285.9195943887019
-363.5195943887084
-588.3195943887025
-606.9195943887015
147.08040561129903
-241.11959438869803
-896.9195943886975
501.4804056113002
-271.5195943887077
-359.51959438869613
-163.31959438870487
-530.7195943887016
-48.919594388707196
-663.9195943887032
-57.91959438869692
691.6804056112858
2409.480405611291
1991.0804056112884
164.88040561130703
323.4804056112967
1574.2804056112986
-145.31959438870751
-1484.719594388709
-1375.9195943887194
-2589.919594388683
-1026.7195943886936
1241.4804056112937
-268.7195943887039
-103.71959438870154
165.88040561130077
545.8804056113065
-417.1195943887087
-181.71959438870093
-121.71959438870391
26.480405611297687
-340.7195943887039
1424.6804056112906
117.28040561129922
220.08040561129602
330.4804056112982
-615.9195943887082
-60.11959438870135
-820.7195943887052
-863.3195943886943
-772.1195943887042
-106.9195943887022
504.48040561129903
542.680405611304
881.6804056112986
254.48040561129972
171.48040561129588
217.4804056112993
-27.71959438870583
-1639.519594388711
-366.1195943887032
173.08040561129837
-1244.1195943887114
-798.9195943887048
-63.71959438870317
-1181.7195943887114
-124.71959438870064
-629.1195943887027
345.880405611295
652.8804056112906
1149.6804056112985
1303.6804056113044
934.6804056112982
1034.6804056112912
1001.8804056113001
-787.9195943886995
241.08040561129673
-521.319594388703
-1207.9195943887073
-609.1195943887061
-1108.9195943887082
405.68040561129374
249.88040561129236
203.48040561130134
446.28040561129615
1205.0804056112872
1393.2804056113096
-750.5195943887054
70.68040561129715
808.0804056112819
-760.1195943887078
-1052.5195943887115
-358.1195943886975
135.4804056112955
634.4804056112973
-1243.7195943887223
-1287.5195943887027
-2257.9195943887207
-1795.119594388701
-508.5195943887036
-334.71959438870687
-683.1195943886983
-461.91959438870134
-815.3195943886983
-780.5195943887074
810.28040561131
1070.0804056112966
1115.4804056113016
1393.080405611319
180.4804056112971
171.4804056112962
-363.71959438870044
-1908.7195943887143
-644.5195943887109
-44.519594388700156
793.2804056112998
396.48040561129795
649.2804056113033
766.280405611301
30.2804056112983
409.8804056112978
907.0804056113008
655.680405611291
1141.480405611294
527.0804056112981
-548.3195943887036
904.8804056113014
981.880405611299
-254.1195943887033
-905.7195943887012
-440.7195943887064
-292.9195943887049
-883.9195943887003
-459.3195943887032
-133.31959438870044
11.680405611299243
-382.7195943887071
573.8804056112963
971.2804056112915
1349.0804056112938
1059.6804056113012
949.4804056112974
300.2804056113017
-746.7195943886892
-1276.7195943887266
-340.91959438871186
813.0804056112999
1081.2804056112914
-481.91959438870475
-153.9195943887042
704.0804056113002
1147.0804056112975
850.0804056112916
617.4804056113079
189.68040561129874
375.4804056113031
931.6804056112984
-618.9195943887031
-324.5195943887121
1724.6804056112862
639.8804056112998
851.2804056113011
1087.2804056113014
-7.319594388701679
-417.1195943887028
834.0804056112942
1995.680405611302
1269.2804056113014
522.680405611292
688.6804056112826
2037.6804056113099
1868.080405611293
260.48040561129227
434.6804056112998
-820.5195943886888
-1599.3195943887092
-1514.5195943887297
-901.5195943887073
260.8804056112959
1534.0804056112902
697.8804056112973
1348.080405611274
837.8804056112949
566.2804056112843
1355.4804056113303
1049.6804056112962
893.480405611293
1154.2804056112725
529.0804056112894
396.8804056112903
223.28040561130032
1194.280405611297
496.08040561129945
182.88040561129853
-151.91959438869867
-244.91959438870126
-177.51959438870082
-57.11959438870468
885.6804056112974
900.2804056112974
1567.2804056112934
1890.2804056112911
2080.480405611287
1459.2804056112939
91.88040561129432
-754.7195943887056
-1465.9195943887037
-1051.1195943887117
-3505.5195943886783
-1361.119594388709
-652.7195943887025
2259.480405611297
2636.0804056113057
1385.0804056113072
1161.6804056112917
399.8804056112865
848.6804056112895
174.08040561129388
-3.319594388697803
-153.91959438870333
101.08040561130707
814.880405611308
580.2804056112954
155.68040561129615
385.48040561129926
305.6804056112997
806.2804056113005
-95.11959438870873
389.28040561129467
335.68040561129675
-439.91959438870447
-92.5195943887042
1489.6804056113085
1331.080405611293
751.880405611299
967.6804056112953
-481.5195943886995
-1279.1195943886958
-1885.7195943886954
-1460.7195943887057
-2267.319594388685
-769.9195943887107
-1176.1195943887149
-847.5195943887088
1091.080405611301
430.8804056112945
992.6804056112962
759.6804056112991
93.08040561130082
38.08040561129785
-892.1195943886953
190.08040561129275
686.4804056112879
-292.1195943887051
-179.3195943887019
-766.7195943887024
74.88040561129964
415.2804056112969
668.6804056112948
-598.1195943887013
-17.919594388697924
110.68040561129149
509.08040561128314
20.480405611300647
676.0804056112994
686.0804056112888
849.6804056112991
1028.8804056112974
-734.1195943886985
-1554.9195943887053
-2096.3195943887185
-1741.5195943887381
-4128.919594388671
-2673.119594388703
-1603.7195943887168
-819.3195943887081
325.6804056112975
873.8804056112997
413.4804056112936
-114.71959438870178
168.08040561129542
-326.3195943887045
-1158.319594388708
533.0804056112974
600.0804056112976
-925.3195943887065
-914.3195943887014
-473.51959438870614
-523.5195943887016
-1028.9195943886984
-130.91959438870114
-760.3195943887034
-756.1195943887009
582.4804056112945
54.28040561129647
-479.1195943887037
-105.91959438870357
726.4804056112981
461.28040561129654
-152.31959438870112
-933.919594388711
-1904.1195943887
-2476.7195943886945
-2440.31959438872
-4480.519594388703
-2621.119594388745
-369.1195943887061
1249.0804056112918
828.2804056112986
1153.4804056113057
499.2804056112986
-1106.5195943887022
228.08040561129948
576.2804056112896
-221.91959438870137
570.0804056112977
875.8804056112848
903.4804056112979
839.6804056112926
1022.0804056112994
440.48040561128863
56.88040561130154
621.0804056113057
442.2804056113048
1.0804056112971852
-582.519594388702
-1066.719594388713
-277.7195943887042
1107.880405611296
1639.6804056112908
759.0804056113017
-35.71959438870029
-523.9195943887004
-1583.5195943887188
-2871.9195943887034
-3360.3195943886612
-3652.7195943887423
-2123.1195943886905
-868.9195943887134
177.8804056112971
-88.51959438870126
-293.51959438869363
-284.31959438868665
-1056.919594388707
-607.3195943887063
-549.5195943887101
-188.3195943887058
625.280405611294
495.0804056112951
-15.719594388704543
-107.11959438870245
-359.51959438870733
-199.1195943886994
-820.5195943887098
-732.5195943886976
328.8804056112988
-175.91959438869736
-412.31959438870626
134.68040561129763
856.880405611292
691.0804056112992
1839.0804056113022
1731.6804056112953
838.0804056112971
39.88040561129043
-456.3195943887131
-2770.7195943886813
-3994.1195943887187
-3425.1195943887074
-2425.919594388682
-1576.1195943886637
-584.9195943887017
-893.9195943887241
-939.9195943887089
8.480405611296103
536.6804056113016
285.48040561129494
26.480405611295318
48.88040561129907
-171.7195943887085
42.28040561129971
-385.71959438870795
-478.9195943887059
-982.3195943887198
-414.71959438870323
-487.7195943887068
-683.1195943887025
-131.51959438870392
-271.9195943887076
85.68040561130184
-70.91959438870522
11.480405611293381
-344.5195943887055
172.68040561129746
377.68040561129743
14.28040561129731
-711.5195943887028
-1661.7195943886973
-2766.7195943887027
-3372.3195943886703
-3578.1195943886714
-3089.119594388674
-1606.7195943887236
-715.5195943887143
-1290.5195943887231
-1145.1195943887315
-599.7195943887031
251.08040561129698
481.4804056112954
249.48040561129451
-757.9195943887044
-2039.3195943886926
-1105.3195943887033
-407.519594388703
-66.3195943887029
171.48040561129685
391.68040561129993
789.8804056112983
932.2804056112952
710.2804056113007
103.4804056112968
-84.11959438870579
-419.7195943886978
-505.7195943886995
-616.7195943887072
-647.1195943887099
-410.3195943887071
-885.7195943886995
-1458.5195943887297
-1987.919594388696
-2437.719594388719
-3096.9195943886957
-3480.1195943887
-3035.7195943887054
-2210.3195943887
-1593.5195943886692
-2067.119594388712
-1440.3195943887401
-1216.119594388718
-1081.9195943887164
-449.5195943887035
-126.51959438870726
-110.91959438871352
-769.7195943886991
-364.5195943887005
-130.91959438870958
-1003.1195943887249
-1179.319594388707
-393.9195943886988
-1083.519594388699
-1038.119594388687
-1263.1195943887008
-2363.1195943887183
-1954.7195943887014
-1608.919594388713
-911.1195943887144
-1526.1195943887126
-1798.5195943887463
-1708.7195943887145
-2207.9195943886903
-2444.7195943886986
-2629.719594388722
-2528.91959438871
-3238.319594388655
1336.2804056112893
289.6804056112972
-220.5195943887038
226.4804056112976
-976.3195943886974
-787.1195943887112
134.88040561130117
205.48040561129756
-970.5195943887173
-815.9195943887034
-462.11959438870264
-635.3195943887059
-835.3195943887088
-971.9195943887107
-436.31959438870587
-7.719594388702973
8.880405611297725
-425.719594388709
-1053.1195943887083
-1273.9195943887137
-884.919594388711
-587.7195943887011
-314.91959438870526
-506.5195943887155
-796.9195943887031
-836.3195943887147
-311.719594388701
-27.519594388706622
-266.91959438870913
-392.1195943886995
121.4804056113038
2275.2804056113046
290.48040561129676
-729.3195943887022
95.48040561129514
90.4804056113002
-737.3195943887051
-966.5195943887106
101.2804056112953
234.0804056112976
-451.519594388704
-327.91959438870015
271.88040561130066
-328.71959438870607
-825.7195943887089
-686.5195943886999
-389.1195943887038
209.08040561129962
316.4804056112956
-87.71959438869914
-720.3195943887018
-395.11959438870383
-316.3195943887033
-171.71959438870644
-435.719594388705
423.28040561130183
421.0804056112993
-387.11959438870247
-334.3195943886997
322.28040561129797
106.28040561129495
-861.9195943886966
-826.1195943886989
1174.2804056112936
-156.11959438870244
-1219.5195943887036
-248.5195943886965
-8.919594388703345
65.48040561129415
124.68040561129945
124.88040561129708
603.0804056112977
-884.7195943887043
-700.5195943887038
192.2804056112943
-241.319594388701
-97.51959438870335
428.48040561129665
-285.91959438870316
-168.51959438870304
-331.1195943887036
-1204.9195943887007
-510.7195943887029
730.4804056112938
800.6804056112929
475.2804056112955
-878.3195943887009
315.2804056112975
-288.9195943887022
-763.9195943886995
-648.5195943886954
-163.51959438870628
-800.9195943887005
-828.7195943886954
-1172.3195943886963
328.8804056112964
78.08040561129651
-682.1195943887084
-253.71959438869237
-134.11959438870488
-213.71959438870402
-478.1195943887013
-774.7195943887018
237.48040561130085
-104.31959438870398
-43.71959438870303
550.8804056112976
-45.719594388702866
335.2804056112985
677.4804056112974
-147.91959438870256
507.0804056113008
92.48040561130446
-1038.1195943887135
201.4804056113016
741.4804056112936
380.0804056112989
-559.319594388704
-1375.3195943887108
-409.1195943887023
-659.7195943886991
-861.5195943887144
-1073.3195943887088
-1129.7195943886925
-903.319594388703
461.48040561129744
-242.71959438870132
193.08040561129965
-55.5195943887025
-173.119594388704
588.280405611298
279.08040561129803
-60.31959438870488
148.28040561129333
251.08040561129962
966.4804056112972
719.2804056112992
-45.31959438870423
79.88040561129314
-988.1195943887078
-397.51959438870637
239.28040561130308
-1076.9195943887055
-679.1195943887063
199.68040561130164
193.08040561129758
-718.3195943887049
-584.1195943887013
817.2804056112911
-98.51959438870351
-234.51959438870577
508.0804056112965
-32.319594388704445
-378.1195943887037
-865.7195943887003
-352.7195943887066
159.68040561130408
197.48040561129795
-191.11959438870315
-279.51959438870114
-896.3195943887081
155.08040561129593
1044.2804056112973
668.6804056112985
335.68040561129743
452.6804056112959
541.280405611296
522.8804056113006
266.08040561130287
-96.11959438870969
13.28040561129815
-136.31959438870484
461.4804056112968
265.6804056112973
-1054.1195943887021
-879.5195943887062
243.28040561129643
849.280405611297
150.280405611296
62.28040561129869
425.2804056112952
-101.9195943886994
-789.5195943887111
510.48040561129966
-171.71959438870167
-681.1195943886996
-258.9195943887046
-72.91959438870666
-170.11959438870247
-482.9195943887044
-145.31959438870103
158.68040561130087
-398.7195943886959
91.48040561129511
810.2804056112998
-11.91959438870515
-435.91959438870634
407.08040561129883
660.8804056112873
261.6804056112941
593.2804056113085
1112.4804056112973
-28.719594388700784
-363.5195943886949
67.48040561129538
191.68040561129988
525.0804056112977
645.4804056113061
678.2804056112961
78.48040561129604
122.08040561129536
355.4804056112984
-327.3195943887036
604.0804056113035
-216.9195943887004
-13.919594388700933
-693.9195943887165
-1661.7195943887007
-1097.1195943886976
-769.1195943887054
-1204.719594388704
-1189.5195943887154
-668.5195943886829
2.6804056112964894
-839.919594388702
-632.919594388706
297.88040561129594
-299.51959438870335
-640.5195943887047
407.0804056112959
137.48040561129702
-286.3195943887035
379.28040561129944
405.2804056112976
666.4804056112989
430.8804056112969
469.0804056113075
1528.8804056112897
478.48040561130273
522.480405611294
335.68040561129123
-205.11959438870218
-41.91959438870266
140.68040561130587
728.0804056112997
772.4804056112982
143.68040561129422
-636.5195943887068
-129.51959438870404
-139.719594388703
-287.9195943887015
-248.51959438870261
-1307.319594388696
-513.7195943887167
-253.31959438870484
518.4804056112966
-875.7195943887084
-451.71959438870454
891.8804056112995
449.6804056112967
606.8804056112924
107.08040561129692
-273.3195943887034
-560.5195943887013
490.0804056112974
514.8804056112972
907.0804056112981
777.6804056112958
371.4804056112982
516.4804056112985
-55.319594388701624
244.08040561129496
-237.31959438870263
93.8804056113031
266.48040561129693
795.880405611294
983.4804056113048
940.080405611304
326.6804056112983
-263.11959438870133
-46.31959438869907
46.88040561130171
1047.2804056113
-527.3195943887048
-740.5195943886943
-450.1195943886991
-720.7195943887065
-139.91959438870492
-314.91959438870344
-243.7195943887045
427.0804056112969
55.08040561129941
1018.2804056112973
436.08040561129906
-259.91959438870407
1104.4804056112969
1352.8804056113
949.6804056112974
916.4804056113018
1289.6804056112742
152.68040561129973
442.28040561129603
1622.0804056112997
1089.4804056112941
466.0804056112998
555.8804056113023
752.4804056113034
452.48040561129807
556.0804056113003
371.88040561130043
109.68040561129395
559.480405611305
198.48040561129142
-823.9195943887036
916.6804056112979
-13.5195943887066
-46.719594388703385
376.48040561129756
-575.1195943887074
447.28040561130246
-150.3195943887008
-630.719594388707
273.6804056112981
28.68040561129594
-426.51959438870415
-558.3195943887001
-1226.1195943886928
-86.11959438870392
620.080405611295
618.0804056112944
280.6804056113015
926.8804056113003
749.2804056113022
996.6804056112907
720.4804056112976
-449.51959438870085
1017.6804056113027
111.28040561130183
210.08040561130196
269.48040561129704
803.4804056113018
-315.7195943887034
-624.9195943887026
-28.919594388702293
740.8804056112929
-557.1195943887072
367.0804056113014
-735.3195943887079
-269.51959438870443
373.68040561130204
-776.3195943887071
-741.519594388703
294.2804056112987
-681.3195943887042
611.2804056113011
452.88040561130003
797.8804056112962
21.68040561129893
-635.5195943887056
290.88040561129935
214.4804056112993
493.88040561129867
990.2804056112957
1305.8804056112913
1188.080405611296
1337.8804056112942
365.68040561129914
-102.319594388703
283.2804056112959
728.2804056113029
1534.080405611288
289.88040561130265
344.6804056112966
448.68040561129715
-169.91959438870393
-426.1195943886993
1976.0804056112854
1532.6804056112946
1082.280405611292
175.48040561129554
821.4804056112902
1672.0804056113036
-525.1195943887067
-372.51959438870483
-243.11959438870355
-984.7195943887041
653.4804056112943
2.080405611294239
940.8804056112928
-45.51959438870656
-600.5195943887021
320.2804056112999
402.0804056112987
343.480405611298
407.88040561130236
-153.3195943887048
1068.4804056112985
854.0804056112922
103.28040561129677
478.6804056113
-701.3195943887035
195.68040561129646
1147.8804056113095
964.0804056112959
1040.680405611297
-271.51959438870585
928.2804056112966
597.680405611294
411.28040561129905
1262.0804056112968
1431.8804056112947
1255.0804056112995
123.48040561129687
708.6804056112961
186.88040561129628
633.0804056112976
-808.7195943887033
-517.5195943887057
1118.8804056112974
-175.31959438870953
389.0804056112975
570.0804056112969
-80.31959438870373
249.48040561129972
627.4804056113019
207.48040561129648
-861.7195943887068
-177.91959438869856
357.2804056112944
-60.11959438870308
1585.680405611301
1078.4804056113026
92.28040561130003
1798.8804056112947
1440.8804056112867
436.0804056112913
936.4804056112969
-178.51959438870182
982.6804056113018
2683.480405611284
511.8804056113004
578.2804056112982
820.0804056112933
671.6804056112982
-231.71959438870095
28.480405611297037
-463.1195943886982
-19.51959438870012
-74.31959438870274
691.8804056112956
657.2804056113005
138.28040561129944
-957.7195943886915
-893.9195943887134
-440.5195943887029
-192.91959438870597
569.8804056112965
423.6804056112981
-1404.719594388709
2126.480405611276
1534.8804056112892
-1340.7195943887039
674.8804056112973
259.080405611304
-1020.3195943886947
968.2804056113004
-370.31959438869944
-544.5195943887006
579.4804056112963
1217.480405611305
663.4804056113011
1069.0804056113054
412.480405611297
1283.6804056112976
977.6804056112978
695.0804056112999
581.4804056113088
905.6804056112918
388.48040561129903
521.6804056112924
486.680405611298
54.68040561129816
486.880405611298
-380.1195943887088
-609.1195943887005
-1240.9195943887046
-66.31959438870287
-575.5195943887054
728.0804056112942
592.2804056112966
581.0804056112922
1790.6804056113056
511.280405611301
-622.7195943887209
-384.1195943887018
-278.1195943887087
-303.9195943887034
203.4804056112967
24.68040561129665
-292.1195943887005
284.08040561129377
876.6804056112849
209.48040561130043
604.8804056113013
1256.280405611278
1196.4804056112944
2051.6804056112946
958.6804056112923
-300.3195943887068
44.88040561129322
1018.4804056113027
911.8804056112931
-70.11959438870252
-1494.319594388716
-43.71959438871269
-208.51959438870176
240.08040561129917
116.08040561129584
-642.1195943887038
-394.3195943887106
-316.119594388706
-855.1195943887006
473.0804056112995
-114.11959438870355
-1178.9195943886996
234.4804056112955
86.88040561129763
37.48040561129944
746.0804056112964
-500.9195943886954
152.0804056112955
-265.5195943887032
-844.1195943887012
275.68040561129555
247.28040561129808
1320.2804056113014
1114.2804056112896
370.8804056112951
710.0804056113022
386.0804056112966
-590.3195943886867
-435.919594388698
-520.9195943887082
-916.7195943887085
-336.9195943886999
-2000.1195943886985
-954.5195943886953
-1775.3195943886958
-993.5195943887023
-1112.519594388711
-307.7195943887044
532.8804056112957
-839.9195943887033
-775.919594388701
1066.080405611286
1159.8804056112938
254.28040561129805
1448.8804056113165
-404.1195943887041
-1097.3195943887115
-393.3195943886983
-958.9195943886986
-293.9195943887022
-592.5195943887009
-229.51959438870418
1097.6804056113003
814.8804056112951
515.2804056112999
321.4804056113011
468.88040561130003
825.6804056112999
-352.519594388708
-645.7195943887048
1649.2804056112961
1078.6804056112962
137.28040561130007
278.8804056112976
-714.7195943887064
-757.1195943887028
-716.1195943887028
16.28040561129818
-45.91959438870257
1722.0804056113047
1666.2804056112934
386.2804056113031
1089.4804056112996
2235.080405611305
489.8804056112969
-384.3195943887054
541.2804056112998
-1634.1195943887053
-1206.5195943887095
826.6804056113092
-176.11959438870088
49.48040561129727
-315.1195943887008
253.08040561129408
-351.31959438870473
309.48040561129994
-161.51959438870347
-429.11959438870457
-538.7195943887002
1635.0804056112822
50.680405611296976
355.4804056112969
1184.0804056113
597.6804056112945
703.4804056112903
-174.11959438870034
-499.5195943886986
-661.3195943887043
28.88040561129771
470.28040561129893
269.0804056113002
464.480405611294
-87.91959438870319
289.4804056113027
492.68040561129493
180.88040561130046
-1215.3195943887056
155.28040561129737
1139.880405611302
-781.9195943887017
-727.1195943887011
605.2804056112925
-70.31959438870776
778.0804056113025
-72.11959438870078
529.280405611292
63.8804056113005
185.28040561129296
555.0804056112972
57.88040561129973
151.28040561129157
326.48040561130415
-835.519594388703
462.4804056112968
-585.5195943887011
-1144.5195943886984
-188.31959438870018
-423.51959438870006
832.6804056112976
103.68040561129826
80.28040561129649
-70.51959438870333
654.4804056112961
1184.6804056112994
-965.3195943887029
194.28040561129768
1126.6804056112976
-473.7195943887034
-911.7195943887034
-787.9195943887049
-50.91959438870072
740.4804056112988
-672.119594388706
28.28040561129494
-632.9195943887053
-537.7195943887016
358.08040561129974
539.2804056112957
-1176.7195943887057
-1095.9195943887107
-387.1195943887031
-699.9195943887012
446.88040561129947
158.68040561129766
722.0804056113004
1261.8804056112895
-784.9195943886978
-740.5195943887065
-471.91959438870066
-1020.9195943887103
-263.11959438870554
-564.9195943887026
346.4804056112927
-441.5195943887093
-92.51959438870168
408.48040561129926
-287.5195943887088
137.08040561129403
949.2804056113027
328.480405611299
470.4804056113017
-23.11959438870117
-947.1195943887033
203.48040561129545
444.68040561129345
-335.7195943887092
-885.7195943887014
228.08040561129866
393.48040561129596
-405.51959438869915
-926.5195943886991
-1082.7195943887014
-323.71959438870357
-750.9195943887036
-245.51959438870142
-1127.9195943887044
-188.3195943886991
189.68040561129786
-288.9195943887057
-737.319594388697
-1066.519594388712
149.48040561129767
447.0804056112946
284.6804056112984
-55.9195943887035
-1838.519594388687
-1140.1195943887112
-264.71959438870107
306.28040561129393
3.680405611299321
-69.91959438870583
-510.1195943887113
-433.7195943887085
689.2804056112979
-767.119594388717
-1285.7195943886827
647.8804056112992
-604.5195943887088
-334.51959438870364
563.0804056112997
-401.51959438870813
-588.1195943887038
324.4804056112956
881.2804056112986
181.08040561129798
-578.719594388724
-901.1195943887062
-414.919594388706
-110.51959438870372
-1137.5195943887004
-782.3195943887015
-1124.119594388709
-1214.5195943887247
602.8804056113007
473.68040561129703
190.0804056112998
301.6804056112896
-870.9195943886994
88.48040561129547
-433.7195943887026
-394.51959438870267
594.6804056112926
234.28040561129248
87.48040561129675
288.0804056113043
225.0804056113037
297.2804056113013
-595.3195943886986
-256.3195943887086
-604.719594388703
-284.3195943887063
-470.71959438870175
-972.3195943887159
-701.5195943887072
-811.9195943887078
157.6804056112994
127.48040561129476
-45.91959438870526
-289.91959438870293
64.08040561129923
180.88040561129367
-493.3195943886995
-913.5195943887028
-1055.1195943887042
-104.51959438870051
-1244.5195943887204
7.480405611296952
-425.9195943887011
1155.880405611305
1203.480405611304
-95.31959438870452
-570.9195943887065
-888.3195943887105
110.48040561129886
-479.1195943887119
-589.5195943887101
-715.9195943887008
-645.7195943887072
467.2804056113028
-158.7195943887037
-1091.7195943887089
-172.11959438869835
399.4804056112989
619.2804056113
-84.11959438870214
318.08040561129525
-65.91959438870482
-710.5195943887079
-461.51959438870364
62.480405611295836
-752.9195943887072
-928.7195943887041
-23.919594388703132
-266.9195943887013
-459.11959438870304
-719.5195943887012
-20.91959438870211
198.68040561129447
826.4804056113073
-1054.319594388712
-1954.5195943887097
-467.11959438870866
-970.919594388701
-164.7195943887063
-103.11959438869928
-392.11959438870804
-52.919594388705356
-707.7195943887085
135.28040561129464
7.280405611303282
-125.7195943887035
212.88040561129245
-445.9195943887027
604.6804056112982
586.0804056112979
343.4804056113001
-655.319594388707
-22.119594388706624
-17.31959438870132
259.4804056112932
-557.3195943887023
-924.1195943886946
-1229.5195943887043
-509.1195943887053
343.6804056113008
-46.519594388703794
-116.1195943887025
-486.9195943887031
-179.71959438870178
-1153.519594388705
-522.3195943887029
-998.1195943887114
-1506.7195943887107
-996.7195943886987
56.4804056112975
-29.719594388697836
-80.31959438870243
518.0804056112911
205.68040561129746
-667.919594388706
197.88040561129634
59.88040561129579
-508.3195943887056
19.480405611296206
528.2804056112968
212.6804056112956
-860.7195943887142
-397.9195943887032
-1035.5195943886886
-1027.5195943887106
338.68040561129436
-239.71959438870152
-1224.9195943886946
-1732.7195943886943
-1036.7195943887045
-848.7195943887091
-694.3195943887022
-406.9195943887018
-372.3195943887045
-752.7195943887111
-598.7195943887017
-1536.3195943887029
-634.1195943887031
331.4804056112981
912.080405611302
-174.71959438870186
544.0804056112971
355.28040561128967
-944.5195943887002
594.0804056112922
688.4804056112969
-485.3195943887001
-231.91959438870367
54.88040561129611
645.4804056112963
864.2804056112969
1385.2804056113046
981.2804056112917
563.2804056112973
814.6804056113006
538.6804056113028
-5.319594388704669
-681.3195943887013
-1182.7195943887139
-773.7195943887045
-518.7195943887089
-313.1195943886992
-1012.7195943887069
-835.3195943887068
-355.91959438870913
-629.7195943887142
-1308.3195943887156
-1406.9195943887062
-553.5195943887027
365.4804056112982
682.0804056112971
631.0804056112906
-134.1195943887026
57.88040561129607
352.88040561129446
-360.519594388705
166.4804056112981
-59.91959438870909
10.480405611302022
579.080405611294
601.8804056112967
669.8804056112986
348.28040561129535
229.08040561129496
597.2804056113006
280.2804056112972
242.0804056112973
929.0804056113064
293.88040561129225
-270.71959438869953
-6.91959438870572
201.8804056112962
-620.7195943887014
432.88040561129975
471.28040561129706
360.48040561129966
366.080405611299
530.4804056112976
-967.7195943887095
-1772.9195943887312
214.28040561129728
762.280405611294
583.8804056112941
823.0804056112961
263.48040561129426
198.08040561129613
845.4804056112964
1011.8804056112922
920.2804056112947
748.2804056112972
625.0804056112938
275.6804056112951
474.0804056112958
601.8804056112996
715.4804056113009
147.8804056112961
564.880405611298
634.0804056112951
302.88040561130117
438.2804056112962
356.4804056112965
709.0804056112912
182.6804056112965
-187.7195943887008
-670.7195943887027
-54.11959438870356
318.68040561129953
194.0804056112958
-347.11959438870144
-239.11959438869988
-422.11959438870383
-755.9195943887012
285.68040561129806
343.28040561129154
1018.080405611289
1007.0804056112935
174.48040561129594
486.8804056112978
582.8804056112962
780.2804056112961
1097.680405611297
1263.6804056112962
215.08040561129786
-1173.5195943887168
-96.31959438870268
1149.2804056112986
1582.8804056112983
1447.4804056112953
1225.4804056113064
1701.2804056113016
1942.2804056113016
1638.4804056113069
1446.4804056112966
1296.2804056112936
656.2804056113032
370.28040561129313
249.8804056113005
131.8804056112985
243.68040561130744
-29.71959438870139
-642.7195943887012
-395.7195943887014
-28.319594388703365
-355.91959438870407
457.88040561129793
484.8804056112979
673.8804056112943
549.6804056113004
-226.11959438870167
420.6804056112932
581.8804056112983
408.48040561129864
1010.6804056112941
1588.0804056112934
1479.280405611302
648.4804056112976
861.8804056112978
1318.4804056112887
414.2804056112965
13.28040561129584
365.0804056112958
-438.5195943886972
-360.7195943887051
-220.7195943886952
-838.5195943887007
-505.7195943886956
-144.11959438870159
367.080405611299
-482.51959438871125
-773.1195943887159
-751.7195943887002
-1101.1195943886914
-1178.5195943887193
-702.1195943887209
49.0804056112995
-408.71959438869976
1537.680405611298
804.8804056112926
172.28040561130166
713.4804056113028
-620.3195943887022
-571.9195943887022
399.2804056112992
785.4804056112978
-607.9195943886971
-293.5195943887086
324.68040561130124
-105.91959438870526
-11.719594388701921
-91.31959438870075
69.4804056112998
314.28040561130376
167.6804056113003
-98.11959438870457
-681.9195943887042
-910.3195943887017
-550.1195943887
-250.11959438870267
212.28040561129774
359.4804056112953
-84.11959438870457
-307.31959438870626
-56.119594388702225
-134.7195943887057
-132.91959438870464
52.28040561129812
206.2804056113007
1961.6804056113149
154.2804056112982
-558.9195943887015
398.88040561129867
988.0804056112975
-115.11959438870048
-798.5195943887035
270.48040561129994
599.2804056112986
-176.7195943887006
248.28040561129913
1039.4804056113
193.88040561129395
-141.1195943887015
-79.71959438870013
166.0804056112994
513.4804056112996
656.2804056112977
399.0804056112971
-321.1195943887074
2.880405611295963
270.68040561129783
508.6804056112998
398.6804056112965
1218.280405611301
914.4804056112933
-160.71959438870363
-76.71959438870098
412.08040561129576
331.4804056113009
-488.7195943887044
-777.3195943887021
585.4804056112972
-514.7195943887015
-1341.319594388705
-41.119594388710084
905.0804056113012
639.6804056112935
606.4804056113039
882.4804056113045
1118.4804056113026
-609.5195943887055
-88.11959438870241
755.8804056112986
155.2804056112988
355.2804056112989
838.0804056112893
17.68040561129851
46.88040561129753
-56.51959438870207
-683.1195943887158
-189.91959438870225
1116.0804056112954
1464.0804056112981
1201.2804056112998
51.08040561129507
1102.4804056112964
510.6804056112958
137.88040561129668
132.8804056112981
401.68040561129965
-158.91959438870407
-105.51959438869888
-1022.1195943887029
-37.319594388703734
-349.7195943887014
-1034.7195943886998
-285.9195943887052
614.880405611299
414.0804056112979
273.880405611299
188.28040561130524
583.0804056113055
-289.11959438870144
145.08040561129786
819.8804056113023
-94.51959438869756
316.4804056113022
1054.0804056112956
129.48040561130068
549.6804056113028
203.68040561129848
-894.319594388703
160.4804056113021
738.4804056113009
502.6804056113081
0.08040561129762125
-419.91959438870464
586.8804056112941
429.2804056113009
395.08040561129815
137.28040561129745
-244.71959438870113
-167.51959438870227
1288.4804056113035
244.48040561130085
-123.31959438870419
-500.7195943887067
-485.9195943886992
675.8804056113014
952.0804056112987
626.8804056112992
1035.880405611303
1127.0804056113025
1048.4804056113026
-52.71959438869861
-350.1195943887044
57.48040561129756
-962.1195943887063
-321.51959438870233
539.880405611301
-686.919594388705
-427.7195943886996
147.88040561130055
-110.31959438870538
-1162.7195943886952
-991.1195943887034
671.2804056112951
203.48040561130034
292.28040561130393
1187.2804056113057
873.6804056113092
796.6804056112829
653.6804056113011
676.0804056112995
985.6804056112944
1181.4804056113012
474.68040561129993
-511.91959438870316
-2019.1195943887087
-557.7195943887018
823.8804056112982
844.2804056112983
799.0804056113009
1002.0804056113041
1020.6804056113008
384.2804056112987
-672.719594388699
-260.71959438870084
82.28040561129855
-93.11959438869658
554.6804056113007
382.4804056112929
-701.7195943886993
-427.1195943887027
517.4804056112977
524.8804056112967
-764.519594388701
-571.7195943887078
391.4804056113007
206.6804056112944
-521.5195943886974
879.2804056112975
338.08040561129053
87.88040561130084
1094.8804056113054
1437.880405611279
978.6804056112983
590.2804056112944
443.28040561130183
-337.71959438870465
-1642.3195943887029
-575.7195943887046
399.2804056112967
-212.3195943887057
-596.5195943887019
486.48040561129693
537.4804056113035
-340.71959438870374
-421.1195943887043
1112.8804056112872
144.08040561130147
-572.7195943887025
-28.319594388702498
342.68040561129567
643.2804056112894
657.6804056112888
830.8804056112975
-88.91959438870032
-602.5195943887054
-196.71959438870323
-112.51959438870085
737.8804056113007
119.28040561129397
266.48040561129426
-363.51959438870256
-849.7195943887128
307.28040561129694
799.4804056113055
-80.919594388702
-272.31959438870786
-884.3195943887041
-1312.5195943887015
-1863.9195943887219
-862.5195943886965
517.6804056112942
-9.919594388701732
-696.9195943887032
295.68040561129965
-33.11959438870806
-736.7195943887001
-479.31959438869876
33.280405611297084
527.8804056112962
220.08040561128655
74.88040561130018
1373.0804056113084
163.88040561129878
-42.11959438870023
46.4804056113003
-784.5195943887121
-625.3195943887022
-325.1195943886971
717.4804056113005
841.2804056113167
175.8804056112981
-696.9195943887057
185.6804056112949
793.4804056112913
966.8804056112967
1218.8804056112876
-122.91959438870373
551.6804056113009
-536.5195943887054
-1003.319594388704
-2132.319594388702
-1088.1195943887155
1073.0804056112972
900.0804056112967
406.4804056113006
-149.91959438870336
-291.9195943887047
-354.31959438869967
356.6804056112968
369.68040561129703
742.080405611302
398.48040561129795
-135.71959438870357
13.480405611303059
-932.3195943887
-477.5195943886991
-877.9195943887004
-578.119594388703
-415.91959438870265
126.6804056112939
571.0804056113011
329.8804056113036
-2.719594388704138
-509.51959438870193
-38.5195943887017
159.68040561130618
1529.8804056113106
554.2804056112975
111.28040561130064
66.28040561129679
-1138.3195943887058
-1498.519594388714
-1320.119594388711
-819.7195943887043
425.080405611296
259.88040561128867
892.280405611284
295.28040561130484
-88.91959438870427
1619.8804056112845
1681.8804056112965
1050.8804056112924
1085.280405611295
1357.0804056112943
210.680405611294
173.6804056113014
698.8804056112981
380.68040561130084
-253.31959438870257
-137.51959438870563
-117.91959438870327
-227.91959438870046
387.4804056112963
-260.3195943887043
-158.11959438870002
488.08040561129883
81.88040561130049
-1026.1195943887046
1113.680405611289
658.2804056112964
471.28040561129916
448.28040561129694
-847.1195943887049
-385.71959438869976
-541.919594388705
-781.5195943887052
39.88040561129515
22.28040561130298
-342.9195943887038
-589.919594388703
-1248.519594388697
20.280405611297287
696.4804056112954
604.4804056113089
498.68040561131056
1020.8804056112959
462.88040561129804
-77.51959438870271
-436.31959438870274
-1231.9195943886941
64.08040561129695
-679.1195943887061
-909.5195943887061
-907.3195943887058
494.8804056112987
-601.3195943887016
-490.9195943887038
294.2804056113024
388.48040561129966
-1083.1195943887008
337.280405611298
-317.71959438870573
-188.11959438870716
397.4804056112956
-814.919594388707
-1405.519594388707
11.880405611298215
-942.5195943887161
186.6804056113022
-177.5195943887015
395.28040561129455
-194.5195943887069
-828.9195943887026
-40.119594388701
-267.7195943887065
22.280405611296047
603.880405611288
494.6804056112984
152.88040561129822
-334.5195943887037
-991.7195943887073
-944.319594388702
-1030.3195943887038
-541.1195943887004
-97.51959438870523
-1701.9195943887123
-879.1195943887107
-42.71959438870242
-222.91959438869995
-518.3195943887051
743.6804056113017
-233.31959438870234
216.88040561130128
22.48040561129756
284.4804056112976
1606.080405611277
-846.1195943887029
-1298.9195943887069
-379.31959438870274
-1440.319594388703
131.0804056112941
-586.7195943887107
649.8804056112998
-87.51959438870529
-569.3195943887052
217.88040561129793
-5.919594388700659
-250.51959438870384
-281.51959438870347
-948.7195943887054
654.6804056113015
167.28040561129689
-792.1195943887001
-211.1195943887022
-2098.519594388721
-1132.5195943886897
-164.91959438870762
-380.71959438870226
-44.319594388707216
-1142.7195943887043
97.88040561129617
-278.11959438869746
-1195.1195943886987
-616.119594388702
492.6804056112965
943.4804056113038
-309.919594388703
443.88040561129554
-465.71959438869567
-457.7195943887043
-469.1195943887022
-802.3195943886965
1238.8804056113004
279.2804056112975
677.8804056112931
688.8804056112967
156.48040561129994
184.08040561129582
348.480405611297
-164.11959438870196
-1370.719594388694
-763.1195943887099
-144.11959438869656
-691.9195943887077
484.88040561130225
-73.91959438870332
-944.1195943887044
930.0804056112925
482.28040561130155
-178.11959438869786
145.48040561129687
-1115.7195943887118
-283.1195943887037
1433.480405611296
-578.1195943887075
-642.1195943887083
-25.919594388701437
179.88040561129736
-560.319594388707
-384.71959438870203
-1297.7195943886961
-811.5195943887055
487.88040561129617
354.2804056113073
1048.4804056112966
1154.4804056113041
155.2804056113025
-16.11959438870192
64.08040561129484
-364.91959438870185
-203.51959438870477
-55.71959438870276
-1714.3195943886988
1488.2804056112989
869.2804056113015
-1572.9195943886982
-257.91959438870373
-705.5195943887095
-1226.1195943887046
1296.2804056112916
-291.31959438870354
-9.119594388706599
1182.2804056112961
1198.8804056112933
-183.91959438870524
-172.91959438870126
-560.3195943887027
225.08040561129806
-65.71959438870306
-389.7195943887019
-111.11959438870237
852.2804056113004
281.68040561129607
409.88040561128935
634.2804056113009
-382.1195943887049
763.0804056112848
833.2804056112982
1032.4804056113032
17.680405611297733
453.6804056112984
-775.719594388711
308.480405611293
399.08040561129445
455.88040561130094
1477.0804056113043
353.8804056112951
-158.9195943887065
68.48040561129862
-133.9195943887049
-507.5195943887039
708.0804056112931
400.68040561129664
410.88040561129503
899.8804056112953
986.4804056112965
-699.5195943887018
-794.119594388706
5.080405611296936
219.480405611297
644.6804056112985
-532.119594388699
-1168.5195943887106
65.88040561129817
1254.8804056113067
1223.0804056112897
406.4804056112987
-1517.1195943887142
437.8804056112947
1263.0804056112943
1755.6804056112826
1170.680405611304
-384.51959438870426
-561.919594388696
-427.71959438870414
-931.1195943887057
442.4804056113002
-293.1195943887037
-1208.3195943887056
324.6804056112927
949.8804056113031
952.6804056112934
1682.4804056113041
995.8804056112978
1410.4804056112962
191.48040561129517
-941.7195943887043
141.280405611293
-326.7195943887011
97.28040561129541
-70.71959438870385
-186.1195943887011
-174.1195943887071
-640.5195943887184
-1324.7195943887257
-547.9195943887131
-79.51959438870443
35.880405611298144
663.6804056112996
-1485.719594388687
-463.71959438870607
-805.519594388708
-174.91959438870114
-699.3195943886983
-470.319594388707
112.08040561129829
-1194.9195943887053
-979.3195943887162
513.6804056112975
673.2804056112951
-112.71959438870357
1552.6804056113106
666.0804056113011
482.0804056112996
1078.8804056112963
941.680405611297
1100.0804056112936
-219.51959438870267
-607.1195943887037
751.480405611301
317.88040561129617
-143.71959438870397
-425.51959438870125
-196.31959438870604
-198.51959438870284
-1456.719594388727
-1574.719594388699
1407.2804056112864
1479.480405611301
1304.080405611303
1733.4804056113276
-162.51959438871341
-642.1195943887038
-936.5195943887026
-485.119594388701
-771.9195943887049
589.480405611301
757.2804056112966
99.08040561130066
855.2804056112914
1172.2804056112966
-648.3195943887017
-1023.1195943887014
755.4804056112966
-607.5195943887012
-355.3195943887051
709.0804056112863
38.0804056112992
524.0804056112945
-406.51959438870375
-832.7195943887023
-1412.9195943887087
-844.9195943886999
-852.9195943887082
-1278.3195943886903
-1443.719594388697
214.28040561129427
-1132.1195943887167
-483.31959438870587
995.2804056113043
1183.0804056113045
2182.880405611316
1779.480405611299
337.6804056112952
-499.7195943886985
-275.119594388702
-456.11959438870423
-987.7195943886968
-1219.7195943886973
-1543.3195943886994
-452.3195943887028
239.68040561129894
-254.71959438870144
-1770.1195943887042
-75.11959438870282
1443.8804056113056
153.2804056113012
137.080405611294
986.8804056113022
246.48040561127354
982.8804056112891
-292.719594388701
-503.3195943887043
-1137.9195943886934
-687.1195943887135
405.0804056112955
-260.91959438870174
-502.51959438870017
-1009.3195943887054
-2021.7195943887064
69.28040561129828
-680.3195943887007
-926.5195943886996
1563.280405611306
1681.6804056112985
1734.6804056112874
547.4804056112993
319.48040561129545
-450.31959438870956
-309.91959438870276
54.680405611298944
-2033.1195943887153
-154.71959438870266
1154.4804056112987
344.680405611296
90.28040561129893
-29.319594388705436
722.8804056112872
1383.680405611286
704.8804056112988
1604.0804056113004
408.4804056112924
141.88040561129648
1045.8804056113167
906.6804056113057
-1053.7195943887123
-661.7195943886989
859.6804056112962
123.68040561130285
151.2804056112977
-1322.9195943887005
-545.1195943887021
680.6804056113021
-890.3195943887001
-306.1195943887038
1690.880405611288
1098.2804056112814
546.8804056112957
-207.1195943887017
772.6804056112943
-327.71959438869794
-526.5195943887155
-76.91959438870396
-829.7195943887133
-423.9195943887078
191.28040561129635
405.08040561129485
1136.4804056112969
467.48040561129756
-246.1195943887079
658.8804056112982
928.0804056112869
130.88040561129418
-369.31959438870496
849.2804056113087
1353.880405611294
328.08040561130036
-628.3195943887035
-209.91959438870734
976.6804056112944
-222.31959438870282
-476.51959438870284
-2238.3195943886853
-1070.1195943887249
-328.5195943887049
148.08040561129715
185.4804056112989
1194.0804056112743
2135.480405611285
779.0804056112934
115.4804056112847
-372.5195943887057
-2149.1195943887165
-1670.7195943886932
-1296.71959438871
-798.11959438871
-722.9195943887047
-889.9195943886963
-1120.5195943886995
-688.1195943887108
531.6804056112967
-377.91959438872453
-883.1195943887025
738.2804056112979
-634.5195943887016
-510.51959438870546
737.0804056112908
192.88040561129853
-242.3195943887047
511.2804056112937
1415.0804056112997
540.4804056112973
-329.7195943886933
-701.3195943886966
-660.1195943887042
-271.3195943887074
-815.5195943887035
91.68040561129784
11.880405611303075
636.4804056113101
2392.8804056113086
842.2804056112999
-37.519594388709734
-193.71959438870073
-1598.3195943887126
-621.5195943886914
-1494.9195943886978
-1722.5195943886938
-169.11959438870784
-222.11959438869812
-361.71959438871016
186.08040561129604
169.08040561129624
611.6804056112986
-276.7195943886935
164.88040561130404
-627.5195943887059
-664.7195943887043
-591.3195943887027
-718.1195943887049
-346.31959438870575
-716.1195943887102
404.28040561130075
655.8804056112976
76.68040561129666
-482.3195943886998
-288.9195943887105
215.88040561129364
311.2804056112968
328.4804056113059
710.0804056113043
1912.6804056113062
712.4804056112944
908.8804056112857
-65.71959438870059
1206.6804056113115
1077.080405611306
86.28040561130048
-682.9195943887053
-1392.3195943886988
-48.71959438870663
-592.9195943886987
-696.3195943887039
-277.1195943886979
-370.9195943887072
824.0804056112983
63.0804056112932
-883.5195943886986
-617.5195943887067
-466.11959438869775
-60.11959438870228
-133.71959438870408
251.8804056112932
-273.919594388703
-566.5195943887013
-115.51959438870401
-41.31959438870362
-1132.9195943887048
-1241.519594388704
-204.51959438870207
235.88040561128992
1218.880405611305
1625.8804056113133
2339.4804056112775
2099.680405611306
1761.080405611284
-408.519594388707
-1496.3195943887058
-359.3195943886991
-631.3195943887042
105.08040561129722
55.880405611297704
38.48040561129673
7.480405611297208
-680.3195943887065
367.2804056113003
154.4804056112963
155.88040561129299
459.280405611298
-101.71959438870215
613.0804056112933
105.08040561129819
-38.719594388703754
-520.5195943887004
-119.11959438870704
-424.319594388704
231.0804056113
-339.9195943887032
-725.5195943887018
-1101.1195943887044
-507.91959438870344
375.28040561130246
509.8804056112913
1501.0804056113072
1886.4804056112519
2576.480405611287
1187.4804056112926
1194.280405611289
403.48040561130375
-608.1195943887042
-463.71959438870005
754.4804056112946
521.4804056112955
215.68040561129854
664.0804056112926
41.080405611293315
-957.7195943886992
141.48040561129676
-80.31959438870541
-588.3195943887083
-265.31959438870706
153.08040561129621
44.28040561129584
-1157.3195943887213
-822.9195943887039
-955.7195943887086
-1064.5195943887118
444.2804056112986
-91.31959438870315
-1047.119594388706
-1742.1195943887035
-800.7195943887075
-293.5195943887025
65.28040561130109
867.4804056112889
1666.880405611281
2101.88040561127
2653.480405611329
826.2804056112801
1276.2804056112948
1654.4804056112748
1245.8804056112754
45.480405611291204
896.4804056112974
250.48040561130006
-1109.1195943886996
312.48040561129864
555.6804056112968
-787.9195943886906
-688.3195943887038
-350.5195943887076
286.680405611293
282.68040561129965
474.08040561129803
25.280405611298647
-159.91959438870427
-28.719594388703612
149.88040561129603
-262.71959438870533
-653.3195943887065
-1065.719594388699
-1147.3195943887024
-1231.519594388708
-750.3195943887132
-940.7195943887069
-503.11959438870497
804.4804056113026
1616.0804056112731
1485.6804056112978
1770.880405611277
1575.2804056113007
1866.0804056113084
1780.2804056112993
940.8804056112959
35.08040561129617
72.48040561128985
-374.5195943887044
-1203.319594388696
-586.9195943887067
-439.91959438869355
-446.31959438871365
-161.11959438871077
-102.3195943887026
21.080405611293198
-171.1195943887069
-618.5195943887088
-226.9195943887088
-300.31959438871075
-83.11959438870502
822.0804056112923
-52.71959438870343
-415.11959438870343
175.8804056112987
-153.51959438870162
-1179.919594388712
-233.3195943887055
379.8804056112963
695.480405611302
1557.8804056112929
2683.2804056113146
1849.4804056113041
1444.680405611288
2473.4804056113185
2321.080405611295
1949.4804056112703
1704.0804056112897
543.4804056112891
-356.919594388707
-604.7195943887015
-727.9195943887113
-685.9195943886974
-302.5195943887031
-699.1195943887118
-1220.719594388697
-619.1195943887008
-16.719594388701296
-211.3195943887102
-1018.7195943887082
-504.91959438870657
-403.71959438870493
-327.11959438870537
125.4804056112951
-86.31959438870453
349.48040561129903
200.88040561129532
-273.1195943887028
-878.9195943887013
-672.3195943887048
-64.11959438870325
473.28040561128535
919.2804056112924
1575.4804056112612
2153.480405611291
2252.6804056112637
2660.8804056112886
1781.4804056112584
1918.280405611315
1717.0804056112918
346.480405611303
-317.7195943887076
-1270.3195943887104
-1509.1195943887024
-881.7195943887057
-337.51959438870654
-1351.1195943886978
-2800.7195943886995
-1397.3195943887083
443.4804056112927
749.2804056113006
17.880405611293916
-441.51959438870045
173.6804056112994
814.8804056112914
1085.880405611287
1070.4804056113032
884.2804056112925
359.08040561129417
274.2804056113031
168.88040561129282
-161.7195943887013
-46.11959438870567
345.08040561129803
536.480405611294
1425.6804056113128
2322.480405611274
2197.8804056112813
3091.6804056113333
2188.2804056112877
1886.0804056113009
1226.6804056112753
-432.1195943887013
-582.9195943886996
-1023.9195943887015
-1469.119594388693
-689.1195943887046
-27.919594388705917
-62.91959438870422
-1025.319594388716
-640.7195943886958
343.4804056112977
-586.3195943887166
-1603.319594388728
-1480.5195943887045
-2235.5195943887124
-1791.7195943887039
-1142.3195943887126
-1478.7195943887125
-1163.119594388703
-943.9195943887007
-122.5195943887023
-417.31959438870757
-565.7195943887061
-650.1195943887057
-402.3195943887023
171.6804056112945
1255.0804056113025
2357.880405611297
1959.2804056113223
