-697.8788792174018
-395.07887921737887
-640.2788792173773
-1105.878879217381
40.52112078262526
-33.27887921737554
-205.67887921737344
-214.07887921737935
52.92112078261755
-946.2788792173818
-2807.4788792173963
-2523.8788792173623
-168.6788792173749
22.921120782624428
103.92112078261937
-612.4788792173758
-1915.478879217386
-866.278879217377
7.921120782631149
166.92112078262576
-985.6788792173631
-783.478879217393
-959.6788792173959
-639.6788792173795
141.92112078262102
-231.67887921738117
-456.6788792173796
489.5211207826208
1358.5211207826314
389.72112078262745
-290.4788792173789
426.9211207826123
1431.1211207825586
1290.1211207826366
972.9211207826
-35.47887921737647
1710.9211207826231
2130.721120782653
254.52112078263363
308.52112078261877
471.9211207826204
-22.07887921737678
-735.4788792173762
-321.2788792173776
1855.1211207826066
1344.1211207826202
1579.7211207826426
2109.121120782636
740.3211207826245
1097.5211207826137
1247.9211207826172
1534.9211207826172
737.521120782629
994.9211207826296
-109.2788792173821
99.92112078262814
-60.47887921737326
-538.2788792173769
-1088.6788792173909
-1552.4788792173722
-250.67887921737682
1217.12112078263
138.12112078262098
505.7211207826201
1545.521120782628
-472.47887921739095
435.9211207826229
188.12112078261683
606.9211207826204
1943.9211207826365
-157.27887921737636
-616.6788792173814
-1287.0788792173853
106.52112078262091
-940.0788792173772
-1484.8788792173789
213.72112078262737
-625.4788792173763
-1150.4788792173758
72.9211207826195
-617.4788792173777
-809.278879217394
-1153.678879217398
-239.07887921737233
-772.4788792173902
-818.6788792173795
-2098.6788792173893
-61.878879217377516
293.5211207826238
-964.4788792173797
-1713.8788792173877
-763.478879217379
842.7211207826078
-141.4788792173797
-1207.078879217375
-984.2788792173898
1371.3211207826407
-1579.078879217377
736.3211207826243
529.5211207826237
763.1211207826254
255.9211207826191
225.52112078262996
1114.521120782622
287.7211207826242
-56.278879217374985
-1559.8788792173882
-713.0788792173759
244.52112078262746
-187.27887921738184
-285.0788792173815
147.52112078261868
-310.0788792173808
-367.07887921739194
685.7211207826332
-115.47887921737902
-1500.8788792173793
-206.87887921738553
1215.9211207826136
1174.3211207826246
110.52112078262621
-791.8788792173954
-1839.27887921739
-553.6788792173795
-77.27887921737484
-1589.6788792173652
-1424.2788792173396
-516.6788792173803
1607.5211207826344
-965.0788792173718
-96.27887921737917
638.9211207826175
926.1211207826508
2219.5211207826633
235.52112078262607
-1077.6788792173747
-587.0788792173805
-420.0788792173802
-1242.0788792173878
-636.6788792173617
895.521120782624
792.121120782613
783.5211207826183
597.7211207826333
-1724.278879217353
-2612.478879217405
-1478.8788792173464
-1702.0788792173682
139.52112078262275
1236.1211207826316
886.7211207826218
2112.1211207825995
1425.1211207826025
1161.3211207826312
591.1211207826294
381.7211207826345
267.721120782634
-1439.6788792173768
-524.2788792173867
223.32112078261954
335.121120782623
-786.0788792173801
-1211.47887921738
-575.6788792173782
734.1211207826129
1807.7211207826772
118.72112078262958
-846.2788792173683
-767.0788792173751
-1698.8788792173723
834.3211207826208
-466.2788792173784
1225.7211207826247
1653.3211207826155
947.3211207826168
-44.67887921737886
-1912.8788792173711
-1599.278879217377
-1666.4788792174104
-1584.8788792174253
-1485.2788792173933
538.5211207826201
-520.8788792173774
1096.3211207826237
60.12112078262325
-1461.4788792173906
417.32112078263515
1267.9211207826095
137.5211207826242
181.52112078262263
-225.2788792173842
356.32112078262907
286.32112078262224
-287.6788792173863
184.92112078262872
-1448.0788792173819
603.5211207826245
1112.321120782628
861.9211207826351
782.5211207826269
-184.2788792173755
-1523.8788792173868
516.9211207826179
-285.2788792173759
1615.9211207826052
2040.7211207826326
430.32112078262526
-675.4788792173765
-1996.678879217363
1135.7211207826156
703.5211207826197
-793.678879217387
-681.4788792173714
339.1211207826163
-459.47887921738123
-852.6788792173828
-2129.878879217378
-1669.0788792173817
398.92112078260953
541.5211207826212
430.5211207826167
-315.27887921737937
-434.4788792173878
-108.87887921738194
-759.2788792173784
1016.9211207826218
327.7211207826191
743.3211207826228
-662.6788792173708
703.921120782622
1381.3211207826255
716.5211207826198
883.5211207826262
-574.8788792173799
-652.2788792173777
-1195.2788792174
193.7211207826335
1134.5211207826314
-322.4788792173806
141.92112078262252
-406.47887921737475
-700.4788792173526
-638.8788792173787
377.72112078262575
1320.7211207826115
757.9211207826181
-1401.0788792173769
-1303.078879217378
-1565.8788792173784
-532.0788792173774
944.5211207826244
1199.7211207826165
1444.7211207826233
-766.0788792173707
-400.87887921737854
-404.67887921737423
262.12112078262624
308.12112078262123
-1145.6788792173832
-293.2788792173862
-1324.4788792173667
126.92112078262129
-393.8788792173718
-343.4788792173795
981.1211207826268
1248.7211207826424
374.521120782627
-958.0788792173719
-250.4788792173788
1085.3211207826291
323.9211207826199
233.5211207826296
530.9211207826263
-1376.878879217406
-1336.878879217376
-95.8788792173745
-273.8788792173899
-76.67887921737724
-1893.678879217415
-613.2788792173811
-576.8788792173756
-3.2788792173818564
-743.0788792173738
-203.67887921738242
1002.9211207826332
545.9211207826166
860.7211207826202
-145.07887921737785
1500.7211207826206
-323.0788792173755
-268.07887921737546
231.12112078262237
766.921120782615
680.1211207826324
-625.6788792173757
-806.8788792173733
-1046.0788792173907
21.721120782615976
1262.9211207826047
-458.87887921738115
-1011.678879217399
-1327.2788792174024
-232.07887921739302
-1417.678879217375
-243.47887921739363
129.721120782626
-417.07887921737057
-2740.678879217329
-2723.07887921738
-943.8788792173675
-1086.0788792173669
-573.6788792173811
-1594.4788792173927
-1215.8788792173689
839.1211207826077
1092.5211207826185
1350.5211207826092
328.1211207826268
851.3211207826295
116.1211207826247
832.7211207826273
-427.47887921737953
68.12112078262801
1349.721120782634
2086.921120782634
457.7211207826203
1226.7211207826506
2229.9211207826133
-115.67887921737464
724.1211207826098
1594.9211207826352
-1477.4788792173608
858.3211207826129
-0.27887921738521726
-1597.2788792173687
-2004.27887921739
-870.0788792173881
-571.878879217381
-47.27887921737617
-1703.6788792173793
-1105.678879217376
-1693.8788792174475
-1652.678879217336
774.7211207826145
84.7211207826286
-2034.4788792173767
334.9211207826287
2624.521120782579
1337.3211207826232
554.5211207826269
334.7211207826188
-344.07887921738836
114.72112078262137
-1001.0788792173769
-505.67887921738105
283.3211207826235
1667.5211207826137
-510.6788792173778
-1414.2788792173715
1022.3211207826258
501.7211207826308
552.5211207826145
-825.4788792173757
-1580.8788792173457
267.5211207826239
-428.0788792173645
-1134.2788792174
-479.078879217382
283.32112078262406
-1675.678879217415
-2185.0788792174026
-845.2788792173787
-264.078879217375
-2189.878879217352
-741.6788792173892
2159.9211207826506
1041.1211207826234
536.7211207826248
237.12112078262
1808.3211207826137
2107.3211207826316
874.7211207826198
-1144.078879217342
716.1211207826166
-483.67887921736974
-979.4788792173811
823.1211207826237
369.52112078260905
2963.521120782617
2558.9211207826297
-472.8788792173825
-928.0788792173837
-1024.278879217379
-31.278879217378496
457.9211207826351
-744.8788792173704
742.7211207826327
74.12112078261372
-3167.2788792173847
-926.8788792173759
-721.878879217386
-1297.6788792173675
-1403.878879217392
-96.47887921737623
-814.0788792173801
1305.9211207826293
1104.72112078262
1079.1211207826095
1423.9211207826397
3205.7211207826267
217.92112078262437
2470.1211207826077
2938.321120782607
287.72112078262074
-847.0788792173813
132.1211207826285
-1892.4788792173922
-2111.2788792173674
-591.0788792173694
401.5211207826069
1037.921120782615
1597.921120782633
135.3211207826209
-2833.2788792174097
-2154.0788792174108
-2240.8788792174078
606.1211207826159
-1669.8788792173766
-1752.6788792173704
-2327.0788792174
-3413.2788792173883
-4381.4788792173895
-2028.8788792173928
-872.8788792173871
-2164.078879217397
-2645.278879217389
-839.4788792173672
-610.4788792173864
-1643.678879217385
-622.078879217375
-169.0788792173754
1090.9211207826302
377.52112078262496
2070.9211207825574
3067.321120782664
998.3211207826116
1028.5211207825992
1203.9211207826256
-539.2788792173797
-809.4788792173729
-895.0788792173902
1240.9211207826236
1619.9211207826283
1005.1211207826059
253.3211207826282
-257.87887921737774
381.5211207826245
-1606.0788792173826
-866.0788792173706
602.7211207826172
-1567.678879217365
-3299.678879217362
298.32112078261986
-3364.47887921735
-2690.878879217339
-452.27887921736937
-621.6788792173734
-268.2788792173756
-1639.0788792173628
-735.2788792173893
-179.47887921737777
96.12112078263259
-76.07887921737101
-983.8788792173907
1662.9211207826213
2457.321120782636
973.5211207826147
728.321120782618
1830.7211207826253
-879.478879217375
-2570.678879217399
-560.8788792173818
-1321.4788792173667
32.121120782618675
671.7211207826172
394.72112078263166
1715.7211207826201
1229.721120782639
775.5211207826104
-88.278879217375
-2271.2788792174047
-1002.8788792174051
-1671.2788792173972
-3258.2788792174015
1078.1211207826161
-124.27887921737258
-1775.8788792173734
-1972.6788792173618
-2256.2788792174083
500.3211207826249
-275.0788792173765
1378.9211207826345
1040.1211207826248
-936.8788792173857
-1384.0788792173507
-1000.0788792173672
948.7211207826044
822.5211207825965
-159.8788792173837
545.5211207826163
2439.3211207825548
-875.6788792173885
-2114.8788792174287
-981.2788792173936
-1508.4788792173765
-427.67887921737946
-346.2788792173886
1281.3211207826344
2692.7211207826167
1519.1211207825654
732.5211207826233
562.9211207826237
-176.07887921737807
-78.07887921737085
113.72112078262
-373.8788792173912
1432.5211207826176
-943.2788792173653
-1752.6788792173716
-819.4788792173617
-2562.078879217353
-348.27887921738306
-149.87887921739025
-637.678879217365
-649.0788792173821
-1397.078879217379
-1473.4788792173963
737.3211207826254
-110.07887921737307
-2139.8788792173914
330.7211207826384
2794.7211207826376
3656.7211207825017
1340.721120782592
-239.27887921738127
-740.4788792173839
-827.078879217376
235.5211207826402
938.3211207826208
940.3211207826329
1696.121120782678
2753.3211207826403
870.9211207826216
396.9211207826185
244.72112078262532
-1944.2788792173953
-1715.6788792173957
-366.6788792173532
506.12112078261964
418.32112078261304
-693.6788792173636
-2032.678879217389
-2312.0788792173857
-1777.278879217343
-1951.078879217377
-1852.2788792174244
890.921120782617
774.7211207826166
-885.6788792173517
-34.87887921737446
-464.8788792173853
-1456.078879217375
1464.12112078261
471.32112078263697
-485.8788792173815
-1153.4788792173708
-2453.2788792173446
212.1211207826261
1110.1211207826032
-15.678879217378201
-426.47887921737595
-2616.4788792174277
-2268.8788792174
688.3211207826166
444.7211207826236
783.9211207826253
714.3211207826122
550.3211207826197
-1950.078879217383
-1429.8788792174005
-403.4788792173883
-167.07887921738842
-1756.6788792174013
-997.0788792173802
-513.6788792173925
-1121.8788792173928
-80.87887921739154
-365.0788792174044
1399.3211207826264
1310.5211207826258
-665.8788792173705
-888.2788792173853
224.52112078262223
102.3211207826194
231.72112078262185
-1645.478879217382
-64.47887921737421
-318.27887921737465
-1976.2788792173785
438.1211207826262
2034.9211207826143
470.7211207826192
414.3211207826174
-1059.2788792173626
-95.47887921737569
888.3211207826149
-311.07887921737085
-2833.078879217337
-2528.4788792174113
1114.5211207826137
-888.0788792173788
-174.67887921738355
-333.2788792173712
-382.0788792173777
-715.4788792173717
-921.0788792173876
-775.6788792173998
-1853.6788792174104
478.5211207826128
-292.4788792173719
83.32112078262907
222.52112078262132
330.32112078262605
1077.121120782629
559.9211207826212
1802.9211207826074
972.7211207826278
-145.87887921738235
631.7211207826364
1474.921120782634
-766.4788792173734
360.7211207826229
931.9211207826265
894.1211207826159
1020.5211207826128
-1402.4788792173674
-1865.6788792173743
-1038.6788792173759
180.52112078261166
-277.8788792173764
-616.4788792173777
-2280.878879217366
-1816.4788792173701
-279.47887921737544
-2064.478879217377
-1447.8788792173857
-2037.4788792174038
-1967.678879217372
-1696.2788792173849
-1187.67887921739
430.72112078261495
290.1211207826234
-909.4788792173804
-19.878879217376376
1627.5211207826292
2411.5211207825923
1443.521120782611
-171.0788792173798
-1112.2788792173621
-431.67887921737383
855.1211207826289
1298.7211207826274
1434.3211207826391
1824.5211207826408
2795.1211207826177
1247.5211207826046
-490.07887921737284
-1048.278879217381
-156.6788792173831
946.5211207826188
581.5211207826226
393.92112078261664
150.32112078263216
-1438.2788792173417
-3292.878879217377
-958.6788792173936
-1291.6788792173934
586.9211207826207
-1315.6788792173897
-446.07887921736403
-803.2788792173831
-3283.0788792173853
455.5211207826251
-623.8788792173875
-957.8788792173616
260.12112078261725
-422.67887921736906
-1154.8788792173932
-1172.8788792173273
-273.0788792173689
177.52112078262138
968.9211207826299
436.72112078261966
323.1211207826206
858.7211207826219
193.3211207826202
273.1211207826356
1293.721120782649
777.5211207826632
1058.5211207826433
1536.9211207826133
-214.07887921737841
-834.678879217377
532.1211207826182
-833.0788792173836
-552.0788792173857
158.52112078261797
-356.27887921737704
-260.8788792173848
298.52112078262206
-1085.2788792174003
-2482.678879217281
-1643.278879217345
-2707.0788792173826
-791.2788792173817
-528.0788792174055
-2338.078879217345
-1436.6788792173936
-264.07887921738063
-842.8788792173569
-2682.0788792173157
-351.2788792173761
-1016.678879217378
11.521120782623315
45.12112078261719
-915.6788792173647
-288.6788792173793
2063.12112078264
-39.478879217394415
1359.1211207825947
531.7211207826127
-178.07887921737503
-233.27887921737747
-1364.4788792173802
-384.4788792173825
-725.6788792173871
-1876.2788792174065
81.32112078262557
941.9211207826239
855.3211207826265
-228.27887921736712
-294.67887921737133
-1632.0788792173798
-2340.478879217412
-1232.6788792173838
462.1211207826271
671.5211207826264
774.1211207826171
-30.47887921736823
-57.47887921737054
-411.87887921737564
-164.67887921737992
-1221.8788792173755
990.7211207826225
-115.47887921737649
-1009.2788792173812
-732.8788792173755
122.52112078262077
852.5211207826342
2163.92112078264
743.9211207826149
1340.1211207826582
135.3211207826193
-1361.8788792173948
-51.07887921738113
-153.47887921738413
627.121120782608
799.3211207826092
-801.6788792173819
-1120.4788792173697
900.7211207826284
-636.878879217344
-1276.4788792173813
-1260.8788792173905
-1235.6788792173772
-1577.2788792173835
-1170.6788792173645
-1024.6788792174132
-1386.0788792174026
111.12112078262113
-287.2788792173735
7.121120782625544
1152.5211207826108
-1507.8788792174114
-1249.4788792174197
-1599.4788792173883
-800.478879217386
1483.721120782611
1215.7211207826028
1946.1211207826307
1863.5211207826042
-420.07887921737995
-1760.8788792174141
-178.27887921737778
684.921120782625
-1402.0788792173805
-1195.478879217376
575.3211207826206
527.3211207826247
1161.121120782638
-955.4788792173556
-365.87887921738053
864.7211207826244
204.32112078262716
-466.6788792173894
-927.8788792173895
-1422.4788792174104
268.12112078261697
350.32112078261605
-1118.878879217359
34.721120782626855
442.52112078261973
168.72112078262526
-503.67887921737923
1457.5211207826208
-523.0788792173724
984.7211207826183
5.521120782619411
173.12112078262743
1594.3211207826305
1599.521120782583
2161.5211207826196
1090.1211207826118
749.9211207826268
705.521120782625
1304.92112078263
460.92112078261204
-451.4788792173845
-1284.8788792173727
270.9211207826249
-106.27887921738154
1346.521120782637
-460.87887921737905
-99.0788792173885
400.32112078261633
-909.278879217379
-507.67887921738475
1029.9211207826154
-728.0788792173777
-253.87887921735805
-520.4788792173765
-333.4788792173825
209.72112078261847
-1597.278879217392
-1340.6788792173495
16.72112078262032
-1811.8788792173937
-1551.8788792173673
-326.47887921738726
1540.1211207826068
-761.478879217382
354.92112078262335
521.121120782617
-426.2788792173812
-1506.8788792173768
2434.5211207825932
1100.1211207826261
887.3211207826267
-56.87887921737676
-1514.2788792173817
-885.0788792173664
606.1211207825959
49.92112078262572
471.52112078262
-1066.2788792173822
-281.2788792173735
23.721120782620016
309.52112078261865
-361.07887921738444
1091.52112078264
-568.2788792173797
-436.4788792173879
216.12112078261694
-314.4788792173809
-547.2788792173842
-696.4788792173879
338.72112078262114
165.5211207826198
-1252.2788792173849
-318.87887921738024
-1553.8788792173982
-324.67887921737685
-896.6788792173804
77.32112078262837
430.1211207826207
495.7211207826352
1064.9211207826372
2063.521120782614
29.921120782617646
754.9211207826118
-563.4788792173869
-1336.8788792173777
601.1211207826134
408.72112078261256
-1617.8788792173632
-205.0788792173749
-126.27887921737798
625.9211207826246
-910.4788792173686
293.52112078262354
882.5211207826144
771.7211207826164
-1419.878879217399
654.7211207826224
1707.121120782623
1146.921120782615
-787.0788792173761
-225.87887921737354
464.7211207826226
-954.2788792173985
-1332.2788792173715
-1506.878879217389
-1816.2788792173894
-1453.6788792173809
-785.8788792173935
-568.8788792173748
-1615.878879217373
-845.8788792173854
2280.92112078262
497.52112078262326
68.12112078261885
544.1211207826263
579.3211207826257
1589.1211207826188
-3.6788792173776557
-426.4788792173897
-1916.4788792174004
-149.87887921738175
1544.921120782631
547.3211207826232
511.9211207826213
535.1211207826207
137.12112078261973
242.72112078262438
-440.47887921737157
999.1211207826336
-474.0788792173799
859.121120782628
-320.07887921737847
-1955.878879217376
168.7211207826235
-404.4788792173833
641.521120782625
767.9211207826232
637.3211207826238
442.72112078262535
-1088.078879217369
-1328.8788792173852
-704.27887921738
-879.4788792173819
1243.9211207826252
-191.47887921738936
270.92112078262375
-95.4788792173784
1175.7211207826015
1159.3211207826107
-315.0788792173826
992.9211207826181
-52.478879217383025
-803.478879217371
-32.87887921738323
-981.678879217368
219.7211207826208
164.1211207826213
-1423.2788792174044
-318.27887921738187
529.1211207826257
1027.1211207826059
-728.8788792173865
672.5211207826185
860.7211207826143
394.3211207826203
1563.5211207826205
-357.07887921737796
1328.5211207826185
161.721120782624
947.9211207826261
1588.121120782622
-826.47887921739
-870.2788792173701
468.9211207826255
479.92112078263625
1049.5211207826164
-19.678879217376043
1174.7211207826085
900.9211207826095
504.921120782625
-632.478879217378
-467.2788792173711
835.7211207826143
426.7211207826305
-110.67887921738172
429.9211207826216
67.72112078261887
-288.6788792173739
-955.8788792173854
-2405.0788792173507
-925.2788792173695
-501.8788792173828
-397.47887921737754
-723.8788792173892
-231.67887921737912
-1225.678879217403
40.12112078262085
116.32112078262469
-1872.678879217382
4.521120782622791
-566.4788792173789
-151.07887921737415
-481.2788792173853
309.32112078263316
2480.3211207826225
182.32112078262296
-1000.6788792173828
187.12112078262138
-14.878879217378397
-648.6788792173663
-1127.4788792173943
-169.07887921738939
95.92112078262306
73.52112078262397
160.12112078262277
-167.07887921736977
-1213.4788792173756
-2105.278879217419
-2073.07887921739
-435.0788792173727
-433.0788792173795
-706.0788792173597
-1929.8788792173912
-2962.0788792173894
-1304.6788792173897
125.3211207826237
340.1211207826226
-983.6788792173761
-860.6788792173797
-1213.678879217365
-1011.6788792173638
-63.07887921738312
312.7211207826182
-142.07887921737844
212.12112078262103
575.1211207826242
-17.87887921737925
-848.2788792173794
-826.6788792173741
-248.47887921737933
1552.9211207825972
284.52112078262326
-889.2788792173797
38.12112078261633
306.72112078262495
-715.8788792173804
-27.47887921737967
-349.4788792173772
-413.2788792173809
361.5211207826174
-13.078879217378706
1070.7211207826513
747.9211207826304
938.9211207826213
801.5211207826319
-724.2788792173919
-158.0788792173816
1153.321120782619
1980.5211207826328
833.3211207826276
816.9211207826249
-775.6788792173887
-479.6788792173752
-155.67887921737807
322.1211207826202
-213.07887921738347
-858.8788792173802
-230.87887921738235
1102.721120782619
-350.67887921737264
-685.6788792173866
-203.47887921737373
-117.07887921738057
-438.8788792173824
-1159.8788792173768
-1563.6788792173334
-255.2788792173805
-1429.6788792173847
-682.8788792173912
-923.8788792173864
1004.5211207826145
1244.9211207826181
-153.0788792173706
15.5211207826232
-668.0788792173748
-835.4788792173694
-176.67887921737298
-565.6788792173706
-790.8788792173788
-334.4788792173754
667.7211207826223
-503.2788792173834
-827.2788792173601
-2876.078879217397
-299.2788792173805
587.321120782615
263.1211207826226
-342.27887921738545
497.52112078261683
1090.9211207826224
-45.67887921737429
-1441.6788792173834
-2335.478879217379
-635.878879217402
-467.27887921738335
575.7211207826199
-465.2788792173877
-1117.6788792174139
-1517.4788792173563
-811.4788792173854
1090.3211207826198
630.9211207826162
1007.5211207826167
405.9211207826176
301.32112078262327
-420.8788792173715
-883.0788792173764
-271.678879217383
132.52112078262257
759.7211207826201
924.9211207826222
2086.3211207826175
926.3211207826234
-1345.4788792174168
-488.8788792173734
-214.67887921737506
207.3211207826248
-32.67887921737924
249.12112078262354
-978.0788792173711
455.1211207826257
539.5211207826222
-636.8788792173841
-1361.078879217408
-1844.0788792173776
-64.27887921737954
361.3211207826183
14.72112078262031
-42.27887921737979
-493.6788792173713
1112.3211207826164
-295.6788792173828
-1168.8788792173887
-480.8788792173854
447.5211207826229
359.92112078261965
-178.4788792173888
-243.47887921737714
-1021.0788792173904
-259.47887921738254
1050.5211207826187
299.3211207826254
-211.67887921737807
372.92112078261937
-683.6788792173787
651.3211207826247
970.3211207826212
-587.0788792173763
834.7211207826103
752.721120782623
1448.7211207826324
334.521120782622
-240.47887921738032
-226.4788792173763
-912.8788792173794
-342.27887921738653
-681.2788792173897
-675.278879217369
558.3211207826199
-1391.0788792173712
-1129.4788792173765
35.52112078261972
1394.3211207826068
-656.4788792173874
-882.2788792173453
-217.07887921739672
-912.8788792173979
1545.7211207826294
-686.8788792173858
-105.47887921738594
-283.67887921736786
-188.07887921737634
866.7211207826197
539.7211207826284
901.7211207826347
268.3211207826274
-110.27887921737769
-216.67887921738034
921.5211207826271
-67.67887921738449
1253.9211207826331
1023.32112078264
-252.47887921738283
236.32112078262426
29.121120782615264
-834.0788792173734
227.52112078261953
-340.47887921738595
-140.4788792173846
-204.67887921737898
903.521120782622
390.5211207826202
-1174.878879217365
129.32112078261855
531.1211207826234
266.9211207826217
1449.9211207826104
1198.721120782611
-916.6788792173809
766.7211207826252
-1557.4788792173697
-421.27887921737647
344.92112078263364
21.32112078262253
-444.07887921737483
-861.2788792173883
1968.921120782604
1470.7211207826138
235.1211207826217
191.52112078262803
941.1211207826099
779.3211207826325
133.52112078262476
-342.67887921738213
117.72112078262467
762.7211207826319
-409.27887921738085
-1012.078879217362
-388.8788792173791
-811.4788792173807
-483.47887921738266
-1114.478879217407
1706.9211207826197
901.5211207826266
1045.9211207826206
-1744.478879217383
-692.2788792173804
662.5211207826252
1020.3211207826217
1621.5211207826185
-494.47887921738123
-1151.0788792173544
-2357.4788792174236
-1379.478879217411
-954.078879217365
-1826.2788792173787
-817.4788792173765
-531.8788792173762
-185.07887921738
-106.47887921737905
694.1211207826228
1497.7211207825917
1695.721120782618
-216.27887921738343
-875.27887921737
-1122.8788792173796
704.121120782621
1288.5211207826183
400.1211207826187
170.52112078261933
-1329.4788792173754
-767.6788792173759
-915.0788792173739
-289.87887921737774
615.5211207826209
-1129.4788792174024
-749.2788792173742
-2527.478879217388
-945.6788792173822
-907.478879217378
-381.4788792173724
1082.521120782634
869.3211207826066
-302.2788792173784
-1021.0788792173821
-497.8788792173775
-312.6788792173743
-689.678879217371
55.52112078263107
882.5211207826084
-222.07887921738012
-135.47887921738078
826.5211207826333
809.1211207826257
1421.7211207826153
-1077.0788792173753
-102.07887921737236
375.52112078262167
1392.7211207825815
-428.07887921738154
-1243.6788792173886
162.5211207826142
-157.87887921736007
-379.4788792173823
-907.4788792173817
1109.321120782615
-221.47887921736677
-775.6788792173924
-826.278879217379
-997.0788792173782
-1052.0788792173792
-1908.8788792173757
-1364.2788792173862
-993.4788792173712
262.3211207826169
1339.5211207826549
-507.47887921738106
-1387.6788792173666
-1524.878879217389
325.12112078262027
-1012.878879217359
599.9211207826219
1491.1211207826038
1392.9211207826072
-1300.2788792173749
-1370.4788792173852
337.72112078262415
-60.67887921737322
724.5211207826146
78.32112078262527
35.72112078262049
-2.678879217371282
-968.2788792173857
-68.27887921738291
-741.8788792173742
-997.2788792174067
-395.2788792173734
841.7211207826239
-105.47887921738845
-912.678879217387
-221.2788792173817
139.92112078262454
-1717.2788792173842
-893.0788792173718
972.3211207826232
-42.07887921738272
1288.1211207826273
2280.9211207826024
-1164.6788792173786
653.5211207826211
86.72112078262813
-611.0788792173827
-612.678879217376
852.1211207826302
1605.321120782634
2442.9211207825956
354.7211207826331
370.52112078262826
-800.6788792173825
-337.2788792173751
2135.721120782639
1489.921120782616
-1327.2788792173744
-560.8788792173806
-267.47887921737424
-1314.8788792173796
-971.2788792173615
-1741.8788792173693
-1287.0788792173487
266.52112078262144
-239.87887921738536
-1141.2788792173942
-1402.6788792174057
-646.4788792173655
-2798.0788792173717
-3395.0788792173685
32.1211207826199
888.9211207826257
1044.521120782622
434.7211207826304
-57.4788792173803
905.7211207826188
-159.87887921737715
-154.6788792173812
901.3211207826084
1397.1211207826593
229.12112078261066
288.7211207826306
515.121120782629
1167.7211207826551
-1101.8788792173673
107.72112078262671
2653.921120782598
891.5211207826516
-499.2788792173627
-2368.478879217381
-2977.2788792173283
-2426.878879217375
-1871.6788792173677
-3052.6788792174048
-189.27887921737775
-14.278879217373003
161.12112078262297
-30.878879217378838
-1333.478879217364
-38.47887921738076
-805.478879217358
-2942.078879217391
-1402.2788792173787
323.52112078262076
1309.5211207825841
1918.721120782611
911.72112078262
1880.1211207826211
1626.3211207826073
-1023.8788792173873
1525.9211207826331
635.3211207826106
287.7211207826303
643.7211207826239
1403.7211207825924
80.12112078259524
1460.5211207826517
1330.521120782613
19.921120782626048
-727.4788792173814
614.9211207826165
-3416.078879217351
-2210.4788792173736
-1220.6788792173625
-2791.6788792173566
-2694.6788792173725
189.32112078262185
-305.6788792173776
-778.0788792173661
-1121.6788792173832
-80.07887921737822
-1203.2788792173874
-889.8788792173813
-890.6788792173872
-2441.078879217398
-936.2788792173756
-669.2788792173777
2044.3211207826228
-19.478879217374413
285.9211207826183
235.72112078262694
-510.67887921737395
-529.4788792173795
1680.521120782615
3037.3211207826016
1495.7211207826376
121.32112078263245
745.1211207826201
48.92112078262183
-740.4788792173799
-119.07887921737981
-495.67887921737673
-408.8788792173787
-1423.6788792173852
-859.8788792173947
101.52112078262765
-1179.6788792173954
-785.8788792173873
1420.3211207826291
1406.9211207826115
352.3211207826258
-1018.8788792173747
1383.9211207826186
-49.8788792173773
-547.6788792173918
-50.07887921737582
32.52112078261747
952.5211207826098
-222.07887921737236
676.3211207826231
2314.3211207826134
876.9211207826189
-545.678879217377
3156.3211207825916
867.3211207826241
2002.3211207826275
3794.7211207827336
1949.1211207826252
2775.921120782644
1390.7211207826203
480.5211207826252
770.1211207826009
1756.1211207825925
958.5211207826101
-1467.0788792173855
-305.6788792173822
-548.8788792173909
-1928.2788792174324
-1352.8788792173748
262.5211207826184
-1603.4788792174156
-1097.2788792173792
-119.67887921737727
-1660.2788792173444
409.5211207826249
-386.6788792173741
-876.2788792173758
287.1211207826296
242.7211207826179
1519.921120782605
1634.5211207825912
-1360.278879217376
-274.2788792173804
-847.4788792173782
-1456.6788792173718
2594.5211207825714
2381.1211207826123
1360.3211207825918
1561.1211207826157
-1103.4788792173806
2501.121120782662
1556.721120782616
2066.921120782619
1994.3211207826212
802.5211207826392
-213.6788792173758
-1725.2788792173653
76.72112078262543
221.92112078261817
-1958.4788792173774
-747.8788792173975
1396.3211207826137
-1691.2788792173799
-513.6788792173701
-1059.0788792173703
-2291.478879217372
-610.8788792173696
-1329.478879217376
-717.4788792173767
211.9211207826293
-920.8788792173624
39.521120782625275
586.1211207826203
-221.2788792173767
756.721120782619
821.1211207826217
-429.6788792173823
1471.121120782617
-309.6788792173795
57.321120782622295
2124.321120782615
-1641.6788792173943
537.1211207826315
996.321120782584
-268.27887921737806
-890.6788792173733
-509.67887921736815
-1464.2788792173706
-205.4788792173823
398.72112078261847
-696.4788792173837
453.1211207826219
2203.9211207826124
2934.1211207826495
677.1211207826219
1081.521120782633
-1410.2788792173985
-1437.6788792173868
305.72112078261995
1122.9211207826231
1176.9211207826293
1196.7211207826294
970.9211207826268
-533.0788792173802
-825.6788792173958
-504.87887921737877
-1169.6788792173838
-388.47887921737924
560.1211207826192
1465.5211207826262
1439.9211207826027
2031.7211207826017
1701.5211207825905
102.32112078263935
471.7211207826323
42.9211207826129
-1208.8788792173777
868.1211207826146
1253.721120782619
-400.4788792173847
207.52112078262462
1143.9211207826243
112.12112078261954
1864.3211207826166
374.12112078261646
-571.0788792173645
-957.4788792174002
-681.0788792173926
-970.2788792173807
277.521120782623
-451.2788792173793
-136.47887921738246
-681.4788792173863
-889.8788792173739
317.9211207826104
-768.078879217376
255.72112078261847
449.9211207826296
372.92112078261886
-658.4788792173753
-151.07887921737867
-10.27887921737943
1473.1211207826052
938.721120782631
1419.721120782634
989.7211207826216
839.9211207826132
-84.27887921737536
-1416.4788792173686
-208.87887921738084
-113.47887921738386
-706.8788792173801
-959.67887921738
351.7211207826161
-140.47887921737282
-178.07887921737793
-1655.2788792173976
-232.0788792173861
-905.2788792173927
-1462.8788792173914
-1686.878879217344
-223.0788792173811
-1337.8788792173718
-617.0788792173706
-189.6788792174036
961.5211207826258
989.9211207826233
-182.2788792173767
-1978.678879217359
-944.678879217385
1738.921120782664
892.7211207826192
1704.5211207825496
1116.5211207826221
1966.3211207826605
1598.7211207826258
1315.5211207826085
1600.121120782624
285.92112078261806
1122.3211207826323
-296.6788792173742
-704.4788792173783
-1675.8788792173807
-1507.2788792173687
-1129.4788792173858
-884.0788792173768
1036.721120782616
600.5211207826209
-889.8788792173827
-409.8788792173847
159.7211207826198
-1262.6788792173982
-2028.8788792173993
-968.4788792173847
-128.87887921737897
572.7211207826207
-879.278879217408
-927.4788792173878
-698.2788792173775
755.7211207826069
325.72112078261966
-222.87887921737502
-1081.8788792173684
530.921120782633
2563.721120782636
-6.4788792173787115
-398.47887921738004
-1018.4788792173634
-169.67887921738634
198.72112078263103
299.9211207826362
1406.5211207826346
387.9211207826268
-1245.278879217388
-1306.678879217385
-494.67887921737224
-318.4788792173844
390.3211207826242
-814.2788792173777
-1379.478879217402
-1296.0788792173635
-241.4788792173791
41.921120782622886
293.3211207826192
-696.8788792173541
974.1211207826237
601.721120782628
-409.2788792173836
-263.2788792173826
675.5211207826216
847.3211207826058
-160.87887921737664
92.52112078260588
221.32112078260656
-655.6788792173801
-1373.4788792173813
1112.1211207826348
120.72112078261382
1494.5211207826273
-50.678879217376114
2171.7211207826103
2593.7211207826535
-540.4788792173766
1677.7211207826056
-39.27887921737232
341.12112078261816
1386.7211207826167
170.92112078262144
-839.0788792173819
-445.87887921737257
464.1211207826316
1010.921120782628
1464.321120782614
1228.321120782625
-61.278879217384926
-371.47887921739107
-2596.8788792173486
-1401.0788792173526
1163.9211207826093
759.5211207826221
876.521120782617
1142.9211207826431
-1420.6788792173813
-2515.6788792173893
167.12112078263036
-33.47887921737371
-29.2788792173819
1027.5211207826346
-115.07887921737661
-105.6788792173709
1044.1211207826077
1082.1211207826093
641.5211207826299
828.1211207826194
-387.078879217376
460.12112078263107
509.52112078262996
-249.47887921738487
694.3211207826212
1718.1211207826384
961.7211207826145
-706.2788792173714
1128.521120782612
-39.27887921737919
1360.5211207826305
1143.5211207826112
-1072.8788792174266
-1447.2788792173592
-757.6788792174161
-1874.4788792173824
760.7211207826273
501.1211207826247
-555.0788792173756
-430.27887921738005
-1679.6788792174088
-1062.4788792174115
-1458.0788792173835
-1561.6788792173738
364.3211207826226
1340.921120782614
623.121120782611
-67.67887921737886
833.5211207826228
1514.121120782642
742.7211207826341
-51.47887921736926
1448.121120782614
1161.5211207826048
218.72112078262
-603.8788792173815
-90.8788792173869
220.72112078261938
1206.921120782617
586.9211207826127
2179.521120782616
463.72112078262563
242.92112078262116
-622.0788792173761
-564.0788792173744
-432.07887921738126
-50.27887921737617
-501.67887921738316
432.721120782629
-377.47887921737646
-1600.478879217381
390.9211207826176
-726.2788792173822
-516.0788792173794
-787.0788792173798
-1660.4788792174002
-1964.478879217352
-254.27887921736922
-904.2788792173737
-82.2788792173801
619.1211207826084
1765.3211207826503
1191.3211207826396
257.12112078259906
-152.0788792173838
-987.878879217376
-541.0788792173806
-1669.278879217373
-966.8788792173772
609.9211207826497
-1191.8788792173902
-596.0788792173628
-359.8788792173768
-726.0788792173694
600.521120782618
-561.8788792173763
-27.07887921737488
-530.6788792173844
-1881.2788792173728
-2488.078879217377
-553.4788792173891
1220.3211207826143
-744.478879217374
-540.6788792173762
-158.67887921737778
-680.4788792173782
559.9211207826233
-1407.6788792174061
-1426.0788792173753
-354.27887921736436
19.52112078262015
794.5211207826221
952.1211207826262
889.3211207826599
2042.5211207825794
1398.3211207826319
-444.2788792173796
716.7211207826307
557.9211207826249
62.72112078261902
-545.4788792173775
1200.3211207825957
-357.0788792173783
1439.1211207826136
1463.3211207826507
300.3211207826373
290.32112078260735
-517.6788792173801
-328.07887921737785
-1734.2788792173587
-950.4788792173824
-405.4788792173791
1017.9211207826158
1013.121120782614
509.52112078263804
-83.27887921737775
849.1211207826311
-184.27887921737664
1488.5211207826073
-22.078879217373544
-65.07887921737789
385.321120782621
-966.4788792173752
-23.6788792173786
2089.121120782643
346.9211207826359
232.72112078261898
-261.67887921737884
71.12112078261275
556.1211207826079
-1179.878879217377
-721.878879217389
653.7211207826347
-794.6788792173724
-492.27887921737766
700.3211207826267
2771.521120782608
-169.2788792173775
487.9211207826252
-397.27887921738517
-1503.6788792173909
-3129.878879217337
497.32112078262736
4.321120782620412
705.1211207826178
186.12112078262896
-795.678879217381
450.72112078262387
1838.3211207826066
978.921120782644
1453.9211207826156
-302.0788792173794
472.72112078262114
637.9211207826196
501.9211207826091
-563.2788792173815
1585.5211207826474
-269.87887921738
-636.4788792173762
693.1211207826256
615.3211207826224
410.3211207826153
154.3211207826253
459.7211207826227
513.7211207826224
-52.67887921737257
1417.921120782614
16.121120782623727
1051.3211207826191
343.5211207826188
1107.7211207826228
400.5211207826173
207.92112078262005
-238.27887921737988
23.921120782615752
-1271.078879217388
614.5211207826223
-54.47887921737757
-860.6788792173652
1142.9211207826252
1030.3211207826112
-445.67887921737827
690.9211207826169
236.1211207826239
705.921120782614
-1154.8788792173762
-78.8788792173774
300.7211207826162
275.92112078262375
-2197.2788792173674
-706.6788792173795
912.1211207826202
1220.3211207826153
-192.4788792173759
501.32112078262213
350.7211207826244
-759.0788792173765
-303.47887921737833
-54.278879217382034
-253.6788792173814
192.52112078262223
873.9211207826293
784.5211207826235
-1571.6788792173868
-1402.078879217376
489.3211207826283
-1228.6788792173788
-777.4788792173881
554.3211207826229
558.5211207826205
1762.1211207826348
-56.07887921737306
-155.878879217378
-835.8788792173858
439.32112078262105
1674.321120782595
267.92112078262534
146.72112078262683
148.1211207826231
-152.87887921737845
-302.67887921738094
-1267.8788792173955
38.321120782627375
-1080.2788792173744
651.3211207826035
-86.07887921737844
-1551.0788792173596
121.12112078262669
-532.278879217375
1276.3211207826155
1452.5211207826276
1025.1211207826325
1126.9211207826208
-193.07887921738055
-329.07887921738273
-604.6788792173693
-1489.2788792173837
-593.8788792173898
-1154.8788792174153
-898.8788792173835
-477.47887921738305
990.3211207826233
1189.5211207826164
-368.2788792173861
802.7211207826267
279.5211207826189
-571.4788792173713
305.52112078261985
-764.2788792173841
648.9211207826195
281.72112078261586
-910.0788792173829
264.72112078262137
880.7211207826105
1542.5211207825973
-476.0788792173686
736.9211207825973
696.1211207826202
62.9211207826295
1241.92112078261
-630.0788792173706
1054.9211207826113
-235.87887921737837
143.72112078262253
902.5211207826217
-1244.078879217387
-881.0788792173746
279.1211207826226
-358.27887921737914
-804.6788792173832
-368.27887921738164
342.72112078262535
129.92112078262173
202.12112078262507
-654.0788792173738
-620.4788792173795
-54.07887921737628
-413.87887921737433
-888.8788792173666
-163.27887921738417
-280.078879217368
-40.67887921738492
-751.2788792173709
-1658.2788792173997
-93.87887921737908
-186.47887921737956
222.72112078261816
-226.6788792173843
529.5211207826208
-1262.2788792173633
-551.8788792173701
202.9211207826271
-1784.4788792173977
-379.27887921737556
-1408.0788792173896
-1428.478879217369
-1043.2788792173972
-265.4788792173555
1921.9211207826168
30.72112078262125
-1620.8788792174032
-965.2788792173823
1608.5211207826128
565.7211207826188
-5.278879217375511
570.321120782621
1126.721120782622
1987.1211207826484
1729.1211207826098
978.1211207826201
244.52112078261888
-300.87887921737604
-539.6788792173661
554.9211207826178
316.9211207826261
-83.47887921737545
-1650.478879217382
-2367.8788792173764
-843.2788792173884
1174.121120782633
1128.1211207826211
93.72112078262501
878.3211207826242
474.7211207826389
-129.8788792173745
566.1211207826254
1362.7211207826151
-131.4788792173723
-1041.478879217383
-564.6788792173752
-462.47887921737663
-921.4788792173771
-276.2788792173741
676.5211207826501
2290.3211207826594
467.12112078263476
-1076.8788792173887
-448.4788792173742
795.9211207826199
865.3211207826243
1356.1211207826066
194.52112078262766
-309.87887921737354
395.9211207826267
117.92112078262389
967.521120782642
544.3211207826446
740.5211207826195
321.12112078261396
-1362.278879217368
-869.0788792173818
649.1211207826057
1196.9211207826295
990.3211207826187
1679.121120782619
418.52112078263156
459.12112078261583
415.1211207826319
1190.3211207826428
505.121120782607
-1223.8788792173807
-811.2788792173807
814.7211207826158
75.92112078261778
339.12112078262146
1068.1211207826163
87.32112078262759
-1044.678879217383
-1792.2788792173765
-2431.0788792173444
-515.2788792173751
53.12112078262523
865.321120782622
-298.878879217379
931.7211207826278
863.7211207826099
-886.0788792173516
-587.2788792173772
-911.2788792173756
-1178.878879217385
-493.27887921737886
-939.6788792173638
-1085.0788792173817
-1171.8788792173832
-297.27887921737624
-504.87887921736984
90.72112078261793
-1665.2788792173876
330.1211207826238
954.5211207826197
1052.9211207825945
349.1211207826249
922.5211207826308
1027.521120782622
-36.87887921736898
-828.4788792173703
-873.6788792173734
685.9211207826248
-88.27887921737425
583.921120782622
-444.8788792173758
-1371.478879217355
-1663.4788792173847
506.5211207826148
2184.721120782627
1105.5211207826414
1485.3211207825666
811.7211207825983
-232.67887921737736
-1379.8788792173818
-1457.4788792173722
-806.6788792173811
-133.27887921738488
781.9211207826203
1422.7211207825987
2063.521120782652
794.7211207826358
-908.6788792173626
333.9211207826211
49.12112078262164
-280.67887921737696
-843.8788792173699
-167.27887921738457
-1276.4788792173445
138.52112078261905
263.92112078262926
-469.47887921737976
-365.87887921738906
147.921120782624
1533.121120782602
1253.721120782646
456.3211207826272
751.7211207826182
-93.47887921737797
1235.9211207826188
577.721120782625
125.32112078263063
356.1211207826175
1316.3211207826098
1234.921120782633
52.121120782623265
-500.2788792173819
-1295.2788792173815
-240.67887921738114
1002.1211207826217
138.9211207826192
-347.8788792173785
578.7211207826314
-29.078879217379594
785.7211207826193
781.7211207826231
-1224.8788792173723
-426.8788792173808
-373.2788792173819
1218.121120782616
-211.47887921737072
-1185.8788792173698
-503.4788792173771
-444.878879217379
957.1211207826117
1715.721120782609
1571.521120782617
1307.72112078259
-911.2788792173764
233.1211207826153
806.521120782626
896.5211207826172
-1467.8788792173957
-1323.2788792173676
223.72112078261935
-273.0788792173802
1919.3211207826419
-423.8788792173806
216.52112078262374
-0.8788792173745321
-186.67887921737673
44.721120782624126
-134.0788792173753
436.3211207826133
99.12112078260249
81.7211207826156
-1132.078879217364
205.92112078262838
-556.2788792173742
-181.67887921737866
-579.2788792173823
-620.2788792173787
-615.6788792173722
-1356.4788792173824
-734.0788792173709
832.1211207826186
462.72112078261046
1134.7211207826433
997.3211207826166
888.3211207826065
35.12112078262061
-633.8788792173755
168.92112078263196
-222.87887921737615
-1029.6788792173716
-598.4788792173708
305.7211207826199
-791.4788792173713
1254.5211207826208
-851.4788792173777
713.7211207826243
1911.3211207826378
814.1211207826436
-679.8788792173767
-901.278879217388
2307.9211207825724
1825.1211207826589
434.52112078262
-152.67887921736985
1055.3211207826164
1108.9211207826322
-531.6788792173874
-1139.4788792173624
267.92112078262403
-179.2788792173754
-1200.2788792173824
-359.4788792173782
493.321120782621
180.7211207826308
343.5211207826191
-384.67887921737747
1714.5211207826474
590.5211207826409
1471.3211207826155
-1518.4788792173995
-540.4788792173699
935.3211207826309
206.12112078262209
296.5211207826146
-1215.6788792173754
-222.6788792173806
-253.07887921738018
1043.1211207826211
1689.9211207826572
-711.8788792173837
-621.8788792173724
-645.0788792173706
-670.4788792173728
-254.67887921737628
509.92112078261084
1592.5211207826314
2499.721120782631
260.72112078261614
-1337.8788792173955
-1673.0788792173976
53.121120782637355
-323.07887921736994
-501.27887921737783
214.52112078262843
-1118.0788792173637
555.7211207826274
239.72112078262998
1346.521120782584
1654.321120782619
-238.47887921737401
690.3211207826145
-1634.0788792173662
-452.078879217381
259.12112078262044
303.5211207826219
333.121120782625
-721.4788792173799
-130.87887921737138
895.3211207826353
1971.7211207825835
1791.521120782613
622.7211207826085
544.1211207826391
246.52112078260922
-1429.4788792173804
-731.67887921739
832.321120782629
1272.5211207826142
2419.121120782597
-160.67887921737002
-20.67887921737816
-133.87887921738067
1032.3211207826268
-748.8788792173686
-1769.678879217384
-109.8788792173733
-376.6788792173786
322.3211207826294
72.72112078262822
2862.9211207825947
1536.1211207826527
655.3211207826562
644.7211207826075
-226.07887921738518
-419.47887921737805
-913.8788792173622
-355.07887921737534
-1568.4788792173895
-1547.8788792173634
313.1211207826277
276.5211207826259
-188.47887921738422
-377.678879217377
2230.321120782649
352.7211207826175
238.921120782614
-58.87887921737833
451.3211207826306
-1097.278879217384
-527.678879217372
1188.321120782608
1031.5211207826294
1020.5211207826267
193.32112078262332
1137.9211207826163
1789.1211207826132
-179.87887921738093
518.1211207826132
97.72112078262779
384.3211207826228
-4.0788792173759205
2067.721120782644
1665.321120782631
319.7211207826251
308.3211207826191
450.72112078260665
-105.4788792173774
709.121120782607
1999.1211207826047
-534.87887921736
-560.8788792173734
172.9211207826259
-1637.47887921734
-217.27887921737243
996.3211207826483
1959.9211207826565
987.7211207825957
692.9211207826195
661.5211207826329
2057.1211207826013
1212.921120782618
1767.121120782597
-361.4788792173767
90.12112078262231
1680.7211207825983
880.5211207826243
-518.8788792173698
1657.9211207826102
1453.7211207826035
-18.07887921737605
312.72112078261483
-303.27887921738187
-593.2788792173759
1890.5211207826308
1723.7211207826442
-257.2788792173749
-1428.4788792173701
-988.6788792173801
-1933.6788792173822
-1377.6788792173925
1530.9211207826158
1056.321120782634
-336.4788792173774
-1778.4788792173806
-1500.0788792173805
-1143.6788792173702
-966.478879217387
1011.5211207826162
1495.321120782604
-74.8788792173851
-1201.4788792173792
-401.0788792173756
556.5211207826198
1245.321120782631
-1682.4788792173526
-931.8788792173751
990.7211207826224
-287.4788792173814
-393.8788792173779
-1097.0788792173537
-1489.8788792173837
-505.27887921738625
-62.678879217373975
-1801.6788792174214
1438.5211207826428
3297.1211207826814
2934.3211207825166
1420.5211207826185
-934.0788792173828
-752.0788792173923
-461.47887921737134
-437.8788792173699
464.7211207826253
472.52112078262235
1033.5211207826023
617.1211207825955
-805.8788792173852
-354.47887921737464
23.52112078261578
-1250.478879217377
1296.3211207826012
-1297.0788792173846
-1889.6788792173793
-1015.6788792173782
-247.47887921737856
-709.0788792173769
909.7211207826167
-812.6788792173846
-2637.478879217402
-2095.2788792173374
674.7211207826306
-2671.4788792173867
-1039.478879217406
846.5211207826128
-457.478879217379
-1285.6788792173759
2348.5211207826433
3998.5211207826715
2901.321120782606
999.3211207826287
440.52112078262957
-2620.6788792173734
-947.0788792173774
1252.1211207826211
-974.2788792173706
-418.27887921738227
295.52112078263275
1860.1211207826343
-1156.278879217377
-1123.8788792173937
-160.47887921737586
-717.8788792173754
-1465.6788792173722
-397.67887921738503
398.92112078262494
-624.4788792173748
-2306.678879217367
-841.0788792173782
-927.8788792173717
-2220.878879217417
-1783.0788792173726
-954.8788792173759
454.3211207826248
-291.2788792173854
-336.4788792173678
1195.5211207826308
341.12112078261947
88.52112078262992
2935.1211207826277
4952.521120782685
3321.7211207826754
749.9211207826283
2072.92112078264
-1150.278879217381
-1375.6788792173952
566.9211207826215
1.9211207826225305
-162.07887921737432
-354.4788792173822
-29.078879217378994
1131.3211207826262
24.12112078262576
467.52112078263303
3675.521120782594
-151.2788792173774
-209.27887921737886
1025.9211207825977
-217.67887921737778
478.7211207826209
-960.0788792173722
-1429.8788792173764
-670.2788792173912
1193.721120782632
1507.9211207826143
-450.87887921736274
397.521120782619
-851.6788792173813
-1881.8788792174466
-1604.0788792173491
-663.4788792173857
-1972.4788792173563
871.721120782636
2711.5211207826073
46.52112078262322
1712.5211207826455
-175.87887921737752
-1668.8788792173796
-1143.2788792173753
-2201.8788792173755
-607.4788792174198
1408.9211207826268
-1857.8788792173548
-1403.6788792173563
-1895.4788792173733
-1738.8788792173898
1839.7211207826315
148.32112078263322
-1807.6788792173897
-282.4788792173762
-1923.6788792174025
1205.1211207826132
-80.27887921738085
466.32112078261855
913.7211207826313
752.7211207826211
581.1211207826174
-526.0788792173742
219.52112078262337
-606.0788792173812
-3282.278879217479
-2881.0788792174385
-688.6788792173701
-2578.0788792174353
902.3211207826253
1578.7211207826322
-897.8788792173922
-695.0788792173837
-2157.678879217398
-1525.2788792173562
-1733.0788792173964
-3326.8788792173796
-1355.678879217343
1212.5211207826173
1090.1211207826207
1254.3211207826198
839.7211207826433
-989.4788792173578
378.5211207826276
-2553.07887921743
-3046.6788792173525
-30.47887921738208
-2912.4788792173495
-761.2788792173814
663.1211207826342
-885.2788792173764
-1067.2788792173892
-744.278879217372
-1063.8788792173812
168.32112078262566
-6.278879217380069
-1342.8788792173816
-732.8788792173726
834.1211207826108
1699.1211207826339
245.12112078262828
2650.921120782606
1426.9211207826152
250.5211207826361
190.121120782616
633.3211207826276
1213.121120782639
-53.07887921738258
-586.8788792173807
-1454.078879217373
-790.6788792173703
519.3211207826205
-619.2788792173717
307.3211207826165
549.7211207826238
73.72112078261574
-1178.2788792173503
-296.878879217397
-0.6788792173769451
-1488.878879217371
-202.0788792173791
362.521120782622
-877.2788792173718
1448.1211207826364
1423.5211207826521
-464.27887921738863
-433.678879217383
365.92112078262653
-695.4788792173778
1139.3211207826373
62.12112078262175
-392.8788792173836
-918.67887921738
785.9211207826046
1747.5211207826271
2390.3211207826157
144.32112078262543
894.5211207826342
976.1211207826219
-952.4788792173754
-497.078879217373
-840.2788792173867
504.3211207826165
1016.5211207826135
222.52112078261888
-455.0788792173708
-117.67887921737447
-1428.878879217351
-1488.078879217358
-721.0788792173579
418.92112078261863
-107.27887921737988
311.7211207826231
-79.87887921738198
-901.8788792173713
727.9211207826229
1729.1211207826043
626.921120782619
-1072.6788792173754
-33.67887921737794
-57.47887921737677
561.1211207826138
-714.8788792173688
1048.3211207826243
219.72112078262623
691.7211207826203
27.121120782619318
620.5211207826087
-889.6788792173717
-74.67887921737426
1084.721120782622
2192.7211207826103
1199.1211207826118
108.72112078262165
-1442.4788792173674
-2.2788792173706724
2242.9211207826374
824.7211207825951
1015.1211207826145
-182.07887921737336
-370.07887921737534
-467.6788792173767
-335.27887921739284
131.72112078261742
-703.0788792173877
720.921120782627
-303.278879217384
387.92112078261744
354.321120782624
544.3211207826275
223.321120782626
-204.0788792173782
1902.1211207826532
2002.7211207826188
177.12112078261785
1686.1211207826286
1722.5211207826223
623.1211207826129
-766.8788792173735
-540.8788792173797
-40.67887921737507
186.72112078261728
-936.2788792173749
25.521120782625463
-64.47887921737916
577.1211207826376
278.7211207826239
72.52112078262155
-732.2788792173707
491.321120782627
1903.3211207826319
-1164.0788792173512
-2282.2788792173856
-3184.2788792173947
-1991.2788792173633
-1115.0788792173782
-779.4788792173684
-35.078879217384824
-48.878879217378326
-221.07887921738333
256.521120782637
1554.7211207826265
1085.521120782589
1789.9211207826352
566.5211207826197
-827.4788792173756
-1018.0788792173852
914.721120782636
355.12112078262555
988.7211207826305
-27.478879217379138
1234.721120782632
548.1211207826432
-827.2788792173811
-109.47887921737569
1208.9211207826047
522.921120782626
-624.2788792173737
-650.6788792173792
-342.6788792173769
-1240.4788792174
-2068.8788792174023
323.5211207826277
-857.4788792173734
139.52112078262516
-1119.6788792173923
480.7211207826214
333.32112078262156
-2354.878879217389
-687.4788792173761
-1823.4788792173788
213.1211207826193
739.7211207826272
-362.2788792173832
-497.87887921737473
253.12112078262047
1219.5211207826376
866.1211207826223
1084.7211207826372
238.12112078262012
-841.6788792173919
-490.8788792173826
-2812.678879217379
-1451.8788792174093
885.7211207826199
747.9211207826636
1923.5211207825996
2134.7211207826062
-1385.6788792173636
-2230.678879217399
182.52112078262988
109.1211207826252
60.92112078262554
275.52112078261865
-1368.6788792173904
-1247.278879217381
244.52112078263252
162.9211207826237
-1190.4788792173774
-1081.2788792173824
-1605.8788792173889
-843.6788792173807
-1123.2788792173817
-594.0788792173789
-105.67887921737858
724.1211207826094
1061.92112078261
87.52112078262755
2310.5211207826446
908.5211207826226
1997.721120782624
1226.5211207826148
-1761.4788792173638
-1752.8788792173395
-1174.8788792173748
-1801.6788792174198
728.7211207826184
812.3211207826222
573.7211207826091
1491.1211207826677
188.32112078262213
903.5211207826143
1263.1211207826213
1014.3211207826344
1619.121120782635
1088.3211207826323
339.12112078261293
-539.678879217376
226.321120782619
1228.9211207825995
204.7211207826169
-343.0788792173776
1738.1211207826116
1511.5211207826137
733.7211207826239
-161.47887921737546
385.1211207826151
227.5211207826125
1285.5211207825766
1248.7211207826133
3023.9211207826615
1372.9211207826265
1390.7211207825935
190.92112078263096
-1111.87887921738
-1374.078879217394
-746.6788792173687
-429.2788792173708
1083.1211207826084
159.7211207826241
-570.0788792173688
2250.1211207826277
855.3211207826017
1315.1211207826366
1934.1211207826693
1268.5211207826003
-193.07887921737492
-182.27887921737405
-721.6788792173783
-338.47887921738317
-137.4788792173817
1361.1211207826186
1253.5211207826173
63.921120782615496
-442.2788792173892
-1566.67887921741
-245.27887921737545
-1386.678879217377
-386.47887921737396
1097.521120782612
-720.2788792173765
-293.4788792173808
-623.8788792173743
-597.4788792173887
380.32112078261844
-1391.4788792173654
-1156.8788792173618
-2037.478879217355
-3350.6788792173634
-2908.478879217382
-16.678879217376963
1316.121120782622
-504.8788792173816
251.3211207826175
-305.67887921738105
-815.0788792173806
1056.9211207826095
27.321120782624817
11.721120782617561
16.721120782612175
350.5211207826263
268.72112078262325
-309.0788792173755
-353.8788792173731
1268.7211207826222
378.5211207826198
-2055.878879217405
-722.8788792173792
487.9211207826199
246.1211207826162
159.32112078263637
1647.3211207826082
-298.2788792173812
1027.7211207826078
574.3211207826419
-358.8788792173807
-487.4788792173715
-1677.2788792173944
-1163.478879217349
-2449.678879217392
-2551.678879217369
-1381.278879217392
575.9211207826187
1102.9211207826115
1014.5211207826173
491.92112078262113
265.721120782621
-1005.6788792173942
1093.5211207826142
36.921120782622566
275.1211207826255
720.3211207826256
-309.6788792173797
84.72112078263561
1281.7211207826242
-633.6788792173713
-61.47887921738271
-49.478879217383536
-174.67887921738125
877.1211207825968
-69.0788792173791
-356.67887921737906
1408.521120782618
-62.67887921737545
-491.27887921737806
198.3211207826239
2185.1211207826286
-508.27887921737715
-286.2788792173777
-1364.8788792173953
-2311.4788792173363
-3730.078879217294
-910.0788792173807
-746.4788792173701
401.5211207826229
821.5211207826253
314.9211207826243
1226.3211207826218
1696.7211207826222
550.1211207826225
1045.321120782617
-453.6788792173776
652.7211207826027
1007.1211207826291
1199.9211207826056
-43.6788792173689
1383.1211207826311
-525.0788792173784
-1150.8788792173646
303.32112078262503
849.7211207826192
1350.5211207826126
1268.5211207825878
931.9211207826214
877.3211207826035
-257.8788792173787
834.1211207826069
-335.4788792173763
919.9211207826155
447.52112078261706
946.7211207826247
-109.87887921737695
-462.6788792173867
-1516.4788792173383
-1047.8788792174105
-1289.8788792173818
1018.3211207826171
273.1211207826252
-207.6788792173803
1307.9211207826186
807.1211207826084
-823.2788792173874
38.52112078262534
255.32112078262566
1332.9211207826277
-392.6788792173756
688.5211207826427
930.5211207826038
483.92112078261124
-1882.0788792173807
-1239.8788792173666
304.1211207826259
1502.521120782594
385.32112078263054
1027.9211207826306
476.7211207826246
-892.8788792173856
-970.4788792173811
-823.6788792173721
-1036.0788792173764
276.72112078262
1045.9211207826258
290.921120782622
-1647.4788792173692
-1468.4788792173708
-653.0788792173707
-1899.0788792174144
-944.4788792173764
432.1211207826229
-116.4788792173798
1100.3211207826091
-944.2788792173799
-1104.078879217374
-1474.078879217383
-398.67887921738355
1179.7211207826213
853.7211207826024
1084.9211207826245
1110.3211207826232
581.5211207826097
241.32112078262844
-777.2788792173807
-40.078879217377704
-1386.678879217361
689.1211207826229
-158.07887921737523
-1851.0788792173776
-11.078879217377883
-283.8788792173749
1122.7211207825992
863.9211207826149
536.9211207826261
1279.5211207826242
102.52112078261962
-265.8788792173766
-258.67887921738463
-1235.4788792174122
-1106.0788792173882
-1685.2788792173833
-1589.2788792173678
-1593.4788792173713
-450.8788792173713
497.1211207826364
-623.0788792173863
267.72112078262387
-35.078879217372425
-872.6788792173738
69.72112078261914
222.72112078263706
1716.721120782632
642.921120782621
-347.0788792173754
760.5211207826256
1558.5211207825903
2101.3211207826484
-101.0788792173841
1070.921120782626
1244.3211207826243
137.92112078262932
813.1211207826093
-598.6788792173688
1189.721120782625
-126.87887921737686
255.12112078262157
1012.1211207826259
-961.0788792173959
-499.4788792173737
673.5211207826208
-212.07887921737893
-799.0788792173821
-1129.4788792173697
-695.2788792173764
-1277.6788792173706
-908.0788792173757
-616.478879217378
-35.878879217376905
217.321120782621
-422.8788792173861
-1096.278879217381
-236.67887921737656
433.3211207826244
429.5211207826213
-1233.8788792173768
-1711.678879217369
282.12112078262993
905.521120782632
1464.9211207826283
1077.9211207826277
1755.9211207826431
289.92112078261874
855.9211207826214
669.9211207826307
-1269.4788792173904
456.7211207826316
-464.87887921737683
-1000.0788792173868
-965.2788792173998
-566.678879217398
1755.5211207826162
225.12112078262555
-1626.0788792173626
-1689.0788792173719
