-320.97755380183173
1548.4224461981696
-671.9775538018378
646.4224461981798
1513.4224461981537
-64.57755380184008
472.4224461981618
-1431.9775538018605
-1737.5775538018572
-1568.1775538018405
-1321.3775538018629
-229.77755380184794
1589.8224461981467
675.8224461981496
-1531.5775538018984
-320.57755380184466
-1320.377553801893
409.22244619815154
767.4224461981563
-525.1775538018526
1172.022446198164
-390.17755380183047
-512.5775538018218
520.0224461981688
-198.17755380183593
-305.17755380183894
1505.4224461981344
27.822446198162936
-3586.777553801759
-1988.9775538018428
488.4224461981658
-512.9775538018481
2426.0224461981825
-841.5775538018459
-372.3775538018421
620.622446198152
51.622446198156524
-356.377553801814
1827.822446198163
-1660.777553801868
-1960.777553801846
-334.5775538018387
-644.3775538018929
-1471.5775538019204
108.82244619815805
1633.2224461981214
158.2224461981586
61.82244619816523
-834.9775538018527
-1802.777553801927
-732.9775538018653
-1840.5775538018593
270.6224461981743
-642.7775538018271
-0.9775538018356347
117.02244619813928
-1793.577553801929
-102.37755380187545
-823.5775538018555
-2046.9775538019085
-2305.9775538018052
-956.7775538019283
-74.77755380183616
-1989.9775538018648
673.8224461981715
2143.422446198161
2007.422446198195
1418.622446198162
912.8224461981707
487.8224461981626
705.4224461981601
-55.977553801839704
718.8224461981554
-478.57755380184784
-999.1775538018693
-2618.1775538018433
-334.7775538018662
-1083.3775538018303
-93.17755380183911
740.6224461982085
1767.4224461981757
194.82244619815498
-1018.3775538018587
-1599.5775538018509
-703.9775538018207
-818.7775538018501
-1302.1775538018708
-2382.7775538019077
-1558.3775538018429
500.02244619816156
188.62244619817227
582.4224461981588
-464.77755380185084
-568.5775538018733
345.4224461981594
-250.57755380184557
1296.8224461981379
273.02244619816736
611.2224461981591
-612.3775538018457
654.6224461981619
1502.2224461981327
388.2224461981482
1163.2224461981407
970.422446198148
-713.5775538018667
527.8224461981674
502.62244619816283
-1050.977553801878
-1886.777553801885
-1724.177553801887
165.82244619816188
3621.0224461981597
1909.2224461981223
1424.2224461981766
-831.7775538018217
-1109.7775538018434
-1586.3775538018363
-1141.977553801864
-2411.7775538018395
-584.1775538018325
322.02244619817014
-458.17755380184406
773.8224461981595
849.8224461981647
-566.9775538018363
-125.17755380183893
-850.3775538018582
-1260.1775538018608
-1246.7775538018275
-1950.1775538018342
-284.377553801847
-221.57755380183943
-1475.1775538018462
-149.17755380183516
689.8224461981248
40.822446198160904
648.8224461981562
-1412.377553801866
-1316.377553801851
-1347.7775538018598
-1805.3775538018806
-2082.977553801821
79.42244619815564
471.4224461981592
2113.422446198147
3241.6224461981724
-337.37755380184035
-2599.577553801836
-2695.377553801866
-2473.7775538018645
-2652.577553801812
-1207.9775538018564
-851.3775538018463
-1802.377553801846
1075.6224461981467
1481.4224461981667
-348.7775538018363
879.222446198128
1123.822446198151
939.0224461981578
3.422446198156326
-2113.3775538018144
-1121.7775538018545
-1297.7775538018525
517.0224461981568
930.8224461981534
-765.977553801844
1142.8224461981238
2717.0224461981697
943.0224461981622
-451.7775538018482
1387.8224461981597
-62.37755380184986
-101.57755380183305
1726.8224461981652
-2437.7775538018946
-864.3775538018266
42.022446198165554
-654.5775538018355
-2128.3775538018385
-1869.5775538018058
-1627.177553801848
-579.3775538018359
157.0224461981611
309.222446198156
-202.5775538018395
1538.4224461981305
1999.0224461980658
774.4224461981236
951.6224461981412
440.8224461981734
-1897.1775538018364
-590.5775538018319
-1602.1775538018505
-2167.77755380184
-1812.7775538018498
2346.4224461981316
-286.3775538018441
-322.1775538018403
3071.4224461982258
721.0224461981294
886.6224461981675
593.6224461981631
-1076.177553801826
-824.5775538018474
-1199.577553801868
45.022446198159734
356.6224461981582
-685.777553801861
-1709.7775538018539
1574.0224461981488
-311.5775538018413
-535.7775538018333
202.62244619816119
981.822446198166
1737.6224461981737
444.82244619816436
-13.777553801835275
1373.6224461982001
1671.6224461981515
1518.622446198139
888.2224461981473
1518.0224461981338
-2105.177553801789
412.62244619815834
34.02244619816261
734.2224461981534
84.02244619816983
1024.6224461981267
996.2224461981589
339.02244619815383
2414.2224461981004
2181.6224461981787
1488.4224461981605
1138.62244619814
-1414.7775538018334
675.8224461981612
3009.4224461981325
427.22244619816547
272.02244619816395
-41.977553801841225
-1216.177553801833
-1338.577553801867
-1953.5775538017942
-1289.9775538018378
-727.7775538018469
2772.8224461981026
1885.8224461981843
665.6224461981723
1022.422446198188
-520.377553801835
1283.2224461981552
1060.4224461981285
1864.8224461981367
1003.2224461981501
-418.17755380186435
485.8224461981632
-296.5775538018268
-1646.577553801881
-328.5775538018566
1062.8224461981704
1856.2224461981323
-154.97755380183438
1325.8224461981822
1647.422446198157
-216.17755380183382
-369.77755380183686
1327.8224461981135
2151.22244619814
1737.6224461981703
355.2224461981574
2336.2224461981523
1377.4224461981553
323.82244619815896
453.62244619813765
2168.422446198112
2033.2224461980873
1631.0224461981625
1939.422446198201
-433.9775538018303
-1528.377553801851
1455.6224461981828
514.4224461981726
1647.6224461981717
-172.17755380185096
-1262.177553801847
-207.7775538018381
1330.022446198185
-1430.3775538018524
-2205.7775538018764
-3390.9775538017407
-772.5775538018315
530.2224461981547
-788.5775538018396
447.4224461981279
-446.7775538018358
-47.37755380184737
2489.222446198193
1025.6224461981528
1260.0224461980392
-537.9775538018347
-215.37755380184052
-516.577553801857
1208.6224461981544
2224.0224461981657
3057.422446198128
3341.4224461981853
3737.8224461981904
1490.2224461981175
1600.4224461982035
1741.222446198068
4254.0224461980815
470.8224461981453
170.6224461981612
1540.4224461981407
438.8224461981669
-162.57755380184645
-1337.9775538018532
-206.77755380184004
1992.0224461981788
-596.3775538018465
-418.7775538018403
-134.77755380184152
185.22244619816203
563.0224461981508
-97.37755380183897
-436.77755380183544
382.2224461981337
-491.3775538018325
2895.6224461980933
3611.6224461981337
851.6224461981271
-656.977553801845
1171.6224461981415
2250.222446198167
1569.6224461981774
1294.2224461981891
2952.6224461981087
742.2224461981757
2075.422446198173
905.8224461980977
1983.6224461981456
742.2224461981414
1273.6224461981765
1198.2224461981366
-2359.777553801847
-1202.9775538018284
-1982.3775538018674
-2368.3775538018954
-659.5775538018348
-665.3775538018405
-201.97755380183818
-1744.3775538018003
-713.1775538018678
-1024.1775538018585
-648.3775538018209
205.4224461981527
-652.1775538018532
-1787.5775538018484
901.0224461981499
-1020.9775538018421
917.2224461981561
2606.422446198181
1186.6224461981444
1244.8224461981156
820.4224461981353
1752.2224461981828
335.42244619812857
-1558.5775538018258
642.8224461981466
-882.9775538018376
-21.377553801847103
2032.622446198131
2584.6224461981155
2404.2224461981436
1187.6224461981656
1156.4224461981755
-1194.9775538018378
-1843.7775538018616
-562.1775538018314
-1615.9775538018791
135.02244619815778
1563.622446198138
763.8224461981482
328.6224461981561
-5.377553801842348
688.2224461981592
-300.17755380183604
-216.17755380185352
-743.7775538018271
-2493.5775538018474
-253.17755380183473
973.4224461981721
1335.4224461981642
1894.4224461981792
1371.2224461981905
258.02244619814786
993.6224461981667
405.62244619818443
1063.222446198132
-287.1775538018416
373.8224461981691
-896.1775538018409
1468.6224461981756
1233.8224461981852
501.62244619817625
947.2224461981207
580.0224461981574
678.0224461981486
-1200.577553801834
-585.3775538018411
-1008.3775538018648
-817.577553801862
-578.5775538018327
-16.777553801845457
-76.37755380183158
-581.3775538018488
459.82244619815225
1472.4224461981903
-910.5775538018146
-2031.7775538018307
408.4224461981521
554.2224461981667
-2814.3775538017917
-880.3775538018507
856.6224461981612
2607.82244619812
1151.422446198124
1916.622446198141
1048.4224461981548
217.2224461981672
1051.4224461981935
-591.7775538018366
951.822446198123
-1077.5775538018254
1326.422446198116
-1109.577553801845
1236.2224461982075
1861.8224461981615
-152.177553801843
-881.9775538018547
253.02244619815997
936.8224461981642
-555.7775538018233
-1866.5775538017776
-1442.3775538018388
102.02244619816116
429.22244619816166
-593.1775538018292
-240.3775538018355
1171.6224461981653
-1212.9775538018314
-1935.3775538017806
-930.3775538018533
239.02244619815764
-3472.5775538018356
235.4224461981621
2530.222446198223
218.02244619816992
-502.7775538018346
3688.222446198144
260.42244619816535
1012.2224461981382
1307.4224461981366
-1211.3775538018265
-1037.7775538018402
619.4224461981538
215.02244619815806
683.6224461981191
1851.422446198101
-200.57755380184034
1517.8224461981958
-857.3775538018383
-76.37755380183681
-1950.1775538017876
-2961.977553801846
-1646.1775538018444
-804.9775538018484
161.42244619818152
183.42244619817
2048.822446198128
824.6224461981541
1680.4224461981523
-546.9775538018692
-1003.5775538018045
83.82244619815026
-2645.9775538018785
-757.9775538018373
77.42244619815625
874.8224461981711
-554.7775538018307
1267.4224461981842
1554.6224461982215
1493.022446198157
1640.0224461981045
1437.8224461981415
-700.7775538018352
-2633.7775538018636
-2058.377553801901
-727.177553801844
859.8224461981653
-958.9775538018296
-2030.3775538018563
1068.6224461981712
-2564.3775538018153
-47.977553801841665
-1789.3775538018126
-1854.5775538018354
-1352.9775538018307
-1180.577553801835
-1603.7775538018552
-975.9775538018508
90.02244619815765
-1257.7775538018245
-424.7775538018429
9.422446198159207
-1224.577553801828
-3153.177553801816
-4356.777553801796
-432.3775538018344
-575.9775538018495
-494.77755380184226
-955.9775538018605
1297.022446198094
2979.422446198213
743.8224461981594
477.2224461981691
727.2224461981623
-115.57755380184427
-1470.5775538018086
-2044.977553801854
1183.422446198162
840.8224461981521
-1156.9775538018248
1461.0224461981688
-194.7775538018404
-1862.777553801866
-390.9775538018521
-84.7775538018621
1135.4224461981553
-713.9775538018504
-1061.3775538018358
-864.3775538018248
696.8224461981687
-870.977553801847
-1312.5775538018468
801.6224461981632
1559.6224461981408
-461.17755380183945
-2196.3775538018735
-600.5775538018512
-445.3775538018568
-1089.17755380184
-2032.977553801879
188.02244619816315
-1520.5775538018568
1467.8224461981486
247.0224461981614
693.0224461981596
-884.7775538018235
1935.02244619818
1869.6224461981628
-573.5775538018291
832.422446198155
870.6224461981753
938.0224461981475
107.62244619816306
-424.5775538018416
-1175.9775538018635
-30.97755380183701
656.222446198157
-598.1775538018481
411.6224461981627
233.42244619816054
0.6224461981628515
2572.622446198171
538.4224461981371
1206.622446198147
114.02244619815896
-461.57755380185955
-49.17755380184286
-1274.1775538018376
937.8224461981615
-256.77755380183993
-1689.7775538018918
-1463.7775538018398
127.62244619816435
1474.2224461981702
-722.1775538018529
-685.3775538018419
11.222446198157932
-1612.177553801838
-697.7775538018601
-1078.3775538019079
-490.1775538018492
-591.9775538018189
-924.9775538018466
735.8224461981723
334.4224461981611
-58.77755380185704
-1492.3775538018542
-869.9775538018425
2538.8224461981677
210.22244619815888
294.8224461981633
870.4224461981651
-1350.7775538018561
186.2224461981624
563.0224461981685
1020.4224461981646
1144.222446198142
1751.422446198143
276.42244619816597
-1415.777553801846
1192.422446198139
418.22244619816433
-312.7775538018139
-2134.5775538018584
-1883.3775538018697
2073.422446198144
-1001.17755380184
-2696.9775538018234
-2211.1775538018833
627.2224461981668
183.82244619815881
-1583.177553801845
-192.5775538018437
-1502.7775538018932
-1867.3775538018895
265.8224461981657
480.82244619816225
-846.3775538018297
-2279.3775538018654
-788.9775538018467
1966.4224461981476
-636.3775538018413
-1668.1775538018194
45.422446198150624
-1291.777553801853
706.2224461981656
-14.977553801833892
1489.0224461980981
-352.57755380184034
-203.17755380183843
-1104.3775538018433
-956.1775538018405
1430.4224461981448
-1699.5775538019086
806.2224461981777
-1101.7775538018416
-3401.377553801845
-257.3775538018323
-1062.177553801844
-1351.1775538018512
-3254.9775538018607
-1848.9775538018612
-1713.9775538017827
-1372.9775538018753
-2397.577553801836
-1737.3775538018724
-451.1775538018591
-1666.577553801788
286.82244619816225
-232.17755380184352
-2617.5775538019093
-1200.3775538018024
252.22244619816422
147.8224461981549
-1068.1775538018207
-452.3775538018449
1300.8224461981176
1215.622446198168
-154.17755380184147
1724.6224461981276
-356.3775538018318
317.2224461981623
549.0224461981393
1161.0224461981409
1589.0224461981707
158.22244619816257
-1423.5775538018474
-484.97755380184395
1010.4224461981403
1092.8224461981397
-1396.1775538018508
113.62244619815823
-2313.377553801832
-397.9775538018226
-2311.5775538017792
-1328.1775538018162
-839.5775538018431
-1256.5775538018577
-906.7775538018059
-65.57755380183512
-752.1775538018242
150.82244619815464
-1124.1775538018342
-988.3775538018446
-45.57755380184035
1614.622446198175
1334.4224461981523
-390.97755380184185
332.82244619816026
-714.9775538018445
-289.17755380183524
-763.5775538018449
125.6224461981608
212.42244619815153
458.02244619815656
-561.5775538018382
19.22244619815328
1289.0224461981502
793.6224461981856
-1775.777553801794
1760.2224461981234
-1310.5775538018281
-220.57755380184187
-737.177553801845
-3304.177553801869
-289.1775538018433
-239.77755380182498
811.6224461981561
-2904.5775538018083
-329.177553801848
279.22244619816627
-459.5775538018403
-1356.3775538018476
-608.9775538017971
-846.3775538018114
759.2224461981572
84.2224461981574
272.8224461981581
1670.8224461981492
2675.622446198169
1349.6224461981449
-65.37755380184191
550.2224461981771
191.8224461981226
1743.2224461982112
498.8224461981723
-39.57755380184555
571.6224461981504
-75.57755380183704
-1087.977553801845
599.8224461981746
-2343.9775538018325
-335.3775538018461
-1464.7775538018293
-1007.7775538018622
845.0224461981711
-2180.5775538018643
-2037.977553801857
-3027.17755380182
-1314.3775538018472
-3305.177553801887
200.0224461981582
-1133.577553801843
871.8224461981434
1703.0224461981409
-759.7775538018715
188.6224461981574
2361.0224461981675
1798.4224461981455
-161.1775538018394
-474.37755380184524
-142.37755380183077
1645.6224461981499
-1192.17755380185
-416.7775538018455
-131.3775538018466
1558.0224461981402
-677.5775538018247
452.22244619816655
2928.622446198176
231.82244619816413
-1448.1775538019203
-1156.1775538018394
-700.7775538018459
115.22244619815629
-494.57755380182516
-1646.177553801879
1206.6224461981465
-1638.777553801828
-29.377553801850176
159.22244619815396
349.22244619815876
-3015.3775538019086
-541.7775538018669
-1320.9775538018666
1305.2224461981666
74.62244619815536
-592.3775538018716
-225.77755380184405
798.022446198164
1257.822446198167
769.4224461981731
713.62244619817
1290.6224461981456
1230.2224461981207
349.6224461981749
1056.0224461981245
1264.622446198128
2449.8224461981654
682.6224461981618
1702.4224461981455
2506.6224461981496
-75.17755380184678
-1187.1775538018046
81.02244619816393
757.2224461981415
-642.5775538018577
264.2224461981497
-243.97755380185248
361.2224461981621
-1407.3775538018454
832.8224461981669
413.02244619816037
1971.022446198157
330.62244619816806
1095.0224461981622
938.0224461981476
898.4224461981535
-1194.9775538018318
1048.622446198155
930.8224461981605
9.622446198157352
563.0224461981653
934.6224461981526
1442.222446198195
1641.0224461981443
1899.022446198142
728.0224461981669
38.22244619815406
812.0224461981408
927.8224461981682
404.22244619815774
913.8224461981631
371.6224461981419
37.22244619815035
431.4224461981502
283.62244619815647
374.6224461981672
69.6224461981521
-400.9775538018561
1055.222446198163
-900.977553801834
-798.7775538018456
-1013.7775538018259
-131.97755380184876
906.6224461981693
1505.222446198152
108.22244619816406
-365.57755380184227
-843.1775538018316
381.82244619815975
1334.622446198147
18.82244619816285
-761.5775538018771
441.6224461981582
-154.1775538018494
-290.5775538018362
1475.6224461981267
1151.0224461981463
-651.5775538018418
22.82244619815732
812.6224461981669
894.8224461981591
-744.9775538018442
131.2224461981501
-911.5775538018361
-738.1775538018389
401.4224461981652
6.822446198159987
-436.377553801842
324.22244619816064
-2.5775538018384623
168.62244619815775
-90.57755380183565
550.8224461981505
569.6224461981564
-462.3775538018534
-1063.1775538018562
-844.3775538018367
344.22244619815837
-458.5775538018561
661.4224461981629
-236.1775538018444
-499.7775538018471
-635.1775538018463
-1092.3775538018497
-833.5775538018441
264.8224461981512
-169.9775538018476
1681.4224461980937
-128.77755380184388
-166.57755380184554
-1305.1775538018303
1872.2224461981398
1666.622446198153
-1648.97755380181
2352.8224461981094
-1128.9775538018496
-1096.3775538018622
-444.97755380185333
-173.9775538018447
323.42244619817075
875.2224461981455
411.8224461981543
-624.3775538018431
1516.0224461981502
829.2224461981597
880.0224461981735
-1996.3775538018606
-66.77755380185164
1210.022446198173
825.0224461981527
-743.3775538018524
225.8224461981677
-705.9775538018226
-1958.3775538018224
70.42244619815928
-493.1775538018487
-1598.3775538018037
-33.377553801834765
-466.97755380183685
476.8224461981431
643.6224461981569
954.2224461981625
-137.5775538018432
1237.622446198165
932.8224461981451
-1001.9775538018318
1270.6224461981385
-885.7775538018279
-627.5775538018428
-444.7775538018467
538.622446198157
1475.022446198159
-892.9775538018586
-1240.377553801827
-1145.3775538018413
916.4224461981637
-814.3775538018573
395.22244619815723
-2184.7775538018377
-62.57755380184061
2291.622446198152
-121.37755380183626
880.8224461981576
69.02244619816162
949.622446198159
-868.1775538018434
-1208.1775538018571
423.82244619816225
491.6224461981688
-365.1775538018588
1819.0224461981468
1817.4224461980602
1922.2224461982146
261.0224461981471
1418.0224461981875
673.0224461981695
1698.2224461981236
652.0224461981664
1278.0224461981722
-469.777553801829
206.22244619816252
-187.97755380183816
747.2224461981616
1254.2224461981677
524.2224461981504
582.822446198155
-1470.777553801817
163.0224461981607
1289.2224461981698
3216.0224461981948
-228.57755380184062
722.022446198164
855.2224461981625
-1324.1775538018649
1495.0224461981643
-783.7775538018299
-170.97755380184253
615.0224461981583
1429.6224461981608
1575.8224461981513
683.0224461981521
-911.9775538018257
1826.2224461981705
2096.0224461981857
2486.0224461981193
1108.822446198117
3654.2224461981123
1682.2224461981048
1361.0224461982011
1873.2224461981345
3255.622446198055
148.42244619815088
1217.8224461981624
727.0224461981394
-1468.3775538018506
-78.77755380183925
1709.8224461981297
-1707.9775538018525
-1597.7775538018352
-1454.3775538018615
-37.3775538018344
2000.8224461981836
920.0224461981549
-321.3775538018473
-1835.7775538018643
1006.4224461981672
2926.822446198084
-406.3775538018281
-1618.177553801848
-1503.9775538018112
364.82244619815197
631.0224461981522
-864.7775538018373
-1555.777553801833
-1080.977553801853
787.8224461981496
496.2224461981342
1768.822446198123
977.222446198144
-2252.3775538018626
-996.5775538018481
-330.377553801842
-1710.7775538018934
945.0224461981512
516.2224461981743
-84.57755380183798
-563.577553801841
-978.777553801868
-397.9775538018329
948.4224461981436
-770.1775538018363
-2991.9775538017993
-1129.9775538018082
-2094.777553801843
-552.9775538018519
689.0224461981613
-868.7775538018437
573.8224461981384
-850.9775538018516
-889.9775538018357
2.422446198158525
-102.57755380184547
202.22244619816703
2402.8224461981654
1481.0224461981556
-1396.5775538018277
8.82244619816749
643.6224461981662
-693.9775538018384
2112.422446198157
-2269.577553801833
-2163.77755380185
-905.977553801841
-2276.177553801877
-2971.9775538018084
802.4224461981476
-740.977553801833
-192.57755380184355
1971.6224461981592
1329.82244619814
180.02244619816486
571.4224461981618
758.8224461981629
-30.37755380182783
71.02244619816463
-1598.1775538018628
-2304.5775538019325
-535.7775538018317
-1092.5775538018431
1551.6224461980657
1071.6224461981055
1572.822446198113
1360.6224461981337
-521.9775538018338
730.0224461981544
304.4224461981587
-909.3775538018452
-1111.1775538018621
694.6224461981664
840.4224461981455
-1784.1775538018742
448.0224461981475
38.62244619815826
330.6224461981642
254.62244619816315
-427.5775538018514
-1706.5775538018593
-851.5775538018837
-231.97755380183696
1063.2224461981598
658.8224461981491
551.2224461981687
-467.77755380184334
1247.222446198182
-672.3775538018328
281.422446198162
858.8224461981495
650.6224461981536
-686.7775538018421
-831.3775538018751
499.22244619816615
3233.222446198171
3089.8224461981404
1497.6224461982254
-637.9775538018357
-331.7775538018362
1246.222446198139
188.62244619816266
-341.77755380184266
-935.1775538018574
-140.7775538018403
1111.8224461981556
234.82244619816595
890.8224461981655
-95.77755380183791
704.0224461981586
-315.3775538018347
1190.2224461981652
616.4224461981615
-627.3775538018398
1200.8224461981617
326.4224461981526
-664.9775538018566
2050.422446198161
2520.8224461981968
1452.0224461981495
232.02244619815764
-695.7775538018515
-79.57755380184518
2269.6224461982147
140.0224461981642
717.8224461981581
966.0224461981558
2097.822446198181
1967.4224461981862
1558.6224461981274
-761.1775538018419
617.6224461981512
292.8224461981645
-1166.3775538018485
-930.1775538018576
-501.37755380184814
-813.3775538018454
724.8224461981424
-256.77755380183777
-1776.7775538018466
109.22244619816703
537.2224461981635
2023.622446198115
1290.2224461981482
-1368.9775538018273
-709.7775538018321
98.02244619815701
-2011.5775538018352
-1065.7775538018511
-404.57755380184466
719.822446198185
901.6224461981448
1749.0224461981952
111.62244619814877
-791.3775538018564
-1214.9775538018407
117.82244619817463
2612.8224461981727
812.6224461981835
176.82244619816885
283.02244619815355
718.4224461981644
341.8224461981617
612.0224461981458
-690.9775538018378
-2083.5775538018856
-90.7775538018441
-273.37755380184586
-494.57755380184716
1275.0224461981434
1329.8224461981563
164.22244619816172
1396.02244619817
576.222446198153
766.0224461981732
-397.577553801851
499.82244619815754
581.2224461981698
-2111.577553801833
-1649.3775538018742
-770.7775538018451
70.62244619816335
713.8224461981442
2058.0224461982248
1514.4224461981714
1314.8224461981415
1860.422446198176
-2953.5775538018042
-975.1775538018328
1137.622446198141
881.2224461981517
512.2224461981434
137.42244619815082
353.62244619816806
679.4224461981552
-715.9775538018413
-638.9775538018507
-890.3775538019023
-349.37755380184603
-568.1775538018351
-312.9775538018303
632.0224461981252
-439.17755380183297
-2584.977553801802
2692.822446198199
1180.422446198153
-389.57755380184125
-2224.377553801874
1033.8224461981222
-1892.3775538018529
-2621.3775538019077
-558.1775538018394
-3470.377553801795
-1133.377553801844
1035.422446198161
-636.5775538018886
-591.9775538018429
-1149.3775538018358
-1007.1775538018491
-608.5775538018513
-129.77755380185337
-432.37755380183427
2666.422446198186
1282.6224461981878
92.22244619817957
-61.977553801833245
-976.9775538018544
-1606.7775538018395
-1455.9775538018835
-577.1775538018488
-167.17755380185142
-1168.5775538018834
-31.977553801833846
568.6224461981772
54.22244619815797
-3222.5775538019006
3445.222446198143
2698.622446198149
2314.2224461981104
-1047.5775538018424
-997.5775538018526
-1690.1775538018137
-2415.5775538017742
-1410.577553801801
-2233.5775538018465
-1045.7775538018584
1697.4224461981514
-287.57755380184835
-362.1775538018637
1033.822446198167
-1978.3775538018697
-2115.1775538018655
-1436.1775538018105
-660.3775538018268
-772.5775538018479
-2288.377553801649
-1477.1775538017762
-1608.5775538018418
-551.177553801799
-1216.9775538017825
-283.1775538018287
266.62244619815976
-1464.977553801808
-1017.3775538018476
15.422446198150368
2175.8224461981367
838.822446198176
-1083.7775538018743
989.822446198173
1065.2224461981664
-1216.5775538018459
-1590.577553801875
-129.77755380184558
953.4224461981647
-1797.9775538018503
-1661.577553801876
-1777.577553801794
-3233.177553801885
-1124.7775538018866
421.8224461981593
-169.57755380184201
-512.377553801819
-2081.1775538018287
-704.3775538018441
-1545.9775538018202
-2147.177553801847
-2733.3775538018567
-1799.1775538018228
-570.5775538018119
-1405.777553801921
-2677.3775538017344
-4505.977553801728
-3788.5775538018192
-112.77755380184075
-1217.577553801843
-885.7775538018506
-1864.7775538018616
-1227.577553801845
-637.5775538018405
208.42244619815463
-722.377553801858
-262.5775538018352
-2714.177553801863
-1786.1775538018867
-648.177553801841
-518.377553801852
1241.822446198159
-1427.3775538018365
-1364.177553801828
-63.97755380183376
-1510.177553801811
-453.97755380182537
-1664.5775538018293
-2336.9775538018416
-3585.377553801714
-2489.177553801814
-2578.977553801826
-2331.577553801884
-2433.1775538017723
-1224.377553801746
-2175.7775538017904
-1593.777553801935
-1430.9775538017436
891.2224461981465
-2413.177553801921
-1054.5775538017917
-303.9775538018376
-1627.3775538018765
-643.9775538018421
-714.9775538018333
-869.1775538018334
919.2224461981299
943.222446198162
2247.222446198107
1191.4224461982014
-425.3775538018371
-795.7775538018482
265.4224461981677
1600.0224461981873
287.42244619816387
-2121.3775538018667
-1216.577553801873
-964.1775538018156
-1746.7775538018577
-1640.1775538018576
-826.7775538018627
-1928.9775538017484
-2710.1775538018023
-4140.377553801845
-1512.1775538018264
-3186.777553801971
-2751.3775538018017
-2544.5775538018083
-70.9775538018441
-2085.1775538019238
-2003.7775538018666
-31.377553801842954
-1017.1775538018652
-120.17755380184401
-2006.777553801815
-1169.7775538018502
1133.6224461981467
-1154.3775538018358
-1557.7775538018466
-657.7775538018137
1929.2224461981566
-247.37755380183873
-1105.5775538018424
203.2224461981641
1513.0224461981268
980.222446198154
1332.8224461981702
-2179.1775538018533
-3226.977553801872
-3016.5775538018324
-2252.77755380185
-702.3775538018181
-1212.7775538017834
-1342.7775538018413
-2637.7775538018523
-4132.777553801695
-642.7775538018652
-2149.377553801787
-3375.3775538019863
-1678.5775538017353
-1180.1775538019283
-2322.177553801858
-2304.5775538017842
745.0224461981743
986.4224461981523
576.8224461981675
1345.0224461981386
-254.37755380184754
1910.8224461981608
1594.8224461981413
-935.3775538018274
1007.2224461981511
1471.0224461981393
1191.4224461981569
-689.9775538018471
477.22244619816854
2695.6224461981933
1182.4224461981785
977.2224461981699
545.222446198161
-2183.5775538018092
-2727.377553801704
-2268.577553801841
-2038.9775538018498
-1667.3775538018767
-2212.7775538018423
-1176.5775538018906
-2640.577553801806
-1111.9775538018387
-2881.577553801809
-1699.1775538018023
-2233.977553801768
-3380.1775538019756
-3188.37755380183
-2624.9775538019057
-219.57755380183846
-734.1775538018347
555.6224461981548
365.62244619816965
810.2224461981584
1869.8224461981356
13.622446198171517
-2281.777553801819
-1244.7775538018298
781.0224461981633
1629.222446198232
-696.5775538018684
-1161.1775538018326
2502.8224461982177
3339.022446198296
-1286.5775538018474
-1633.1775538018599
-2384.177553801836
-1364.5775538017992
-3035.3775538018976
-1529.7775538018702
-738.5775538018344
-1682.7775538018116
-765.5775538018012
-2017.9775538018905
333.4224461981491
-2246.577553801801
-1116.777553801844
-3752.37755380189
-965.3775538018406
515.4224461981771
-1452.377553801882
-740.3775538018534
19.022446198158654
969.0224461981543
1062.4224461981883
460.22244619814796
1298.6224461980792
947.8224461981488
441.4224461981879
-2271.1775538018533
42.82244619814864
1875.4224461981548
167.8224461981602
651.6224461981665
2872.2224461981077
4456.822446198187
-308.377553801844
216.022446198157
-201.37755380184888
-2939.777553801792
-3947.177553801894
-705.9775538018362
-1868.3775538018688
-1023.9775538019037
-884.9775538018187
-1795.177553801934
-857.3775538017975
816.6224461981554
-1561.1775538018467
-2521.97755380185
-223.57755380184423
-984.9775538018238
1260.6224461981608
1987.2224461981482
1406.4224461981707
-718.9775538018432
3.2224461981563834
2636.2224461981473
1903.8224461981956
2107.8224461981367
1385.4224461981726
1583.4224461980994
1325.822446198089
2627.622446198229
110.02244619815632
991.2224461981418
3531.6224461982815
1446.622446198165
1465.4224461981341
2.822446198157003
13.022446198161326
-2670.777553801879
-1505.57755380185
-3301.9775538018325
-2153.577553801886
-536.9775538018284
-934.9775538018605
-1749.3775538017799
-1100.9775538018582
-609.9775538018815
-1543.5775538018418
-743.5775538018539
-1159.977553801862
-2057.3775538018594
992.4224461981481
619.6224461981615
1459.4224461981414
-836.9775538018408
256.2224461981726
1853.422446198176
1120.022446198118
-586.3775538018376
-182.37755380184365
205.6224461981622
81.22244619815969
1142.2224461981443
287.2224461981499
-70.77755380184645
647.0224461981577
-362.1775538018368
2060.222446198154
1056.8224461981326
1488.6224461981662
-1515.3775538018194
-1206.577553801858
-420.3775538018248
-2521.177553801875
-2068.977553801783
-1266.3775538018162
-2054.1775538018474
-1540.7775538019025
-2028.1775538019294
-222.97755380184026
-333.9775538018396
-655.5775538018661
2754.822446198185
1372.2224461981666
653.6224461981617
408.0224461981588
-32.9775538018393
1981.6224461981278
188.82244619816106
37.822446198183314
-101.97755380184515
503.62244619812964
111.02244619814354
981.8224461981911
3010.4224461981507
1753.022446198214
1377.8224461981845
1951.0224461981354
2749.622446198083
1413.6224461980926
1583.422446198127
705.8224461981591
1215.622446198157
-2801.3775538018713
-947.577553801829
-1807.7775538018614
-1762.77755380184
-2134.9775538018375
446.2224461981569
798.8224461981539
-2309.9775538018275
-2164.5775538018434
-1056.3775538018442
-233.77755380184348
259.0224461981559
872.0224461981392
713.4224461981374
-462.7775538018476
-595.977553801848
-355.37755380184353
1279.822446198104
1850.0224461982107
1282.4224461981628
2754.62244619815
495.6224461981718
1996.8224461981608
1698.0224461981293
-85.17755380184335
1376.622446198181
-96.57755380183816
808.0224461981815
-1049.5775538018295
-168.97755380183546
1364.0224461981386
458.6224461981783
342.2224461981461
-2254.177553801853
-2072.577553801853
-1405.1775538018587
-2079.9775538018384
-1524.5775538018293
-1329.5775538018586
-1585.3775538018394
-2183.1775538018273
-1472.177553801839
564.4224461981561
546.4224461981516
1554.4224461981528
1572.222446198169
-382.1775538018468
173.82244619816115
-141.5775538018333
2373.6224461981533
2457.622446198158
-491.57755380184165
669.2224461981745
-30.777553801837158
370.6224461981542
1437.82244619815
2159.6224461981683
1310.0224461981657
-1299.5775538018515
99.82244619818157
52.2224461981524
2445.2224461981828
1551.022446198163
-381.7775538018371
2026.2224461981723
-1263.3775538018674
-1430.9775538018048
211.62244619816096
2605.422446198146
1333.0224461981472
-304.7775538018387
1342.6224461981287
-1118.3775538018463
-1099.977553801856
1283.8224461982084
1610.4224461981341
726.2224461981656
1556.2224461981623
1235.2224461981384
-45.57755380183316
-1084.57755380184
-443.77755380184306
-164.17755380184366
-835.3775538018244
1779.2224461982455
-1375.57755380186
221.22244619816507
-433.57755380184756
-98.37755380184078
-1113.9775538018528
-1645.1775538018303
419.8224461981619
-1766.7775538018504
3503.222446198113
2660.8224461981868
-991.7775538018552
1000.4224461981142
-1092.977553801844
1143.8224461981151
2544.6224461981683
2654.0224461981425
2526.2224461982173
3182.022446198149
1683.62244619816
268.22244619815837
1107.6224461981524
-323.5775538018382
2098.222446198159
1487.0224461981136
-114.77755380184313
402.8224461981589
-1504.1775538018105
-796.3775538018342
-1855.7775538018209
-2024.177553801871
1014.2224461981535
2388.0224461981684
-637.9775538018494
802.2224461981641
-972.1775538018289
-59.57755380183921
-371.37755380184245
-1039.7775538018434
301.0224461981586
-169.1775538018417
-134.77755380183288
985.4224461981229
1363.8224461981572
1168.6224461981403
-735.3775538018489
3636.8224461982177
4839.2224461981305
5826.422446198219
2593.422446198188
3752.022446198188
3103.022446198122
415.6224461981605
88.02244619816442
468.2224461981538
434.2224461981636
1752.2224461981357
568.8224461981671
-1439.5775538017997
-1940.1775538018417
-530.1775538018452
-1958.9775538018398
-3204.17755380188
-780.9775538018337
-805.3775538018348
51.422446198162426
-1254.9775538018077
-823.7775538018483
-284.9775538018502
-1098.7775538018386
-3564.7775538017945
-1682.9775538018494
1148.2224461981598
1685.4224461982053
-1086.5775538018306
2254.622446198174
-1078.977553801842
1044.6224461981635
2831.022446198192
3938.8224461981076
6869.222446198229
4812.222446198245
5526.622446198159
1561.4224461982308
1900.2224461980848
776.6224461981623
-430.17755380181507
367.82244619816765
932.2224461981606
-21.17755380183847
-1015.3775538018452
-2472.577553801778
-1437.5775538018631
-910.3775538018393
-59.97755380183746
467.4224461981522
32.022446198162676
2270.22244619819
628.0224461981674
1384.2224461981734
427.62244619815874
-990.977553801856
-1950.5775538018106
-956.177553801853
107.62244619815039
3448.022446198144
131.42244619816674
1938.8224461981297
483.2224461981676
-8.777553801840543
2746.222446198032
2569.8224461981686
3476.0224461981124
1318.82244619812
3879.0224461982184
1726.6224461980917
2512.2224461981255
-564.5775538018613
1367.82244619823
3216.022446198032
-301.9775538018284
-889.3775538018473
250.02244619815562
-616.3775538018326
-1182.1775538018162
-1822.5775538018324
-2368.3775538018426
634.6224461981675
-1411.7775538018557
1481.6224461981658
344.0224461981616
434.42244619815807
-1133.1775538018387
-1297.1775538018273
-341.77755380185255
-1040.9775538018275
19.022446198157745
2054.8224461981395
2086.8224461982036
1953.022446198069
408.82244619815793
-1077.3775538018492
2206.622446198321
1251.4224461981585
2858.422446198101
2453.422446198116
3697.6224461982033
-145.9775538018407
717.0224461981707
-1101.177553801851
675.2224461981748
185.42244619815432
-474.7775538018324
-1103.1775538018126
-927.5775538018654
-1001.1775538018426
-1179.3775538018463
-1375.7775538018332
-770.9775538018171
246.02244619815565
251.02244619816128
1341.2224461981516
396.42244619815295
-80.17755380185385
-1382.1775538018553
-975.9775538018372
-557.5775538018448
-1262.3775538018263
-620.5775538018098
1579.4224461981282
2088.422446198155
-577.5775538018403
-832.5775538018294
302.8224461981733
1877.422446198205
1188.0224461981368
2748.8224461981386
1160.2224461982353
2727.2224461981427
963.8224461981738
1565.2224461981466
727.2224461981959
219.42244619814778
-1290.577553801823
1616.0224461981493
1605.422446198194
560.4224461981668
-554.7775538018305
-1454.3775538018324
-854.3775538018441
-350.3775538018454
1400.4224461981712
1222.022446198161
-1151.9775538018491
-1065.3775538018303
-2490.97755380183
-2481.1775538017805
-1199.7775538018461
-1096.3775538018226
-690.3775538018531
290.22244619815405
520.4224461981614
1363.4224461981794
106.62244619815593
-878.7775538018598
1389.2224461981784
74.22244619815191
171.82244619815597
-413.77755380183885
-151.1775538018411
778.6224461981519
1370.4224461981491
-53.77755380183652
-706.5775538018429
-1138.777553801836
-123.37755380183815
1790.8224461981836
1583.4224461981626
410.02244619815986
360.022446198163
-1727.9775538018769
-2293.577553801895
-944.777553801834
-64.37755380184193
-336.37755380183546
-717.1775538018347
-357.17755380184104
-1313.3775538018456
-3134.5775538018434
-1278.9775538018384
-1358.5775538018502
-539.7775538018387
79.42244619817266
-471.1775538018325
-471.37755380184666
-758.9775538018382
-1190.9775538018353
-426.77755380184766
-538.7775538018551
558.4224461981389
659.6224461981814
-563.1775538018388
-1042.1775538018358
-1122.5775538018436
-574.1775538018521
-1325.3775538017724
120.82244619816163
-573.1775538018484
380.02244619815804
936.6224461981775
361.2224461981702
462.42244619813783
623.4224461981709
-1555.5775538018029
-960.9775538018547
-1366.9775538018498
304.42244619815835
-1395.7775538018418
1503.4224461981464
513.6224461981654
-3819.7775538018172
1028.0224461981518
-1044.577553801845
-346.1775538018625
-622.5775538018473
-830.9775538018531
433.02244619817225
142.6224461981577
-965.9775538018329
-1390.9775538018405
454.8224461981758
116.22244619815763
1146.0224461981754
-1056.5775538018404
785.2224461981658
715.0224461981749
-1018.9775538018432
-2363.777553801853
-1.5775538018406365
-374.97755380183474
-806.9775538018436
872.8224461981608
-669.9775538018507
-1488.977553801841
-567.5775538018414
-1918.7775538018082
-1707.7775538018054
-21.17755380183797
889.8224461981673
-403.7775538018519
569.622446198148
-645.377553801854
-2990.3775538018313
-228.5775538018409
-1091.377553801807
-1135.3775538018417
-1772.9775538018785
-727.7775538018309
1192.2224461981634
-1446.3775538017974
-2467.7775538018354
-461.77755380185255
1003.2224461981566
-1230.1775538018321
198.82244619816015
-1006.7775538018308
968.4224461981678
1056.6224461981417
-2138.977553801853
-58.977553801847314
146.62244619815684
2293.6224461981637
852.0224461981626
-1331.7775538018677
-1727.1775538018667
-895.7775538018333
-2454.5775538017974
-888.1775538018194
-648.3775538018375
702.0224461981534
-196.97755380184745
975.6224461981666
-233.37755380184285
-448.17755380184025
-1416.9775538018641
-909.5775538018427
-2011.7775538018545
-1191.5775538018204
-1581.9775538018641
-57.77755380183856
633.6224461981597
471.2224461981567
1045.4224461981428
229.82244619815634
1022.0224461981286
1010.8224461981475
1902.4224461982087
-360.3775538018483
1140.022446198158
44.822446198157415
-2087.9775538018816
1570.6224461981585
397.4224461981587
1372.0224461981704
1975.0224461981559
777.2224461981552
-907.7775538018496
-574.1775538018421
-2767.5775538019034
-484.3775538018536
-189.77755380184647
1074.222446198176
1192.222446198159
3001.622446198242
1137.2224461981625
-331.5775538018398
-55.577553801838235
1844.6224461982026
-843.5775538018345
687.6224461981509
1187.0224461981322
-1020.1775538018459
-37.17755380182808
2262.2224461981573
427.8224461981645
735.8224461981727
629.8224461981633
861.0224461981514
1423.2224461981612
829.6224461981834
367.6224461981554
-1509.5775538018795
1088.2224461981737
3742.8224461981226
1478.8224461982118
434.02244619815013
35.82244619815534
768.422446198168
1056.0224461981998
572.2224461981281
-389.37755380183194
-273.97755380183906
846.0224461981635
970.4224461981478
3036.222446198136
3717.6224461981337
738.8224461981121
1050.222446198166
1081.2224461981511
-10.777553801837046
1819.4224461981764
1602.8224461981624
1563.622446198147
853.6224461981436
248.02244619814482
965.4224461981378
2994.622446198118
638.0224461981558
-914.3775538018422
2990.82244619815
1649.022446198124
2209.222446198149
2521.422446198229
-670.3775538018454
111.82244619814976
-195.17755380185187
-527.1775538018483
-346.7775538018447
-464.9775538018434
-178.777553801841
2049.0224461982193
2120.622446198174
-226.17755380185088
1296.2224461981361
399.82244619817834
-1124.9775538018398
2897.6224461982424
-574.5775538018512
-99.57755380184237
695.4224461981224
-999.577553801839
-1583.5775538018354
1987.8224461981504
376.4224461981238
610.6224461981434
1818.4224461980825
482.4224461981618
413.42244619816756
2674.222446198184
2525.022446198136
1089.6224461981164
2202.022446198153
280.42244619817285
-1401.5775538018747
1.4224461981609149
-1513.3775538018583
563.2224461981424
603.6224461981309
1409.4224461981275
1093.4224461981357
-914.5775538018497
553.4224461981275
1.6224461981512597
262.8224461981428
901.4224461981448
2356.422446198197
763.0224461981651
-1755.3775538018683
1360.0224461981538
772.822446198158
1657.2224461981398
358.0224461981333
-1135.9775538018446
-1907.9775538018507
-1078.3775538018454
-913.1775538018652
460.8224461981591
-456.9775538018359
-1483.377553801836
-1873.9775538018177
1605.822446198165
-944.7775538018484
-1211.177553801839
-27.37755380184766
-390.5775538018377
-2792.377553801809
-2721.5775538017897
-853.7775538018741
906.4224461981574
344.4224461981457
-66.77755380184513
-1466.5775538018484
-1325.977553801845
906.0224461981262
-530.3775538018574
-7.577553801846834
383.022446198164
391.22244619815564
492.4224461981479
-407.97755380184
1084.6224461981376
439.82244619816845
698.6224461981515
-1096.5775538018545
637.022446198158
1125.4224461981541
-688.1775538018481
553.8224461981637
662.2224461981617
-1215.3775538018306
405.02244619815406
839.4224461982062
835.0224461981352
-888.3775538018529
-2019.5775538018838
-1028.9775538018419
719.8224461981698
-2293.177553801866
-1471.7775538018539
-663.5775538018277
-70.7775538018332
-734.1775538018487
885.8224461981613
-405.17755380184593
556.0224461981602
435.02244619815247
-1503.5775538018688
-92.77755380184354
30.022446198143513
-949.7775538018398
404.8224461981402
-365.1775538018387
-900.3775538018298
-89.97755380182778
-533.5775538018444
1075.4224461981823
1654.822446198181
-785.3775538018207
-244.37755380184188
387.6224461981581
-948.3775538018532
-873.5775538018108
-1630.3775538018554
-877.1775538018454
-191.97755380184336
-239.37755380184132
-1921.1775538018812
-2007.377553801858
-2484.177553801855
-2215.777553801836
821.8224461981339
-110.17755380183998
-1738.3775538018422
-859.9775538018429
1414.022446198187
717.4224461981412
1383.2224461981436
1409.4224461981728
-1005.3775538017863
690.8224461981521
-692.7775538018338
-1047.377553801887
614.6224461981527
1263.2224461981787
1340.2224461981564
881.2224461981386
-298.97755380183963
535.4224461981654
355.8224461981583
1221.6224461981826
1616.0224461981597
-829.3775538018364
273.4224461981574
907.0224461981477
1127.8224461981576
573.4224461982008
1753.2224461981623
160.0224461981556
140.02244619816534
2164.6224461981697
-1468.577553801883
-745.3775538018741
322.02244619815065
192.42244619816518
-859.1775538018368
-322.5775538018441
901.422446198161
1141.2224461981368
327.2224461981593
1096.0224461981893
445.82244619815447
32.62244619816068
-507.5775538018282
-1200.1775538018749
-887.5775538018584
-1595.5775538018615
-1713.7775538018136
1001.422446198127
-0.17755380184394376
-453.7775538018408
-992.3775538018477
1117.0224461981602
-1442.3775538018117
-1264.9775538018457
1351.6224461981287
-1014.5775538018505
625.4224461981543
1193.8224461981501
-1044.7775538018536
-1161.5775538018704
-1451.5775538018547
1300.2224461981787
1997.4224461981546
1795.6224461981776
996.6224461981312
3556.8224461980667
1440.0224461981209
618.8224461981625
1177.2224461981582
-4.777553801864368
-1193.577553801853
-442.7775538018403
57.82244619815905
-69.77755380184102
-1284.9775538018228
-945.9775538018392
-1197.5775538018281
-626.1775538017891
-2026.3775538018726
-376.1775538018467
461.22244619815314
1557.6224461981167
-236.9775538018435
-865.777553801857
-1800.9775538018841
-1406.9775538018469
403.22244619815893
-449.37755380184603
675.6224461981525
2144.222446198149
-912.3775538018573
-575.777553801844
1541.0224461981284
571.822446198134
179.0224461981541
1481.6224461981926
2096.422446198126
1178.8224461981445
-1268.577553801822
265.4224461981586
1429.62244619817
1507.0224461981556
-63.377553801840925
301.42244619815654
171.42244619815528
-1774.1775538018107
-1213.1775538018458
-478.9775538018226
1149.2224461981375
517.8224461981555
-966.5775538018034
-2476.377553801861
-5.777553801853283
-926.9775538018371
-1234.9775538018328
598.6224461981599
612.6224461981565
-964.7775538018518
174.42244619815693
-178.1775538018435
-807.3775538018207
-183.3775538018434
-119.9775538018384
-68.57755380182789
1292.4224461981626
612.4224461981486
1993.8224461981472
2382.422446198162
620.6224461981784
-1345.5775538018506
-308.1775538018403
947.6224461981609
605.022446198154
206.62244619815735
-2256.9775538018052
-2973.5775538018534
-173.37755380183984
-152.3775538018443
513.0224461981611
-1292.7775538018184
-695.7775538018445
-330.57755380184324
181.42244619816307
-2483.1775538018082
136.2224461981578
-1444.1775538018499
-598.1775538018388
754.2224461981593
-540.1775538018411
913.4224461981701
-877.3775538018499
-93.97755380184029
1735.6224461981706
317.62244619815795
510.82244619817516
-398.77755380184954
95.2224461981643
-1001.777553801842
-74.77755380183419
1116.6224461982047
355.22244619817275
114.22244619813503
446.62244619813043
-1325.9775538018482
-877.7775538018573
659.4224461981194
2534.022446198304
-1631.5775538018695
33.622446198162514
2499.622446198184
1375.6224461981494
1616.622446198146
1711.8224461981579
594.8224461981707
1271.0224461981768
-805.7775538018154
1366.4224461981414
925.6224461981435
-55.57755380184873
-147.97755380184955
-89.77755380184468
654.8224461981623
-50.1775538018467
-1072.7775538018475
59.02244619815448
1015.6224461981196
962.8224461981982
11.022446198175828
398.622446198165
-288.7775538018477
93.62244619815432
-1306.177553801869
678.6224461981573
-684.7775538018379
-310.5775538018414
-403.9775538018405
1192.0224461981475
-441.37755380184035
-1071.1775538018321
-436.9775538018451
-222.5775538018344
2407.4224461981967
183.022446198152
-128.57755380184278
1645.2224461981143
-902.7775538018366
-1702.377553801881
-3380.577553801843
-817.5775538018183
-1983.1775538018858
-1270.9775538018496
-303.17755380183405
-370.1775538018426
-759.1775538018353
783.622446198145
-1653.5775538018397
-2067.1775538018437
92.22244619814538
1047.222446198122
1124.4224461981175
594.8224461981716
1249.0224461981088
1247.6224461981587
-79.17755380183695
2589.0224461981506
1304.0224461981707
598.622446198161
1916.4224461981266
1607.4224461980734
-37.777553801842316
-1304.3775538018538
371.4224461981984
1561.8224461981754
1471.222446198133
1967.2224461981396
-566.3775538018466
143.82244619815992
-340.7775538018401
-2139.77755380187
-1116.7775538018607
-829.9775538018094
1115.8224461981579
1030.2224461981605
1600.2224461981755
-280.5775538018387
-1094.977553801858
1183.222446198171
1754.222446198197
-222.1775538018247
843.2224461981699
1695.6224461980853
803.0224461981879
1079.422446198183
1160.822446198158
2382.8224461981754
891.8224461981574
1845.02244619818
1450.6224461981265
2322.622446198026
729.2224461981523
525.8224461981683
-411.17755380187214
-1957.7775538018632
93.82244619816123
603.8224461981455
1271.4224461981307
797.0224461981574
-537.7775538018395
-1240.7775538018368
-3251.7775538017368
-4370.577553801799
-1236.777553801814
-442.37755380183245
2114.422446198116
1092.422446198174
-494.57755380186455
-1362.5775538018345
19.02244619814252
-550.1775538018546
472.62244619816676
-158.37755380183677
2395.422446198189
1262.0224461981177
1813.2224461981361
2357.6224461982006
1383.4224461981198
2095.022446198137
597.6224461981715
2204.822446198162
621.8224461981811
1415.2224461981727
-1562.5775538018513
1661.6224461981637
1517.4224461981928
-2474.977553801851
-2710.377553801805
-987.5775538018587
27.822446198155593
704.2224461981868
-1648.1775538018478
-1027.7775538018461
-701.3775538018276
-661.1775538018221
-1541.1775538018383
-1923.1775538018455
508.6224461981619
-654.3775538018302
-812.1775538018564
-1934.377553801837
212.6224461981573
-252.77755380184243
1667.4224461981698
1679.8224461981677
1199.4224461981514
643.4224461981748
2087.0224461982616
-16.977553801839925
930.6224461981437
626.0224461981454
-36.97755380182457
1136.222446198206
2576.822446198204
187.22244619815706
-1031.5775538018459
670.2224461981517
-1039.7775538018388
203.2224461981657
-662.3775538018405
-324.9775538018334
-653.977553801836
940.2224461981532
1508.822446198164
423.0224461981685
818.8224461981666
674.4224461981512
3230.0224461981234
104.22244619815953
321.4224461981666
-1023.5775538018562
-365.3775538018409
-609.7775538018507
-1858.1775538018392
382.422446198158
-869.9775538018299
33.0224461981589
-220.3775538018419
2024.822446198148
157.62244619817278
-652.1775538018488
1123.2224461981718
1021.2224461981489
3.6224461981606346
1053.022446198166
1482.6224461981824
993.8224461981107
873.8224461981083
-1377.5775538018647
-3422.3775538018735
1239.622446198144
-13.977553801839203
462.4224461981392
175.02244619816483
1730.6224461981647
974.2224461981652
210.22244619815993
-1602.5775538019086
-1177.7775538018172
485.0224461981692
-1858.9775538017834
-1936.37755380187
-1690.9775538017882
-1699.9775538018216
-1018.3775538018624
-1994.1775538018512
-278.5775538018379
-788.5775538018323
254.2224461981695
-932.3775538018454
333.4224461981676
937.6224461981587
-1314.5775538018186
-632.1775538018454
621.8224461981623
-41.77755380184209
227.42244619816933
-768.5775538018364
1686.822446198176
1257.0224461981804
-1390.5775538018497
1170.6224461981678
1289.6224461981697
635.4224461981374
-940.9775538018572
-612.9775538018457
1245.6224461981637
-1729.5775538018045
-1636.9775538018177
-1325.377553801805
-846.5775538018468
-510.17755380183814
-540.5775538018265
439.82244619816595
-947.3775538018658
-642.7775538018283
859.0224461981471
844.622446198173
-816.3775538018317
1117.822446198174
-90.77755380184492
813.42244619817
-1975.1775538017819
45.022446198145346
-513.7775538018459
53.622446198164724
-1339.3775538018433
1168.022446198181
1649.2224461981389
-1929.377553801813
-704.1775538018438
252.42244619816705
-923.5775538018477
-1469.77755380182
-150.9775538018428
836.6224461981568
-1163.377553801855
-2040.577553801821
-1954.3775538018574
-1231.9775538018653
-1069.1775538018428
-816.177553801841
48.42244619816278
1230.2224461981564
596.6224461981698
-2079.9775538018484
-3256.977553801708
-322.9775538018424
-1173.1775538018335
-173.1775538018468
-2296.977553801877
-931.3775538018556
85.0224461981644
-203.3775538018374
725.4224461981347
-338.37755380183944
124.62244619816988
240.02244619815022
-1627.3775538018551
-1341.7775538018302
-1074.9775538018525
-804.3775538018468
-990.9775538018372
-239.77755380182654
151.02244619816148
-2018.3775538018697
123.02244619815897
1707.2224461981675
-1093.1775538018492
-710.777553801844
-853.3775538018562
1066.6224461981628
611.0224461981536
-3239.7775538018263
-3024.177553801878
1954.4224461981485
-883.9775538018307
-1462.9775538019223
-98.77755380182955
785.0224461981677
-1020.7775538018371
589.022446198158
-1062.5775538018388
831.4224461981397
303.02244619815383
-759.5775538018416
2979.8224461981695
1050.2224461981623
142.02244619816545
278.8224461981634
1038.0224461981459
-1609.3775538018244
-1739.1775538018076
1913.8224461981579
-216.5775538018384
-377.7775538018365
1376.422446198162
-265.7775538018448
-723.1775538018402
1217.6224461981756
617.2224461981688
131.2224461981665
262.6224461981699
667.8224461981466
-123.97755380184205
-2528.577553801868
-237.37755380184683
834.6224461981692
139.02244619815832
-1329.5775538018565
-186.37755380184288
369.02244619815883
885.0224461981672
1787.0224461981368
-2030.7775538018225
1900.2224461981575
1793.422446198133
-1620.5775538018709
1035.8224461981622
-85.77755380184485
874.6224461981684
581.2224461981785
-1125.577553801843
-2821.7775538017227
-1057.577553801831
140.22244619815788
-628.3775538018429
316.8224461981592
-605.9775538018464
920.4224461981579
643.2224461981583
-680.1775538018422
856.0224461981586
-502.9775538018393
1452.4224461981526
1228.622446198142
-655.1775538018476
448.6224461981541
2058.4224461981707
621.0224461981663
313.0224461981644
-2200.1775538018087
-753.1775538018419
1685.422446198146
2642.4224461981335
1702.0224461982052
-1419.777553801814
-2440.577553801841
-694.1775538018537
-172.97755380184378
-351.9775538018489
-2586.5775538018197
-43.77755380183277
-1054.977553801833
-475.17755380184593
-3814.7775538019573
-1877.5775538018436
132.4224461981577
-1195.577553801842
-1244.7775538018818
-1004.9775538018439
81.62244619815587
1465.4224461981248
416.82244619815737
-585.9775538018365
-246.77755380184882
2543.6224461981583
2101.0224461982048
-2225.7775538019314
-1279.3775538018083
-983.3775538018034
845.8224461981347
-1808.377553801834
-1804.5775538018418
-981.3775538018156
870.2224461981616
-187.57755380184767
225.2224461981688
34.6224461981509
-817.7775538018082
-2314.777553801838
1101.6224461981449
-2231.3775538018353
-1627.7775538018627
-2093.9775538018125
-2948.377553801826
-225.97755380184742
-2305.977553801844
-171.57755380186956
-1809.5775538018268
53.0224461981566
-336.97755380181655
-1832.5775538018925
114.0224461981559
1507.2224461981505
614.6224461981525
283.622446198152
-671.1775538018239
1230.8224461981574
1899.0224461981245
87.02244619815528
-308.7775538018425
-785.377553801876
927.2224461981567
-1522.9775538018273
-394.1775538018439
-152.37755380184075
365.62244619816175
497.82244619816373
118.6224461981608
-850.7775538018395
1713.8224461981285
-1383.9775538018218
503.62244619815385
-912.5775538018578
-2516.177553801821
-539.7775538018378
-2351.177553801786
-1439.7775538018268
-4280.777553801766
-1050.177553801849
-487.97755380186044
1274.6224461981483
-1730.5775538018095
-241.37755380183768
3261.2224461981486
416.4224461981521
414.4224461981614
2306.022446198117
1204.4224461981746
991.8224461981749
-188.3775538018413
-2226.9775538018725
0.822446198164922
-1100.5775538018731
-130.37755380184242
-2419.5775538018233
-1263.5775538018124
545.6224461981438
1349.8224461981893
2234.42244619818
246.02244619815968
-955.9775538018431
1206.422446198163
632.2224461981557
733.622446198171
65.02244619815869
-2370.3775538018367
-218.77755380184018
-2352.9775538019
-965.1775538018882
-3358.177553801884
-779.9775538018109
-1935.5775538019125
-628.7775538018384
-2736.1775538018414
-804.9775538018475
-62.37755380183957
-1342.1775538018735
-1171.1775538018514
209.82244619815876
474.6224461981472
985.2224461981666
84.62244619815824
-832.7775538018288
68.42244619813093
612.8224461981597
499.22244619816416
-2023.7775538017968
-1164.1775538018856
1166.222446198169
1680.8224461981786
1003.0224461980818
-356.1775538018425
-1639.5775538018825
1018.8224461981504
921.62244619814
-2010.3775538018695
-977.7775538018439
-1049.3775538018517
-419.377553801835
-1568.7775538018502
792.0224461981634
-3140.5775538018997
-471.5775538018377
-329.9775538018595
557.0224461981585
-57.97755380184551
920.6224461981345
-989.1775538018594
-213.57755380183573
-891.5775538018368
-1080.3775538018408
-636.1775538018383
266.62244619815186
27.62244619816346
-1262.9775538018357
-375.3775538018381
117.42244619813071
-1686.5775538018038
-2268.1775538019087
-1934.1775538019174
233.82244619816464
2007.222446198154
891.6224461981639
145.6224461981601
-93.57755380183782
39.022446198157766
504.62244619820024
-732.3775538018513
-730.977553801845
267.8224461981475
-1050.1775538018458
-1442.9775538018785
-1137.5775538018434
-2274.777553801885
-1145.9775538018437
588.0224461981524
-605.777553801844
-640.3775538018459
-215.9775538018437
225.2224461981666
847.8224461981413
-672.3775538018449
-1040.1775538018478
366.4224461981474
311.82244619815583
-287.57755380182795
-966.9775538018351
-1489.1775538018635
-943.5775538018329
-580.9775538018539
-790.7775538018325
33.022446198165255
54.22244619815433
2382.6224461981014
1694.4224461981387
1218.0224461981525
578.822446198152
-986.1775538018313
-659.7775538018374
106.42244619816074
19.622446198163594
100.22244619816414
-243.7775538018397
-403.1775538018424
965.622446198149
-457.17755380186685
-1564.177553801823
-935.3775538018614
42.02244619815343
-111.17755380184946
1174.0224461981911
-680.9775538018467
-363.5775538018351
-411.3775538018329
725.8224461981242
2056.422446198176
3105.0224461981484
896.4224461981843
-20.777553801847844
-1415.577553801823
369.8224461981603
-135.57755380185228
1423.022446198145
1786.4224461981548
-629.5775538018435
3838.6224461980896
1955.4224461981414
1650.0224461981752
399.82244619816913
-757.5775538018485
566.222446198155
1732.4224461981462
1183.8224461981733
-107.37755380184286
1287.0224461981609
607.6224461981601
2469.622446198171
460.6224461981536
1568.8224461981413
1514.0224461982016
453.0224461981695
-355.77755380184226
1978.8224461981642
-26.97755380184058
-1257.377553801841
603.8224461981523
861.4224461981652
1064.4224461981655
2210.82244619819
391.42244619814494
-1300.1775538018296
-825.5775538018382
627.022446198144
-331.1775538018378
301.8224461981554
159.62244619815803
-1165.1775538018223
2076.6224461981683
1517.8224461981579
171.22244619815618
-1276.1775538018394
-1694.7775538018684
545.4224461981646
-386.5775538018474
-527.1775538018463
-363.97755380184157
-354.177553801846
-1670.7775538018695
692.6224461981667
-64.17755380183739
1288.0224461981654
760.4224461981615
-1696.1775538018285
703.0224461981646
1608.6224461981194
1869.62244619815
78.02244619815835
-989.777553801858
649.4224461981619
1766.022446198165
-344.5775538018116
351.4224461981565
-1113.1775538018285
-315.9775538018462
-946.177553801828
-2510.577553801902
-2944.9775538018644
-1562.5775538018208
-963.1775538018785
813.4224461981576
463.2224461981637
-17.77755380182452
-984.9775538018181
-998.1775538018259
-396.77755380186875
320.42244619816034
1233.8224461981533
113.0224461981455
-777.5775538018554
-802.5775538018486
418.22244619815814
-1248.1775538018417
-42.17755380185311
-1401.9775538018337
-2963.1775538019033
164.62244619815021
-441.3775538018549
-232.17755380182507
223.62244619815704
493.22244619816246
223.62244619815846
312.02244619814786
-2053.3775538018976
-1432.3775538018544
-1896.1775538018833
-1076.5775538018443
-1307.9775538019003
-2717.7775538018386
-3875.5775538017506
-3078.377553801794
-637.9775538018448
1197.2224461981396
-1353.7775538018457
-230.77755380183282
-59.57755380184642
-3043.577553801864
-2522.7775538017936
285.42244619815466
-1336.7775538018857
-630.1775538018625
-1478.5775538018863
-875.9775538018416
-94.97755380183294
-183.17755380181035
-779.1775538018306
-2636.777553801926
254.02244619815372
1737.6224461981124
-619.5775538018418
-1692.5775538018872
-1936.3775538018024
165.0224461981581
1361.4224461981644
-51.177553801839544
-1575.7775538018266
-2426.9775538018175
-1548.5775538018265
-2926.3775538018517
-1903.5775538018875
