-1000.6464342436124
-1076.2464342435326
-639.0464342435157
-1199.0464342435303
376.153565756489
204.75356575647479
77.55356575648248
75.75356575648348
462.15356575648354
-946.8464342435371
-2860.0464342435107
-2341.646434243492
24.95356575647923
101.75356575648638
81.15356575648244
-226.84643424351782
-1122.0464342435052
-411.24643424351007
354.35356575648643
241.15356575647874
-1014.246434243496
-893.6464342435416
-1363.846434243546
-790.2464342435337
-64.64643424352579
-47.24643424351822
-98.04643424352113
927.9535657564961
2082.3535657565026
667.7535657564862
75.1535657564765
733.9535657564575
1682.7535657563938
1089.5535657564835
1350.753565756479
-29.24643424351943
2066.1535657564873
2515.953565756525
-71.24643424351072
16.153565756474933
763.7535657564918
-471.0464342435208
-791.4464342435122
-601.6464342435517
1743.5535657564715
1277.5535657564944
1593.9535657565177
2905.553565756467
1867.353565756482
1640.7535657564908
1544.1535657564925
2134.953565756469
649.7535657564841
839.753565756484
-206.24643424353076
401.55356575645845
32.35356575649409
-779.0464342435241
-894.6464342435332
-1952.4464342434953
-549.4464342435188
1732.3535657564964
130.15356575648127
450.75356575647106
1947.1535657564932
-1043.6464342435268
803.9535657564746
620.1535657564798
981.9535657564779
2883.753565756512
-172.64643424351712
-1126.0464342435139
-1616.6464342435381
-346.046434243524
-1332.446434243523
-2041.4464342435083
-1.646434243518513
-1164.6464342435181
-1710.846434243578
320.5535657564827
-194.04643424352847
-509.4464342435299
-1696.4464342435585
21.15356575647867
-1083.8464342435161
-1404.8464342434793
-2689.646434243495
95.75356575647382
341.75356575647925
-1250.646434243529
-2003.6464342435397
-664.2464342435208
1554.1535657564305
363.5535657564889
-952.8464342435096
-667.646434243539
1961.7535657565352
-2021.4464342435076
878.7535657564807
745.7535657564908
744.9535657564802
366.15356575647877
449.9535657564948
1387.3535657564914
517.5535657564695
-126.44643424351648
-1724.6464342435195
-237.64643424351996
851.9535657564828
81.15356575648016
203.35356575648416
229.15356575648644
62.953565756476905
-120.64643424352903
205.75356575648138
373.9535657564919
-1796.0464342435246
-713.4464342435218
1809.753565756503
1391.3535657564735
92.75356575648112
-774.6464342435402
-1870.6464342435456
-704.8464342435075
161.35356575648686
-2014.4464342435006
-1832.2464342434484
-498.84643424350395
1838.5535657565179
-848.2464342435032
-415.8464342435247
133.35356575649436
764.5535657565248
2366.9535657565557
152.15356575648298
-1556.0464342435118
-588.6464342435181
-711.846434243521
-2083.64643424351
-654.046434243515
1450.5535657564828
1275.1535657564857
1692.9535657564638
1224.7535657565024
-1606.446434243477
-2773.646434243527
-1732.6464342434624
-1377.8464342435316
232.15356575649224
1014.1535657564839
999.153565756485
2376.753565756484
1362.153565756457
826.5535657564657
672.5535657564852
1056.9535657564738
1147.353565756492
-1151.8464342435166
-272.84643424353044
125.3535657564795
152.1535657564848
-549.2464342435187
-1172.046434243532
-551.4464342435186
319.75356575646583
1980.1535657565244
486.75356575648516
-1120.6464342435024
-630.0464342435257
-1854.4464342435258
955.5535657564789
-342.0464342435172
1870.7535657564765
1962.9535657564657
791.5535657564828
555.3535657564772
-1275.0464342434802
-1720.6464342435147
-1117.646434243574
-1613.2464342435867
-2530.4464342435585
565.1535657565036
-857.446434243516
828.1535657564696
-278.64643424351624
-2145.4464342435745
339.7535657564912
1942.9535657564745
419.9535657564857
493.55356575648943
-304.84643424352834
306.15356575648224
30.553565756487224
-175.64643424352522
710.5535657564724
-1174.8464342435211
657.353565756492
1779.1535657564807
1540.353565756493
1073.75356575648
-222.04643424351667
-1766.8464342435216
1254.553565756474
-40.84643424352333
1675.153565756451
2017.3535657565035
34.153565756484326
-601.846434243506
-2140.8464342434945
1583.953565756477
1043.553565756487
-1082.8464342435418
-1264.846434243528
-324.04643424351644
-697.2464342435198
-1191.6464342435272
-2315.6464342435233
-2049.6464342435356
459.95356575647867
468.7535657564812
901.3535657564773
-441.24643424351774
-797.8464342435248
-27.046434243517066
-1651.246434243514
928.3535657564769
375.5535657564768
1029.3535657564767
-828.6464342435196
565.9535657564577
1450.9535657564666
705.9535657564725
1025.7535657565409
-858.0464342435139
30.753565756484996
-1563.6464342435447
-446.0464342435267
916.7535657564977
-467.04643424351576
569.1535657564818
-264.4464342435232
-812.6464342434758
-1388.6464342435418
153.15356575648002
1176.3535657564742
572.1535657564797
-1630.646434243488
-1599.846434243552
-1670.8464342435068
-384.2464342435245
1305.7535657565065
865.7535657564589
1657.9535657564727
-1700.2464342435192
-441.6464342435342
38.753565756483425
-109.04643424351875
331.9535657564812
-1408.2464342435383
-1138.2464342435392
-2282.2464342435387
-45.84643424351847
-485.04643424351207
-350.2464342435181
1441.5535657565042
2193.1535657565096
877.7535657564748
-1659.0464342435293
-820.8464342435375
652.5535657564719
652.7535657564615
676.353565756491
666.7535657564844
-1301.8464342435523
-1557.0464342435337
159.35356575648657
-541.8464342435232
66.35356575648004
-2072.846434243602
-1027.24643424355
-1087.4464342435276
-37.846434243517066
-1231.4464342435288
-943.4464342435272
930.9535657564898
305.75356575647737
1180.553565756477
-24.246434243522764
1553.7535657564683
-438.0464342435172
-175.4464342435153
53.15356575648988
650.9535657564876
896.1535657564934
-1001.8464342435194
-1203.646434243497
-898.2464342435479
-94.64643424351911
878.553565756453
-583.8464342435232
-1250.0464342435414
-1895.8464342435202
-279.44643424353666
-1602.046434243502
-244.2464342435373
499.9535657564821
-544.246434243503
-2719.646434243378
-2634.246434243506
-187.44643424353117
-594.2464342435039
-1157.246434243541
-2772.2464342435424
-1791.846434243519
1006.9535657564772
941.9535657564495
1207.3535657564696
383.7535657564796
1395.9535657564873
-31.046434243519464
452.95356575649566
-248.84643424352157
359.7535657564846
1651.55356575652
2445.9535657564415
537.553565756492
2055.9535657565
2998.5535657565274
157.15356575648292
571.7535657564694
1897.553565756504
-1635.4464342434774
474.353565756486
-224.64643424353022
-1135.6464342435324
-1387.8464342435313
-532.6464342435204
-79.24643424352061
53.7535657564849
-1738.0464342435355
-592.2464342435142
-1457.2464342436047
-1344.4464342434642
860.1535657564586
-390.84643424351043
-2884.8464342434213
635.7535657564842
3324.5535657564205
1495.153565756467
836.9535657564841
571.5535657564766
-536.44643424353
-223.2464342435203
-982.6464342435223
-930.8464342435235
-300.24643424352087
1820.5535657564842
-489.04643424352946
-960.4464342435076
948.3535657564681
547.3535657564892
690.7535657564739
-518.6464342435224
-1294.646434243443
290.3535657564759
-632.6464342435
-713.2464342435381
-551.2464342435239
339.35356575647626
-1747.6464342436038
-2377.8464342435955
-913.2464342435221
487.55356575647784
-2700.6464342434588
-876.846434243569
2281.153565756523
791.1535657564755
382.1535657564799
288.7535657564787
1777.9535657564797
2474.9535657564597
1543.3535657564862
-1052.2464342434816
1722.1535657564882
-37.646434243514804
-982.2464342435222
476.15356575648286
297.1535657564805
3925.9535657565057
3326.553565756488
-608.8464342435234
-1284.8464342435304
-1342.8464342435057
-127.44643424351902
1103.1535657565091
-355.24643424349915
2223.3535657564926
682.1535657564751
-2993.646434243511
-627.0464342435181
-358.446434243534
-963.0464342435225
-775.446434243562
256.7535657564777
-920.0464342435313
2368.953565756456
1721.7535657564795
1394.9535657564359
1415.3535657565312
3645.953565756496
-27.046434243522796
3022.7535657564677
3601.35356575651
528.9535657564797
-748.0464342435317
1049.9535657564854
-2342.246434243536
-2604.0464342435216
-1281.0464342435407
193.35356575647694
1438.55356575644
1875.5535657565126
526.3535657564843
-3251.6464342435843
-2762.4464342435485
-2603.046434243606
351.15356575648354
-2217.246434243525
-1101.0464342434818
-2147.446434243522
-3578.046434243556
-4768.046434243468
-2430.246434243477
-1268.2464342435549
-2611.046434243545
-2684.0464342435466
-248.04643424353878
115.35356575648342
-1731.6464342435142
-305.0464342435177
-862.0464342435396
554.7535657564799
299.5535657564907
2278.1535657564377
3352.3535657564976
409.95356575649436
573.3535657564607
1917.153565756486
-877.6464342435153
-651.4464342434983
-1253.4464342435124
1014.3535657564871
2190.5535657564687
755.9535657564354
682.953565756444
-375.4464342435174
182.95356575647872
-1914.8464342435304
-697.0464342434914
1528.9535657564948
-1673.046434243504
-3297.6464342434697
731.953565756483
-4093.446434243494
-3562.046434243394
-159.64643424351056
80.15356575648353
166.55356575648645
-1840.4464342434972
-1143.6464342435438
-545.4464342435044
180.95356575648853
-178.04643424352057
-1527.246434243556
1815.953565756476
2700.153565756508
870.7535657564816
1244.7535657564868
2609.5535657565642
-766.8464342435105
-2661.8464342435473
-441.6464342435476
-1836.8464342435134
143.95356575648
1430.95356575645
598.7535657564808
1875.9535657564697
1379.1535657565114
-136.04643424352437
-1163.8464342435227
-2527.4464342435126
-714.4464342435357
-2147.4464342435417
-3765.846434243578
1106.353565756491
-323.8464342435158
-1843.8464342434972
-2058.846434243515
-2421.8464342435186
1116.9535657564688
-309.44643424351557
1375.1535657565066
1223.1535657564884
-1494.2464342435464
-1558.6464342435006
-1451.6464342435102
751.9535657564775
285.9535657564469
-986.2464342435161
-32.04643424352264
2758.3535657563534
-1676.2464342435148
-2922.446434243615
-402.44643424351955
-1694.046434243509
-518.6464342435215
-45.64643424353286
1790.7535657565413
3118.95356575657
1636.7535657563988
219.15356575649514
365.5535657564815
103.35356575648039
671.3535657565029
369.9535657564742
-145.84643424351668
1584.7535657564463
-1081.6464342434865
-1823.4464342434917
-1100.446434243491
-2503.0464342434916
741.3535657564832
327.35356575648024
-450.4464342435039
-526.446434243514
-1666.846434243497
-1602.0464342435241
1058.3535657564757
-355.04643424350627
-2755.4464342435253
-25.046434243501654
2891.353565756438
3856.7535657563217
1339.7535657564617
-179.44643424352844
27.553565756465474
-682.4464342435201
-197.64643424351692
1007.553565756475
994.7535657564689
2248.3535657565417
3475.553565756547
1062.95356575648
394.1535657564799
482.7535657564872
-1829.8464342435436
-2148.0464342435357
-841.4464342435058
611.3535657564767
1106.353565756482
-730.8464342434974
-2509.8464342435495
-1957.2464342435626
-1737.4464342434821
-2167.0464342435703
-2371.84643424354
903.9535657564761
1159.7535657564817
-1114.2464342434882
-445.4464342435152
-1233.046434243527
-1649.0464342435293
2339.353565756456
949.9535657565028
-977.8464342435215
-1013.6464342435061
-2678.04643424345
206.9535657564787
1206.9535657564568
-588.8464342435176
-698.0464342435051
-3155.4464342436245
-2695.046434243531
1053.1535657565103
615.1535657564784
645.5535657564825
823.1535657564856
282.1535657564921
-2541.846434243504
-2446.6464342435224
-12.846434243535803
231.5535657564725
-2375.8464342435045
-1437.2464342435176
-407.8464342435298
-1149.4464342435208
-285.44643424352205
-675.0464342435419
1751.9535657564795
1085.7535657564886
-1070.846434243516
-888.8464342435265
188.55356575648284
86.35356575647882
568.3535657564806
-1211.0464342435218
359.55356575647835
135.5535657564909
-1889.8464342435225
554.5535657564881
2232.1535657564586
816.153565756478
517.9535657564752
-1659.8464342434995
-103.8464342435144
862.7535657564724
-756.8464342435033
-3952.846434243445
-3639.646434243595
1337.1535657564639
-892.0464342435123
-670.8464342435401
-407.84643424351833
-826.4464342435077
-765.6464342434906
-321.0464342435196
-348.64643424355734
-2166.8464342435695
234.95356575647122
-363.6464342435547
425.95356575649873
283.7535657564774
753.9535657564902
1816.5535657564637
670.7535657564883
1824.1535657564655
1565.9535657564647
430.1535657564822
874.1535657564975
1792.3535657564858
-707.2464342435119
472.75356575648345
791.953565756489
705.3535657564734
1074.7535657564745
-1333.6464342434933
-1974.6464342435431
-1373.4464342435251
396.55356575647147
224.35356575648578
-383.8464342435166
-1952.8464342435002
-1657.2464342435148
-826.446434243519
-2688.446434243522
-2086.446434243513
-1951.4464342435592
-1389.44643424352
-987.2464342435276
-737.8464342435311
955.3535657564672
317.35356575647984
-568.2464342435311
467.9535657564786
2697.7535657565036
3466.553565756468
1615.7535657564715
-541.8464342435208
-1467.2464342435055
-32.64643424351942
909.3535657564886
1629.1535657564673
1875.1535657565503
2330.153565756492
3112.1535657565055
395.5535657564696
-913.6464342435108
-1034.4464342435238
-76.64643424352931
1857.5535657564699
1383.153565756492
1025.3535657564687
647.153565756488
-1422.4464342434926
-3496.4464342435117
-1208.046434243553
-1663.6464342435336
480.7535657564756
-1526.8464342435445
-249.04643424350277
-1124.8464342435325
-3611.646434243542
1092.7535657564883
-136.84643424352493
-683.2464342435187
129.15356575647624
-921.446434243502
-1581.2464342435544
-1657.446434243442
-365.64643424351146
30.153565756478084
1600.9535657564763
-175.84643424352208
-197.24643424352115
1143.5535657564421
142.5535657564767
-0.6464342435166053
908.5535657564839
752.5535657565312
1349.153565756525
2454.5535657564496
-59.04643424351454
-972.0464342435229
530.7535657564895
-762.4464342435215
-378.64643424353034
542.1535657564815
38.553565756482264
-349.2464342435248
-4.846434243521845
-1653.2464342435594
-2961.8464342434017
-2589.6464342434856
-3206.6464342435474
-731.0464342435254
-134.4464342435262
-2694.6464342434474
-1475.4464342435424
-196.24643424351308
-903.6464342434942
-3458.8464342434704
-937.0464342435387
-1651.6464342435354
-626.8464342435158
-555.0464342435134
-1657.0464342435162
400.1535657564853
2915.9535657564516
-175.64643424352326
1402.5535657564626
607.7535657564705
-192.84643424352208
-230.2464342435253
-1376.8464342435102
-465.4464342435237
-670.446434243537
-1628.646434243565
-9.046434243526736
622.9535657564644
1540.5535657565026
5.753565756484752
-186.046434243514
-1841.0464342435298
-2224.0464342435544
-1293.0464342435168
659.3535657564909
856.9535657564751
581.3535657564669
-384.4464342435236
186.15356575649818
-722.2464342435155
-128.64643424351465
-1116.646434243538
732.7535657564845
-190.84643424352473
-1379.4464342435163
-624.0464342435134
290.3535657564904
1217.953565756483
2738.95356575645
963.5535657564732
956.9535657564863
402.3535657564902
-1245.2464342435387
-113.24643424351547
-412.2464342435222
851.1535657564809
1151.3535657564516
-546.8464342435192
-1181.8464342434975
1460.7535657564845
-809.8464342434849
-1354.646434243524
-1197.446434243554
-1564.2464342435173
-2413.046434243548
-1201.446434243506
-499.4464342435195
-1073.4464342435374
-24.246434243527073
-434.0464342435122
85.35356575648734
1368.9535657564513
-1963.6464342435402
-922.0464342435788
-1727.046434243517
-1204.4464342435383
1549.753565756475
1239.7535657564679
2335.1535657565028
1671.153565756457
-708.44643424352
-2168.8464342436046
-858.6464342435247
1134.153565756463
-1387.8464342434993
-1131.446434243512
1280.7535657564695
1517.153565756494
1814.5535657565388
-1140.8464342434654
-174.84643424352276
1096.953565756491
-87.64643424349799
-779.0464342435383
-886.2464342435394
-2235.246434243573
-220.44643424352557
493.15356575647604
-1034.8464342434943
506.9535657564814
862.5535657564814
364.753565756483
-724.246434243517
1952.5535657565113
-230.64643424350623
1201.3535657564846
69.15356575647957
133.9535657564843
1844.7535657564904
1704.3535657563964
2995.3535657564994
1577.5535657565104
585.1535657564884
803.9535657564851
1803.9535657564925
661.3535657564815
-605.6464342435273
-1813.0464342434873
417.35356575648086
332.15356575647445
2163.553565756466
-373.64643424352647
291.3535657564759
639.3535657564789
-1485.846434243524
-1230.8464342435254
1448.9535657565107
-967.6464342435198
-386.8464342434959
-477.8464342435289
-261.04643424352236
237.9535657564881
-1892.2464342435399
-1883.6464342434797
-115.84643424352647
-2181.846434243519
-1455.6464342434729
-741.6464342435312
1753.1535657564289
-1035.6464342435286
905.1535657565005
1021.1535657565119
-142.24643424352766
-1673.4464342434926
2383.7535657564767
720.5535657564938
941.1535657564816
-58.64643424352215
-1733.8464342434895
-1298.8464342435207
321.75356575646134
342.7535657564855
873.7535657564737
-1287.846434243546
-484.8464342435061
410.3535657564843
682.9535657564786
-601.0464342435208
924.3535657565045
-717.0464342435371
-691.2464342435142
-114.24643424351169
-679.846434243518
-1242.2464342435353
-1210.4464342435315
615.7535657564689
607.3535657564707
-922.0464342435329
277.95356575648424
-1736.2464342435474
-589.4464342435137
-1521.6464342434324
-124.2464342435103
307.153565756468
507.75356575648976
1002.3535657564859
1627.953565756459
-897.4464342435165
438.15356575645944
-1316.8464342435047
-2070.646434243508
1088.3535657564678
1115.153565756475
-1915.6464342434913
325.15356575648065
42.753565756480725
733.753565756489
-1039.4464342435006
470.7535657564759
1014.5535657564869
701.153565756461
-958.2464342435338
1436.553565756489
1907.153565756472
1081.9535657564704
-836.6464342435263
-188.24643424351126
955.7535657564661
-913.0464342435416
-1481.6464342435013
-1583.8464342435088
-2182.2464342435437
-2237.8464342435436
-1114.246434243531
-611.8464342435115
-2162.046434243487
-802.0464342435293
2768.5535657564465
-2.2464342435231615
-566.646434243521
174.75356575647564
65.75356575648168
1879.9535657564584
-95.04643424352443
-97.84643424353074
-2214.4464342435876
-230.2464342435186
1974.9535657564898
700.15356575648
517.153565756483
609.9535657564905
30.753565756478064
90.35356575648187
-35.446434243521736
1648.3535657565044
-531.4464342435178
1332.7535657564542
-149.84643424352203
-2800.846434243517
172.35356575647697
-508.8464342435136
235.153565756487
417.95356575647503
965.1535657564752
200.35356575648566
-1177.8464342435316
-1543.0464342435248
-1077.4464342435151
-993.2464342435235
1856.3535657564864
-464.44643424352404
-396.6464342435229
-884.6464342435327
1190.3535657564628
1251.553565756507
-907.2464342435283
1249.553565756488
-69.24643424352878
-1042.4464342435017
-124.24643424352097
-1730.6464342434924
-332.44643424352546
121.35356575647847
-1771.846434243564
-684.6464342435256
824.5535657564798
1635.9535657564854
-1071.6464342435283
412.15356575647564
347.5535657564752
132.55356575647733
2454.7535657564345
71.95356575648306
1719.9535657564672
-15.846434243520113
1162.1535657564802
1833.3535657564353
-1012.2464342435308
-1134.446434243505
192.15356575646283
462.9535657564989
1839.3535657564814
9.153565756484294
1161.5535657564735
668.5535657564859
590.9535657564669
-1162.8464342435152
-701.8464342435153
1245.7535657564822
464.9535657564895
238.153565756481
961.5535657564793
288.55356575647806
-204.0464342435235
-958.4464342435032
-3053.0464342435243
-1263.846434243509
-705.8464342435368
-644.0464342435193
-1112.8464342435302
-710.6464342435161
-2129.646434243591
332.3535657564756
904.1535657564767
-2047.046434243528
-536.4464342434999
-1429.6464342435456
-634.4464342435084
-534.246434243524
590.7535657564827
3212.353565756423
73.15356575647355
-1273.8464342435218
642.5535657564928
-982.846434243534
-1050.0464342434832
-1476.8464342435175
24.153565756472
317.35356575648274
211.3535657564831
526.753565756492
-66.84643424351792
-1568.846434243544
-1856.046434243556
-1858.2464342435146
-269.0464342435102
-366.0464342435167
-1144.8464342435145
-2231.4464342435754
-2663.0464342435575
-1316.246434243504
-58.046434243506354
19.953565756476785
-1259.0464342435232
-1318.8464342435361
-2021.8464342435057
-1758.2464342435055
-844.4464342435222
354.15356575647706
67.75356575649747
70.35356575647967
433.95356575648873
-382.24643424351314
-855.2464342435245
-868.8464342434938
-269.0464342435107
1197.553565756472
499.95356575647645
-1045.4464342435367
151.55356575647556
399.55356575648864
-1506.6464342435347
-536.0464342435205
-472.2464342435213
-1010.2464342435113
1022.7535657564764
142.953565756486
1228.1535657565173
1085.5535657564926
861.753565756469
1143.5535657564885
-265.44643424352773
-463.4464342435158
753.1535657564741
2355.153565756512
715.5535657564844
506.3535657564824
-1158.8464342435238
-544.0464342435175
-312.6464342435143
269.95356575646724
147.75356575648232
-1300.846434243554
-896.6464342435002
1328.7535657564968
-673.2464342435158
-1217.0464342435175
-395.44643424351887
-474.6464342435181
66.1535657564642
-835.6464342435376
-1594.6464342434315
457.3535657564789
-1857.6464342435256
-1292.846434243561
-1212.6464342435174
843.1535657564713
1756.753565756484
7.753565756492598
148.55356575648045
-786.4464342434907
-1090.2464342435298
65.95356575647763
-279.04643424350667
-1020.846434243528
-1257.2464342435308
878.7535657564796
-742.2464342435348
-1157.0464342435037
-3538.4464342435094
-299.44643424352256
509.1535657564581
98.95356575648474
-356.6464342435301
978.5535657564683
1611.9535657564554
340.75356575649056
-1237.2464342435371
-2671.2464342435364
-868.4464342435413
-437.246434243525
1030.5535657564885
-126.24643424352445
-1480.246434243569
-1629.4464342434862
-898.4464342435436
1098.553565756467
744.153565756469
944.5535657564789
489.75356575647754
827.9535657564816
-296.4464342435115
-1210.4464342435015
-182.8464342435232
-175.24643424352132
1037.5535657564685
984.7535657564503
1642.1535657564805
1520.7535657564529
-1807.246434243578
-1106.6464342435052
26.953565756479946
369.953565756487
-133.44643424352037
298.35356575648507
-1027.0464342435096
546.3535657564836
593.3535657564772
-909.6464342435403
-1371.4464342435679
-2102.0464342435343
-391.04643424352105
866.3535657564795
50.95356575647773
-191.24643424351942
-595.6464342435073
1571.153565756489
-27.446434243527236
-1488.0464342435298
-574.8464342435186
111.5535657564819
-281.4464342435169
-204.64643424353085
-346.0464342435124
-1559.4464342435524
-241.44643424352842
975.7535657564852
169.35356575648285
-241.2464342435106
498.35356575647853
-26.84643424352062
882.5535657564816
560.5535657564767
-664.6464342435189
1409.7535657564415
1029.7535657565006
1526.55356575649
533.7535657564862
336.5535657564878
477.95356575648697
-308.84643424352873
597.7535657564753
-416.0464342435231
-867.0464342435009
1139.1535657564696
-1248.4464342435213
-892.8464342435144
-259.0464342435168
1965.3535657564871
-100.04643424352204
-958.8464342434801
37.153565756457674
-1152.2464342434982
1640.553565756489
-915.4464342435274
-275.24643424352763
-1028.646434243533
-1219.6464342435177
1060.553565756481
1134.153565756484
958.7535657565069
1190.9535657564857
334.75356575647953
-778.4464342435151
1073.1535657564784
153.3535657564817
1642.5535657564972
1555.7535657565395
-236.04643424352273
641.9535657564892
764.1535657564863
-539.4464342435083
1134.3535657564594
206.15356575647803
256.3535657564749
-215.04643424351767
1137.3535657564753
884.3535657564863
-788.0464342435116
2.7535657564789844
1160.953565756482
816.5535657564891
1956.9535657564916
1464.95356575645
-1472.4464342435342
1145.1535657564943
-1909.2464342435076
-1338.4464342435253
-580.6464342435174
-853.0464342435229
-710.8464342435279
-1083.646434243522
2228.1535657565605
1792.153565756494
-182.04643424351968
-539.4464342435192
271.953565756458
891.9535657565026
383.1535657564862
64.95356575647949
71.95356575647767
1130.353565756487
-461.24643424351615
-783.0464342434947
-20.04643424352384
-938.44643424353
-186.84643424351353
-1982.8464342435618
1736.553565756463
1205.5535657564753
1441.3535657564794
-2127.2464342435296
-836.646434243511
727.3535657564813
1198.553565756476
1716.7535657564865
-1318.8464342435366
-897.4464342435266
-2798.4464342436167
-1882.2464342435635
-1624.6464342434933
-2517.446434243534
-897.2464342435105
-403.4464342435169
-178.2464342435198
-688.0464342435125
95.55356575648278
1022.953565756465
1682.35356575646
-108.64643424352491
-624.0464342435099
-923.2464342435308
1286.5535657564808
2022.5535657564797
301.35356575648984
261.7535657564764
-1958.6464342435681
-584.6464342435169
-605.4464342435225
-1086.2464342435026
707.3535657564787
-1520.8464342435427
-1746.8464342434797
-3567.646434243569
-845.4464342435108
-727.6464342435139
-123.846434243517
1465.7535657564868
1472.153565756466
-10.44643424352082
-1352.6464342435324
-199.44643424351918
-601.0464342435084
-512.4464342435125
370.15356575649344
892.7535657564684
56.953565756480394
262.95356575648316
1241.3535657564905
855.153565756477
2036.753565756455
-1266.4464342435103
-106.44643424352088
765.1535657564826
2173.753565756467
-497.84643424351503
-1792.2464342435514
-9.246434243520625
-209.04643424348592
-21.44643424351679
-888.4464342435076
762.7535657564778
-541.4464342435124
-1146.2464342435119
-1594.0464342435375
-1748.4464342435515
-1027.2464342435271
-2331.246434243554
-1826.4464342435385
-1004.0464342435191
175.15356575647837
1209.7535657565018
-339.04643424352395
-1290.446434243501
-1997.8464342435539
189.95356575648492
-1756.246434243496
15.353565756482055
1753.3535657564535
1783.3535657564626
-1048.0464342435107
-863.246434243542
1372.353565756472
142.15356575648215
642.5535657564743
54.753565756486736
382.1535657564808
289.15356575648576
-1356.2464342435248
-413.246434243518
-732.2464342435021
-881.8464342435315
-569.246434243518
525.3535657564844
-73.04643424352489
-1096.046434243524
-687.6464342434994
-87.04643424351626
-1896.046434243492
-444.64643424350646
1191.1535657564903
-195.84643424350787
921.1535657565043
2542.153565756454
-1179.4464342435251
104.9535657564906
-225.64643424352053
-727.8464342435341
-731.0464342435208
696.9535657565191
1919.3535657565244
2753.353565756423
434.5535657564993
900.1535657564873
-687.8464342435145
-343.0464342435097
2542.553565756425
1717.1535657564868
-1288.0464342435052
-50.046434243517204
-160.8464342435177
-1979.0464342435241
-1302.0464342434957
-2470.446434243533
-2205.046434243505
-451.0464342435249
-203.44643424352626
-1495.046434243573
-2342.446434243563
-992.2464342434978
-3182.8464342434977
-3506.6464342435324
-494.6464342435198
715.753565756495
912.3535657564961
710.1535657564601
207.35356575647964
373.75356575649874
-745.6464342435221
-323.8464342435196
258.55356575645885
1148.353565756535
-93.84643424351756
217.9535657564933
430.55356575647284
1894.1535657565523
-1475.4464342435058
22.953565756488274
2998.9535657565034
868.7535657565172
-244.04643424350044
-2500.0464342435607
-3894.44643424348
-3123.4464342435563
-2004.0464342435037
-3826.0464342435866
-6.246434243515132
41.353565756485246
364.5535657564891
0.35356575648452093
-1280.6464342434983
428.3535657564841
-704.2464342434916
-3788.446434243527
-1857.4464342435251
531.9535657564718
1695.953565756422
2705.9535657565298
1128.753565756482
2644.1535657564923
1910.9535657564343
-981.6464342435177
1983.9535657564354
1096.1535657564934
464.9535657564962
1435.953565756514
1787.953565756434
-196.24643424353508
2326.153565756487
1826.7535657564858
168.95356575648702
-889.8464342435159
851.353565756471
-4038.2464342434555
-2435.8464342435395
-1156.0464342435107
-3279.0464342435043
-3381.4464342435344
729.9535657564747
-713.8464342435291
-826.8464342435209
-1311.046434243509
-42.64643424352152
-1117.8464342435218
-941.2464342435189
-773.246434243531
-2554.246434243541
-925.0464342435248
-633.646434243521
1578.5535657564471
-919.8464342435142
468.3535657564807
239.95356575649532
-742.6464342434987
-764.8464342434958
1776.5535657564658
2894.553565756437
1321.9535657564734
113.3535657564922
1196.1535657564816
636.3535657564867
-938.8464342435341
428.95356575649924
-902.2464342435081
-928.4464342435159
-1460.4464342435524
-932.6464342435559
196.7535657564947
-2093.046434243564
-1885.0464342435232
1960.753565756491
1354.7535657564533
928.1535657564816
-1076.4464342435094
1217.153565756479
-129.8464342435163
-1100.2464342435292
456.7535657564955
287.9535657564778
1128.7535657564688
-549.046434243522
181.5535657564822
2863.7535657564526
900.5535657564867
-328.6464342435298
3673.753565756466
669.1535657564597
2197.5535657565047
4728.953565756563
2589.753565756601
3108.1535657565228
1831.7535657564888
393.353565756483
527.5535657564607
2192.3535657564107
1308.9535657564563
-1940.246434243528
-475.64643424352136
-518.2464342435302
-2338.2464342435774
-1247.4464342435174
736.9535657564736
-1455.6464342435595
-710.4464342435343
386.1535657564808
-1758.4464342434746
1017.553565756462
-174.2464342435229
-1112.6464342434963
364.35356575649877
718.5535657564784
1846.1535657564389
1273.1535657564611
-2049.44643424352
-379.4464342435209
-1453.2464342435337
-1606.2464342435123
2778.7535657564486
2692.753565756524
1825.1535657564373
2048.9535657564716
-1941.6464342435615
2535.353565756543
1410.7535657564654
1816.7535657564733
2271.753565756456
704.7535657564824
24.35356575647948
-2424.4464342434976
37.55356575648586
657.1535657564843
-2338.4464342435963
-964.6464342435423
2001.9535657564961
-2149.446434243497
-478.046434243513
-297.4464342435102
-2281.446434243486
-233.04643424350368
-1375.64643424353
-1169.246434243498
-222.24643424351157
-1445.6464342434822
-22.04643424352328
724.953565756486
-208.8464342435263
999.7535657564532
672.5535657565022
-588.046434243526
1101.15356575648
-945.2464342435103
-185.046434243519
2249.5535657564405
-2231.246434243537
524.1535657565001
975.9535657564364
-629.446434243527
-1214.0464342435007
-758.0464342435182
-1540.2464342435264
-106.44643424351544
696.3535657564665
55.15356575648105
839.5535657564889
2609.9535657564716
3303.1535657566255
925.9535657564834
1731.1535657564812
-1029.4464342435572
-1364.2464342435192
88.55356575647664
1340.5535657564594
1157.1535657564839
1351.553565756507
932.3535657564829
-819.2464342435329
-1323.44643424353
-511.24643424351325
-1325.2464342435264
-776.846434243523
367.15356575648406
1085.3535657564935
1498.3535657564541
2371.7535657564545
2204.3535657564325
1044.153565756501
626.1535657565158
283.1535657564833
-1628.6464342435327
428.35356575647387
1429.3535657564858
-360.2464342435217
289.7535657564886
1297.1535657564725
704.3535657564807
2726.753565756478
536.3535657564751
-1191.0464342435043
-682.8464342435296
-511.84643424351236
-1327.6464342435424
419.5535657564807
-1041.0464342435173
-148.84643424351694
-649.4464342435446
-1086.6464342435168
366.5535657564572
-1158.646434243518
-159.84643424351668
644.953565756501
-127.2464342435207
-966.2464342435119
-702.0464342435173
-94.84643424351722
1830.7535657564458
531.7535657564839
977.3535657565069
1092.1535657564655
921.5535657564619
17.55356575648145
-1591.046434243502
-570.4464342435252
-873.2464342435344
-589.4464342435148
-758.6464342435257
285.153565756478
-427.24643424352126
-325.2464342435145
-1672.8464342435586
-241.84643424353328
-943.2464342435325
-1704.8464342435261
-2382.246434243464
-478.84643424351276
-1511.0464342435102
-583.6464342435286
-340.4464342435547
1250.3535657564819
1328.5535657564783
-273.6464342435139
-2766.84643424357
-1536.2464342435183
2154.7535657564913
1139.753565756459
1620.9535657563606
1260.3535657565023
2154.7535657565277
1622.5535657564767
1375.5535657564685
1519.9535657564786
-375.0464342435266
854.5535657564932
-380.2464342435195
-988.6464342435273
-2558.646434243572
-1461.4464342435087
-1236.84643424352
-1500.64643424353
581.3535657564797
875.1535657564718
-717.4464342435183
-611.6464342435361
94.55356575647964
-1654.2464342435314
-2847.2464342435455
-1546.0464342435212
-349.846434243518
910.3535657564747
-484.4464342435415
-782.046434243538
-680.2464342435104
1347.9535657564873
938.1535657564523
-320.64643424351607
-619.8464342435158
1075.7535657564863
2474.7535657565004
-222.24643424351868
-691.0464342435101
-1074.0464342434846
-203.4464342435137
221.35356575648854
63.953565756508596
1397.5535657565206
-285.24643424351194
-1802.2464342435203
-1971.4464342435738
-486.64643424352505
-222.8464342435233
383.35356575648495
-1282.2464342435076
-1880.8464342435386
-1478.4464342434849
-670.0464342435237
112.55356575647657
-15.846434243518745
-758.6464342435114
1322.753565756455
516.5535657564761
-139.44643424351554
30.75356575648416
847.5535657564736
1703.953565756456
347.55356575647886
608.9535657564477
386.55356575646306
-797.8464342435148
-1421.246434243501
1107.1535657564962
1.3535657564818084
1670.7535657564772
-358.24643424351643
2374.3535657564885
2768.35356575649
-481.24643424351234
2371.353565756481
112.75356575649073
404.3535657564788
1006.3535657564837
-293.44643424352
-1050.246434243537
-414.2464342435066
666.3535657564825
1086.9535657564875
2143.5535657564615
1021.3535657564846
-397.04643424350957
-695.046434243539
-3208.646434243507
-1466.0464342434843
1624.1535657564777
1014.9535657564652
694.9535657564828
1532.3535657565028
-1667.046434243526
-3213.4464342435667
16.953565756490477
-94.44643424351975
-87.84643424351988
1500.9535657565357
-37.6464342435173
-473.0464342435145
572.753565756482
720.353565756465
673.7535657564875
521.5535657564735
-383.64643424351686
485.75356575649204
923.153565756493
-33.04643424352638
1178.1535657565178
2293.5535657565692
1258.1535657564946
-1000.6464342435194
822.753565756464
-405.0464342435183
1375.7535657565047
1116.5535657564649
-1443.6464342435595
-1103.2464342434841
-418.2464342435598
-1982.6464342435227
1045.753565756487
632.3535657564837
-957.2464342435304
-838.6464342435121
-1973.2464342435394
-1572.0464342435569
-2000.4464342435267
-1789.2464342435285
175.7535657564822
1290.1535657564764
1159.5535657564274
-34.64643424351238
748.3535657564787
1977.1535657565055
1687.3535657564423
271.15356575648656
1518.1535657564855
770.7535657564441
-393.2464342435163
-1298.8464342435366
258.7535657564708
84.95356575648668
1491.9535657564636
961.153565756468
2011.7535657564401
461.75356575650125
540.9535657564663
4.353565756475703
154.15356575647306
-232.64643424350942
446.7535657564878
-145.64643424352613
38.75356575647625
-248.04643424351633
-1458.6464342435247
499.75356575646913
-1268.0464342435187
-814.4464342435178
-1248.2464342435167
-2137.8464342435927
-2387.4464342435126
-15.846434243514445
-1166.2464342435178
90.55356575647939
1171.153565756475
2246.9535657565175
1223.5535657564915
635.5535657564828
224.353565756478
-1003.4464342434957
-933.2464342435235
-2237.846434243497
-1067.4464342435194
681.9535657565228
-1628.4464342435413
-222.4464342435133
-142.04643424351664
-1082.6464342434942
781.9535657564796
-323.04643424351866
478.55356575648716
-1041.0464342435455
-1920.0464342435246
-2666.046434243544
-1087.6464342435113
1809.7535657564556
-324.6464342435235
-86.04643424352076
431.9535657564913
-26.846434243519113
986.1535657565089
-1931.4464342435758
-1761.446434243508
-697.2464342434987
-490.24643424351217
831.5535657564986
1805.7535657564674
1109.3535657565235
2338.9535657564115
1856.5535657565144
-470.4464342435151
1183.3535657564892
1037.9535657565034
596.9535657564828
-488.4464342435082
1585.5535657564478
-277.8464342435086
1651.953565756466
2038.5535657565101
265.3535657565002
227.55356575646334
-648.0464342435176
182.75356575648257
-1711.4464342434942
-953.6464342435145
-194.64643424351627
1682.3535657564985
1526.3535657564844
1043.953565756497
92.35356575647413
1310.9535657564838
104.35356575647799
2246.953565756477
71.35356575648463
102.35356575647255
488.75356575648357
-1660.8464342435043
-645.6464342435204
2900.353565756448
722.7535657565019
570.1535657564875
-117.04643424351616
51.5535657564772
469.75356575646254
-1422.4464342435251
-684.0464342435355
936.9535657564849
-910.846434243519
-348.2464342435223
442.15356575647724
3398.953565756452
-245.44643424352077
960.3535657565147
-276.2464342435228
-1308.0464342435444
-3412.046434243436
723.5535657564833
147.75356575649184
1306.9535657565013
509.75356575648465
-593.2464342435359
640.3535657564979
1905.9535657564504
1262.9535657565307
1708.7535657564601
-763.4464342435114
-39.04643424351959
905.953565756464
685.5535657564544
-1042.046434243521
1607.9535657565198
12.153565756481967
-639.0464342435328
654.5535657564974
545.5535657564648
102.55356575646493
14.553565756482723
886.9535657564796
1032.3535657564855
408.1535657564522
2094.3535657564767
-182.44643424351938
1067.1535657564777
255.15356575647706
1344.3535657564805
371.9535657564821
357.55356575648693
-296.4464342435277
-86.44643424353187
-1363.8464342435334
1137.3535657564664
-335.2464342435181
-1397.2464342435378
1754.5535657565042
1932.7535657564713
-356.64643424350623
1149.1535657564773
-9.246434243517953
389.5535657564665
-1575.4464342435178
-186.84643424351597
69.95356575647624
-38.84643424352035
-1976.4464342434903
-388.2464342435276
626.7535657564832
919.9535657564558
-139.44643424351486
670.7535657564747
571.5535657564891
-844.4464342435175
-127.44643424351591
98.75356575647062
-588.4464342435505
-281.0464342435346
1067.553565756492
1471.9535657564738
-1723.646434243528
-1354.4464342435244
600.7535657564903
-1539.4464342435235
-451.446434243519
1189.5535657564817
555.9535657564869
2456.353565756526
146.95356575648333
480.9535657564886
-575.0464342435228
518.5535657564895
1862.9535657564213
81.55356575648759
-73.24643424351842
43.75356575648455
-286.44643424352614
-682.4464342435144
-1290.24643424354
111.15356575648816
-1797.0464342435093
726.7535657564724
107.15356575647908
-2253.8464342434795
-55.44643424351557
-769.846434243518
1227.1535657564878
1503.7535657564881
1383.9535657564822
1107.3535657564692
66.75356575648517
0.15356575647999904
-606.6464342435127
-1530.046434243515
-478.0464342435192
-1381.6464342435584
-1207.4464342435253
-553.4464342435285
1607.1535657564978
1604.5535657564812
-806.2464342435363
1014.3535657564818
572.7535657564844
-491.6464342435183
535.9535657564722
-1468.6464342435252
171.35356575648456
200.1535657564769
-1171.646434243526
-115.24643424352033
1177.3535657564726
2168.5535657564865
-910.6464342435179
408.5535657564571
75.55356575648682
-347.6464342435131
1794.9535657564684
-444.64643424352266
1279.5535657564576
-510.8464342435052
79.55356575647917
900.5535657564809
-1504.8464342435466
-969.6464342435248
166.35356575648655
-397.0464342435193
-488.0464342435261
-525.646434243513
387.35356575648734
252.95356575647875
825.5535657564807
-836.646434243511
-663.0464342435221
49.95356575647714
-513.4464342435155
-710.2464342434855
264.3535657564827
-341.446434243511
18.753565756475417
-668.2464342434986
-2130.24643424354
-393.04643424351235
-467.8464342435373
81.55356575647959
-427.2464342435231
488.3535657564879
-1987.2464342434932
-325.6464342435094
999.5535657564843
-1864.0464342435378
-832.4464342435173
-2394.246434243507
-2351.646434243508
-1294.8464342435227
-307.64643424349384
2531.1535657564573
-79.24643424352305
-2120.246434243523
-997.0464342435321
797.7535657564786
400.1535657564742
-65.04643424351381
759.1535657564815
1465.1535657564789
2303.953565756442
2149.153565756491
1089.1535657564814
-340.6464342435217
-220.24643424352618
-599.646434243509
647.5535657564608
732.353565756446
-190.0464342435184
-1621.4464342435163
-2046.2464342435358
-841.0464342435314
1281.153565756515
1119.5535657564772
-179.64643424350976
634.5535657564817
-80.84643424351343
-814.0464342435224
93.55356575649091
2035.753565756453
486.35356575649223
-1352.6464342435333
-937.0464342435126
-697.0464342435082
-538.2464342435192
28.953565756502826
823.9535657565004
2027.5535657565458
685.5535657564908
-1265.046434243542
-872.2464342435267
748.553565756464
-2.0464342434987586
455.95356575645064
-357.0464342435194
-1418.0464342435146
592.953565756478
-223.6464342435228
867.7535657565088
1017.3535657565278
737.7535657564731
753.1535657564782
-1058.2464342435267
-1427.2464342435333
120.95356575647376
1402.553565756491
827.1535657564821
1680.9535657564893
495.1535657564851
483.9535657564822
484.1535657564664
1571.1535657565423
1218.9535657564966
-1647.2464342435196
-1636.4464342435394
1171.5535657564737
258.5535657564926
99.55356575647036
979.9535657564959
-513.2464342435076
-1003.0464342435223
-1993.2464342435228
-3068.6464342434433
-82.44643424351995
-225.24643424352192
311.1535657564816
-577.6464342435273
644.9535657564861
1139.5535657564772
-1102.446434243492
-585.2464342435129
-817.0464342435165
-1277.8464342435266
68.35356575648396
-532.0464342435228
-1172.046434243518
-2127.846434243532
-291.64643424352965
-842.6464342435141
85.35356575648004
-1803.446434243546
591.9535657564762
1280.5535657564633
1164.3535657564373
323.5535657564823
1325.5535657565006
1169.3535657564757
44.35356575648905
-624.0464342435153
-915.2464342435251
458.75356575645026
-798.0464342435272
434.7535657564792
-708.8464342435061
-2185.0464342435052
-2010.6464342434979
594.5535657564766
2338.3535657564757
1232.3535657564867
1367.3535657564219
833.3535657564632
99.35356575647782
-1489.4464342435301
-1787.046434243523
-730.446434243526
-100.44643424351935
1203.3535657565108
1709.1535657564636
1756.953565756528
1353.9535657564995
-1686.8464342434952
-335.0464342435225
514.5535657564783
177.95356575649535
-826.2464342435146
-291.6464342435258
-1555.0464342434677
-53.24643424352193
-336.84643424351736
-1322.4464342435026
-556.246434243508
251.7535657564826
1557.5535657564985
1183.9535657564995
71.35356575648834
310.7535657564872
-444.6464342435204
1341.353565756472
589.5535657564772
-111.0464342435123
299.9535657564786
1137.9535657564788
1014.5535657564918
163.35356575648075
-819.4464342435335
-1803.8464342435248
-71.44643424351868
957.7535657564836
-104.24643424352709
-545.2464342435247
882.9535657564953
911.7535657565106
626.3535657564917
-27.046434243518682
-1333.4464342434896
-3.846434243515766
-373.4464342435291
1148.9535657564763
-431.2464342435127
-1215.4464342435165
-312.6464342435125
-21.44643424352018
1946.9535657564493
2251.1535657564295
1860.1535657564928
1393.5535657564503
-985.0464342435203
786.7535657564672
748.153565756488
971.5535657564881
-1754.8464342435793
-1875.2464342435333
608.9535657564913
-200.64643424351942
2389.353565756517
-528.2464342435168
3.7535657564877667
-334.24643424351405
-678.2464342435077
97.15356575649054
-19.646434243512125
168.55356575648545
980.3535657564402
520.1535657564933
-2160.246434243514
76.95356575648529
-363.64643424351914
-407.04643424351025
-1006.2464342435433
-1106.4464342434826
-749.2464342434962
-1166.2464342435298
-552.6464342435114
1796.9535657565198
919.5535657564549
1374.9535657564873
863.5535657564523
155.35356575647432
-245.0464342435123
-297.64643424352374
102.75356575649656
-134.24643424351436
-1448.2464342435062
-1064.0464342435305
150.35356575648692
-1470.0464342435112
1752.7535657565095
-968.6464342435212
360.75356575647606
2098.5535657565506
973.553565756497
-441.0464342435233
-1185.0464342435205
2364.1535657563954
2012.9535657565223
95.35356575647836
-869.0464342435178
678.553565756449
1693.7535657565204
-484.6464342435215
-1432.2464342435235
-202.84643424352154
-11.646434243506853
-1277.0464342435253
-59.646434243519636
1127.5535657564785
269.953565756495
484.3535657564871
-1468.0464342435357
812.9535657565076
156.95356575649683
1805.7535657564642
-1865.6464342435502
-887.446434243512
708.1535657564926
-184.2464342435251
-563.2464342435217
-2711.4464342435135
-135.24643424351342
-396.0464342435173
1498.5535657564685
2174.7535657564877
-615.8464342435225
-127.64643424351053
-520.8464342435095
-1216.246434243517
-1114.246434243529
114.1535657564641
1314.1535657564964
2716.1535657564737
420.7535657564827
-1137.2464342435585
-1990.846434243562
-112.64643424350442
-384.44643424350886
-851.8464342435188
155.35356575649627
-1918.0464342435052
1089.3535657564614
865.1535657564649
809.1535657564554
1549.7535657564829
-638.6464342435224
244.5535657564765
-2079.846434243509
-3.6464342435150314
1178.5535657564888
878.5535657564815
151.95356575647966
-1056.4464342435203
-7.446434243507291
1054.3535657565278
3212.953565756487
2448.7535657564827
1288.753565756507
1241.5535657564901
297.3535657564669
-1489.0464342435123
-743.2464342435289
1273.7535657564904
1424.1535657564623
3104.7535657564226
-349.8464342435217
-89.8464342435223
-326.84643424351
1122.153565756492
-1400.0464342435116
-2571.8464342435536
-554.6464342435135
-892.6464342435247
844.5535657564806
768.7535657564744
3207.353565756445
1540.1535657565196
732.5535657565555
628.1535657564482
-417.64643424352147
74.55356575648823
-449.84643424351833
-149.4464342435067
-1703.4464342435517
-2210.6464342434824
-34.24643424351323
893.9535657564907
547.7535657564655
-317.04643424351013
2608.353565756511
285.753565756484
-242.4464342435086
-326.8464342435171
267.953565756492
-1061.0464342435123
-193.4464342435137
1949.3535657564705
1142.7535657564863
692.9535657564873
-288.8464342435158
1066.9535657564804
2086.9535657564634
-570.8464342435173
58.75356575647783
-17.046434243516522
947.3535657564948
271.1535657564774
2299.1535657564873
2194.7535657564176
730.7535657564496
447.5535657564988
843.5535657564402
447.3535657564819
2203.753565756515
2904.5535657564424
-874.6464342434984
-1359.6464342435233
131.7535657564695
-1404.646434243494
-770.8464342435184
863.7535657565032
2204.953565756526
1380.7535657564613
678.5535657564553
790.7535657564936
2165.55356575645
1336.75356575646
2348.9535657564415
-570.646434243532
91.35356575647063
2000.9535657564518
715.5535657564898
-680.2464342435072
2640.553565756485
1948.1535657564382
-233.24643424352135
457.1535657564859
-349.24643424352075
-1163.2464342435335
1758.753565756525
1998.553565756485
-467.2464342435154
-2172.0464342435266
-1024.4464342435338
-1963.6464342435797
-678.8464342435321
1712.153565756459
996.5535657564824
-829.646434243488
-1894.44643424351
-1223.4464342435178
-1988.646434243497
-1704.0464342435314
855.3535657564533
992.1535657564872
-450.046434243533
-1806.446434243536
-636.446434243515
492.9535657564676
1847.3535657564848
-2376.046434243456
-1251.4464342434997
1069.3535657564803
-682.2464342435222
-195.8464342435196
-582.6464342434921
-1553.0464342435057
43.55356575648347
871.3535657564856
-1915.4464342435788
2081.9535657565048
4321.553565756474
3461.3535657563184
1315.553565756483
-1012.8464342435296
-496.84643424352237
-205.4464342435068
-567.4464342434984
798.153565756492
861.7535657564657
1169.1535657564357
1081.9535657564838
-923.6464342435231
-168.44643424350872
217.15356575647866
-1239.8464342435161
1731.9535657564568
-1071.2464342435321
-2124.6464342435256
-660.446434243536
-304.0464342435259
-1193.2464342435562
1674.5535657564822
-947.846434243503
-3024.846434243538
-2508.2464342434628
984.3535657564856
-2818.8464342435454
-341.04643424352804
2522.953565756559
424.15356575647456
-1374.8464342435316
3128.1535657565164
4329.153565756521
3322.7535657564863
760.7535657564662
-126.64643424351411
-3384.0464342435043
-1046.6464342435079
2058.353565756506
-623.246434243529
-194.04643424352466
558.3535657564827
1211.9535657564893
-2480.8464342435377
-1232.2464342435292
150.15356575648778
-766.2464342435352
-1837.4464342435294
-570.646434243522
-117.64643424351664
-1101.846434243516
-2818.0464342435243
-473.64643424352363
-326.64643424351567
-2890.446434243542
-1772.4464342435058
-1578.0464342435241
-55.446434243512684
-95.64643424352776
-188.84643424351316
2363.5535657564706
635.3535657564754
-372.6464342435141
3255.153565756456
4961.553565756622
3799.7535657565904
293.7535657564687
1202.7535657565165
-2227.4464342435344
-2427.246434243536
1354.5535657564928
431.1535657564811
-70.2464342435191
-455.2464342435223
-721.4464342435089
1445.9535657564718
26.753565756485976
1252.153565756451
4488.153565756536
-138.4464342435085
-158.4464342435149
1600.7535657564313
311.55356575644254
638.3535657564769
-425.0464342435186
-1605.646434243521
-1177.6464342435443
1391.5535657564967
1994.1535657565266
-923.2464342434969
181.9535657564711
-1069.0464342435237
-2013.246434243664
-1348.6464342435231
-497.4464342435293
-2947.24643424354
531.5535657564984
3054.553565756464
-278.6464342435216
2081.353565756539
-390.84643424352817
-2312.6464342434992
-1248.8464342435052
-2082.4464342435344
-235.0464342435208
1867.9535657565527
-2229.0464342434693
-1638.8464342435104
-2703.2464342435183
-1784.8464342435232
1930.9535657565552
353.15356575650105
-1723.8464342435118
180.9535657564831
-2366.0464342436
1659.9535657564666
200.55356575647397
448.5535657564744
1293.353565756494
881.153565756469
1127.9535657564861
-1052.4464342435028
-81.04643424351131
-428.84643424351896
-3800.2464342436815
-3696.046434243644
-1047.0464342435082
-4350.046434243625
337.753565756475
2165.1535657565305
-966.2464342435446
-755.0464342435235
-2591.8464342435245
-2032.2464342434828
-2545.046434243515
-4023.446434243509
-909.8464342434763
2611.753565756483
2045.753565756483
1790.5535657564712
909.5535657564948
-1060.0464342434966
-184.24643424351729
-3330.8464342435714
-3603.2464342435183
14.953565756474319
-3631.646434243473
-815.0464342435314
1394.9535657564827
-860.2464342435218
-1260.6464342435272
-867.4464342435101
-1075.4464342435315
227.95356575648947
-226.44643424351707
-1121.846434243515
-890.446434243498
939.1535657564746
1492.1535657564907
-456.24643424351314
2918.5535657564437
1922.153565756445
267.9535657564999
-206.4464342435205
947.7535657564821
1677.9535657565002
-92.24643424352185
-551.6464342435231
-1382.8464342434854
-805.2464342435079
872.9535657564705
-861.6464342435113
278.35356575648194
711.1535657564731
-416.64643424351516
-1416.8464342434938
-65.44643424354109
592.3535657564715
-629.0464342435343
198.15356575647928
1321.553565756489
-950.4464342435075
1397.5535657565067
1889.5535657564983
-648.846434243535
-730.6464342435331
-18.446434243517288
-821.4464342435435
1189.5535657565008
-128.64643424351905
-984.4464342435122
-1095.646434243516
700.1535657564442
1901.1535657564752
2747.3535657564767
-505.2464342435083
1217.7535657565013
1628.1535657564716
-1247.446434243513
-643.4464342435107
-983.0464342435382
393.55356575647903
1296.9535657564577
-654.4464342435217
-375.84643424351253
35.35356575647869
-1388.8464342434925
-1300.2464342434837
-850.6464342435057
440.1535657564808
25.353565756473564
560.5535657564825
449.15356575647957
-548.0464342435242
1020.9535657564668
1754.7535657564183
907.9535657564762
-1153.2464342435212
-518.2464342435328
-754.8464342435085
-22.24643424352239
-1030.8464342435057
1287.5535657564824
388.7535657564905
706.953565756469
-261.84643424352055
625.3535657564722
-958.0464342435001
52.753565756479375
1416.3535657564926
2877.7535657564586
1745.5535657564383
331.95356575647514
-1850.6464342435102
-450.04643424350905
2541.5535657565165
1340.553565756449
1491.7535657565145
540.3535657564889
192.35356575647683
-169.2464342435294
-55.44643424353775
-149.24643424353096
-1468.8464342435404
722.1535657564846
73.95356575647074
955.353565756484
290.95356575648555
1095.1535657564812
577.3535657564809
-718.6464342435055
1494.3535657564873
2356.553565756463
366.35356575647165
2080.153565756481
2022.3535657564819
529.9535657564619
-1225.046434243542
-791.4464342435202
125.95356575648901
517.553565756471
-556.8464342435094
323.9535657564829
169.75356575647425
1181.9535657564722
797.5535657564785
-354.446434243522
-571.2464342435081
923.3535657564908
2158.153565756427
-899.6464342435063
-2320.846434243513
-3198.2464342435132
-1947.0464342434893
-916.4464342435563
-919.0464342435159
-215.6464342435202
-370.6464342435145
72.75356575647609
611.9535657564866
2287.353565756495
1802.5535657564772
2233.553565756501
582.9535657564812
-1032.6464342435197
-1317.646434243498
713.7535657564874
146.75356575649502
700.1535657564962
-40.04643424350783
1803.7535657564752
970.153565756506
-598.0464342435217
19.353565756482624
1251.1535657564452
1042.3535657564762
-335.6464342435151
-547.8464342435266
-451.04643424351775
-1609.6464342435743
-2294.246434243577
584.9535657564913
-624.84643424352
213.55356575648204
-1380.2464342435092
743.3535657564693
300.9535657564781
-2485.6464342435443
-537.8464342435274
-1961.046434243536
601.1535657564822
559.5535657564824
-844.4464342435186
-544.0464342435212
601.7535657564844
2068.7535657564613
1067.7535657564813
1434.553565756512
-414.0464342435215
-1502.8464342435489
-730.8464342435221
-3875.046434243527
-1552.2464342435953
1486.3535657564905
975.9535657565233
1886.953565756456
2745.753565756452
-1627.8464342435004
-2669.6464342435734
162.55356575648656
229.15356575647243
313.7535657564853
860.353565756462
-1246.0464342435155
-1307.2464342435424
192.75356575649178
48.153565756480596
-967.2464342435273
-1417.246434243519
-1437.2464342435428
-776.646434243514
-1001.6464342435323
-430.8464342435164
196.75356575647874
843.9535657564711
1080.3535657564723
-197.2464342435187
2626.5535657565315
1040.9535657564747
2156.553565756483
1175.553565756471
-2365.8464342435077
-1457.646434243432
-1493.0464342435002
-1962.0464342435769
792.1535657564785
576.5535657564777
233.55356575647548
1559.553565756522
93.75356575649003
901.9535657564617
1405.5535657564822
1201.1535657564727
1752.953565756502
1130.9535657565227
793.3535657564469
-358.0464342435159
169.3535657564796
1704.7535657564715
1419.9535657564543
100.55356575648287
1968.1535657564623
1530.5535657564737
525.9535657564799
-790.0464342435218
673.9535657564936
-280.4464342435252
898.7535657564118
1298.9535657564743
2927.3535657565544
1615.9535657564709
2122.1535657564577
1081.953565756483
-502.0464342435189
-1427.8464342435989
-837.0464342435059
-33.846434243508924
702.353565756457
-59.84643424350989
-501.84643424351333
2687.953565756456
308.9535657564716
1282.9535657564988
1796.1535657565341
1019.1535657564687
-527.4464342435169
-195.04643424351704
-1193.2464342435276
-327.2464342435225
14.753565756481056
1489.5535657564967
1388.5535657564544
243.95356575646954
-463.0464342435215
-1555.4464342435406
-210.24643424351888
-1907.0464342435178
-677.0464342435101
1120.9535657564527
-1355.0464342435218
-215.2464342435072
-902.0464342435178
-1088.2464342435123
731.3535657564719
-1076.246434243511
-658.046434243484
-2738.04643424344
-4082.4464342434653
-3327.2464342434905
-709.0464342435047
1246.1535657564145
-695.8464342435262
425.35356575648046
-373.84643424352095
-809.246434243511
997.5535657564621
-459.04643424352673
-292.44643424353075
-330.64643424351925
26.15356575647757
42.35356575647987
-12.846434243514608
-789.0464342435255
1189.153565756478
175.3535657564773
-2961.0464342435635
-499.64643424351567
1014.3535657564926
463.75356575647385
-15.846434243520786
1988.9535657564754
-246.04643424352665
860.7535657564528
392.9535657565049
-1028.8464342435148
-786.0464342435206
-1936.6464342435472
-577.6464342435229
-1996.8464342435418
-3197.246434243511
-1529.8464342435293
829.3535657564893
875.753565756452
870.9535657564658
219.3535657564828
-215.24643424352004
-1575.6464342435527
1453.5535657564426
57.953565756480074
396.5535657564945
1044.3535657565164
-440.64643424352545
-342.84643424350713
1813.9535657564895
-577.0464342435148
200.95356575647878
-36.046434243524246
-623.6464342435212
867.9535657564695
-157.84643424352188
-698.8464342435126
1409.953565756491
-501.6464342435127
-563.2464342435244
-326.4464342435263
2235.953565756524
-934.4464342435143
103.35356575648888
-1400.0464342435291
-1955.8464342434338
-3345.646434243371
-1036.046434243513
-570.8464342435122
963.5535657564742
1040.3535657564987
469.35356575648785
1243.7535657564536
1216.3535657564985
395.9535657564798
941.1535657564609
-1177.6464342435254
226.35356575646549
1648.7535657564779
2018.5535657564963
-97.8464342435232
1467.5535657564828
-146.4464342435187
-957.2464342435194
492.95356575649265
940.1535657564809
1541.953565756487
1248.1535657564568
925.5535657564841
1122.7535657564083
-272.24643424352564
1150.7535657564797
-692.4464342435161
977.3535657564672
500.15356575648195
1430.7535657564565
-54.4464342435093
-246.8464342435345
-1411.0464342434675
-1467.646434243574
-1442.246434243532
1546.5535657565297
-68.24643424351171
-829.0464342435114
1619.7535657564626
1260.9535657564584
-1270.6464342435243
-213.64643424351513
-210.24643424351524
1269.1535657564777
-129.84643424351376
1336.9535657564531
1177.953565756467
414.15356575647536
-1375.0464342435253
-763.6464342434822
420.15356575648707
1670.7535657564276
915.7535657564842
1176.3535657564846
222.55356575648383
-1246.0464342435246
-976.846434243524
-753.8464342435159
-1522.8464342435127
142.953565756483
1588.1535657564643
1006.3535657564667
-1601.4464342435024
-1355.6464342435154
-372.2464342435167
-2474.8464342435113
-797.846434243519
779.9535657564734
-526.0464342435239
1241.1535657564712
-1297.8464342435304
-967.0464342435137
-1770.0464342435414
-984.0464342435508
1100.553565756468
930.1535657564449
1203.5535657564892
1470.1535657564648
734.3535657564553
138.35356575648444
-591.0464342435283
170.15356575647812
-1773.2464342435107
833.3535657564657
-98.04643424350824
-3045.2464342435483
-849.646434243516
-850.0464342435214
1048.3535657564528
944.1535657564465
762.753565756483
1383.3535657564769
423.75356575647004
141.15356575647428
-321.04643424353577
-1399.0464342435507
-848.8464342435262
-2039.8464342435097
-2048.446434243477
-2138.8464342435177
-425.04643424351076
493.95356575649834
-1256.046434243522
263.35356575648245
-34.04643424351115
-1255.046434243521
-21.846434243516093
-133.44643424351352
1747.953565756506
891.9535657564647
-569.2464342435125
382.95356575649527
1791.3535657564519
2842.753565756436
-248.44643424352086
547.5535657565025
535.3535657565008
-496.2464342435238
786.7535657564717
-851.8464342435176
1381.553565756487
-320.64643424351726
81.75356575647722
972.3535657564876
-1359.6464342435413
-695.8464342435022
480.15356575647183
-445.64643424352306
-405.64643424352596
-1412.6464342434986
-726.2464342435019
-1491.246434243495
-525.2464342435102
-692.4464342435198
224.15356575649184
594.9535657564813
-305.04643424352696
-893.2464342435183
299.75356575648993
945.5535657564775
1090.7535657564765
-757.646434243523
-1777.0464342435046
343.9535657564849
1007.5535657564981
1751.353565756458
1362.3535657564971
1856.9535657564932
-107.04643424352355
1394.9535657564759
1599.3535657564864
-1044.046434243523
611.9535657564886
-877.0464342435216
-1719.2464342434928
-1224.4464342435344
-871.8464342435368
1935.3535657564753
120.75356575648388
-2235.446434243523
-2168.046434243552
