-28.812612076608154
-1371.6126120766137
1613.387387923377
1233.9873879233744
347.98738792339435
1086.987387923392
708.387387923385
736.7873879233888
-832.6126120766006
-557.4126120766072
473.987387923381
486.5873879233929
812.7873879233899
882.5873879233918
364.98738792339583
347.3873879233932
295.3873879233959
1236.5873879233748
-294.412612076604
-254.6126120766087
420.9873879233959
-38.61261207660793
294.3873879233933
194.78738792339294
163.1873879233896
699.3873879234005
87.1873879233903
-81.21261207661226
479.78738792339107
707.9873879233916
120.38738792339166
-340.41261207660557
544.1873879233972
1053.787387923388
1161.9873879234071
1493.3873879233945
738.3873879233839
588.5873879233748
-997.0126120766189
-1488.0126120766085
-1228.6126120766098
-455.412612076604
-652.012612076614
33.38738792339128
90.98738792339076
-653.0126120766164
-1134.612612076611
-794.6126120766194
-186.41261207661347
266.5873879233955
-616.2126120766169
-640.0126120766142
66.78738792339303
-2136.8126120765955
-2058.812612076613
-277.41261207660796
-812.2126120766166
-75.61261207660742
-138.41261207660673
-674.4126120766119
355.3873879233945
-132.01261207660536
439.58738792338676
716.1873879233923
1331.1873879233876
718.7873879233898
287.9873879233893
2397.18738792338
1007.3873879233836
1050.9873879233812
-178.01261207660554
-1064.8126120766156
-643.0126120766142
-1941.212612076622
-1932.412612076607
-509.8126120766111
139.98738792339645
-427.41261207659335
-450.8126120766148
-598.0126120765979
3.387387923386619
308.38738792339257
-913.4126120766107
-1311.412612076626
-576.8126120766136
-1143.812612076598
-958.2126120766052
-85.81261207660906
-992.2126120766096
689.3873879233845
628.5873879233941
-757.8126120766098
651.9873879233936
1053.787387923386
681.3873879233923
1770.9873879234171
1721.5873879233686
-25.812612076608648
227.9873879233939
2008.1873879233844
-190.2126120766081
704.5873879233923
199.38738792339063
-288.8126120766078
341.58738792339057
-411.2126120766044
-457.8126120766046
-382.2126120766094
-486.0126120766113
-75.61261207660758
238.98738792339105
614.7873879233933
123.58738792339048
823.7873879233949
457.1873879233916
-73.4126120766131
-1332.2126120766159
-556.8126120766102
-151.61261207660812
-702.412612076605
-1041.4126120765916
562.3873879233902
136.78738792339212
-829.2126120766048
303.78738792339175
979.1873879233887
-113.61261207660719
1322.5873879234007
867.387387923394
374.18738792338763
1612.3873879233959
1849.5873879233818
1345.3873879233845
84.58738792339477
963.1873879233843
255.18738792338996
-501.0126120766121
599.7873879233895
-243.0126120766092
-224.01261207660568
-457.21261207660643
-903.8126120766105
-895.2126120766076
554.5873879233893
702.9873879233954
97.98738792339194
213.58738792339616
-705.8126120766134
-2268.212612076627
-422.8126120766094
236.98738792339284
463.58738792338994
-905.4126120765958
-500.6126120766041
-171.21261207660717
771.1873879233868
680.3873879233971
274.3873879233954
635.1873879233975
1214.9873879233946
87.18738792340007
255.38738792339393
492.3873879233922
577.7873879233986
290.7873879233922
-458.0126120766116
381.9873879233899
316.9873879233937
-262.81261207660805
271.3873879233924
-1262.8126120766135
-1529.6126120766003
-700.812612076629
-431.8126120766084
-135.2126120766069
1195.7873879233975
160.18738792338854
-93.0126120766061
1123.7873879233941
-1545.2126120766077
-1791.212612076628
-275.2126120766079
-1357.8126120766053
-37.212612076607755
670.9873879233921
1009.7873879233921
1066.1873879233997
1156.3873879233945
-25.412612076607978
-494.812612076623
-354.61261207660635
1269.1873879234054
505.3873879233977
-958.6126120766014
-1256.4126120766116
-894.812612076621
-257.21261207660723
-195.61261207660925
-8.012612076610068
484.7873879233897
-187.4126120766099
733.5873879233975
-181.61261207660954
6.987387923387999
-1017.0126120766099
-646.4126120766102
-370.8126120766091
406.987387923389
-796.6126120766078
-1436.2126120765822
831.9873879233911
-410.0126120766074
-523.012612076613
-1503.4126120765964
-1268.2126120766045
-898.8126120765954
340.18738792339246
1174.9873879233835
1022.9873879233892
750.7873879233922
-509.6126120766175
-383.61261207661016
-583.4126120766095
335.58738792338704
578.987387923393
583.5873879233942
-548.2126120766158
-1124.4126120766045
-703.6126120765987
-280.0126120766068
-391.21261207660723
430.3873879233856
736.5873879233943
798.1873879233904
434.5873879233947
653.5873879233857
-581.41261207663
-735.6126120766269
-1958.4126120765807
-352.01261207661514
207.3873879233908
-314.4126120766136
-50.01261207660519
-158.21261207660567
-601.0126120766073
-1231.0126120766042
268.1873879233935
-1383.4126120766205
-465.8126120766097
670.3873879233961
527.5873879233912
296.18738792339576
345.9873879233897
253.98738792339128
-802.212612076606
-79.0126120765986
195.58738792338468
-605.2126120766065
-170.2126120766124
-178.61261207660777
-955.6126120766106
-377.21261207661144
86.98738792339061
-994.4126120766075
463.987387923393
1138.3873879234065
149.18738792339101
1109.7873879233925
619.3873879233955
-499.81261207658895
-2323.6126120765757
70.18738792338223
-666.8126120766216
-757.6126120766053
-213.212612076608
-344.612612076609
-1137.812612076609
-1100.0126120766133
-899.6126120766146
-2059.4126120766164
-74.61261207660787
356.98738792339464
310.3873879233912
377.98738792339446
1177.9873879233912
209.1873879233857
66.3873879233901
-468.6126120766077
-342.4126120766073
-1785.0126120765815
-1273.0126120766251
-155.2126120766112
937.3873879233929
348.5873879233878
564.9873879233882
738.5873879233867
285.5873879233936
-733.2126120766073
-233.81261207660998
362.3873879233946
547.1873879233822
-74.61261207661256
-2806.0126120766004
-1361.0126120766101
-1518.6126120766291
-1680.0126120766088
-242.01261207661216
1059.587387923396
-636.2126120766127
-182.61261207661167
-893.8126120766093
-1049.2126120766156
-351.4126120766065
-259.81261207660907
-234.01261207660832
-1326.01261207661
354.58738792339244
-106.21261207660721
620.1873879233962
-235.21261207661075
-1030.6126120765985
-45.0126120766059
384.5873879233932
1439.9873879233864
-98.2126120766048
-251.21261207661138
-146.4126120766033
278.38738792339
147.18738792339303
-1335.2126120765804
116.18738792339047
239.98738792339168
-493.6126120766139
433.38738792339075
-489.8126120766036
-465.81261207660816
-581.412612076603
-932.6126120766083
-276.21261207659927
25.78738792338511
-263.8126120766101
-76.01261207661098
-822.6126120766248
-420.012612076608
-779.0126120766134
-1625.8126120766317
-788.2126120766159
-750.4126120766134
-1227.2126120766031
-282.81261207660333
450.7873879233952
452.3873879233805
-636.0126120766162
317.38738792339086
921.1873879233929
21.58738792339212
-582.8126120766083
-359.81261207661186
394.5873879233916
378.98738792339
-77.21261207660922
-908.8126120766213
337.78738792339766
1656.187387923394
-541.4126120766069
-979.2126120766023
479.58738792339085
711.3873879233943
-1398.2126120765854
-951.2126120765995
-512.8126120766194
-1806.2126120766115
-867.6126120766112
-36.61261207660549
193.78738792338942
354.98738792338804
-252.81261207661234
-173.4126120766086
-930.612612076623
67.38738792338755
-313.0126120766113
-830.4126120766009
-94.61261207661084
-256.8126120766087
-828.2126120766071
420.9873879233851
-325.61261207661056
-2261.612612076604
-664.2126120766092
656.5873879233876
208.58738792338931
484.1873879233916
497.18738792339076
17.587387923394953
1310.7873879233791
1012.9873879234065
-738.2126120766058
-287.61261207661727
479.98738792338804
362.7873879233943
-990.6126120766077
495.78738792338714
836.3873879233913
263.58738792339324
-773.21261207662
-481.8126120766121
-676.8126120766094
-712.6126120766108
-223.8126120766109
-764.8126120766156
-1115.61261207662
-562.0126120766057
126.5873879233865
45.78738792338227
-461.01261207660775
-578.8126120765979
-286.61261207660425
-705.8126120766169
-918.2126120766154
-1259.4126120765984
-881.2126120766085
-33.41261207660916
-1011.0126120766199
137.78738792338916
-81.81261207660931
92.78738792339263
-69.01261207660917
36.98738792339173
-262.61261207660675
144.18738792338507
96.1873879234023
744.3873879233876
-339.21261207661865
-293.0126120766065
-474.01261207661213
430.5873879233918
-337.4126120766081
-627.6126120766146
-179.41261207661026
-246.81261207661632
-45.0126120766049
-503.4126120766128
-1135.4126120766089
-1635.8126120766058
-241.41261207661307
-1271.6126120766032
-1456.4126120766052
-720.6126120766185
479.1873879233965
-481.61261207661477
-597.6126120766075
-644.0126120766113
-463.41261207660943
-998.4126120766074
-593.4126120766058
785.787387923391
369.18738792339093
-849.4126120766028
-1796.6126120766144
-1001.8126120765961
-164.8126120766099
539.3873879233948
1380.9873879233749
1185.9873879233767
-19.412612076603843
-317.61261207659845
219.18738792338212
651.9873879234082
-67.2126120766067
-879.2126120766115
-52.212612076612565
661.5873879233924
-22.412612076611865
183.58738792339787
-754.4126120766085
-818.6126120766236
-234.81261207660972
-445.61261207661727
12.98738792339221
-176.41261207660713
95.58738792339216
-134.21261207660666
-496.61261207662807
-710.0126120766133
318.3873879233914
161.18738792338777
-641.2126120766117
-577.4126120766149
-872.2126120766171
-1335.212612076617
-83.6126120766069
-313.61261207661016
-1036.6126120766053
-833.0126120766346
549.5873879233924
342.5873879233884
91.58738792339439
523.5873879233951
2489.187387923362
493.5873879233908
565.9873879233895
496.9873879233944
-388.2126120766101
1155.9873879234042
97.58738792339098
200.98738792339185
-870.8126120766275
-663.4126120766131
-696.0126120766078
537.9873879233937
849.38738792339
827.3873879233844
607.9873879233983
-105.61261207661056
-230.61261207661002
-914.2126120766083
13.387387923389817
164.3873879233904
-628.6126120766002
-376.4126120766193
4.987387923386258
-426.4126120766172
-72.21261207661544
-253.0126120766118
-1021.2126120766042
192.38738792339316
745.9873879233967
1275.387387923386
471.38738792338717
-162.21261207661564
820.5873879233977
1208.5873879233716
482.3873879233959
-694.012612076613
-1346.2126120766254
-167.41261207661094
-563.212612076618
-163.812612076609
-387.41261207661165
-1223.2126120766088
-1140.4126120766105
-1101.0126120766108
-473.8126120766138
-251.01261207661537
-926.4126120765872
-1194.0126120765997
-868.4126120765804
-822.612612076603
-347.0126120766063
184.78738792338686
-302.412612076606
-258.6126120766081
-1075.8126120766126
-346.612612076609
336.3873879233972
475.78738792339595
-204.2126120766051
1122.3873879233638
561.7873879233845
1170.5873879233807
-561.6126120766108
239.98738792339856
1207.7873879233969
295.58738792339204
-392.61261207660635
439.1873879233923
-27.612612076612148
-285.2126120766116
45.78738792338919
367.9873879233987
-1047.212612076609
-1257.812612076611
-793.8126120766093
-1292.0126120766074
-13.41261207661649
-142.212612076607
-615.8126120765863
-1057.6126120766035
-165.4126120766166
-203.61261207660746
-754.2126120766181
-393.41261207661216
152.98738792338747
-707.8126120766175
-114.81261207660665
-857.4126120766119
-112.01261207660882
485.58738792339284
602.5873879233975
946.3873879233992
-91.41261207660271
511.9873879233851
-485.2126120766055
583.5873879233789
1560.9873879234058
572.7873879233937
556.5873879233923
1898.1873879234404
1109.9873879234062
833.187387923389
323.1873879233917
728.7873879233937
-617.6126120766082
-814.2126120766144
-736.8126120766095
-664.4126120766142
657.787387923398
1430.187387923394
86.38738792339096
4.187387923391965
5.787387923388525
-594.4126120766109
-61.21261207660913
-1513.4126120766248
-1274.4126120765993
-730.2126120766137
-561.8126120766085
-672.8126120766
-1566.212612076609
-165.2126120766062
214.38738792339373
-424.8126120766087
90.78738792337958
570.3873879233762
113.38738792338816
454.3873879233869
830.1873879233914
1147.7873879233714
188.98738792338483
872.7873879233832
636.7873879233882
-344.8126120766096
546.9873879233941
75.18738792339514
-612.0126120766075
-650.4126120766124
-966.8126120766037
-946.6126120766091
829.9873879233784
-173.6126120766154
-749.2126120766377
-691.0126120766078
-55.01261207661089
335.7873879233926
-132.61261207660903
-29.212612076606575
-8.612612076606261
143.98738792339446
166.3873879233891
-360.2126120766077
-792.8126120766149
7.987387923390031
201.98738792340777
651.5873879233943
408.1873879233867
1545.7873879233875
1128.1873879233926
238.98738792339185
684.7873879233907
875.7873879233841
-599.012612076604
-333.012612076608
-470.0126120766079
-618.2126120766078
-104.21261207660879
331.5873879233878
-12.4126120766069
42.787387923390895
-372.81261207659526
-303.4126120766129
298.58738792339153
-852.0126120766098
-658.6126120766233
-501.81261207661225
1373.18738792339
-487.21261207661104
-986.612612076632
-518.6126120766108
-411.2126120766065
-10.212612076607325
-466.21261207660683
316.7873879233917
708.1873879233827
-639.4126120766169
237.58738792339136
1024.1873879234004
-17.01261207661297
349.187387923399
1666.7873879233948
655.1873879233958
86.38738792339485
410.7873879233808
-879.8126120766143
-813.0126120766158
-918.6126120766112
-254.01261207660784
-702.4126120766049
-679.2126120766171
620.787387923386
1259.987387923383
-1152.2126120766034
-436.812612076609
-524.0126120766055
-314.01261207660775
-1146.6126120766205
16.98738792339086
2437.187387923375
-167.01261207660662
-430.812612076605
204.78738792339516
928.1873879233867
676.3873879233947
144.78738792339362
156.38738792338734
1193.387387923363
-102.81261207660555
-496.61261207658606
-579.6126120766038
-148.61261207660795
417.38738792339774
670.3873879233779
-435.612612076606
-407.01261207661565
-842.2126120766012
-1345.4126120766243
-622.6126120766121
-967.8126120766021
-448.6126120765982
363.18738792338587
760.9873879233855
-215.0126120766138
1288.3873879233913
14.787387923391474
-49.01261207660549
-21.0126120766106
-654.012612076621
-201.61261207661008
1170.1873879233826
441.38738792338927
-545.8126120766086
474.98738792339026
-89.21261207660777
-120.2126120766149
-444.81261207661555
-440.4126120766206
-374.0126120766053
372.78738792338754
87.18738792339124
480.1873879233934
-1460.2126120766127
-400.61261207660334
570.1873879233891
176.98738792338966
115.58738792339172
-375.21261207660706
-1348.8126120766112
111.98738792339503
114.98738792338588
-484.21261207661513
-1119.4126120766275
-13.61261207660727
1514.987387923388
1060.3873879233947
1394.1873879233938
678.987387923393
1196.9873879234008
295.78738792339067
-1410.8126120766296
1284.5873879233934
183.98738792339452
-96.4126120766078
580.9873879233949
79.58738792339109
200.5873879233922
-101.21261207661088
-374.0126120766161
841.3873879233903
941.3873879233845
-531.4126120766122
-1132.6126120766085
84.18738792338857
-823.4126120766142
1224.1873879234006
995.3873879233884
131.18738792339508
-15.812612076600816
-458.01261207660747
-195.4126120766117
317.7873879233872
-1072.412612076615
430.58738792339153
388.7873879233841
-806.4126120766157
-351.21261207660683
182.7873879233913
930.7873879233812
-211.81261207661166
290.987387923392
-583.8126120766001
-1129.2126120766136
-198.81261207660455
-917.0126120766165
231.18738792339315
513.5873879233828
-1141.412612076609
59.78738792338869
-53.812612076606285
62.38738792339379
1082.1873879233806
1190.9873879233958
-236.41261207661103
-472.81261207660754
63.387387923390406
96.98738792338983
1177.7873879233814
1153.587387923402
232.18738792339306
-655.4126120766072
-276.41261207660983
114.38738792338927
-309.2126120766144
218.18738792339838
-109.2126120766117
621.9873879233844
-661.6126120766082
351.58738792337346
740.18738792339
1445.5873879233843
29.987387923398227
-373.0126120766115
-517.8126120766153
439.18738792338655
96.78738792339645
1236.5873879233893
1173.9873879233958
-433.21261207661104
-814.4126120766044
1363.587387923404
-192.41261207660992
-911.0126120766167
-813.8126120766071
-488.81261207662254
913.9873879233908
208.3873879233916
-726.4126120766082
-193.81261207661203
593.9873879233951
-30.012612076610814
231.98738792338722
63.987387923393186
242.98738792339
263.3873879233916
-469.212612076611
205.18738792338755
-893.2126120766095
-496.01261207660906
-313.2126120766174
865.5873879233983
406.78738792339925
-384.0126120766036
561.9873879233942
337.7873879233928
-107.61261207661155
-19.212612076609403
-23.012612076608328
1013.587387923375
394.1873879233891
-561.6126120765972
-735.4126120766028
1021.3873879233956
373.9873879233923
-349.8126120766151
-401.61261207661016
-254.81261207661336
308.7873879233953
-636.0126120766022
-858.4126120766193
-949.2126120766052
-929.8126120766085
-1542.2126120765993
-1016.8126120766032
-1120.212612076609
-770.0126120766141
-419.4126120766089
-544.6126120766102
-438.2126120766092
-507.61261207661835
-709.8126120766168
-1092.0126120766063
390.9873879233886
272.38738792339615
-477.6126120766132
-498.21261207660734
243.3873879233945
299.1873879233889
231.58738792339568
-47.412612076605626
-1184.4126120766132
-1769.21261207661
221.58738792339233
-743.412612076598
-591.4126120766127
-458.8126120766084
-479.0126120766133
-42.81261207660866
1207.1873879234065
775.3873879233984
-385.01261207661463
304.5873879233848
213.58738792337806
1383.1873879234124
705.1873879233867
-299.81261207660685
-222.01261207661315
687.7873879233928
-1105.212612076613
-716.8126120766074
960.5873879233974
-234.812612076607
363.5873879233946
21.987387923394234
-144.61261207660766
621.587387923389
812.3873879233971
239.7873879233928
-199.01261207661398
-427.6126120766176
-166.41261207661364
-318.21261207660996
-456.61261207660846
-1388.212612076604
621.3873879233875
1463.3873879233981
817.7873879233892
82.78738792339306
-415.61261207661005
-70.01261207660272
1121.1873879233883
374.9873879233875
-570.0126120765999
-735.212612076612
-1242.8126120766167
-321.6126120766088
543.3873879233951
-461.2126120766171
136.18738792339786
354.7873879233993
-435.21261207660996
-416.4126120766073
-45.61261207660533
446.7873879233784
1716.7873879233898
1547.7873879233814
688.5873879233964
72.78738792339257
916.7873879233873
600.9873879233922
178.78738792338928
-339.61261207660783
-131.81261207661092
575.5873879233978
1035.7873879233907
-1074.4126120766102
-1013.6126120766112
-147.41261207660324
-23.61261207660784
118.98738792339003
845.1873879233748
-188.81261207661
-362.4126120766062
-177.21261207660785
-1535.8126120766153
-1004.2126120766177
309.98738792339685
-90.81261207660725
447.1873879233914
-429.61261207658316
-919.6126120766157
-826.2126120766106
-285.81261207661066
310.3873879233963
-803.8126120766095
449.38738792338216
136.18738792339593
-165.81261207660478
-500.0126120766106
-1257.4126120766073
-753.8126120766053
433.1873879233858
778.5873879233803
352.18738792338837
467.9873879233919
1429.5873879233734
1293.1873879233729
730.3873879233937
711.7873879233789
-41.21261207661113
-827.0126120766136
-60.012612076608164
-598.4126120766144
-1617.6126120766037
-526.8126120766078
-469.8126120766163
-639.4126120766223
56.187387923390276
-172.01261207660886
-321.6126120766089
470.5873879233932
-187.61261207661286
-419.8126120766029
-513.8126120766163
-925.4126120766109
-1171.6126120766094
-549.012612076607
-779.4126120766098
-548.4126120766066
-471.0126120766136
-1224.2126120766068
292.5873879233936
618.58738792339
1673.5873879233784
-60.61261207660462
338.18738792339786
550.9873879233911
376.987387923384
-2857.6126120765894
603.7873879233928
-240.81261207661362
-1098.2126120765981
64.387387923392
118.78738792339158
895.7873879233887
216.18738792339238
407.5873879233939
1096.1873879234017
361.7873879233956
255.58738792339037
21.38738792339332
-123.41261207660588
2.987387923391026
95.9873879233916
1654.7873879233737
369.3873879233944
123.38738792339362
1093.7873879234014
809.1873879233989
931.7873879233891
1029.5873879233764
75.78738792338824
-73.01261207660859
-342.21261207661206
-63.212612076606284
465.98738792338963
245.1873879233903
-201.412612076604
-1160.0126120766179
-1123.6126120766123
-353.41261207660955
186.3873879233912
-211.21261207661178
-534.6126120766056
-76.2126120766089
-1212.612612076599
-830.6126120766081
130.1873879233927
653.3873879233954
269.38738792339166
426.5873879233964
167.78738792339195
-461.0126120766169
-457.21261207661104
-445.6126120766164
-150.0126120766099
1132.5873879233895
411.98738792338594
-151.812612076608
1140.3873879233913
-655.0126120766107
-720.4126120766176
1193.987387923404
-257.4126120766132
-312.8126120766068
207.58738792339105
43.18738792338678
849.7873879233906
-196.4126120766056
106.38738792339105
-160.81261207661186
-214.21261207662002
-423.2126120766059
-1030.0126120766163
-67.4126120766063
-530.8126120766171
-322.01261207660554
-1443.6126120766023
-1128.0126120766035
121.78738792339172
-1199.2126120766247
-986.8126120766113
288.7873879233958
470.1873879233952
65.78738792339183
341.7873879233946
-114.61261207661425
-73.21261207661117
1133.3873879233938
-10.012612076606871
-367.6126120766104
1034.3873879233984
350.78738792339186
-178.6126120766067
672.1873879233855
-880.4126120766119
293.18738792339076
976.7873879234
-401.8126120766103
488.38738792340314
89.58738792339295
-534.612612076602
280.58738792339295
-178.21261207660893
-1123.8126120766087
-1098.6126120766107
-521.0126120766072
-1939.612612076623
-725.8126120766083
-1719.8126120766237
-1243.0126120766172
392.78738792339135
-521.2126120766094
42.58738792339264
259.38738792339484
-430.0126120766059
-191.01261207660622
282.3873879233911
493.9873879233962
-509.41261207661177
443.38738792339075
433.78738792338834
1073.1873879233915
469.1873879233905
461.98738792338895
122.38738792338901
-262.2126120766092
-800.2126120766047
385.9873879233936
222.78738792339132
-1412.812612076614
-751.4126120766131
-723.2126120766167
-1781.6126120765816
35.58738792339088
-915.0126120766237
-406.6126120766083
601.7873879233937
194.3873879233913
175.18738792339286
-520.0126120766101
-270.4126120766049
-445.2126120766172
-52.012612076609855
430.18738792339
-145.61261207661067
440.1873879233913
-302.8126120766095
-687.0126120766136
-737.412612076606
139.58738792339395
293.9873879233913
-217.41261207661046
-197.61261207660914
-77.81261207660793
-853.0126120766088
188.3873879234066
180.78738792338032
642.9873879233814
-506.0126120766101
-576.0126120766063
-619.2126120766143
-227.41261207660614
-472.61261207661056
-997.6126120766185
-536.6126120766048
665.7873879233891
-832.812612076599
198.38738792338904
315.7873879233926
-260.01261207660957
-706.0126120766037
-1288.812612076601
-665.0126120766073
-1056.2126120766015
-564.4126120766141
15.587387923398296
-1423.8126120766083
-799.8126120766116
172.7873879233871
696.7873879233954
814.1873879233829
1631.9873879233548
585.9873879233945
498.5873879233971
1155.1873879233929
-1217.6126120766107
-681.412612076613
606.7873879233862
-631.6126120766086
129.78738792339811
226.1873879233932
44.98738792339087
320.78738792339533
-86.21261207660365
-1485.2126120765945
-1427.4126120765884
-885.4126120766102
1057.987387923394
-65.01261207660572
-665.0126120766054
-851.4126120766006
-1062.012612076611
-968.412612076618
-681.8126120766146
-911.6126120766162
-846.8126120766224
-646.4126120766115
422.18738792339104
-764.0126120766153
244.18738792339488
118.18738792339394
864.5873879233927
842.7873879234003
1205.1873879233624
-431.61261207661084
-398.6126120766096
1548.9873879233996
191.3873879233915
687.7873879234005
-413.6126120766045
-243.21261207660956
-48.01261207660641
-117.81261207660877
-219.2126120766068
-125.41261207660497
-631.4126120766063
-2390.8126120766174
-1595.2126120766227
-921.8126120766132
-5.812612076606399
-204.41261207659758
436.9873879233778
-669.6126120766056
-1762.8126120766212
-777.4126120766155
354.9873879233899
-106.6126120766081
466.38738792338506
636.787387923393
116.1873879233874
-227.01261207661153
443.78738792339146
-239.01261207660752
464.3873879233821
-153.21261207661246
967.7873879233972
1002.9873879233951
897.1873879233826
1461.9873879234094
948.7873879233949
928.3873879234002
-208.41261207660546
1451.7873879233823
-170.41261207661054
-335.8126120766119
-130.01261207660997
-1047.0126120766238
-1586.612612076608
-1542.0126120766172
-975.2126120766172
-1328.0126120765929
-537.2126120766188
-545.0126120766056
258.1873879233823
645.9873879234003
-211.81261207660955
-858.6126120766045
427.98738792339105
845.987387923381
-181.21261207660461
340.7873879233898
11.187387923393615
-627.0126120766109
516.187387923388
330.9873879233843
382.38738792338773
-340.4126120766157
1702.9873879234005
857.7873879233908
494.3873879233869
623.9873879233816
517.3873879234006
244.58738792338804
-186.4126120766113
377.78738792338993
-949.6126120766052
615.1873879233879
411.1873879233913
-308.81261207660714
-818.8126120766132
-288.0126120766097
-896.6126120766098
-403.8126120766092
-1047.2126120766316
-830.8126120766022
-661.612612076613
199.98738792338904
444.98738792337934
547.9873879233945
65.58738792339184
410.58738792337454
301.9873879233859
-123.01261207661017
-1106.412612076615
-1015.0126120766142
-487.2126120766138
283.5873879233833
649.3873879233873
-741.6126120766119
1290.9873879233942
1427.187387923409
419.18738792338365
811.7873879233977
2082.1873879234395
707.587387923404
603.387387923385
438.1873879233865
-124.61261207661352
219.3873879233711
-48.01261207660453
531.1873879233831
-1026.812612076612
-113.81261207660634
-540.8126120766045
637.7873879233844
-343.212612076611
-1027.012612076603
-342.0126120766078
697.7873879233889
1461.9873879233837
-265.81261207661015
-685.8126120766088
-816.6126120766041
-500.0126120766121
99.78738792339081
-538.0126120766085
-267.01261207661145
-329.41261207660943
-1049.4126120766107
905.187387923395
873.7873879234127
1710.387387923393
2410.187387923413
1347.3873879233984
1177.3873879233906
1272.1873879233638
1083.5873879233916
566.5873879233852
-40.21261207660714
81.3873879233864
-661.4126120766069
-1429.0126120766083
208.98738792338816
24.587387923391844
-777.6126120766108
287.38738792339416
1337.9873879233935
1254.5873879233966
-301.21261207660746
-612.0126120766098
564.3873879233827
-165.81261207660887
57.38738792339582
-34.61261207660871
149.18738792339485
-91.01261207660787
11.987387923392035
-132.21261207660683
65.38738792338799
1107.3873879233734
-814.6126120766115
-191.81261207661043
1717.7873879233907
1768.5873879233766
293.98738792338486
845.7873879233968
818.9873879233936
-477.8126120766084
448.38738792338535
401.98738792339594
564.5873879233743
417.78738792340056
-380.4126120766084
-96.41261207660463
-96.01261207660448
977.7873879234041
74.18738792339452
-415.4126120766113
484.98738792337895
706.3873879233956
-40.61261207660719
-239.41261207660443
-8.612612076607931
-1819.0126120766133
291.7873879233988
1279.5873879233804
217.18738792339067
58.98738792339078
308.78738792339186
18.787387923391435
769.3873879233927
823.7873879233982
-683.0126120766154
423.7873879233966
953.1873879233924
345.7873879233962
-788.6126120766023
1450.3873879233984
1716.9873879234149
750.1873879233985
283.9873879233901
483.3873879233862
340.1873879233929
-94.61261207660715
239.18738792338848
36.18738792338231
608.9873879233951
1221.987387923394
992.9873879233664
436.18738792339394
129.98738792339287
241.58738792338815
158.38738792339018
-961.612612076611
-322.41261207660705
7.187387923392414
756.3873879233998
1214.7873879233725
-160.81261207661407
299.98738792339316
69.38738792339042
187.98738792339032
-206.61261207661187
204.1873879233911
386.98738792339583
1028.587387923386
459.78738792338805
-420.0126120766094
-1401.2126120766013
-195.2126120766128
-364.8126120766068
278.58738792338863
256.7873879233884
659.187387923396
987.5873879233872
548.787387923393
535.987387923391
752.1873879233971
1299.387387923381
628.7873879233834
989.58738792338
-584.8126120766111
-654.412612076615
-27.412612076610703
33.58738792339404
-222.01261207660747
300.5873879233894
933.3873879233917
1414.587387923373
521.5873879233919
789.5873879233875
1755.5873879233973
951.9873879234024
-408.61261207661084
-892.2126120766122
-189.2126120766083
552.5873879233949
946.1873879233888
1082.387387923393
-814.8126120766199
-1093.8126120766146
-866.6126120765944
-920.4126120766186
-669.0126120765972
-544.4126120766082
-419.4126120766189
255.78738792338936
377.9873879233867
-527.0126120766141
810.5873879234016
1193.3873879233834
985.3873879233809
623.3873879233895
-57.212612076605396
105.187387923393
108.78738792339037
-732.2126120766067
376.9873879233929
409.7873879233927
438.9873879233925
1530.7873879234028
1197.7873879233803
1093.587387923375
585.5873879233911
-404.4126120766117
-726.8126120766041
905.587387923388
927.7873879234008
-352.4126120766085
-800.8126120766113
-605.4126120766107
-1857.8126120766233
-658.6126120766127
-657.6126120766086
169.98738792339336
-1867.2126120766122
33.58738792340081
889.3873879233907
29.587387923390175
1406.7873879233832
-370.41261207660773
44.98738792339098
-89.21261207660517
855.5873879233884
497.9873879233864
1214.9873879233817
1257.9873879233746
1040.5873879234011
-670.0126120766197
-305.41261207660756
380.3873879233988
329.98738792339174
1313.3873879233845
747.9873879233985
239.18738792339775
630.7873879233945
534.5873879233909
-17.21261207661328
663.387387923393
731.9873879233909
-552.812612076611
92.7873879233889
-768.0126120766057
-740.8126120766135
-290.2126120765875
-1671.0126120766322
-1788.2126120766088
-1251.2126120766256
-461.21261207661826
-360.41261207659494
-749.8126120766195
645.5873879233869
1.3873879233920334
-52.81261207661111
390.58738792339045
508.5873879233925
757.387387923411
411.3873879233894
459.78738792338936
-77.61261207660755
-2036.4126120766193
-1766.8126120766058
-349.4126120766041
345.58738792339284
1311.187387923385
735.5873879233942
-79.01261207660848
816.387387923381
-114.81261207660518
150.38738792338907
783.3873879233876
811.187387923405
-177.61261207661033
456.18738792338974
-858.4126120766019
-795.4126120766052
-1615.0126120766183
-1386.4126120766216
-1368.6126120765891
-1645.812612076593
-1532.01261207661
302.18738792339246
678.9873879233934
358.98738792338935
740.5873879233912
641.1873879233901
215.78738792337543
995.1873879233942
1386.7873879233878
234.58738792339088
898.9873879234018
179.38738792339245
-1062.2126120765981
-1051.212612076607
454.78738792338606
1145.787387923386
836.587387923375
358.1873879233959
872.3873879233996
783.9873879233959
1288.7873879234019
-5.412612076608909
342.3873879233924
482.1873879233926
344.1873879233917
230.7873879233912
-1185.0126120766101
-1258.4126120766211
-1737.41261207662
-691.6126120766127
-206.8126120766095
-1367.6126120766414
-1274.412612076617
227.98738792339387
1138.7873879233853
1066.787387923389
742.3873879233902
945.3873879233957
277.5873879234031
1130.7873879233957
1425.18738792341
396.9873879233966
1198.7873879234144
1746.1873879233844
-438.612612076609
-9.21261207661217
674.9873879233955
245.98738792338446
922.9873879233826
-368.6126120766103
-15.812612076608847
813.3873879233977
976.1873879233864
225.3873879233966
-897.6126120766064
-344.81261207660975
-580.0126120766074
-1091.0126120766188
-1045.2126120766063
-1314.4126120766052
-1364.6126120765916
-663.6126120766027
-673.2126120765909
-1124.2126120765965
-1661.0126120765933
-608.4126120766088
352.3873879233903
-139.01261207660528
979.1873879233981
50.38738792339278
-374.01261207660616
432.78738792339584
748.1873879233921
-52.01261207661284
1895.7873879234025
477.5873879233908
-1511.0126120766042
-705.012612076612
391.38738792339103
275.78738792339544
557.5873879233865
1028.1873879233833
1048.387387923397
1274.787387923402
998.3873879233861
168.58738792338994
-386.8126120766111
-75.01261207661236
-741.4126120766119
-678.0126120766067
-1366.4126120765861
-1205.2126120766338
-1758.0126120765922
-2170.4126120765895
-1356.4126120766307
-605.2126120766042
-955.2126120766075
-111.21261207661459
177.9873879233942
-96.01261207661082
605.9873879233897
387.3873879233748
-117.01261207661258
847.5873879233957
1295.587387923404
749.5873879233886
1773.1873879233838
461.1873879234037
-692.6126120766087
-1340.6126120766162
1049.3873879233915
-503.8126120766117
-411.41261207660756
-45.21261207660642
-39.6126120766046
381.38738792339717
101.38738792338702
577.5873879233905
733.1873879233904
-513.2126120766143
-271.0126120766111
-56.61261207660078
-1424.2126120765886
-1684.2126120766322
-1200.4126120765966
-1627.8126120765894
-1446.4126120765861
76.18738792338901
230.38738792339538
89.38738792339093
-277.01261207661213
-158.01261207661182
-326.81261207661163
-363.61261207660823
845.3873879234015
1809.1873879234115
119.98738792339503
11.187387923388272
593.3873879233854
765.5873879234011
-1236.8126120766121
-1215.6126120766119
1600.387387923396
-500.81261207661026
-119.01261207660819
716.7873879233703
948.5873879233918
563.7873879233903
365.7873879233978
248.18738792338837
994.1873879233823
178.38738792339427
89.98738792339525
-314.0126120766097
-328.6126120766059
-191.41261207661515
-1037.0126120766085
-1543.212612076624
-687.8126120766051
-179.4126120766128
100.58738792338806
83.78738792339024
-447.81261207661845
-411.81261207660907
85.38738792338984
198.58738792339201
-680.0126120766018
1095.387387923388
318.1873879233936
-53.412612076607445
825.1873879234012
-42.81261207660874
-934.0126120766231
-759.4126120766134
-720.2126120766152
-930.0126120766146
1002.9873879233833
842.1873879234058
308.1873879233898
-117.61261207660841
149.98738792339128
-84.21261207660952
315.98738792340697
632.7873879233886
1401.987387923385
-991.4126120766012
-571.6126120766064
-235.0126120766085
-1055.412612076594
-852.412612076621
-624.212612076612
-731.8126120766082
395.58738792339176
-211.61261207661278
79.18738792339232
-118.01261207661622
67.58738792339258
770.7873879233923
-70.61261207660783
771.3873879233885
483.3873879233912
1084.9873879233892
414.98738792339327
-1458.4126120766095
286.78738792339504
-1615.6126120766178
-1024.212612076604
417.5873879233921
279.38738792339467
558.587387923384
554.5873879233964
619.7873879233964
1580.5873879233934
1107.3873879233975
-209.81261207661186
-349.61261207660505
915.987387923382
-1004.4126120766057
12.987387923389992
-439.01261207661724
-1027.2126120766175
-974.2126120766086
-816.8126120766128
201.78738792339414
173.98738792339174
-1900.6126120766166
699.5873879233926
1426.5873879233754
-467.61261207660664
-54.21261207660962
-122.61261207660816
463.5873879233891
401.7873879233886
507.5873879233962
-755.4126120766155
-1476.6126120765944
-1266.4126120766077
-1680.6126120766269
58.98738792339278
671.1873879233981
-1263.2126120766145
198.1873879233886
379.58738792338573
886.1873879233865
1374.7873879233807
1204.1873879233765
371.987387923389
1024.5873879234002
1672.187387923404
315.18738792339076
496.3873879234027
432.9873879233961
42.38738792339244
-797.0126120766055
-120.01261207661445
550.1873879233934
39.38738792339402
-123.61261207660701
343.38738792339353
1714.5873879233961
-540.6126120766105
68.18738792339153
114.38738792339393
1225.5873879233905
571.9873879233952
-490.41261207660455
-1080.812612076622
97.98738792338914
-834.6126120766106
1017.7873879233944
1458.5873879233804
-382.4126120766088
-870.8126120766121
1584.5873879233907
249.78738792338976
-340.8126120766141
-867.4126120766167
-537.8126120766082
1079.5873879233925
900.7873879233855
943.9873879233818
1276.1873879233847
996.7873879234032
104.3873879233935
794.7873879233971
281.98738792339236
302.78738792339476
473.98738792339
486.98738792338685
1359.1873879233979
110.18738792338836
811.5873879233908
223.58738792338644
889.187387923388
-176.01261207661327
-508.0126120766091
433.18738792338985
-137.2126120766109
-793.8126120766055
-724.01261207661
-1276.412612076609
766.587387923391
849.9873879233855
-547.8126120766077
-749.4126120766026
1276.9873879233917
813.5873879233922
212.38738792339012
-96.21261207660677
337.3873879233922
540.9873879233882
-509.2126120766122
237.7873879233936
461.9873879233915
-256.01261207661287
-1249.0126120766085
41.1873879233931
-718.2126120766042
-734.6126120766057
32.38738792339349
591.7873879233828
1154.1873879233863
386.98738792339265
54.787387923391144
-456.2126120766024
722.5873879233915
52.18738792339046
-636.6126120766087
-691.0126120766024
-160.012612076606
-36.612612076609494
71.98738792339233
-1089.6126120766098
-1877.212612076627
-1598.8126120766522
267.1873879233872
-660.6126120766085
-481.012612076605
-215.01261207660983
-439.2126120766065
-104.01261207660627
1645.5873879234018
1092.7873879233925
21.18738792339404
1277.5873879233802
1314.5873879234207
1795.387387923401
1164.7873879233762
976.1873879233927
35.18738792339349
731.7873879233913
-613.8126120766103
203.78738792339536
1620.3873879233931
-347.01261207661105
34.1873879233889
-173.21261207660768
-806.412612076613
-22.212612076605726
332.7873879233926
36.98738792339455
-427.81261207661043
-186.8126120766119
393.18738792339303
-298.0126120766091
-752.2126120766079
-1052.412612076615
572.9873879233876
1237.5873879233902
271.18738792338036
-322.61261207660334
-921.612612076614
-507.2126120766047
1164.1873879233785
1141.1873879233913
289.78738792339175
618.3873879233955
-45.61261207659877
48.58738792339538
1167.5873879233898
984.9873879233827
912.5873879233959
961.9873879233802
296.3873879233927
39.38738792339612
-127.812612076607
65.58738792339571
1197.1873879233892
858.9873879233875
-128.81261207660856
-408.81261207661095
502.38738792339234
515.3873879233957
195.18738792339556
124.58738792338964
695.387387923391
931.9873879234007
1122.5873879234011
-691.212612076614
-1008.6126120766038
-488.8126120766083
-883.4126120766044
-568.6126120766078
916.9873879233853
624.3873879233878
838.1873879234016
1254.7873879233766
-147.21261207660797
190.9873879233913
951.5873879234025
138.18738792339514
1182.787387923391
982.3873879233952
498.18738792339354
483.78738792339084
1248.3873879234034
1387.9873879233892
-84.81261207660845
942.9873879233988
622.7873879233932
-225.81261207660674
-400.61261207660505
-719.6126120766106
-771.0126120766096
273.587387923391
793.5873879233884
482.387387923393
674.5873879233858
1172.5873879233754
1172.587387923384
600.7873879233771
445.58738792338846
-346.61261207660607
-1375.812612076606
-384.41261207660796
308.1873879233896
7.3873879233901185
1054.9873879233885
869.5873879233924
689.9873879233936
1167.9873879233974
640.1873879233812
569.5873879233899
1704.187387923371
1295.187387923386
1153.7873879233828
934.7873879233927
828.3873879234014
909.5873879233861
1034.5873879233868
502.1873879233883
534.987387923394
232.58738792339255
-404.6126120766119
1302.7873879233744
1336.1873879233992
1699.7873879234012
-189.61261207660874
499.38738792339365
954.1873879233912
308.7873879233961
-3036.4126120765923
125.38738792338947
-179.41261207660415
-671.2126120766168
538.5873879233927
518.7873879233922
607.5873879233903
-407.2126120766095
464.3873879233923
1059.3873879233947
477.1873879233908
244.98738792338787
-667.8126120766127
-1020.2126120766104
-985.0126120766282
-744.8126120766232
840.3873879233878
-6.612612076606553
-405.41261207660955
347.58738792338966
4.587387923389244
989.9873879233886
605.5873879233942
-1129.2126120766204
-336.6126120766116
-365.61261207661386
-402.81261207661134
-406.8126120766072
-490.6126120766144
-806.4126120766092
-2176.612612076609
-2884.812612076636
-1070.4126120766066
-432.6126120766214
-142.01261207661003
561.7873879233922
1199.7873879233885
44.18738792338824
155.38738792338904
967.3873879234064
1567.987387923396
712.5873879233943
613.387387923392
470.98738792339145
-399.81261207661186
-907.0126120766204
-788.6126120765891
-294.0126120766094
663.3873879233862
-84.41261207660887
-343.21261207661115
674.1873879233888
-1283.812612076617
-904.4126120766166
627.787387923387
-1219.8126120765987
-257.812612076605
883.3873879233927
446.38738792339655
951.1873879233959
-204.61261207660223
-206.81261207661598
-960.0126120766049
-1613.2126120766072
-1420.8126120766146
-1803.2126120766002
-326.21261207660734
164.78738792339152
1249.1873879233951
301.9873879233918
299.1873879233924
1389.587387923391
-181.21261207660848
-491.012612076602
53.387387923389824
792.7873879233842
252.58738792339028
62.78738792339165
-353.4126120766138
-400.4126120766066
205.38738792338944
-501.8126120766116
-519.4126120766107
438.7873879233939
-122.41261207661104
-105.61261207660402
478.3873879233938
-834.0126120766134
730.7873879233846
1526.5873879233907
169.78738792339
1124.3873879234034
436.18738792339525
-883.6126120766253
-612.0126120766082
-1150.2126120766286
-1581.0126120765992
-1583.2126120766095
-212.4126120766116
-1074.412612076605
824.1873879234064
361.98738792339543
235.5873879233899
1440.7873879234141
155.9873879233899
720.3873879233937
301.38738792339365
-146.2126120766058
182.78738792339217
72.38738792339629
219.38738792339282
-655.6126120766153
-325.6126120766108
289.18738792339286
1512.1873879233965
666.3873879233927
585.587387923387
482.5873879233982
-541.6126120766108
-719.012612076607
1029.7873879233925
902.9873879233959
-218.21261207661038
427.9873879233877
67.58738792338936
-1864.4126120766136
-12.612612076609022
-1126.2126120766152
-808.8126120766102
-517.0126120766046
-73.01261207661338
800.9873879233993
708.7873879233912
1362.187387923389
1011.7873879233892
1082.1873879233976
828.987387923386
493.3873879233856
927.3873879234013
-403.4126120766172
-690.4126120766175
-971.4126120766151
-555.4126120766085
-656.8126120766053
-1163.8126120766033
-926.6126120766115
51.987387923396824
-197.81261207660754
849.5873879233973
977.9873879233876
661.9873879234059
-301.412612076612
-113.0126120766116
-39.41261207660503
1170.3873879234031
1504.587387923392
445.5873879233899
-69.41261207661063
805.7873879233871
-748.2126120766064
-73.81261207661422
-917.0126120766085
-1045.2126120766086
-947.2126120766143
-906.2126120766031
-40.81261207660498
-396.8126120766119
-560.0126120766139
-470.4126120766083
-1225.4126120766157
-113.41261207660926
427.5873879233833
473.1873879233883
273.9873879233913
859.9873879233929
-462.8126120766032
-1176.6126120766155
-236.412612076609
-1468.01261207661
-219.612612076602
975.987387923393
-43.81261207660843
301.38738792339115
318.7873879233911
293.1873879233904
912.987387923382
1678.5873879234052
1034.987387923384
107.18738792339362
-691.01261207661
996.987387923376
-13.012612076605732
-147.61261207660687
-618.2126120766142
-829.2126120766104
-736.2126120766028
143.1873879233928
239.1873879233941
-256.61261207661255
-1168.212612076601
134.18738792339252
-693.8126120766075
419.98738792338594
650.787387923388
624.1873879233926
242.18738792339315
502.3873879233896
-901.2126120766167
-2074.012612076621
-278.01261207660065
-238.6126120766065
499.78738792338993
-865.4126120765994
-242.01261207661
455.98738792340424
482.9873879233951
478.58738792338966
445.587387923389
1373.9873879233949
412.5873879233816
164.58738792339295
-181.4126120766046
649.787387923392
282.18738792338377
1466.387387923394
280.7873879233907
-1116.6126120766057
-500.21261207660604
1542.7873879233853
584.1873879233964
251.78738792338524
-124.21261207661284
167.18738792339173
131.38738792339146
552.78738792339
-220.2126120766087
-121.41261207661032
-880.6126120766114
-4.612612076606741
316.98738792338764
-663.4126120765969
-788.0126120766071
-42.01261207661196
-58.812612076615295
-1557.8126120766115
1122.7873879233762
8.987387923390848
-237.81261207660856
192.18738792338883
-372.6126120766083
389.5873879233951
1154.3873879233938
1454.7873879233923
153.1873879233921
108.18738792339593
-215.21261207660555
715.9873879233862
1013.7873879234083
-236.6126120766106
-657.2126120766106
852.7873879234104
691.5873879234058
-516.8126120766112
-33.61261207660857
151.78738792340073
-28.412612076613204
801.1873879233832
742.9873879233877
587.3873879233919
-1189.0126120766072
746.9873879233851
363.5873879233942
-992.6126120766095
-1196.012612076602
-1053.4126120766082
-1199.6126120765957
-2063.812612076587
-132.21261207660683
-462.2126120766095
836.1873879233963
403.18738792339104
-68.21261207660574
178.38738792339797
1137.3873879233856
364.98738792338366
-181.41261207661515
-1491.812612076607
-906.8126120765962
-394.8126120766093
-184.2126120766067
-304.412612076609
-109.41261207660716
-828.412612076612
-404.61261207661124
658.1873879233917
703.1873879233964
-35.01261207661182
25.387387923393852
-191.21261207660328
1083.3873879233925
1198.5873879233868
-1474.0126120766136
-105.4126120766111
236.38738792339132
-863.6126120766078
-518.2126120766151
502.1873879233923
-381.4126120766145
-443.2126120766027
657.5873879233945
976.5873879233764
767.5873879233875
509.3873879233857
1019.1873879234134
-336.81261207661237
-130.0126120766099
-885.2126120766084
-343.0126120766081
-1307.4126120765961
-1312.4126120766095
322.98738792339634
118.38738792339203
493.18738792339417
-1189.6126120766132
-1512.012612076617
-1777.2126120766072
-93.81261207660845
1195.1873879233829
826.1873879233985
1054.3873879233893
-115.61261207660206
-480.4126120766076
863.5873879233905
-50.012612076609734
297.58738792337897
967.9873879233857
-426.41261207660716
-622.0126120766113
144.5873879233895
193.58738792339093
-425.4126120766093
4.987387923393033
519.5873879233842
-110.01261207660994
-685.612612076609
124.58738792338484
-65.41261207661398
-894.4126120766075
-242.4126120766066
384.1873879233905
600.3873879233807
-433.8126120766059
461.9873879233858
375.5873879233921
-679.0126120766032
-563.6126120766132
-628.6126120766049
-643.2126120766106
-135.81261207661157
675.3873879233852
701.7873879233842
988.987387923368
1501.787387923372
-591.0126120766079
-1441.612612076601
-102.01261207660575
282.98738792338975
-1212.6126120765973
-774.2126120766192
-1047.2126120765977
-1273.2126120766168
-108.61261207661038
122.98738792339302
1130.1873879233874
-42.212612076608956
-1033.412612076604
-20.212612076614697
-963.8126120766249
-291.41261207660875
-636.2126120766044
-438.61261207661113
852.1873879233958
1122.1873879233688
347.3873879233995
1062.9873879233926
296.78738792339044
-1775.2126120765963
98.5873879233909
30.58738792338868
-910.0126120766058
-176.01261207661807
93.18738792339083
-195.4126120766117
830.9873879233832
760.5873879233828
-1327.4126120765934
-1784.612612076629
-1455.612612076601
-782.2126120766059
-1501.0126120766017
900.9873879233925
212.7873879233919
-498.81261207660754
-550.612612076615
98.9873879233889
514.9873879233852
-1309.812612076627
-1191.6126120766055
-128.41261207661032
-892.4126120766058
-878.4126120766089
-602.2126120766065
-237.81261207660822
207.78738792339274
836.3873879234045
538.9873879233876
-59.612612076608286
28.987387923391477
-494.61261207660993
98.38738792339042
-332.81261207661214
-2143.812612076606
-746.0126120766151
-325.41261207661137
25.987387923390333
-494.6126120766153
-483.4126120766189
-873.6126120766024
-1172.0126120766186
-1617.212612076593
-727.6126120766141
-836.4126120766043
-249.61261207660874
-1468.0126120766065
-424.6126120766086
-220.6126120766051
235.98738792339364
618.9873879233921
-253.21261207660478
55.3873879234025
942.1873879233938
151.18738792339357
-900.4126120766146
-90.41261207660872
-872.2126120766056
-405.6126120766097
795.1873879233892
1353.7873879234087
459.5873879233849
356.3873879233869
283.5873879233868
375.58738792338255
-718.8126120766043
-952.0126120765824
639.3873879233877
913.7873879233966
19.787387923394974
-732.4126120766094
297.38738792339205
189.7873879233899
-240.4126120766091
-456.2126120766137
-688.4126120766043
-186.812612076607
-647.4126120766138
-1631.412612076624
-724.6126120766091
-61.81261207661077
-673.4126120766157
93.38738792339677
317.38738792339177
-1075.4126120766007
397.1873879233898
498.5873879233932
-313.8126120766069
-70.41261207660851
-569.4126120766132
56.587387923393536
1212.3873879233865
1416.187387923386
894.9873879233875
371.1873879233886
-385.81261207661026
136.98738792339475
-502.61261207661056
-417.2126120766078
-272.81261207660725
-574.8126120766096
-1077.2126120766031
20.787387923394405
945.7873879233885
-490.41261207661233
-1006.4126120765958
-1428.8126120766033
-1890.212612076615
101.58738792338956
62.18738792338904
585.387387923391
-1146.6126120765896
1031.9873879233885
1302.787387923395
421.9873879233915
1249.1873879233945
-1083.6126120766023
-643.8126120766033
-939.6126120766078
-224.81261207661046
-39.41261207660792
-19.212612076612395
7.187387923394397
1677.7873879233964
1154.3873879233834
1077.9873879233987
836.1873879233935
-718.0126120766046
-471.41261207660824
-504.01261207661395
-805.2126120766128
-0.6126120766071992
330.98738792338725
-260.4126120766051
-362.61261207661016
-92.21261207661352
-1093.4126120765984
104.58738792339156
-496.0126120765907
-208.212612076622
641.3873879233921
-292.21261207660706
-388.2126120766064
-10.61261207661054
768.9873879233913
942.1873879233947
199.38738792339043
716.3873879233901
15.187387923389725
-238.41261207661037
-374.8126120766194
-291.8126120766079
364.38738792339296
-806.4126120766069
-1084.8126120766015
-56.612612076610716
-502.4126120766152
381.187387923385
464.7873879233911
-142.01261207661008
-4.81261207661062
-328.0126120766181
-1019.4126120766165
184.1873879233945
-420.6126120766114
275.1873879233884
384.38738792338575
465.98738792339327
-398.41261207661046
833.7873879233956
32.58738792339045
507.78738792339345
-269.41261207660665
-71.41261207660702
-253.81261207661515
-1032.8126120766094
-746.2126120766125
761.1873879233902
679.9873879233957
-708.6126120766107
-69.6126120766126
-59.01261207660901
-665.6126120766061
-113.01261207660806
838.1873879233882
-946.2126120765992
-543.0126120766128
-104.41261207661152
-287.2126120766097
797.387387923401
1213.5873879233964
1146.787387923382
565.3873879233895
137.3873879233926
320.98738792339003
-70.0126120766171
506.3873879233977
-542.6126120766132
61.787387923387996
64.38738792339214
483.3873879233921
883.1873879233938
185.5873879233871
449.18738792339434
-589.0126120766134
501.18738792339315
878.7873879233968
-586.0126120766099
-194.0126120766138
537.1873879234067
190.98738792338972
-673.612612076612
-747.6126120766329
-107.01261207660446
-720.4126120766126
36.787387923392316
798.1873879233898
-875.0126120766117
59.58738792339437
1311.587387923367
-104.61261207660976
1028.787387923384
962.7873879234005
39.58738792338768
733.7873879233948
-593.2126120766031
-602.6126120766131
-243.01261207660815
-397.61261207661
-866.4126120766042
-777.6126120766065
71.18738792339195
-592.8126120766105
-995.2126120766222
202.7873879233822
600.3873879234021
-170.41261207660833
729.9873879233967
674.5873879233891
31.187387923391334
-35.41261207660834
348.5873879233829
-663.2126120766012
-1861.8126120765967
83.38738792339156
-599.8126120766094
-1449.2126120766159
-655.8126120766118
335.58738792339017
-777.8126120766032
1230.9873879233826
314.7873879233946
-582.6126120766072
651.787387923387
689.9873879233896
59.78738792339516
277.38738792338796
361.98738792339464
-412.61261207661676
-585.8126120766092
-1115.2126120765913
-1435.8126120766224
-718.8126120766096
821.3873879233983
-380.81261207660685
-525.2126120766076
-115.21261207660609
395.9873879233925
-389.8126120765951
-499.61261207660107
-574.4126120766074
-5.412612076609989
-0.21261207660884196
524.1873879233934
-547.6126120766023
-1433.0126120766188
-20.612612076607057
-76.21261207661173
-1161.212612076614
-624.0126120766172
780.7873879233894
66.78738792338447
1126.5873879233952
922.187387923392
700.7873879233828
188.3873879233948
1507.787387923382
-933.0126120766083
-715.0126120766163
-549.2126120766051
-1605.0126120766013
-1338.812612076618
-1284.812612076636
-652.0126120766133
403.7873879233978
151.38738792339467
-7.01261207660556
577.7873879233925
-152.61261207661144
-745.612612076613
-3.8126120766095752
101.58738792339098
-665.8126120766063
543.3873879233878
656.1873879233998
502.38738792339143
234.58738792339005
-235.4126120766071
-562.412612076601
-400.61261207660925
667.9873879233875
847.7873879233875
-392.61261207661164
-599.2126120766183
-179.0126120766116
1262.9873879233726
295.187387923394
-57.21261207660918
1732.587387923414
-917.2126120766133
-632.812612076617
225.98738792339196
175.38738792339078
-333.81261207658645
-265.21261207661064
-845.8126120766146
1127.187387923378
988.5873879233798
-13.012612076607976
642.3873879233807
1160.1873879233951
774.7873879233975
449.3873879233792
238.18738792339303
641.78738792339
620.3873879233867
635.1873879233925
924.9873879233942
818.1873879233891
128.98738792339117
-408.8126120766053
-101.01261207660633
-717.8126120766082
638.7873879233865
-324.21261207661144
-579.8126120766188
373.98738792339253
479.5873879233937
820.1873879233864
851.3873879233902
99.9873879233928
-495.21261207661024
591.5873879233928
-34.41261207660564
-255.81261207660282
-796.4126120765874
-855.8126120766037
-1219.0126120766074
678.5873879233876
1555.3873879233915
763.3873879233889
-859.0126120766067
324.9873879233869
1059.1873879233942
229.18738792339673
963.9873879233775
847.5873879233858
-270.41261207661074
909.5873879233962
827.5873879233903
948.3873879233975
12.587387923391493
-416.2126120766053
48.58738792338522
-633.4126120766022
-16.212612076613105
-610.6126120766147
635.9873879233883
798.1873879233879
349.3873879233939
2648.387387923382
-796.0126120766173
-614.6126120766097
728.5873879233898
293.58738792339017
-177.21261207661172
-818.6126120766091
-1027.6126120766019
107.9873879233864
-162.81261207661262
-725.0126120766145
-793.6126120766082
-464.0126120766117
-1618.2126120766075
-110.6126120766105
357.1873879233839
-92.01261207660934
-145.41261207660528
228.58738792339636
361.7873879233938
428.9873879234027
-871.4126120766124
1304.9873879233846
1388.5873879233884
-697.012612076607
-1175.612612076621
-1196.6126120766257
-341.21261207660336
-587.8126120766017
564.1873879233964
612.7873879233929
551.9873879233957
1352.5873879233934
-1494.2126120766013
-127.81261207660347
708.1873879233938
-461.4126120766051
261.18738792339434
-523.2126120766102
-338.2126120766147
455.58738792338863
-105.21261207660599
-570.0126120766073
306.1873879233907
74.78738792339345
-368.2126120766045
458.18738792339934
772.5873879233786
43.38738792338924
-1140.012612076611
182.18738792338902
263.7873879233917
234.18738792339124
492.58738792339307
752.1873879233873
1622.7873879234025
-167.41261207661046
-528.0126120765996
-983.8126120766093
647.1873879233923
-149.61261207660473
-718.6126120766165
-125.21261207660758
1282.987387923397
417.98738792339225
1092.1873879233972
839.787387923391
-717.4126120766149
-602.212612076592
1418.7873879233864
25.58738792338833
-600.0126120766156
-1248.2126120766154
-1164.6126120765919
38.3873879233883
7.787387923393251
-521.0126120766142
262.58738792338914
563.5873879233936
105.58738792338893
248.18738792339497
-701.6126120766106
-369.21261207661223
-468.8126120766009
279.7873879233862
1111.3873879233981
-443.61261207660107
496.58738792339074
676.7873879233834
564.7873879233878
-637.2126120766058
-145.01261207660986
1145.1873879233774
612.9873879233888
584.5873879233874
433.78738792338925
-823.8126120766052
590.3873879233932
189.1873879233888
-785.6126120766194
-704.4126120766098
923.1873879233975
328.78738792339135
-217.21261207660123
-129.4126120766145
263.587387923394
-231.4126120766197
-881.2126120765828
-592.2126120766156
-574.6126120766072
-733.8126120766045
-847.6126120766079
243.98738792338912
-1475.6126120766066
-1607.6126120766194
-884.6126120766149
0.5873879233902457
291.7873879233893
-768.612612076621
-768.6126120765933
-698.4126120766101
652.7873879233916
-188.21261207662138
-211.61261207661494
182.78738792339107
497.7873879233899
997.187387923385
1049.987387923397
-785.2126120766098
-1930.412612076624
-2076.412612076599
81.98738792338925
-259.41261207660943
-357.6126120766117
-341.81261207660464
-868.8126120766004
-294.6126120766174
853.3873879233879
195.18738792338786
-291.41261207661324
664.7873879233904
238.7873879233963
919.5873879233814
966.7873879233897
590.5873879233998
-1159.2126120766118
-680.4126120765991
-1680.0126120765894
-136.21261207660598
1453.9873879234042
-1048.812612076609
-845.6126120766149
-778.612612076603
-611.0126120766081
83.78738792339038
232.58738792338718
149.98738792339026
-579.6126120766077
-605.4126120765914
353.58738792338863
-485.2126120766161
-601.612612076609
-1115.0126120766274
444.58738792338994
1691.7873879233962
673.3873879233929
-224.21261207660658
-1329.2126120766252
-1323.0126120766058
52.18738792339285
-179.0126120766123
-216.61261207660223
487.1873879233901
-1203.4126120766036
-1324.012612076606
191.78738792339084
-577.8126120766179
-1146.0126120765976
-398.6126120766045
-143.812612076605
565.1873879233934
626.9873879233935
-270.61261207661425
77.18738792339622
-36.81261207660614
-748.6126120766033
-1339.4126120766055
-591.4126120766132
-458.812612076606
-618.0126120765938
-809.2126120766079
-261.21261207660797
-129.41261207660946
185.98738792339256
-1116.6126120766087
-850.2126120766131
189.58738792339255
-272.8126120766113
-408.41261207660733
484.58738792339216
-203.41261207660716
-649.0126120766179
-69.61261207660712
-927.4126120766044
-133.6126120766125
-16.21261207661104
-1630.6126120766044
-653.2126120766023
-771.6126120766047
-1535.212612076621
-857.8126120766182
786.1873879233946
1464.387387923399
77.5873879233801
84.18738792338635
-766.0126120766167
-897.2126120765951
-1297.612612076604
-2038.6126120766094
-2374.412612076612
-1202.2126120765943
-319.0126120766085
-193.01261207660934
-360.6126120766031
-659.0126120766172
-456.21261207660086
168.5873879233943
1044.5873879233823
-1.012612076603368
-645.2126120766029
430.3873879233906
354.78738792339607
-721.6126120766215
-186.6126120766109
339.58738792339403
176.5873879233897
491.7873879233885
263.9873879233944
-717.6126120766197
-510.81261207663675
-832.412612076618
-725.612612076619
-1088.4126120766202
-558.2126120766056
-207.2126120766043
208.3873879233868
-425.01261207660156
-406.6126120766145
-462.21261207661945
-1034.4126120766136
16.187387923396848
-265.41261207661125
520.3873879233957
-831.0126120766207
-125.81261207661113
-163.6126120766095
-1896.012612076634
