-675.7195943887207
2590.880405611324
1387.6804056113301
590.280405611285
1472.6804056112674
-182.11959438869695
173.8804056113147
1013.8804056112922
2120.080405611294
1099.2804056112982
547.8804056113077
670.280405611303
-143.3195943887034
-841.7195943887032
-436.91959438870015
567.0804056113061
1505.280405611336
1858.2804056113002
1670.280405611305
1010.0804056113053
734.6804056112965
1185.4804056112898
509.0804056113116
687.8804056112895
312.4804056112899
-84.31959438869842
180.88040561129742
650.8804056112901
935.8804056113172
875.2804056113059
547.2804056112867
1304.0804056112638
4107.480405611338
1542.68040561128
74.68040561130212
904.480405611298
594.4804056112923
-833.7195943886967
-1202.9195943887078
302.2804056112992
1140.8804056112838
344.28040561129995
141.88040561130012
798.2804056112784
-146.51959438870574
-1664.1195943887142
-754.7195943887036
-210.51959438870236
510.28040561128927
340.8804056113047
-261.51959438870324
-1268.919594388704
-887.3195943887082
-529.1195943887128
-629.1195943887047
-1163.519594388689
192.88040561127508
548.2804056112925
-755.7195943887111
-484.1195943886969
681.4804056112765
406.2804056113026
-494.5195943886995
-193.91959438871802
2328.6804056112946
1430.0804056112781
-232.1195943887078
127.48040561130222
-231.91959438870018
-220.31959438870345
-179.91959438869972
-181.91959438870055
950.8804056112898
-940.7195943887031
-880.519594388685
514.6804056113139
-48.31959438870451
-584.3195943887084
445.8804056113032
-335.71959438870266
-311.9195943887025
-998.3195943886919
-2085.719594388704
-1611.9195943886846
-332.3195943887034
331.48040561129574
-450.9195943886998
-2154.11959438872
-285.91959438869185
-657.9195943887038
-1139.119594388692
-1010.1195943887038
-132.71959438869996
-1191.5195943886922
-658.7195943887051
-737.1195943886994
1308.0804056113045
2421.4804056112876
1204.880405611295
520.4804056112989
-137.119594388706
-1213.519594388703
-1571.1195943887133
-2259.519594388686
-127.51959438871003
-413.51959438870045
-505.71959438870266
976.4804056112762
686.0804056112935
1010.280405611293
907.6804056112934
-232.11959438870124
1371.4804056113157
963.8804056112953
-860.7195943887072
694.2804056113036
637.2804056113107
354.28040561129865
-882.5195943887032
-1885.9195943886823
-674.5195943887027
-691.3195943887114
-221.9195943887059
-580.1195943887057
-642.7195943887043
-106.11959438870254
1837.0804056112447
272.08040561129997
731.6804056112867
2165.6804056113206
1129.08040561129
1087.6804056113028
-569.7195943887059
-1776.319594388714
-1057.9195943887273
-1159.519594388693
328.2804056113068
512.0804056112972
-622.7195943887094
-366.5195943887052
-1384.3195943887065
-238.31959438870197
91.88040561129668
-1651.9195943887266
-260.91959438869253
1219.8804056112845
1080.8804056112929
114.88040561129979
-552.1195943887021
1242.2804056113016
494.0804056113028
870.8804056113074
1046.6804056113
92.680405611302
415.2804056112991
-285.1195943887048
436.6804056112911
1076.2804056112793
462.2804056112913
-201.51959438870145
150.4804056113017
459.28040561128864
442.08040561130105
1048.0804056112995
-557.5195943887009
-1080.5195943886843
-597.119594388685
-535.5195943887082
-152.5195943887082
158.68040561130127
-531.7195943886966
-1068.1195943887237
-1062.9195943886928
484.08040561129934
-588.3195943886881
-2148.919594388667
-1691.9195943887069
-425.51959438869886
1213.0804056112802
1194.0804056112986
615.2804056112979
-51.51959438869277
-461.91959438869276
-613.3195943887014
1295.880405611301
343.2804056113005
567.280405611301
732.2804056113014
630.6804056113072
-30.119594388704307
-912.9195943886996
411.0804056113021
1418.0804056112931
1016.2804056113
478.48040561130165
1067.6804056112921
-1053.319594388705
-1603.719594388718
-265.5195943887006
3.8804056112952736
-120.91959438869975
264.28040561129944
82.48040561129287
-1917.119594388745
-1931.3195943886951
-1271.9195943887285
-2174.1195943886955
-1076.1195943887008
-467.51959438870483
-528.5195943886979
-968.9195943887106
695.2804056112986
947.4804056113061
-1487.119594388691
-465.1195943887011
-883.3195943887085
297.48040561129557
56.48040561129647
-596.7195943886961
156.68040561130132
329.88040561129435
-1112.1195943887421
-1053.9195943887205
880.480405611297
2033.8804056113108
747.2804056113002
-116.3195943887019
371.28040561130484
-838.1195943887036
-917.7195943887091
129.48040561129704
-625.1195943887038
-833.5195943887236
-460.3195943887292
-1049.3195943887208
-1116.7195943887027
-1437.119594388706
-1569.5195943886995
152.08040561129832
-356.11959438869553
907.6804056113078
687.4804056112957
-196.31959438869902
102.08040561129877
-300.31959438871166
-585.1195943887062
-226.7195943887035
-228.91959438869966
-389.7195943887078
1081.4804056113016
1115.8804056112972
519.0804056112958
1073.6804056112996
-631.7195943887147
654.6804056112996
1860.8804056113304
2805.080405611326
1660.480405611274
597.0804056112929
633.8804056113037
80.28040561129444
1180.680405611283
109.48040561129883
-525.9195943887099
-1391.5195943887131
-853.9195943887181
-941.3195943887293
-1097.519594388711
-1061.719594388725
-1164.3195943886944
-494.71959438870135
-1020.1195943887113
-222.51959438870446
-174.31959438870956
491.68040561129993
-311.3195943887014
120.48040561130017
-256.91959438870833
-138.1195943887031
678.6804056112985
595.6804056112945
241.080405611304
-107.9195943887032
973.2804056112956
-389.9195943887056
-54.31959438870605
322.88040561129776
564.080405611302
2428.2804056113073
2411.480405611297
911.2804056112952
653.6804056112998
-439.11959438870394
1915.8804056112813
1119.880405611296
-596.719594388705
694.6804056112913
-176.91959438870114
-822.5195943886959
-1113.1195943887053
-192.51959438870085
-1669.919594388701
-629.9195943887349
1154.8804056113204
402.88040561128275
-71.71959438870337
-2.51959438870637
-564.1195943886919
-762.5195943887231
-1419.9195943887044
-1803.3195943887047
-158.31959438869927
1156.4804056112887
184.6804056112997
-1768.3195943886856
281.2804056113005
-292.9195943887013
46.28040561130632
907.0804056113021
1109.280405611317
3699.680405611322
2029.2804056112973
-292.7195943887124
160.8804056112948
-489.1195943887074
-661.7195943886893
-460.9195943886961
-1832.3195943887174
-161.51959438870318
-672.7195943886946
-608.1195943887009
-1568.7195943887132
-563.5195943887069
-1033.7195943886986
293.0804056112938
626.6804056112995
-716.1195943887008
1207.2804056113025
-1592.7195943887095
-524.9195943887026
-473.3195943887032
-24.119594388701294
-1407.7195943886952
-1529.519594388726
-256.11959438870764
365.28040561129734
-1677.5195943887222
-816.1195943887028
-1764.319594388689
-1032.1195943887055
9.880405611303543
567.680405611297
1593.6804056113256
1910.880405611319
-711.3195943887205
-557.5195943887079
-805.7195943886968
651.8804056112964
452.48040561129733
-101.11959438870858
1044.6804056112856
-148.11959438870687
-6.519594388703165
653.0804056113004
732.4804056112969
-106.51959438870955
1032.2804056113057
346.68040561129834
1140.280405611287
1140.0804056112945
221.28040561129697
2140.2804056112946
360.2804056112934
-81.7195943887007
642.0804056113009
-954.3195943887057
-1317.7195943887198
1551.280405611321
281.2804056112932
-686.1195943887078
-941.3195943887101
-29.919594388704134
1295.0804056112997
12.0804056112986
1929.680405611247
635.6804056113028
-1369.1195943887244
-465.11959438869695
-1924.3195943887195
940.2804056113118
828.280405611292
-1015.9195943887075
-145.5195943887112
648.2804056112914
437.2804056112962
193.48040561130227
-1770.7195943886982
70.28040561129517
316.08040561129576
-811.519594388712
1509.2804056112661
-952.3195943887042
-1072.5195943887081
862.8804056113067
862.2804056113023
1106.4804056113
-538.7195943887154
416.08040561129695
-476.7195943886866
-1305.7195943887039
-409.7195943887101
-1056.5195943887084
-512.3195943887072
-1741.3195943887158
-550.7195943887039
196.88040561129696
2464.6804056113133
-592.7195943887083
-865.3195943886935
-90.51959438870587
-1649.519594388714
1180.4804056112882
1201.6804056113012
-718.7195943887091
-629.519594388703
1660.0804056113593
1753.2804056112923
-1202.319594388743
-1979.5195943887136
-259.9195943887064
-268.31959438870274
2061.680405611339
2060.080405611305
20.480405611302164
818.0804056112947
798.4804056112895
-706.3195943887031
-309.11959438870184
-1591.5195943886977
-108.51959438870261
2010.6804056113162
-498.1195943887047
-1366.7195943887195
-1349.9195943886816
-913.9195943887041
-1435.1195943886862
-876.9195943887001
-877.5195943886913
1229.6804056112999
76.88040561130319
651.4804056113123
-905.919594388695
-1312.9195943887014
-753.9195943886912
-241.51959438871214
126.68040561129419
-289.11959438869815
1025.4804056113037
1202.8804056112951
-3007.519594388748
1041.2804056112682
1093.0804056113009
-2925.71959438866
264.6804056112992
1213.2804056112868
-562.3195943887041
300.6804056113001
-1914.5195943886904
-1466.5195943886997
-1241.7195943886798
-439.91959438870055
-979.3195943887065
32.68040561129936
-28.319594388702882
321.48040561129966
-946.719594388695
-303.3195943886985
356.88040561129804
571.880405611304
-575.1195943886988
1187.280405611289
598.4804056112911
-22.71959438869247
-383.5195943887039
-1903.9195943886862
-1076.7195943887107
-1178.9195943887037
964.880405611285
386.6804056113058
1648.2804056113118
368.4804056113012
-1190.1195943887003
1121.0804056113132
-1.5195943887041956
-1874.1195943887187
-957.5195943886922
426.28040561129757
188.28040561130297
-591.7195943886937
-677.5195943887035
-511.91959438870776
-1139.1195943886974
-156.7195943887043
-697.9195943887028
-167.91959438869907
1078.080405611304
265.48040561129477
641.280405611293
397.6804056112947
-1240.519594388693
-1094.5195943886952
-10.119594388701689
580.6804056113
663.8804056112868
-403.9195943886949
1145.480405611272
579.8804056113053
1282.8804056112976
822.4804056113016
-514.1195943887024
10.080405611301146
103.28040561129836
-757.5195943887038
79.88040561129782
-334.9195943886983
-2182.719594388689
-859.7195943886925
-597.5195943887009
396.08040561129
714.8804056112964
-2261.9195943887166
-169.11959438872347
615.2804056113071
-799.3195943886996
-175.31959438870547
-1126.7195943887111
1037.0804056112866
701.6804056112984
-1601.9195943887119
-784.1195943886988
763.2804056112932
-940.3195943886943
-2094.119594388707
-2797.9195943886602
-1950.319594388689
276.2804056113097
-466.3195943887055
1378.280405611289
-404.1195943887087
133.48040561129395
331.0804056112944
732.2804056113279
1079.4804056112885
-1530.919594388708
-1501.3195943887013
1159.8804056112867
1038.4804056112905
-677.7195943887142
-145.7195943887
-2053.719594388726
-1268.319594388676
148.08040561130116
-1782.9195943886584
-314.5195943887075
709.6804056113114
930.080405611276
1190.880405611301
-448.3195943886936
-475.9195943887081
-979.7195943887041
-1096.5195943887036
-169.51959438870043
-117.71959438869462
-505.11959438869616
833.8804056113046
-532.9195943887107
-463.31959438868824
-81.31959438870697
-221.11959438869894
-89.71959438870783
-826.9195943886992
122.08040561130656
828.6804056112788
2894.080405611245
2066.880405611268
200.8804056113089
482.28040561129626
2677.6804056112996
12.280405611293716
-2047.719594388706
-2174.3195943887586
-3161.919594388712
-698.5195943886757
2506.8804056112976
387.68040561129783
269.48040561130097
79.48040561130799
289.480405611307
-852.9195943887074
-171.7195943887019
-201.31959438869842
-14.919594388700899
-573.7195943887016
2140.880405611284
100.48040561129935
531.680405611293
160.68040561129928
-1091.7195943887102
-61.319594388698256
-1094.5195943887168
-547.9195943886872
-1119.9195943887164
-10.519594388699389
1140.4804056113069
469.28040561130905
417.0804056113013
-290.1195943887005
-146.9195943886997
316.88040561130174
474.8804056112966
-1959.319594388725
-521.7195943887054
114.08040561130034
-994.9195943887019
-587.3195943887054
378.08040561130184
-1491.9195943887053
-96.7195943886996
-1445.9195943887057
657.8804056113036
985.4804056112806
1195.4804056112773
1295.2804056113264
658.4804056112973
1543.6804056112787
1805.0804056112988
-1391.3195943887056
88.88040561129517
-546.5195943887002
-1375.5195943887254
-429.7195943887064
-1490.3195943886906
946.680405611291
414.28040561129643
194.48040561131248
458.48040561129517
1122.0804056112868
823.0804056113294
-1460.719594388695
-356.51959438870125
448.68040561127333
-1420.3195943887004
-1637.3195943887035
-714.5195943886984
-94.11959438870508
1060.8804056112708
-1945.3195943887476
-1896.3195943886926
-2941.519594388747
-2665.3195943886712
-734.1195943887052
-219.11959438870653
-839.7195943886985
-231.31959438870155
-1360.5195943886956
-1865.119594388704
997.8804056113162
1403.4804056113087
1146.480405611304
1208.8804056113377
-72.91959438870455
554.8804056112996
-116.31959438870182
-2785.119594388668
-1071.719594388704
-54.319594388699805
861.2804056113065
347.48040561130136
422.6804056113043
-3.919594388697403
-103.11959438870238
329.48040561129807
381.68040561130755
731.6804056112853
1671.6804056112958
772.6804056113002
-759.919594388701
1348.480405611296
1243.0804056112772
-265.1195943887024
-946.9195943886895
-704.1195943887041
-309.51959438871285
-1099.9195943886943
-299.5195943887015
199.68040561130022
115.88040561130161
-587.1195943887107
726.2804056112949
1116.2804056112907
1226.6804056112908
914.6804056113035
1524.6804056112903
1104.8804056112976
-791.1195943886831
-1695.9195943887494
-270.1195943887189
1425.4804056112857
1512.0804056112909
-611.9195943887092
-304.1195943887038
632.2804056113002
1613.4804056113053
948.4804056112849
371.4804056113116
488.88040561130236
309.08040561130326
1284.6804056113074
-673.5195943887064
-689.1195943887069
2361.2804056112986
1163.6804056112667
1188.0804056113057
1384.680405611293
297.08040561129883
-145.31959438870564
1143.6804056112862
2351.2804056113246
1170.8804056112838
197.48040561129218
188.68040561128095
2647.880405611316
2731.8804056113077
810.4804056112936
1545.6804056113
-416.3195943886775
-1995.719594388699
-1613.7195943887486
-840.7195943887157
208.0804056112957
1914.6804056112817
541.8804056113008
1780.280405611247
787.080405611285
322.48040561129267
1591.4804056113605
1047.6804056112946
1251.4804056112862
1304.2804056112582
156.68040561129322
770.080405611291
-168.7195943886949
1497.8804056113008
781.6804056113053
-72.31959438869882
-808.9195943886972
-734.7195943887003
-523.3195943886999
-609.3195943887038
541.4804056112963
646.8804056112958
1537.0804056112931
1914.2804056112996
2281.2804056112946
1622.280405611315
427.6804056112958
-170.71959438871
-1259.1195943886958
-670.519594388711
-4564.119594388677
-1479.519594388726
-1363.7195943887061
2616.6804056112737
3167.280405611303
1131.8804056113224
1454.6804056112749
550.2804056112806
1328.480405611275
462.0804056112962
142.88040561130188
-532.7195943887028
-297.119594388698
865.4804056113277
491.28040561129336
-240.91959438870325
280.8804056112974
-23.119594388696882
362.6804056113039
-804.1195943887151
316.28040561129257
84.28040561129811
-1029.919594388704
-572.5195943887011
1589.880405611325
1471.8804056112933
807.0804056113066
1181.8804056113029
-522.7195943887046
-1098.7195943887025
-2134.1195943887064
-1420.3195943886901
-2180.519594388652
-173.11959438871247
-1224.319594388713
-1443.1195943887133
1475.680405611298
-242.91959438870643
947.8804056113038
920.4804056112987
165.4804056113006
239.28040561129916
-798.7195943886848
988.4804056112926
1238.280405611291
-970.3195943887071
174.48040561129784
-1244.9195943887132
-309.3195943887002
136.6804056112988
256.68040561129664
-1396.1195943887003
222.68040561129737
-50.519594388708114
518.8804056112726
-25.519594388693672
1145.4804056113
864.4804056112682
810.6804056113119
1431.2804056112684
-1144.7195943886957
-1760.7195943886916
-2295.319594388735
-1641.3195943887615
-4665.119594388601
-2589.5195943886747
-1373.519594388726
-793.9195943887078
785.6804056113073
1042.2804056112939
107.88040561129355
-370.9195943887007
469.88040561129685
-315.3195943887082
-1373.7195943887252
1392.2804056112816
665.0804056112864
-1749.3195943887047
-1248.7195943887107
-818.3195943887115
-864.5195943887089
-1689.1195943886953
-427.91959438869924
-1134.5195943886995
-709.3195943886982
1400.8804056112872
353.28040561130024
-242.51959438870531
361.88040561129276
1562.2804056112957
909.6804056112993
-171.9195943886988
-1387.3195943887058
-2234.119594388703
-2371.7195943886804
-2450.119594388739
-5322.3195943887695
-2457.7195943887723
343.48040561129386
2442.480405611308
1365.0804056112747
1734.680405611306
1011.0804056112943
-1487.3195943887147
343.28040561129853
983.4804056112876
-223.71959438870007
575.0804056113025
869.4804056112866
1217.6804056112949
689.880405611281
1027.0804056113043
538.2804056112814
282.6804056113046
953.8804056112988
487.48040561130784
-235.91959438870185
-869.3195943886977
-1304.3195943887222
20.480405611294486
2280.4804056112907
2773.480405611275
928.880405611282
13.080405611299959
-356.9195943886979
-1446.3195943887247
-3054.9195943886843
-3805.11959438861
-4295.319594388782
-2152.7195943886763
-858.3195943887257
599.880405611296
95.48040561129889
-149.7195943886926
-105.11959438868955
-1242.9195943886998
-914.519594388716
-700.3195943887192
-178.1195943887039
676.0804056112888
818.880405611303
-25.519594388705634
-459.31959438870484
-632.11959438871
-319.71959438869794
-1197.5195943887122
-1133.9195943886866
548.0804056113014
-575.3195943887006
-747.1195943886966
242.2804056112991
1145.480405611293
1041.6804056112976
2611.8804056113054
2131.0804056112793
1157.8804056112792
-11.319594388708282
118.88040561128507
-3001.3195943887
-4925.319594388753
-3750.319594388703
-2556.319594388663
-1708.1195943886546
-93.11959438870835
-481.3195943887369
-862.3195943887289
389.08040561129195
1046.4804056113014
365.6804056112977
205.2804056112953
387.88040561130015
157.8804056112922
620.6804056113037
-694.7195943887083
-945.9195943887222
-1465.7195943887423
-570.9195943887045
-944.5195943887127
-1457.719594388701
-456.5195943887026
-352.71959438870715
357.88040561130407
-126.71959438870273
-163.71959438870627
-323.1195943887052
407.48040561130017
631.4804056112993
411.28040561129995
-891.719594388692
-1537.7195943886873
-2934.1195943887424
-4012.519594388626
-4108.919594388616
-3941.1195943886873
-1629.519594388725
-702.9195943887249
-1376.9195943887432
-1101.5195943887425
-376.7195943886994
593.4804056113014
502.28040561129745
182.6804056112952
-1334.3195943887117
-3204.9195943886916
-1589.9195943886975
-876.5195943887052
-362.1195943887046
330.48040561129284
485.88040561129986
1140.6804056112958
1158.4804056112937
799.4804056112994
436.28040561129865
155.48040561129417
-618.319594388693
-736.919594388707
-340.7195943887111
-497.7195943887147
-208.7195943887061
-491.11959438870065
-1346.1195943887465
-1976.9195943886753
-2536.9195943886925
-3654.3195943886794
-4396.7195943886445
-3932.319594388668
-2457.319594388694
-1936.719594388647
-2578.51959438869
-1287.9195943887812
-1006.9195943887133
-1224.1195943887437
-587.5195943887015
-252.11959438870437
-436.5195943887112
-1097.3195943886878
-66.11959438870055
492.8804056112894
-980.319594388735
-1148.5195943887097
-127.1195943886918
-1184.3195943887151
-881.7195943886805
-1014.7195943887035
-2651.3195943887076
-2137.119594388705
-1844.5195943887245
-839.719594388709
-1585.119594388706
-1627.919594388772
-1365.9195943887214
-1868.5195943886797
-2193.319594388689
-2468.7195943886854
-2480.119594388711
-3895.119594388605
1324.8804056112833
47.680405611298895
-739.9195943886998
-12.319594388700274
-1643.1195943886812
-1281.5195943887186
73.08040561130889
479.48040561129693
-1327.5195943887206
-1359.5195943886965
-802.7195943887066
-977.5195943887055
-1223.519594388709
-1069.5195943887193
-416.5195943887054
-292.9195943887038
-220.7195943887011
-655.7195943887115
-1808.7195943887252
-2124.919594388719
-1323.1195943887242
-1190.3195943887097
-884.5195943887146
-1364.7195943887107
-1421.9195943887116
-955.5195943887251
-265.71959438869936
66.88040561129532
-240.9195943887089
-413.91959438870055
-5.919594388693326
2731.2804056112827
-47.11959438870048
-1285.3195943887072
-16.7195943887059
-35.919594388696744
-986.5195943887069
-1073.9195943887094
286.68040561129806
223.68040561130084
-688.3195943887099
-359.31959438869495
301.080405611303
-645.5195943887046
-1242.1195943887042
-571.3195943887041
-252.7195943887024
37.680405611307876
450.28040561130297
284.0804056113045
-933.1195943887009
-638.3195943886992
-316.51959438869835
-444.1195943887019
-1126.3195943886992
141.4804056113049
870.6804056113092
-230.51959438870045
-415.51959438870074
641.0804056112917
259.88040561129833
-916.919594388695
-1161.519594388698
1048.6804056112805
-801.5195943887026
-2054.9195943886994
-888.5195943886879
-535.7195943887015
57.080405611296484
254.08040561130105
-55.91959438869941
569.6804056113003
-1428.7195943887086
-1167.7195943887114
-17.7195943887056
-602.519594388697
-448.51959438870597
690.6804056112946
-44.51959438870417
-119.11959438869984
-607.7195943887019
-1338.9195943886687
-311.31959438869984
1094.2804056112886
1109.8804056112765
567.2804056112891
-1576.7195943887043
-8.919594388701217
-303.5195943887016
-789.1195943886943
-990.5195943886873
56.48040561129285
-1122.5195943886963
-910.3195943886935
-1541.1195943886862
108.4804056112985
19.080405611298403
-858.719594388706
-598.1195943886858
-535.1195943886971
-579.5195943887002
-846.3195943886997
-1662.5195943887124
-41.71959438869803
-338.91959438870157
-546.119594388705
560.2804056113033
315.880405611298
711.8804056112898
834.4804056112891
-4.719594388700855
1257.6804056112871
101.08040561130613
-1324.5195943887268
682.4804056113036
1266.680405611292
452.6804056112982
-577.3195943887064
-1654.9195943887032
-760.9195943886962
-967.5195943886974
-838.3195943887109
-1481.5195943887275
-1530.7195943886827
-1492.9195943887157
689.4804056112978
-613.1195943886952
-8.11959438869798
71.48040561130139
-127.11959438869619
485.2804056113006
-221.51959438870065
-406.31959438870416
201.6804056112985
63.28040561130132
1152.4804056112985
1004.080405611282
-266.11959438870656
37.880405611293156
-1207.9195943886814
-419.31959438870877
302.88040561130583
-1336.3195943887283
-604.3195943887013
202.6804056113018
473.28040561129467
-1006.1195943887082
-1066.3195943887
1047.8804056112874
-55.3195943887046
-53.11959438870395
369.2804056112984
-273.5195943887049
-251.31959438870246
-1531.9195943886978
-622.9195943887034
131.08040561131287
1.4804056112991724
-641.9195943887165
-494.91959438870185
-1178.9195943887064
167.8804056112958
1061.8804056112936
779.6804056113048
624.280405611301
533.6804056112973
445.08040561129167
538.2804056113016
335.280405611299
8.480405611291559
-124.71959438870286
-460.9195943887042
701.0804056113051
758.2804056113024
-1190.3195943886828
-1275.319594388683
-53.51959438870362
1335.0804056112886
461.88040561129566
65.28040561129961
462.2804056112965
-571.3195943886967
-1462.1195943887071
520.280405611306
-177.31959438870285
-458.91959438870157
-512.5195943886987
-231.71959438870687
37.48040561129784
-491.9195943886994
-140.71959438869987
232.28040561130726
-91.7195943886959
558.8804056112934
1237.280405611301
-24.11959438870714
-583.9195943887056
528.0804056113016
1081.0804056112866
638.4804056112918
927.4804056113206
1301.280405611291
-442.11959438870167
-805.319594388688
-115.31959438870328
148.68040561130184
999.6804056113031
699.0804056113147
467.0804056112982
32.48040561129558
649.880405611297
981.8804056112972
-689.1195943886992
375.68040561130067
-492.3195943886996
-3.1195943887008397
-721.3195943887309
-2084.119594388682
-1626.919594388687
-975.5195943887155
-1486.719594388715
-1219.7195943887318
-531.5195943886657
-45.31959438870258
-578.9195943887016
-312.51959438870404
437.48040561129557
-749.3195943887047
-1219.7195943886968
252.0804056112973
150.08040561129718
-318.5195943887019
506.4804056112962
104.48040561130442
663.6804056113052
339.6804056112898
265.08040561131554
1776.4804056112812
651.2804056113127
991.0804056113014
140.28040561129035
-347.5195943887017
455.6804056113016
312.0804056113054
823.4804056113039
660.080405611302
-109.51959438870514
-1244.5195943887081
87.08040561129924
205.68040561129894
-378.91959438869605
-157.91959438870015
-1749.7195943886893
-264.519594388731
446.4804056112956
983.8804056113124
-798.7195943887124
-326.7195943887023
934.6804056113065
335.4804056112984
765.4804056112864
-129.5195943887017
-585.1195943887062
-1177.1195943886917
562.0804056113018
444.4804056113032
605.4804056112937
760.6804056113002
378.08040561130196
470.6804056113026
-782.1195943887018
-164.51959438870352
-761.719594388698
412.4804056113017
605.4804056112963
1022.6804056113008
1229.680405611306
1100.080405611321
528.4804056113026
-488.71959438869834
1.6804056113018362
220.68040561130425
1246.2804056113196
-1336.519594388709
-1070.3195943886863
-491.9195943886878
-580.9195943887056
90.08040561129395
133.4804056112961
-76.71959438870564
478.08040561129854
99.2804056112994
1790.4804056113253
746.4804056113026
-686.7195943887006
1064.8804056112926
1291.2804056113143
610.0804056112987
836.4804056113023
1984.480405611272
16.080405611305707
530.8804056112984
1864.280405611293
1011.6804056112978
496.4804056113022
1140.4804056113114
823.080405611308
-58.71959438870342
187.08040561130267
26.08040561130598
124.88040561129782
903.6804056113031
582.0804056112944
-1017.3195943887066
1155.2804056113234
-464.71959438870624
-144.91959438870353
728.2804056112959
-425.9195943887124
748.480405611314
448.4804056113014
-443.11959438870934
500.28040561129956
138.28040561129467
-517.7195943886998
-425.11959438868746
-1617.5195943886708
72.88040561129597
739.6804056112918
800.6804056112945
290.48040561130335
1543.6804056113017
788.4804056113037
1465.4804056112794
818.080405611303
-951.9195943886948
1944.080405611316
419.6804056113036
335.88040561130674
-355.319594388701
643.4804056112979
-500.31959438870297
-1114.919594388695
-51.119594388698104
1268.2804056112873
-597.3195943887052
392.0804056113068
-967.519594388708
-89.71959438870168
597.480405611303
-894.919594388703
-1573.3195943886951
540.4804056113009
-657.7195943887045
1000.4804056112982
582.2804056113066
1063.080405611288
-52.51959438870287
-804.9195943887089
489.48040561130153
-5.319594388704125
263.48040561130176
996.2804056112982
1933.0804056112943
1488.8804056112967
2085.2804056112955
389.68040561130226
-450.11959438870326
642.0804056112966
1282.4804056113016
2330.280405611278
-352.9195943886936
-158.3195943887006
1119.880405611289
-280.11959438870406
-738.5195943886973
2495.6804056112624
1977.6804056112828
1073.4804056112762
254.08040561129366
1268.4804056112855
2304.4804056112744
-327.3195943886999
-593.919594388711
-294.11959438870053
-1186.7195943887045
856.280405611288
-576.1195943887013
1280.4804056112841
-191.9195943887097
-1199.5195943886881
19.8804056113016
-22.319594388702424
-10.519594388699574
405.08040561130395
-626.1195943887058
1598.880405611294
1236.2804056112857
-710.1195943886996
199.6804056113002
-1064.519594388707
96.68040561129445
1654.680405611318
1098.280405611295
1291.0804056113002
-281.11959438871105
1596.8804056113026
518.480405611295
-372.91959438869696
1409.0804056112981
1764.8804056113017
1417.0804056112888
-369.9195943886994
785.6804056112941
768.8804056112942
1164.4804056112905
-1107.9195943887087
-518.3195943887089
1221.4804056112862
-565.7195943887084
824.6804056112977
562.4804056112923
-828.5195943886978
-271.71959438870044
129.28040561130052
410.6804056112975
-949.5195943886982
-470.7195943887007
590.6804056112952
-9.319594388702559
1785.0804056113263
1007.8804056113119
-152.51959438869952
2346.280405611299
1778.48040561128
-44.11959438870647
912.6804056113043
-310.3195943886963
1305.080405611308
3353.2804056112486
-142.91959438869975
332.6804056113011
946.2804056112966
595.2804056113034
-596.3195943887067
236.8804056112994
-423.1195943886965
104.88040561129863
-388.7195943887008
752.6804056112961
309.8804056113155
-16.119594388697347
-1209.7195943886793
-1391.7195943887423
-843.9195943886996
-462.5195943887116
726.2804056112984
899.4804056112974
-2059.719594388697
2684.080405611288
2291.2804056112827
-1731.5195943887038
674.2804056113008
-42.31959438869286
-1746.119594388699
1325.480405611297
-624.1195943887016
-989.5195943886949
246.48040561129605
1486.8804056113097
551.4804056113077
1102.2804056113139
-259.9195943887039
1019.2804056112897
695.0804056112936
599.0804056113053
709.0804056113161
1320.8804056113083
192.28040561130308
353.28040561129467
581.680405611301
-112.51959438870125
-74.5195943887023
-1040.319594388703
-766.9195943887104
-1879.3195943887097
-385.11959438870065
-575.3195943887034
1336.0804056112884
818.0804056112981
450.88040561129276
1909.680405611318
783.6804056113044
-454.7195943887331
-611.9195943886984
-563.7195943887107
-666.5195943887038
149.08040561129707
41.88040561129665
-706.1195943886963
-92.51959438870547
937.6804056112679
350.080405611302
614.0804056112988
1092.0804056112831
853.08040561129
2261.4804056113276
1296.0804056112893
-361.11959438870866
-271.1195943887095
1218.4804056112996
1003.6804056112771
26.080405611299295
-2142.7195943887123
-764.7195943887152
-408.7195943886984
947.4804056112981
511.88040561129446
-1260.5195943887018
-622.31959438872
-464.9195943887056
-1142.119594388707
376.08040561130724
-809.3195943887018
-1753.9195943887005
702.680405611294
-6.519594388700391
-57.919594388698954
376.6804056112962
-1536.1195943886814
-102.91959438870755
-610.9195943887091
-1782.519594388702
-90.3195943887031
-195.3195943886997
1775.8804056113204
1547.8804056112897
167.28040561129635
793.6804056112974
1022.0804056112976
-384.5195943886766
-671.5195943886877
-821.5195943887151
-1195.3195943887179
-136.9195943886977
-2559.5195943886993
-1436.1195943887021
-2044.5195943887065
-828.3195943886982
-1419.5195943887338
-622.7195943887103
516.0804056112931
-1162.5195943886972
-1225.1195943886846
1416.4804056112798
1262.4804056113048
334.4804056113002
2323.680405611342
-570.3195943887056
-1389.1195943887112
-816.1195943886963
-1914.7195943886975
-606.5195943887023
-972.1195943886985
-425.11959438870423
1595.2804056113077
1373.8804056112936
1077.2804056112986
485.88040561129844
460.6804056113
692.8804056113055
-557.1195943887105
-519.9195943887141
2338.080405611287
1597.6804056112996
273.8804056113026
722.2804056112994
-403.51959438870506
-1153.319594388704
-751.9195943887041
443.6804056113005
-67.31959438870095
2149.6804056113106
1777.2804056113073
553.2804056113068
1469.6804056112958
3137.280405611322
553.6804056113027
-612.3195943887097
646.6804056112929
-1984.3195943887126
-1415.7195943887066
1433.4804056113228
-3.5195943886989838
103.28040561129706
-336.519594388701
635.4804056112888
54.48040561129657
1243.4804056113028
149.28040561129683
-625.9195943887055
-882.919594388708
2496.880405611285
16.080405611294996
623.6804056113039
1528.6804056113092
912.0804056112988
998.8804056112957
-391.3195943886999
-206.51959438869858
-933.1195943887091
403.8804056113005
1377.6804056112876
516.8804056113054
373.4804056112929
-382.51959438870375
147.48040561131003
540.6804056112912
342.8804056113045
-1583.7195943887089
236.2804056112976
1697.8804056113026
-406.9195943887036
-887.1195943886986
1016.4804056112883
-84.71959438870195
1173.2804056113062
-228.91959438869654
1539.4804056112885
610.8804056112989
158.6804056112917
413.08040561130093
-538.5195943886976
120.68040561129392
916.8804056113016
-1077.9195943886878
618.4804056112911
-504.319594388697
-1267.119594388688
20.480405611299492
-928.9195943886951
1282.280405611299
6.8804056113000716
140.68040561129882
80.68040561129605
863.8804056112904
1115.2804056112902
-1430.51959438871
-55.5195943886998
915.0804056112887
-988.3195943887046
-1507.7195943886925
-1454.7195943887043
-296.31959438870217
1128.280405611312
-1446.7195943887066
-273.31959438869995
-667.7195943887092
-913.9195943887065
421.0804056112988
1152.08040561131
-1625.1195943887205
-1196.9195943887241
-535.9195943887031
-1535.5195943887102
713.0804056112989
563.2804056113027
1301.0804056113102
1321.880405611297
-1540.919594388684
-1071.3195943887079
-569.919594388705
-2006.7195943887084
-866.9195943887021
-1086.7195943887077
358.4804056112948
-367.5195943887089
-69.11959438870008
22.280405611299937
-178.71959438871295
106.8804056112958
691.0804056113018
389.48040561130085
695.2804056113043
-22.91959438869706
-1403.7195943887148
-128.3195943887054
-54.31959438870605
-793.7195943887056
-1159.5195943887063
86.68040561130394
258.0804056112987
-613.119594388696
-1082.1195943887042
-1123.5195943886954
-131.91959438870072
-788.7195943886878
31.48040561129747
-1437.3195943886958
-410.5195943887007
-128.7195943887013
-501.9195943887051
-813.1195943886936
-1575.5195943887165
-168.91959438870222
533.2804056112963
362.6804056112984
-145.71959438870422
-2230.3195943886813
-1204.919594388727
-384.11959438869764
597.080405611296
-180.71959438869686
-475.1195943887091
-446.71959438872193
-778.5195943887122
1149.2804056112977
-841.1195943887242
-2368.7195943887045
406.8804056113026
-922.919594388717
-565.3195943887031
682.2804056113011
-373.7195943887118
-432.1195943887086
504.6804056112927
1028.2804056112996
21.480405611296614
-610.3195943887517
-1298.1195943887128
-320.5195943886998
225.2804056113005
-1249.519594388716
-678.1195943887033
-1311.5195943886852
-1730.7195943887282
1034.6804056113092
889.4804056112974
11.68040561130369
297.6804056112809
-1309.1195943887126
374.4804056112983
-752.1195943887082
-884.3195943887036
736.880405611286
236.48040561129395
347.0804056112988
247.68040561130238
66.4804056113
1028.280405611296
-971.9195943886934
-500.9195943887139
-672.1195943887036
-200.5195943887024
-707.9195943886994
-1465.9195943887178
-952.919594388717
-1343.1195943887076
-111.31959438869598
49.480405611292795
-10.119594388704215
-563.5195943887043
13.880405611302262
223.08040561129332
-365.91959438869884
-810.5195943887055
-1251.319594388706
229.0804056112997
-1694.7195943887205
143.4804056112982
-1150.9195943887075
1053.0804056113163
1333.6804056113024
-685.1195943887041
-762.519594388706
-1136.3195943887144
337.8804056113026
-268.519594388722
-572.3195943887314
-1170.1195943887124
-1116.7195943887014
680.2804056113038
-424.31959438870473
-2008.5195943886913
-312.71959438869555
675.8804056112876
624.4804056113005
-139.71959438870212
783.0804056112906
-93.91959438870562
-1000.3195943887159
-513.1195943887047
133.28040561129566
-1054.9195943887094
-1231.9195943886878
-39.719594388704685
-131.31959438869873
-133.3195943887042
-913.9195943886989
290.28040561129836
859.4804056113024
1604.8804056113092
-1542.7195943887286
-3387.71959438869
-910.5195943887162
-2161.519594388704
-502.7195943887065
-331.1195943886962
-857.9195943887173
-81.91959438870285
-683.3195943887198
762.2804056112938
217.88040561130708
-710.1195943886986
713.0804056112921
-682.1195943887029
667.880405611302
702.0804056112962
67.0804056113016
-988.7195943887049
726.6804056112778
47.08040561130362
318.88040561129435
-375.51959438870716
-752.1195943886968
-1706.519594388711
-952.919594388699
454.28040561130587
-83.91959438870111
239.2804056112954
-355.7195943887019
241.08040561130028
-987.519594388704
-74.11959438870423
-1157.5195943887204
-2343.9195943887257
-1620.1195943886833
-403.91959438870316
-597.7195943886977
-487.719594388701
566.880405611285
208.88040561129978
-816.1195943887022
484.4804056112966
-429.7195943887024
-1290.519594388722
-13.519594388705277
670.2804056112974
193.8804056112978
-1414.319594388722
-776.3195943887016
-1364.7195943886727
-907.1195943887182
1155.8804056112892
-62.11959438869952
-1059.919594388682
-1814.1195943886928
-1108.9195943887205
-1049.519594388693
-1046.9195943887046
-686.3195943887007
-196.51959438870347
-394.91959438871555
-315.5195943887013
-1880.9195943886982
-364.31959438870547
562.6804056113046
1191.8804056112917
-784.1195943887018
446.6804056113056
607.0804056112809
-1411.5195943886984
654.2804056112794
927.2804056113057
-721.1195943886964
-877.3195943887031
-588.1195943887017
586.6804056112941
318.08040561129803
1190.8804056113245
1038.4804056112737
880.2804056113031
1179.2804056112807
542.2804056113058
-236.11959438870457
-1010.3195943887038
-1494.5195943887456
-517.5195943886986
-61.31959438870952
-302.9195943887019
-1816.9195943887212
-1265.5195943887074
-311.1195943887147
-519.7195943887258
-1552.31959438873
-1653.1195943887114
-655.919594388696
617.6804056113015
479.28040561129177
207.68040561129135
-875.1195943887016
-56.719594388702916
620.4804056113023
-536.5195943887064
-107.71959438870194
-332.51959438870904
-173.71959438868856
409.6804056112928
852.8804056112933
801.080405611307
-215.919594388706
-174.9195943887052
559.0804056113004
308.48040561130097
261.88040561129696
1214.2804056112998
21.680405611286332
-658.7195943886966
-96.51959438870705
96.48040561129723
-911.3195943887052
447.28040561130587
171.4804056112983
336.0804056113015
204.0804056112992
900.4804056113044
-1236.919594388692
-2446.3195943887235
782.6804056112953
1291.480405611298
510.8804056112954
899.0804056112975
387.68040561129624
359.68040561130096
1286.4804056113016
1316.280405611287
988.2804056112914
933.480405611298
935.0804056112867
564.4804056112957
926.6804056112965
357.48040561130284
396.68040561130834
-109.31959438870282
578.2804056113007
537.4804056112955
-43.919594388698975
133.88040561129395
256.4804056112998
987.8804056112823
-28.91959438870183
-646.7195943887081
-875.9195943887057
-58.91959438870445
360.68040561130306
302.8804056112957
-927.3195943887031
-259.11959438869934
-286.31959438870786
-877.5195943886954
932.0804056113001
446.480405611291
1494.0804056112931
1026.4804056112919
127.28040561129798
804.6804056112925
891.6804056112993
903.0804056112909
1192.6804056113024
1526.4804056112966
15.480405611297165
-1980.3195943887151
-356.3195943887
1081.680405611279
1676.2804056113105
1850.4804056113062
1346.6804056113137
2180.0804056112793
2497.4804056113067
1826.6804056113087
1910.4804056112907
1716.0804056112827
567.8804056113074
380.4804056112905
698.280405611298
280.0804056113027
259.08040561130923
103.88040561130174
-908.1195943886997
-397.1195943887027
368.4804056112971
-159.51959438870588
845.4804056112922
658.2804056113038
1110.0804056112847
468.480405611304
-539.1195943887107
890.2804056112988
1065.4804056112898
450.2804056112995
1244.4804056112994
2056.8804056112726
1767.4804056112991
867.4804056113015
1456.4804056112828
2293.4804056112703
567.4804056112981
43.480405611294984
529.280405611297
-699.7195943886799
-376.7195943887022
-68.71959438868922
-1040.7195943886948
-510.1195943886925
-67.31959438870118
645.2804056112922
-631.1195943887146
-720.3195943887224
-547.519594388703
-909.1195943886877
-1137.519594388713
-392.7195943887286
797.8804056113
-216.11959438870147
2050.2804056113237
1072.280405611294
-211.31959438869544
597.880405611295
-1178.719594388709
-1017.5195943886985
413.0804056113044
1374.880405611295
-739.1195943886936
-406.11959438871077
539.6804056113062
-83.11959438870505
69.68040561129936
354.68040561130636
370.0804056113011
245.48040561131185
251.68040561130502
85.28040561129794
-964.1195943886985
-1278.3195943887108
-660.5195943886945
-538.7195943886964
4.880405611298855
98.08040561129502
-261.3195943887007
-25.919594388704276
212.080405611299
-59.51959438870823
61.880405611292844
427.28040561130024
326.4804056113011
2427.8804056113545
246.08040561130318
-599.5195943886923
603.2804056112902
1428.4804056113103
97.88040561130083
-768.5195943886965
471.4804056112995
765.8804056112967
-288.9195943887042
685.0804056113052
1727.4804056113226
259.08040561129906
-277.31959438869734
262.88040561129975
501.0804056112986
388.6804056112936
1021.4804056113084
1049.2804056112957
-217.31959438870848
154.6804056112979
663.4804056112998
693.4804056112977
189.68040561130056
1235.88040561133
1381.8804056112886
-108.11959438870177
-195.51959438870372
670.8804056112929
612.0804056113021
-257.11959438870264
-851.3195943886899
341.8804056112952
-923.119594388709
-1807.5195943886993
-293.91959438871385
1176.680405611291
1210.0804056112768
1145.4804056112944
1083.0804056113125
1422.8804056113063
-950.5195943887051
-108.71959438870432
975.0804056113009
-67.91959438869782
-28.719594388696695
986.0804056112895
78.08040561129907
-94.71959438870213
-306.9195943887021
-718.3195943887267
6.480405611296348
1548.4804056112964
1910.6804056113012
1530.8804056113147
-323.91959438870447
848.4804056112978
456.48040561129216
212.8804056112985
-114.51959438870267
675.480405611301
-294.9195943887035
147.08040561130227
-1315.9195943886805
-327.91959438869844
-320.31959438869694
-1125.3195943886924
-367.7195943887052
958.4804056112873
643.8804056112983
317.88040561130254
-259.71959438869436
482.68040561131346
-529.9195943886947
-123.3195943887033
1099.6804056113147
65.6804056113033
190.48040561130594
997.4804056112905
67.48040561130541
1023.6804056113083
133.6804056113023
-1216.119594388687
432.08040561130724
1012.8804056113006
229.88040561131473
-59.71959438870203
-463.31959438870473
450.88040561128633
335.6804056113038
729.8804056113006
140.28040561130143
-292.1195943887035
-353.11959438870184
2005.0804056112922
139.6804056113014
-536.3195943886964
-390.91959438870526
-483.7195943887029
849.8804056112972
1097.4804056112966
795.8804056113056
1419.6804056113042
1248.2804056113052
1225.48040561132
-130.51959438869858
-679.1195943886962
101.08040561130244
-1242.3195943887176
-581.1195943887036
573.680405611307
-881.3195943887121
-221.3195943886982
165.08040561130522
-42.11959438870566
-1631.9195943886803
-1566.5195943886922
696.8804056112914
199.08040561130736
474.08040561130895
1180.0804056113195
856.4804056113218
1265.080405611299
656.680405611303
871.0804056112994
1329.6804056112971
1512.8804056113063
432.28040561129984
-896.3195943886859
-2758.9195943886843
-866.5195943886964
836.0804056112919
1105.8804056112933
1215.0804056113016
1179.6804056113272
1066.4804056112944
346.8804056113053
-1074.9195943886994
-192.51959438869994
180.68040561129754
-346.51959438869665
846.2804056113035
1033.0804056112856
-579.1195943886918
-359.5195943886981
613.6804056112999
870.8804056112995
-799.9195943887088
-576.9195943887102
566.4804056113031
-52.51959438870495
-1247.3195943887024
792.8804056113004
306.0804056112942
428.4804056113057
1386.4804056113085
1977.4804056112669
1603.4804056113012
954.0804056112847
646.0804056113022
-644.3195943887097
-1730.7195943886975
-292.1195943887045
756.4804056112941
-448.11959438869803
-1138.519594388701
392.8804056112995
590.2804056112993
-538.1195943886978
-844.9195943887061
1252.4804056112778
-77.91959438869281
-1098.3195943887133
-193.51959438869935
574.480405611289
1414.8804056112901
1080.2804056112896
1004.8804056113084
-198.31959438870098
-444.91959438871555
324.88040561129867
-147.71959438870067
515.6804056113164
-165.31959438870732
141.48040561129474
-562.7195943887048
-1118.9195943887157
391.48040561129636
1341.2804056113232
7.680405611298681
-148.31959438870823
-1368.7195943886936
-2583.519594388715
-1845.1195943887378
-400.11959438868985
921.6804056112746
-335.71959438870465
-1417.3195943886935
-19.7195943886988
-324.71959438870874
-1239.5195943886952
-936.7195943887039
-448.71959438869584
533.2804056112885
94.28040561127861
-226.9195943886926
1671.4804056113082
407.080405611298
488.4804056113002
66.08040561130451
-1089.919594388705
-319.5195943886927
-168.71959438869567
988.2804056113197
644.8804056113278
-142.31959438869796
-1460.919594388703
226.08040561130056
1474.4804056112923
1483.280405611301
1949.2804056112927
-159.5195943887074
1099.6804056112876
-433.1195943887059
-1875.9195943886903
-2429.9195943887116
-1136.3195943887213
1212.8804056112856
1076.6804056113003
506.08040561130605
-375.31959438870206
-485.91959438869605
-867.5195943886893
452.88040561129446
238.88040561130086
338.2804056113074
253.68040561130138
-221.11959438870053
-108.71959438869351
-1968.719594388715
-827.7195943886942
-1185.9195943886905
-69.3195943887059
115.08040561129755
374.08040561130105
773.4804056113153
158.68040561130994
78.68040561130044
-812.5195943886999
-143.11959438870116
303.4804056113126
1989.4804056113308
131.08040561129604
-71.31959438869754
72.08040561129874
-1426.119594388725
-2185.5195943887065
-1142.919594388721
-839.3195943886951
475.28040561129404
410.68040561128834
1649.480405611314
716.8804056113066
-188.31959438870507
1960.8804056112654
1894.8804056113302
770.4804056112974
1007.0804056112984
2143.6804056112665
242.0804056112916
178.8804056113052
469.4804056113032
394.08040561130224
94.88040561130046
681.4804056112929
44.68040561129777
-606.7195943886978
296.4804056112941
-792.7195943887064
-261.9195943886969
826.8804056113065
276.48040561130136
-1336.119594388707
1626.6804056112744
587.0804056113069
458.4804056113075
679.880405611305
-926.7195943887149
-532.5195943887011
54.08040561129539
-572.7195943887018
188.6804056112997
266.0804056113054
-200.1195943887052
-241.91959438870506
-1381.5195943886943
494.88040561130117
1030.880405611289
696.4804056113192
435.28040561131655
1626.4804056113069
362.88040561130185
-304.3195943887092
-779.9195943887142
-1465.5195943886795
1387.680405611308
-191.9195943887071
-885.9195943887066
-1731.1195943887033
778.0804056113021
-564.5195943886959
-726.3195943887056
583.4804056113
805.480405611297
-1267.3195943886826
507.2804056113096
-134.51959438870387
130.4804056112909
797.6804056112951
-798.3195943887181
-2492.9195943887003
315.4804056112999
-1106.9195943887123
409.480405611306
-267.7195943887059
450.080405611292
-241.71959438871056
-807.1195943886986
360.4804056113053
-534.9195943887097
-500.7195943887018
322.2804056112817
556.8804056113011
-183.71959438869996
-552.9195943887064
-1326.5195943887013
-1007.7195943887007
-602.119594388712
-173.51959438869878
297.28040561129774
-2951.519594388741
-1420.3195943887172
713.0804056112974
-177.51959438869733
-679.9195943887032
907.2804056113051
-496.51959438869267
-2.919594388688747
330.4804056112991
737.6804056113021
2562.0804056112743
-629.1195943886999
-1957.919594388701
-475.9195943887051
-2088.3195943886963
23.4804056112948
-1496.319594388717
692.4804056112984
-275.1195943887068
-976.1195943887075
181.48040561130026
-300.5195943887022
-633.919594388703
-337.71959438870414
-1521.7195943887045
1096.4804056112964
471.48040561129767
-1473.11959438869
-38.519594388701464
-2489.3195943887
-1534.7195943886786
1.0804056112933518
-473.9195943887003
59.48040561129521
-1545.319594388704
222.48040561129815
-747.3195943886919
-2637.919594388717
-1317.7195943886868
624.8804056112973
1383.2804056113182
-663.5195943887065
587.0804056112928
-290.1195943886929
-559.5195943887118
-726.5195943887039
-1185.3195943887022
1425.0804056112847
195.4804056112986
1240.8804056113097
795.8804056112846
-349.3195943886976
-130.91959438870146
99.08040561129985
256.4804056112972
-1302.3195943886874
-811.9195943887086
327.6804056113094
-518.7195943887159
619.880405611301
-88.51959438870367
-940.5195943887134
1397.0804056112986
480.0804056113019
-784.9195943887003
-124.31959438870302
-1786.5195943886974
-866.3195943887096
1508.4804056113178
-1524.9195943887003
-1231.1195943887217
65.68040561129955
428.8804056113022
-669.1195943887097
-425.1195943886997
-1971.9195943886982
-1304.5195943886993
354.48040561129864
-21.319594388686113
879.4804056113048
1748.680405611317
570.6804056113068
61.48040561130075
65.880405611297
-637.5195943887041
-240.319594388707
390.2804056112968
-2379.319594388702
2037.8804056112738
1669.480405611316
-1688.3195943886844
-681.5195943887077
-1408.3195943887256
-1757.1195943886996
1953.0804056112909
-483.11959438870355
-113.31959438870841
1303.0804056112843
1552.6804056112883
-621.9195943887026
-194.31959438870135
-1153.5195943886993
-114.71959438870012
-377.5195943887062
-484.91959438869446
0.08040561129715629
1125.4804056112803
-208.71959438870428
-14.719594388710393
760.280405611311
-945.5195943887051
430.88040561127127
1026.480405611285
1863.2804056113046
175.48040561130105
659.8804056112906
-694.9195943887149
1009.6804056112933
645.8804056112915
69.48040561130361
1290.4804056113185
615.2804056113032
483.08040561129525
107.4804056112995
-599.9195943887061
-1317.3195943886994
787.4804056112844
681.2804056112933
524.6804056112968
937.4804056113055
1322.480405611289
-746.5195943887113
-920.7195943887215
-214.51959438870483
-151.1195943887032
524.0804056112971
-605.7195943887001
-1452.9195943887275
-318.5195943887037
1238.080405611297
1129.4804056112962
686.0804056113046
-2170.719594388739
183.2804056112876
2057.0804056113116
3276.680405611294
2216.4804056113176
-617.5195943887112
-549.7195943886956
-151.119594388705
-1161.7195943887266
37.880405611304816
-1379.7195943887064
-1881.7195943887195
801.0804056112862
1270.2804056113173
1053.2804056112918
1411.8804056113138
732.8804056113031
2113.080405611303
366.68040561129544
-1744.3195943887108
-97.71959438870563
-828.5195943887019
213.4804056112947
3.680405611298182
-345.51959438870125
-214.51959438870793
-327.51959438872484
-1329.5195943887509
-889.9195943887182
-528.5195943887032
-128.31959438870044
1254.0804056112966
-1789.519594388628
-529.5195943887027
-510.1195943887104
342.08040561129945
-625.1195943886996
-626.7195943887133
126.68040561130265
-1391.919594388719
-1732.1195943887444
172.4804056112977
169.08040561129553
-510.91959438870344
2340.6804056113124
988.4804056113313
841.0804056113024
1182.0804056113013
989.0804056112909
1735.8804056112754
-244.31959438870248
-902.7195943887025
1300.0804056113036
836.0804056112931
370.48040561129676
-393.71959438870414
-247.31959438870916
-562.3195943886993
-2039.3195943887417
-1912.7195943887027
1799.8804056112874
1704.280405611303
1500.2804056113214
2774.88040561133
308.4804056112794
-939.1195943887051
-1087.1195943886948
-257.9195943886989
-854.3195943886989
840.2804056113041
768.2804056113024
286.2804056113014
769.0804056112872
1068.6804056113056
-1623.5195943886888
-1905.9195943886928
893.4804056112871
-455.31959438869757
-383.11959438870906
853.6804056112786
68.88040561130141
634.6804056112854
-625.9195943887057
-1256.7195943887168
-1514.1195943887237
-169.7195943886955
-467.91959438870526
-1587.5195943886747
-1873.5195943887109
639.8804056112937
-1442.9195943887103
-580.719594388713
928.4804056113256
1202.6804056113021
2628.8804056113013
2553.680405611256
980.8804056113004
-614.9195943886965
61.08040561129699
191.48040561129716
-992.519594388695
-1767.1195943886912
-2216.9195943886907
-818.1195943887046
-33.11959438869982
-524.1195943886999
-2466.919594388701
-95.51959438870037
2210.4804056113194
990.2804056112991
312.08040561129053
1451.4804056113146
221.48040561128113
1238.8804056112767
-761.1195943887085
-256.11959438870497
-1231.1195943887012
-891.5195943887435
616.480405611287
-596.9195943886976
-416.71959438869595
-694.1195943886969
-2580.919594388729
113.08040561129971
-993.1195943886883
-1622.119594388701
2016.880405611321
2241.48040561132
2606.6804056113056
752.680405611301
693.2804056112917
-0.11959438871294537
14.680405611301488
20.68040561129624
-2583.3195943887117
-347.9195943886968
1084.8804056112951
567.2804056112976
498.0804056113018
43.88040561129429
1105.6804056112765
2232.4804056112976
728.0804056112992
2121.280405611321
914.0804056112976
81.28040561129356
1474.8804056113281
1915.4804056113076
-1287.3195943887456
-439.91959438869713
1678.6804056113012
310.8804056113088
831.0804056113046
-1265.1195943886912
-424.7195943887053
447.6804056113138
-2042.7195943887177
-1087.119594388708
1921.4804056112846
1155.680405611263
282.08040561129604
-628.1195943887009
1035.880405611293
126.08040561129897
-77.51959438871685
45.08040561129266
-563.5195943887243
-775.5195943887157
-478.31959438870115
749.2804056113015
2022.0804056113031
818.6804056112993
-313.11959438870286
517.8804056112945
538.6804056112737
-326.71959438870743
-519.1195943887047
989.8804056112988
1779.8804056112951
621.2804056112974
-705.919594388705
54.280405611293425
1946.4804056113203
355.6804056112976
150.68040561129968
-2737.1195943886332
-1560.719594388734
-1066.3195943887108
-333.9195943887023
-225.119594388699
928.4804056112713
2632.8804056112313
751.2804056112946
-91.91959438871714
-753.519594388702
-2464.7195943887305
-1537.119594388683
-1414.519594388714
-649.3195943887209
-1053.3195943887115
-1603.1195943886908
-1302.7195943886968
-1110.7195943887175
734.6804056112962
-455.5195943887366
-1748.9195943886982
535.2804056112933
-1157.9195943886978
-938.9195943886956
1058.080405611303
622.080405611297
34.880405611294215
630.6804056112815
1671.2804056112946
537.0804056112985
28.28040561130934
-518.5195943886841
-301.31959438871274
16.280405611294643
-1095.3195943886985
7.4804056112965815
-472.519594388697
151.08040561131386
3327.280405611297
1139.4804056113157
-487.319594388712
-519.1195943887012
-2263.5195943886774
-490.11959438868723
-1992.519594388682
-2449.9195943887294
159.48040561128988
5.080405611301018
-253.7195943887152
-24.519594388700455
-222.11959438870244
1436.8804056113079
-332.7195943886874
363.88040561131083
-646.5195943887118
-630.3195943887024
-653.3195943886964
-974.519594388697
-481.71959438870897
-1344.9195943887203
132.68040561130493
957.4804056112937
469.280405611295
-405.7195943886928
-214.31959438871883
200.08040561129422
442.6804056112987
380.8804056113111
480.0804056113046
2243.080405611267
640.880405611292
1261.88040561129
-555.3195943886989
1273.8804056113365
1378.2804056113466
0.2804056113013438
-484.919594388708
-1443.3195943886976
722.2804056112968
168.48040561129963
-290.5195943887046
-277.9195943886974
-628.3195943887125
1310.8804056113001
127.48040561129518
-1513.1195943887217
-822.3195943886984
-448.91959438869134
-164.3195943887018
-185.3195943887098
571.0804056112949
-533.9195943886998
-742.5195943887048
342.080405611294
479.88040561129543
-1140.119594388703
-1310.1195943887276
-222.71959438870516
242.68040561128697
1741.2804056113102
1714.6804056113192
2735.8804056113017
3023.680405611359
2632.2804056112755
-633.9195943887099
-2589.9195943886875
-585.1195943887011
-1184.3195943887094
309.48040561130586
242.48040561129773
178.88040561129702
345.6804056112975
-238.3195943887076
1387.8804056112897
633.0804056112979
-185.91959438870788
1315.4804056112991
177.68040561129888
1105.2804056112934
304.48040561129824
-180.71959438870252
-605.9195943886948
633.0804056112966
-674.5195943887021
361.0804056113124
390.88040561129367
208.08040561130267
-989.1195943887054
-623.1195943887051
523.8804056112996
294.0804056112875
1843.6804056112949
1979.6804056112162
3017.4804056112653
1846.080405611296
1997.480405611283
706.2804056113096
-1057.1195943887044
-756.719594388698
984.2804056113032
505.880405611291
78.08040561129857
993.2804056113087
120.88040561129414
-1065.9195943887069
649.0804056112942
-445.1195943887053
-1333.919594388711
-225.71959438871045
413.28040561129615
315.8804056112966
-1591.9195943887648
-1283.3195943886894
-1124.519594388718
-933.5195943887111
1154.0804056113009
62.08040561129694
-514.3195943887139
-1468.3195943886815
-419.1195943887154
-7.519594388702178
-21.91959438869738
699.4804056112733
1907.6804056112608
2620.8804056112504
3255.480405611371
872.2804056112662
1818.6804056112949
2105.2804056112304
1366.2804056112634
-571.3195943887106
1145.8804056113072
607.6804056113001
-1516.519594388706
567.4804056113051
1151.2804056113046
-783.9195943886783
-1118.5195943886881
-945.7195943887168
240.28040561129143
-194.3195943887031
247.68040561129993
39.680405611297594
78.4804056112936
33.480405611296185
131.48040561129673
-460.51959438870324
-943.9195943887047
-1225.9195943886896
-914.9195943887066
-1016.9195943887141
-766.1195943887238
-1607.31959438871
-1048.319594388708
846.4804056113069
2103.480405611248
1575.8804056112988
1959.6804056112853
1522.880405611301
1958.6804056113249
1539.0804056113018
267.48040561129886
-820.3195943887024
35.480405611287665
-445.5195943887057
-1681.3195943886922
-911.9195943887147
-428.51959438868835
-276.91959438872016
-74.71959438871937
108.88040561129407
84.88040561129235
-569.1195943887187
-914.7195943887157
-55.719594388716615
-8.719594388716617
240.0804056112926
1448.8804056112967
-121.31959438870393
-575.3195943887065
581.6804056113001
-104.91959438870049
-1484.3195943887351
-444.5195943887076
58.48040561129551
672.4804056113041
1594.6804056113074
3568.2804056113564
2108.6804056112856
1408.0804056112765
3290.8804056113563
2855.8804056112626
2066.4804056112616
1938.880405611278
621.0804056112893
-562.9195943887105
-1019.5195943887002
-1425.9195943887114
-1341.119594388702
-305.119594388704
-589.1195943887196
-1169.919594388688
-443.1195943887015
-392.9195943886986
-818.5195943887194
-1638.919594388719
-499.919594388709
-484.91959438870606
-563.7195943887041
-10.119594388705895
-129.71959438870581
716.8804056112975
386.48040561129676
-373.3195943887009
-958.5195943887163
-1041.3195943887042
-316.91959438870276
613.680405611281
668.680405611292
1882.6804056112242
2790.2804056112877
2801.8804056112062
3920.0804056112574
2003.6804056112333
2273.6804056113638
1761.8804056112815
210.08040561130508
-540.1195943887152
-2057.119594388712
-2569.5195943886715
-1558.3195943887315
-510.31959438870996
-1897.1195943886755
-3983.319594388659
-2050.7195943887164
305.88040561129236
740.2804056112906
-91.71959438870793
-766.3195943886955
267.68040561130414
1047.8804056112808
1194.6804056112803
1581.2804056112902
1326.2804056113173
391.2804056112911
485.28040561130615
681.0804056112929
-276.51959438870074
-329.1195943887057
452.6804056112949
478.6804056113009
1862.0804056113159
3253.2804056112964
2908.68040561124
4350.880405611396
2762.6804056112564
2440.6804056113456
1101.8804056112576
-1167.5195943886965
-864.7195943887119
-1590.9195943887123
-2447.9195943887175
-1086.919594388708
-113.11959438870608
-326.5195943887048
-1381.1195943887292
-619.11959438869
1027.480405611299
-678.919594388725
-2235.5195943887456
-2032.5195943887277
-3185.119594388724
-2412.719594388726
-1431.1195943887108
-1967.9195943887198
-1448.5195943887015
-1368.5195943886988
-144.5195943887009
-566.1195943887149
-628.9195943887115
-697.9195943887131
-258.71959438871204
525.8804056112905
2220.080405611281
3734.6804056113438
2732.2804056113664
