-261.4806223366577
657.1193776633293
-1556.4806223366163
-1626.8806223366714
-396.68062233667894
-856.2806223366587
-1743.880622336671
-1494.0806223366792
-2034.2806223366376
-794.6806223366826
-2444.8806223366337
-624.6806223366506
-909.6806223366476
-1126.4806223366488
-336.28062233666134
-265.8806223366486
-519.4806223366655
-939.6806223366533
-990.28062233667
-594.0806223366569
-977.0806223366571
-2682.0806223366253
-1032.4806223366734
-1674.0806223366444
-3966.6806223366107
-1598.0806223366721
-1283.6806223367037
-1304.680622336639
-1104.2806223366922
-415.6806223366567
-2475.2806223366847
-304.080622336668
-1002.6806223366546
-1468.4806223366506
-648.4806223366767
-1663.480622336654
326.31937766332885
-677.8806223366481
1621.5193776633218
993.9193776633223
-1139.8806223366757
267.91937766334365
1164.3193776633366
-508.08062233667147
-1411.2806223367106
-1198.6806223366634
-1688.0806223366594
-2444.4806223366836
-1714.8806223366423
-412.28062233666424
1065.9193776633426
1021.7193776632994
1874.5193776633391
79.1193776633341
1681.7193776632994
1151.9193776633338
1011.9193776633158
1618.9193776632994
742.7193776633486
-223.88062233665448
540.1193776633355
1802.119377663348
-490.88062233664795
904.1193776633326
-1471.2806223366533
-1067.6806223366534
-1275.4806223367111
-877.280622336693
-1160.2806223366752
-2082.6806223366893
-102.68062233666265
700.7193776633402
-2483.080622336651
292.7193776633409
2592.3193776633257
1841.3193776633786
104.9193776633301
359.5193776633161
2285.719377663366
-257.2806223366652
1453.319377663328
949.1193776633261
2202.1193776633654
1990.919377663353
2471.5193776633255
1381.3193776633175
1366.5193776633357
-223.28062233666395
-621.2806223366609
-316.8806223366613
589.3193776633301
-1133.280622336693
-1707.6806223366916
515.1193776633372
-1121.2806223366817
-2625.8806223366723
-2134.4806223366277
1966.1193776633186
907.9193776633427
-519.680622336674
-547.0806223366565
-1140.6806223366573
-1503.6806223366707
-1184.480622336662
-1937.4806223366513
-18.68062233665377
168.91937766332939
748.3193776633358
1100.7193776633587
1484.1193776632967
933.7193776633361
-1069.6806223366661
175.51937766334117
-1211.28062233666
568.9193776633323
-1254.0806223366758
265.9193776633412
1426.5193776633173
-371.48062233666417
14.519377663320654
923.519377663331
460.91937766332916
284.71937766332724
1.319377663341415
-1449.0806223366708
-510.0806223366821
-819.8806223366629
-2484.080622336717
-1519.8806223367285
1281.1193776633515
682.9193776633299
-781.8806223366646
-588.8806223366687
399.3193776633549
-1011.2806223366445
-1359.280622336659
517.1193776633406
-835.4806223366616
303.11937766334245
94.31937766333263
3368.7193776632157
3019.7193776633444
1236.7193776633394
605.9193776633249
2012.9193776633024
13.719377663354514
1468.5193776633275
713.3193776633317
741.3193776633381
293.5193776633392
-1140.280622336674
-588.2806223366684
-1715.0806223366542
-1223.2806223366833
-281.680622336668
-172.2806223366647
-891.4806223366559
1035.9193776633267
823.9193776633322
-1122.8806223366814
-69.08062233667448
2240.3193776633307
745.9193776633276
21.119377663343336
-50.68062233666329
-110.48062233666445
-26.880622336661588
-1583.680622336665
-385.08062233664987
-719.0806223366701
30.51937766334193
-55.480622336664275
1065.3193776633716
-2477.68062233664
-163.28062233666967
-799.2806223366732
-29.68062233667853
916.5193776633141
148.11937766333594
-666.8806223366448
334.51937766333845
-915.2806223366858
-1943.6806223365977
127.91937766334364
-2503.6806223366198
-1816.4806223366336
-1674.4806223365692
-2832.080622336591
-880.2806223366499
-459.8806223366533
-1234.4806223366845
-1576.480622336658
-1851.4806223366766
-877.8806223366698
253.719377663334
1314.519377663314
-1282.4806223366784
-1115.2806223366927
1845.5193776632973
-294.0806223366585
-1677.8806223366748
414.31937766335153
1452.5193776633084
346.5193776633358
1077.1193776633438
-569.6806223366638
1377.1193776633643
-280.08062233667
1171.3193776633343
154.51937766333265
162.7193776633386
1369.3193776633357
2420.719377663307
2428.919377663354
129.31937766332823
513.919377663344
25.319377663338173
1143.5193776633503
1879.3193776633543
-1594.6806223366382
106.11937766333853
-381.0806223366633
-1562.6806223366568
345.91937766333825
-269.080622336667
-1133.0806223366565
279.5193776633328
-1438.680622336664
-1925.2806223366697
-883.0806223366651
-362.880622336662
1436.5193776633282
-1305.6806223366623
262.71937766334395
-1871.8806223366855
-2188.280622336694
-1879.4806223366488
-1650.080622336691
-998.2806223366654
-1209.6806223366814
143.3193776633372
-527.2806223366579
1448.519377663316
-665.48062233666
203.11937766333244
305.7193776633387
990.7193776633505
794.1193776633279
301.9193776633506
-1046.0806223366678
-894.0806223366607
-1468.8806223366898
-1393.4806223366663
159.7193776633427
-626.0806223366645
359.1193776633388
274.7193776633288
-2495.280622336681
-714.4806223366535
-817.4806223366706
-140.28062233666455
-985.280622336678
-106.08062233666828
1311.3193776633443
-940.8806223366789
-726.2806223366603
-2461.2806223366297
-1140.4806223366563
-882.6806223366661
1335.7193776633494
3459.9193776634006
622.1193776633289
114.11937766333155
508.3193776633132
189.519377663322
-354.2806223366607
1443.7193776633308
174.1193776633442
1450.519377663366
-378.08062233666976
-321.6806223366609
225.9193776633346
-634.0806223366642
1054.3193776633202
-500.0806223366588
-1756.8806223366537
-955.0806223366563
1255.1193776633315
-1911.8806223366641
-106.68062233666755
108.11937766333708
-1693.8806223366516
-1586.0806223366621
-2455.8806223366646
835.3193776633497
584.5193776633303
385.3193776633423
52.91937766333566
-2286.280622336645
-1207.0806223366449
1685.7193776632757
2142.719377663395
2946.1193776633936
2816.719377663359
729.3193776633149
2163.5193776632973
-935.0806223366691
-1280.0806223366546
555.519377663355
-661.4806223366768
852.1193776633537
1208.9193776633094
651.3193776633356
1965.9193776632842
698.5193776633351
859.1193776633406
-572.280622336664
-824.4806223366679
-2.280622336669037
1967.1193776633277
-1388.480622336652
2605.7193776633176
689.3193776633451
-1686.880622336673
-778.0806223366626
-1239.480622336654
1971.319377663333
1564.5193776633284
1450.9193776633322
1313.7193776633374
-1463.880622336695
-9.480622336659305
-209.08062233666686
-667.6806223366676
272.919377663343
981.5193776633563
3.7193776633349147
242.51937766334194
142.31937766333837
-514.8806223366614
-58.48062233665813
-1974.0806223366178
625.3193776633398
1984.9193776633156
-127.28062233666185
841.9193776633495
468.71937766334577
-788.880622336672
-1232.2806223366567
894.919377663323
-567.2806223366556
480.5193776633273
-1279.680622336683
1320.9193776633138
294.31937766333124
849.3193776633271
-116.48062233666305
-502.28062233666236
574.7193776633285
2212.719377663349
-1144.0806223366772
-1054.8806223366696
439.71937766333923
1548.1193776633545
-1763.0806223366594
-1766.0806223366615
-1194.2806223366672
-1158.680622336692
850.5193776633452
-180.2806223366654
466.31937766333914
-799.280622336676
-928.0806223366372
-1330.4806223366377
-891.8806223366876
-847.8806223366491
-1613.4806223366509
-144.88062233666398
-192.88062233665897
-948.0806223366648
-466.0806223366652
-1794.4806223367136
-1284.6806223366752
-630.2806223366612
217.71937766333306
694.5193776633414
-730.2806223366807
737.3193776633325
580.1193776633306
-257.88062233667404
-829.4806223366701
693.7193776633376
-1911.080622336675
233.51937766332944
-1186.6806223366516
-835.6806223366522
-1319.2806223366547
-998.4806223366786
-1997.8806223366564
-2388.8806223366405
-1144.4806223366377
-422.4806223366554
-305.0806223366596
917.9193776633344
997.1193776633371
-384.28062233667754
592.9193776633418
1082.7193776633421
-273.68062233668456
93.91937766334821
1328.3193776633577
168.31937766333036
265.71937766333104
91.51937766334164
2446.1193776633468
-390.8806223366693
-1035.2806223366683
-550.0806223366785
277.11937766334046
-408.680622336673
1227.5193776633464
-65.48062233665814
1082.5193776633419
903.5193776633331
-765.6806223366693
998.5193776633406
-2085.6806223366884
217.3193776633387
-314.08062233666334
-786.8806223366457
-491.48062233665763
103.31937766333421
219.31937766334445
1176.7193776633467
960.3193776633309
-606.280622336664
479.3193776633398
153.71937766333886
1334.5193776633391
960.7193776633454
-458.48062233664456
1224.5193776633341
700.9193776633423
801.1193776633406
-1202.68062233667
1598.919377663348
1708.7193776633567
-230.0806223366608
21.319377663338788
-1569.4806223366488
-157.48062233666002
-776.8806223366702
-396.280622336653
-451.08062233669943
487.1193776633401
-819.4806223366821
-949.2806223366621
-522.0806223366556
-1427.2806223366495
-1053.6806223366639
-93.48062233666067
-658.6806223366721
196.51937766334055
478.11937766334825
683.7193776633435
-107.08062233667157
1397.71937766332
613.9193776633361
826.3193776633457
-1282.6806223366684
0.7193776633373261
-209.48062233665172
-862.8806223366546
914.3193776633422
-666.6806223366455
841.3193776633308
99.51937766333798
709.3193776633315
1288.119377663345
1342.5193776633268
775.7193776633371
-955.6806223366971
974.5193776633123
1447.1193776633359
2716.9193776632897
-502.6806223366987
-2080.28062233665
-1085.8806223366844
-66.88062233666423
528.5193776633342
673.3193776633414
-1245.680622336673
-721.4806223366617
1227.919377663334
-1130.4806223366525
-164.48062233666369
1072.1193776633388
-1720.280622336663
1142.519377663307
471.31937766333584
-492.6806223366563
-2527.0806223366367
-932.6806223366427
-868.4806223366759
562.3193776633409
2481.719377663314
759.5193776633332
267.1193776633373
65.31937766333701
-307.880622336667
1058.5193776633398
738.3193776633427
-1943.2806223366274
-3294.2806223365956
1706.9193776633028
877.9193776633424
1471.1193776633174
560.5193776633397
-3281.480622336697
-507.2806223366622
-1556.8806223366605
260.9193776633408
-10.480622336663211
-17.2806223366734
765.3193776633109
1728.919377663354
-1349.2806223366524
380.5193776633295
1635.9193776633354
-897.2806223366608
810.7193776633337
905.5193776633117
2556.1193776633395
-170.68062233666885
-1142.280622336665
-1573.2806223366647
-225.68062233665455
976.7193776633662
805.5193776633264
1282.5193776633675
-451.0806223366599
-721.0806223366558
1419.3193776633195
1183.1193776633027
-1335.48062233666
135.51937766334262
2724.9193776633256
-134.2806223366706
-1915.0806223366633
628.3193776633282
-1170.6806223366436
396.91937766333854
-2262.880622336649
2503.319377663312
1638.9193776633363
224.71937766333642
1598.7193776633205
1107.3193776633282
846.1193776633924
577.5193776633697
1098.5193776633112
-229.88062233665613
1217.7193776633255
2098.3193776633175
5676.919377663473
919.5193776633184
52.91937766331522
-1783.2806223366592
29.519377663342667
315.319377663311
933.319377663314
-268.8806223366708
552.1193776633352
-1383.8806223366664
1472.7193776632973
148.51937766336
-110.88062233666304
1762.3193776633088
3226.319377663387
950.719377663317
1487.5193776633487
1671.9193776633333
-1221.2806223366879
617.3193776633431
-898.2806223366787
348.91937766334433
598.3193776633449
-1062.8806223366548
161.91937766335127
2419.519377663339
2738.319377663338
571.3193776633311
1246.3193776633511
-1713.880622336654
206.11937766334464
662.7193776633347
1498.7193776633483
-535.6806223366697
1405.1193776633474
1652.5193776633337
626.319377663333
1314.7193776633192
3003.519377663367
-2402.2806223366606
524.1193776633439
-2207.6806223366398
-820.0806223366615
1235.5193776633348
1528.919377663322
747.519377663327
583.7193776633409
1458.3193776633468
-1113.6806223366257
7.919377663336565
51.519377663348614
708.1193776633353
1718.7193776633242
1954.9193776632885
992.5193776633326
997.5193776633404
-1980.6806223366332
-1085.080622336664
-469.6806223366606
761.9193776633462
864.519377663349
-872.2806223366697
1463.7193776633437
37.51937766333972
372.9193776633362
-2056.280622336655
-711.4806223366581
-308.68062233666626
-1860.0806223366906
-1787.6806223366943
951.9193776633393
-630.0806223366799
306.91937766333143
-769.8806223366648
944.3193776633055
2322.5193776633296
1037.1193776633615
792.1193776633344
-582.6806223366789
2887.5193776633446
679.7193776633364
2354.3193776633543
386.3193776633423
1722.7193776633292
100.11937766333352
1828.3193776633116
182.11937766333327
1146.3193776633314
-1658.6806223366812
-413.680622336657
155.11937766333648
463.119377663343
1318.9193776633417
-673.6806223366493
-526.4806223366714
-41.68062233665779
-725.2806223366578
-102.08062233666811
988.1193776633477
-525.6806223366603
-688.8806223366464
-481.4806223366552
173.91937766334058
-642.2806223366637
-149.88062233665534
-170.0806223366531
1106.119377663333
3181.919377663299
1473.1193776633274
445.91937766333785
-1821.6806223366802
2671.9193776633774
1203.5193776633398
1030.119377663336
-2409.080622336618
67.11937766333075
-1489.4806223365651
523.7193776633419
1554.319377663348
-3136.6806223366502
-1851.2806223366545
-134.0806223366685
1585.919377663306
2614.3193776633384
485.5193776633341
-1336.880622336669
728.3193776633469
-438.8806223366693
-2797.680622336659
-1244.6806223366248
473.71937766334054
-699.4806223366611
-2081.8806223366973
510.71937766333406
834.919377663316
402.3193776633307
-2962.4806223367627
-2441.680622336693
-1293.680622336672
1987.3193776633698
1853.5193776633457
1065.319377663332
-78.68062233665766
-219.8806223366646
-175.28062233666756
-501.8806223366621
-2088.480622336717
607.1193776633368
-2429.6806223366475
-1566.080622336669
2089.719377663354
-1091.4806223366481
-60.88062233667027
-1003.8806223366734
-3009.28062233667
1386.3193776633311
1018.9193776633302
-1418.6806223366218
-894.0806223366848
-1291.680622336669
-124.08062233665163
-1060.2806223366813
244.1193776633375
1030.3193776633352
-553.8806223366706
467.9193776633441
-773.4806223366525
-1521.0806223367385
-2191.4806223366877
-140.28062233666543
-1892.4806223367066
2279.319377663357
1801.9193776633547
1890.3193776634018
2088.9193776633533
901.1193776633344
-456.6806223366768
-924.6806223366743
-633.0806223366801
686.9193776633501
-271.6806223366682
-1359.08062233664
2160.7193776633844
1356.7193776633796
-939.0806223366693
-602.2806223366728
-1152.6806223366777
443.1193776633451
593.9193776633323
1088.919377663327
2051.1193776633413
1196.319377663337
-406.28062233667697
-671.4806223366509
-409.88062233667034
-788.0806223366549
-660.6806223366715
-145.2806223366645
-2098.280622336659
-2508.4806223366277
349.1193776633371
-43.08062233666653
-1641.280622336656
2190.7193776633458
3924.9193776633147
2378.7193776632994
3382.9193776633456
1891.9193776633408
382.31937766333607
-2092.2806223366724
-1017.4806223366637
-352.2806223366776
742.7193776633569
-1088.8806223366623
-1315.0806223366476
179.9193776633372
-35.680622336664065
-355.68062233667195
-1044.0806223366578
-1875.2806223366308
-678.0806223366595
-84.68062233665904
-89.08062233666311
-108.4806223366605
-984.2806223366433
-22.480622336666634
942.3193776633412
-1512.4806223366568
1486.5193776633319
814.5193776633487
-1593.0806223366783
-554.2806223366523
609.1193776633486
-1093.080622336671
-116.28062233666961
1967.5193776633328
3145.3193776633493
1321.3193776633632
1917.1193776633795
1071.7193776633353
515.7193776633123
-1650.480622336672
-1695.8806223366562
-1015.4806223366819
-407.48062233665183
-1230.68062233667
-958.0806223366521
-255.48062233665567
-440.6806223366549
-1230.6806223366802
-2821.4806223366777
-1701.280622336675
610.7193776633333
1084.7193776633192
749.1193776633395
125.31937766333837
707.1193776633337
682.1193776633332
2268.319377663299
213.91937766334317
489.71937766333946
102.91937766334154
355.31937766334
-82.08062233666656
-334.88062233665903
298.51937766333657
1473.1193776633645
1095.3193776633143
-113.68062233665637
1999.9193776632633
1580.71937766339
1569.1193776633347
1750.9193776633442
424.51937766334515
-955.2806223366664
-57.280622336654474
539.9193776633308
-3.68062233666798
-484.4806223366575
-191.68062233665455
-2122.8806223366682
-1996.2806223366397
-1362.2806223366592
-1482.0806223366726
269.119377663325
453.51937766333657
1032.3193776633432
-1046.0806223366565
-932.0806223366861
1510.5193776633482
736.3193776633336
-1735.4806223366788
-862.8806223366261
420.11937766333955
1328.7193776633403
-787.8806223366635
-1495.6806223366814
15.719377663340254
3569.719377663337
2312.3193776633448
1234.9193776632872
2227.1193776634022
97.91937766333939
-6.280622336664251
-504.6806223366514
-1120.8806223366587
942.3193776633266
-413.6806223366638
-1703.8806223366619
-596.480622336649
301.119377663338
1622.9193776633508
-1413.0806223366365
-1010.8806223367012
-837.6806223366743
187.11937766333907
31.319377663353176
-248.48062233666457
1297.5193776633168
196.91937766333828
196.31937766333442
1892.3193776633057
402.1193776633395
-125.08062233667576
-484.2806223366597
-458.8806223366693
-25.480622336663707
479.1193776633448
670.5193776633379
-304.0806223366619
3861.9193776634197
2664.119377663373
1993.3193776633614
3750.5193776634032
714.9193776633222
-1704.8806223367042
-661.88062233669
-1021.6806223366672
920.3193776633408
-1023.8806223366682
-86.48062233665405
-814.6806223366585
-1736.2806223366035
76.91937766333697
-1916.6806223366443
-1281.6806223366743
-1976.6806223366477
-711.8806223366774
-669.8806223366543
-1265.6806223366514
-418.0806223366668
625.1193776633536
-853.2806223366492
-199.0806223366701
-1202.8806223366535
1384.3193776633157
1464.1193776633388
-1897.0806223366703
-1588.480622336701
929.5193776633198
829.319377663347
-1405.8806223366607
1699.5193776633257
1528.3193776633182
3261.719377663353
3055.1193776632676
826.5193776633383
-1191.4806223366782
-56.2806223366663
-1142.080622336669
-2394.680622336633
-1215.4806223366547
-287.28062233665696
-674.0806223366873
-1652.0806223366637
517.9193776633357
1931.1193776633536
906.3193776633344
-119.680622336669
-497.2806223366767
211.11937766333745
-35.880622336661006
38.3193776633372
669.3193776633469
-2260.4806223366077
8.519377663341956
-1117.6806223366707
1463.5193776632898
1462.919377663349
-661.6806223366427
-629.280622336662
423.9193776633366
1266.3193776633286
-438.6806223366618
-698.6806223366759
405.11937766333324
2150.519377663345
2254.1193776633454
602.1193776633125
67.3193776633361
18.71937766333414
1049.1193776633113
865.5193776633597
287.71937766334304
-1313.080622336653
-2527.2806223366715
-1722.4806223366563
-152.08062233665999
-561.4806223366521
-1279.8806223366228
-2297.0806223366712
-1547.880622336626
-737.4806223366502
-363.8806223366628
-394.68062233665006
248.31937766333252
-974.0806223366606
-2066.680622336662
-1582.280622336652
-684.0806223366748
-2637.080622336672
-967.0806223366682
-90.88062233666427
-936.4806223366785
240.11937766333924
1002.1193776633102
827.319377663337
-777.8806223366555
605.1193776633637
1880.5193776632855
-1415.0806223366503
-901.0806223366488
-77.68062233665232
1514.3193776633368
986.1193776633638
969.9193776633193
-15.280622336662018
-1327.880622336628
-847.6806223366774
107.11937766333799
824.5193776633226
694.319377663313
714.1193776633058
2512.7193776633103
2340.119377663335
1083.3193776633116
59.319377663349826
821.1193776633305
1546.319377663351
852.7193776633161
1531.7193776633321
1513.3193776633439
-330.88062233666056
1125.9193776633467
1877.719377663334
1134.119377663314
1295.9193776633274
1308.919377663347
1111.119377663355
745.9193776633346
605.7193776633634
1426.7193776633096
-783.4806223366651
-634.2806223366576
708.5193776633678
-727.6806223366669
-1710.080622336652
-651.0806223366681
-321.2806223366611
1784.9193776633465
256.9193776633414
1259.519377663343
376.11937766333966
-102.4806223366672
1646.5193776633055
1347.319377663353
918.5193776633447
361.3193776633397
269.31937766333454
607.3193776633177
911.7193776633476
-1138.6806223366618
571.3193776633135
-3.4806223366626554
-2799.6806223366725
-1272.080622336666
-1780.6806223367164
-1288.4806223366522
-249.88062233666187
688.9193776633028
-1472.8806223366528
876.3193776633307
152.9193776633342
-933.4806223366658
226.51937766335303
-185.4806223366641
1940.7193776632998
-181.0806223366589
1466.7193776633374
1680.519377663331
301.3193776633352
1074.5193776633444
1799.9193776633233
155.31937766333053
-1300.080622336665
-630.8806223366588
653.719377663337
-803.2806223366729
-873.2806223366571
-7.880622336664668
1116.9193776633492
354.51937766334464
1499.9193776633122
-656.2806223366712
1085.3193776633343
1063.3193776632993
536.5193776633321
1233.7193776633212
302.91937766333996
-229.28062233666898
1363.51937766333
2544.1193776633577
568.719377663305
2103.3193776633143
-355.6806223366658
-1250.2806223366536
-652.8806223366558
1053.519377663324
1265.519377663302
-208.28062233666088
946.9193776633558
1980.9193776633213
-867.6806223366735
274.11937766333915
1559.9193776633585
393.3193776633398
-1478.8806223367023
-120.6806223366585
3586.5193776634087
-207.2806223366685
825.3193776633359
-105.88062233666241
780.9193776633264
235.91937766332737
380.5193776633414
-858.0806223366462
630.7193776633311
-140.88062233666457
-1202.4806223366652
-1311.0806223366674
89.71937766333863
-192.48062233666639
-419.0806223366652
1592.71937766331
137.91937766334186
-1245.8806223366823
-1165.8806223366776
1545.3193776633536
610.3193776633474
630.1193776633332
1059.7193776633512
46.719377663333816
-72.48062233666381
686.5193776633309
403.9193776633326
220.5193776633488
-1082.8806223367174
-1031.4806223366454
-1110.8806223366703
-144.08062233666118
1143.1193776633252
-1278.0806223366255
-1028.2806223366579
-2817.080622336672
-1260.0806223366515
-3293.4806223366204
-1547.680622336715
138.91937766332856
425.71937766333235
1337.7193776633667
1388.1193776633138
344.7193776633313
304.11937766333074
1469.1193776632954
-163.08062233666476
925.9193776633523
481.3193776633343
-990.2806223366703
-360.08062233666584
515.1193776633394
-890.8806223366893
-1360.6806223366893
-89.88062233665372
682.1193776633336
-27.480622336654417
299.51937766332225
2482.719377663377
142.11937766333944
-58.48062233666607
-840.4806223366779
2090.119377663316
2007.7193776633271
1106.5193776633505
498.11937766333466
899.319377663341
-640.2806223366632
806.3193776633499
-135.680622336677
100.1193776633199
140.11937766333435
257.7193776633356
891.7193776633344
-741.0806223366602
391.319377663338
868.9193776633388
1741.3193776633595
296.91937766334166
1649.9193776633247
1742.9193776633256
29.11937766333424
1279.7193776633371
2557.1193776632895
211.11937766334168
-279.0806223366631
649.5193776633222
207.1193776633388
121.91937766334519
-904.4806223366587
861.9193776633568
241.11937766334273
667.3193776633418
-457.08062233669114
686.1193776633323
-2219.0806223366662
-371.88062233665636
-876.6806223366598
-583.4806223366647
842.9193776633258
-194.6806223366617
-1138.2806223366529
39.319377663333555
-1910.0806223366583
-2083.680622336658
1124.7193776633344
-1370.6806223366718
-183.48062233666093
-162.0806223366663
-353.0806223366571
976.9193776633243
859.1193776633459
281.51937766334413
85.31937766334065
-248.68062233666757
960.7193776633331
1013.7193776633341
1498.519377663328
263.7193776633386
-158.48062233666676
1613.519377663369
-1261.2806223366547
-1722.0806223366512
87.91937766334485
1212.3193776633275
-43.680622336665195
1203.3193776633489
-830.6806223366734
580.3193776633364
-662.6806223366616
441.91937766333467
-197.88062233666037
-829.680622336671
-172.28062233665355
1728.3193776633352
748.5193776633387
-814.2806223366508
1327.119377663321
752.1193776633268
1805.11937766335
2943.9193776633415
951.5193776633379
2702.1193776633495
2123.5193776633682
110.91937766334114
1005.3193776633419
820.9193776633272
877.119377663346
791.7193776633314
-647.8806223366648
774.3193776633592
820.9193776633435
-505.68062233667285
-104.48062233666137
-1021.8806223366516
1062.3193776633325
-584.4806223366623
-70.08062233666665
858.5193776633398
-1262.4806223366968
-1737.6806223366275
-901.6806223366659
-129.68062233667538
-722.6806223366732
198.51937766333825
-2584.680622336649
-932.0806223366735
-2313.480622336666
-716.8806223366659
1601.7193776633264
1279.919377663312
611.5193776633549
935.519377663318
-487.2806223366641
541.7193776633387
2727.319377663333
399.3193776633432
331.9193776633453
1326.319377663355
-1582.6806223366523
-234.68062233666055
838.5193776633419
2821.3193776633143
-113.48062233666207
-693.0806223366669
-53.680622336667426
-537.6806223366666
346.51937766334055
706.3193776633562
877.1193776633389
93.51937766333435
-1533.8806223366453
-360.28062233666145
-1609.8806223366516
-1762.0806223366653
-386.880622336664
-1659.0806223366583
-2400.680622336654
396.71937766333417
-1095.4806223366777
-137.48062233665965
-331.28062233666867
-406.4806223366621
556.119377663332
-353.8806223366674
834.7193776633435
735.1193776633229
-116.88062233666771
-1024.4806223366802
548.9193776633354
-391.6806223366658
-29.880622336665713
247.919377663343
203.1193776633354
335.51937766333896
-2852.6806223366357
-2053.68062233662
-1836.0806223366321
-360.88062233666886
-444.28062233665804
-716.2806223366692
-983.8806223366566
1239.119377663349
-1252.480622336632
-1782.2806223366788
-726.4806223366661
-2343.8806223366473
739.9193776633406
-2050.6806223366507
-2502.0806223366567
-296.48062233666417
-875.4806223366578
-721.2806223366584
-772.4806223366623
-987.280622336663
504.71937766335276
-569.8806223366635
706.3193776633366
1033.119377663351
366.11937766333534
-531.6806223366673
960.7193776633331
-602.6806223366631
2163.1193776633927
1122.1193776632867
-78.6806223366564
685.1193776633398
-1200.6806223366498
-663.0806223366644
-1121.280622336664
713.3193776633298
1163.5193776633253
-303.6806223366647
-157.68062233666575
80.11937766334363
-426.2806223366842
-918.8806223366747
342.5193776633359
-745.2806223366756
418.7193776633381
486.3193776633477
578.719377663332
1609.9193776633078
-1243.0806223366726
-183.2806223366714
811.9193776633571
438.5193776633412
1280.7193776633312
368.11937766332835
-266.6806223366605
1110.519377663339
2345.3193776633834
-63.280622336663384
1618.5193776633196
741.5193776633402
-5.880622336667578
-207.2806223366625
575.3193776633425
947.9193776633214
547.3193776633591
-615.4806223366709
81.919377663334
-931.880622336652
352.71937766333457
678.3193776633514
956.3193776633636
-142.48062233666886
988.11937766334
1029.719377663332
853.319377663323
1169.319377663351
-837.6806223366704
111.51937766334711
590.5193776633477
814.5193776633068
-394.28062233666446
-428.8806223366685
-367.6806223366586
592.1193776633438
1976.7193776633617
1019.9193776633131
-487.8806223366581
1585.119377663306
-828.6806223366672
-1442.0806223366383
141.7193776633365
1369.3193776633557
-657.8806223366437
-1037.4806223366702
-513.0806223366607
424.7193776633453
8.719377663346524
-1524.480622336669
-127.28062233665645
-1244.0806223366035
1759.119377663301
500.3193776633378
462.5193776633427
1110.919377663338
1665.5193776633475
476.5193776633321
887.9193776633193
437.71937766333053
-499.08062233666396
-910.8806223366677
2277.3193776633607
2147.919377663351
-151.2806223366634
-31.88062233666261
937.1193776633239
1139.5193776633391
911.1193776633252
1402.919377663329
119.51937766333774
1384.3193776633516
354.1193776633426
1264.3193776633254
-334.880622336667
-1105.6806223367012
-1040.280622336656
657.91937766334
-2043.0806223366903
-292.28062233665884
-174.68062233666276
902.5193776633383
1325.7193776633396
-361.88062233667017
2184.3193776633593
147.91937766333731
1668.719377663319
1427.71937766332
200.7193776633453
-61.6806223366567
274.71937766334014
-1015.0806223366756
219.11937766333253
-727.2806223366642
-393.6806223366756
2006.519377663346
767.5193776633511
-555.2806223366634
-1182.4806223366766
-639.8806223366872
-218.48062233666303
-1372.8806223366732
220.31937766333684
-1697.4806223366693
755.1193776633381
-1225.4806223366604
-2035.6806223366593
-920.8806223366627
-2662.280622336663
-350.08062233665686
-2459.080622336666
-1367.880622336672
-340.28062233666554
980.7193776633534
482.71937766334105
-398.08062233666925
136.1193776633355
-739.4806223366601
-579.4806223366608
1131.9193776633301
-848.6806223366603
-323.48062233666224
-869.2806223366599
-1439.080622336673
-664.2806223366696
438.71937766333724
112.7193776633355
2623.719377663367
883.9193776633446
174.91937766333936
-1242.0806223366562
-1117.88062233668
-1050.2806223366642
-2719.480622336694
688.3193776633393
-1217.0806223366726
-1542.080622336681
-2017.280622336708
-1085.4806223366727
-683.8806223367119
-3453.2806223367224
-725.0806223366639
-340.2806223366611
1684.3193776632907
-1052.080622336629
-622.2806223366903
891.5193776633236
1042.3193776633375
648.3193776633395
1023.3193776633392
569.3193776633434
1076.9193776633438
1820.319377663346
-1079.2806223366626
-1113.2806223366513
-439.280622336677
-827.280622336676
1108.1193776633454
-1174.0806223366778
-1105.6806223366775
-332.28062233666475
1339.7193776632892
-304.8806223366605
744.5193776633422
1622.1193776633188
-662.6806223366759
854.3193776633328
497.9193776633274
-2038.0806223366342
-1934.0806223367272
-665.6806223366777
-2755.4806223366413
-5184.880622336713
672.7193776633272
398.31937766333425
6.519377663335524
100.51937766334935
-1613.6806223366932
1822.5193776632727
451.71937766334094
-428.2806223366659
-958.6806223366582
1413.3193776633307
2643.9193776633547
2920.1193776633722
-722.080622336707
1034.5193776633619
877.9193776633407
-1067.4806223366563
-673.0806223366592
-2464.480622336652
-807.680622336651
297.91937766333166
1428.119377663292
-880.8806223366737
-845.4806223366654
-945.6806223366875
-1133.480622336636
1051.1193776633377
294.91937766334286
-1389.0806223366344
-1679.2806223366888
-330.2806223366666
-1322.6806223366286
-3157.480622336644
-223.68062233665998
-1072.280622336681
-3347.2806223367165
-687.8806223366685
-635.8806223366612
1973.119377663305
-1417.880622336626
120.51937766333681
-1006.0806223366914
-387.4806223366919
816.9193776633356
-1145.2806223366454
-311.8806223366499
137.31937766334246
625.1193776633404
-436.2806223366617
55.519377663332946
-236.08062233665754
2073.9193776633438
-1250.2806223366792
379.31937766331515
-2309.8806223366714
-1528.6806223366689
-1444.0806223366744
-932.8806223366671
-214.48062233666394
2112.119377663375
-722.4806223366638
-512.2806223366649
286.71937766333195
278.71937766334366
-1587.8806223366641
30.319377663339083
-1016.6806223366591
30.319377663336848
447.11937766333625
-1313.280622336657
-322.08062233665015
-2928.280622336705
-2149.4806223366736
-1719.6806223367103
-1050.680622336643
-196.68062233666407
-561.4806223366654
1384.5193776633282
-1180.480622336676
268.51937766333765
-853.2806223366634
354.3193776633452
-653.4806223366702
-585.0806223366653
-2303.280622336703
-210.88062233666454
-40.88062233665823
-579.4806223366969
596.7193776633366
1227.5193776633382
-2126.680622336658
1465.319377663324
-1306.2806223366506
-1607.6806223366746
1259.9193776633222
-44.88062233667939
-363.8806223366691
-1665.6806223366614
-831.6806223367041
-2889.280622336617
-1432.680622336708
-463.0806223366733
-467.88062233667165
-916.8806223366635
-139.88062233666074
-300.8806223366633
1724.3193776633523
-409.6806223366748
-241.08062233666146
-172.2806223366578
-1056.680622336669
-1085.2806223366651
-234.08062233666232
610.9193776633273
-1458.8806223366373
602.7193776633396
-1069.0806223366565
-1185.280622336678
-318.48062233665974
-572.8806223366423
-1306.080622336629
739.5193776633382
136.9193776633399
-890.0806223366419
-58.88062233666817
-279.88062233666113
-74.6806223366604
-2233.880622336668
1860.7193776633565
-1161.4806223366554
1461.7193776633403
-1218.880622336692
938.3193776633331
-181.08062233667295
97.71937766332925
-1800.2806223367245
-1081.8806223366694
-1943.0806223366424
1433.3193776633207
-633.6806223366667
540.5193776633321
51.71937766333722
-823.6806223366525
-776.4806223366587
191.719377663337
-1135.8806223366641
-1242.480622336674
1180.7193776633426
1102.1193776633572
1530.5193776633212
-811.8806223366502
-511.28062233665656
-526.8806223366607
443.71937766333707
97.71937766334084
-1012.4806223366476
257.91937766333024
30.119377663334276
381.11937766333745
-1707.4806223366209
1779.719377663347
-1830.8806223367053
1413.1193776633374
-288.4806223366581
426.3193776633428
-1859.4806223366886
74.71937766332357
-1586.0806223366835
-1595.48062233667
-683.4806223366812
-2737.4806223367136
-1146.4806223366666
39.71937766334308
432.1193776633474
4.1193776633351575
-2074.880622336688
-1448.080622336664
-392.0806223366624
-1607.0806223366753
-1406.880622336696
-880.080622336652
5.519377663338318
-1897.480622336691
-2434.280622336702
264.51937766333936
1792.1193776633454
1980.7193776633242
-2255.880622336681
-970.8806223366543
-1147.0806223366721
233.31937766333274
-915.08062233667
1013.5193776633301
-1165.0806223366737
-1707.6806223366627
-305.28062233666844
953.9193776633347
-165.28062233664517
1760.31937766332
-1483.4806223366602
-2171.4806223366168
997.1193776633284
-313.68062233666154
772.519377663345
215.11937766333466
-2010.4806223366497
-167.28062233666753
-1082.0806223366492
-1475.280622336674
-1281.68062233659
-2069.6806223366557
1398.3193776633275
520.7193776633295
-157.4806223366761
595.5193776633445
-341.48062233668196
-59.08062233665441
137.71937766333764
-18.68062233666637
-731.8806223366771
1192.3193776633354
-1000.4806223366659
371.71937766334065
-2384.2806223366897
269.31937766333493
-94.28062233666216
-1339.6806223366905
-439.6806223366434
415.71937766333207
253.11937766333273
81.51937766333856
-1044.2806223366447
-1905.680622336671
1644.9193776633144
1250.1193776633204
-787.8806223366688
-257.680622336664
-570.4806223366674
-272.8806223366601
-894.8806223366785
667.9193776633286
2349.7193776632926
1089.3193776633477
-221.08062233664248
148.31937766332882
-550.6806223366647
-363.08062233666084
-447.6806223366783
95.51937766333847
126.71937766333468
-1499.0806223366603
894.3193776633378
-135.88062233666506
-1425.2806223366458
49.71937766333704
-721.0806223366407
10.919377663336622
1288.119377663346
-706.880622336661
552.3193776633459
-543.6806223366626
-318.2806223366674
-1519.6806223366602
178.919377663342
-146.88062233666133
-261.28062233666697
497.3193776633332
89.11937766333985
109.31937766333789
-234.0806223366626
-945.880622336653
-198.48062233667662
-325.68062233663994
1099.3193776633398
1737.919377663313
229.1193776633441
858.7193776633444
1117.319377663329
-1110.0806223366596
480.31937766333925
-970.6806223367165
-1824.0806223366637
-1006.6806223366816
1009.3193776633244
-70.08062233667238
-36.28062233666482
-170.080622336658
-743.0806223366759
-1168.6806223366607
203.71937766334207
-363.6806223366646
1181.9193776633456
743.1193776633176
101.3193776633247
-2045.680622336748
-1417.4806223366688
-710.8806223366765
-636.680622336656
-646.6806223366609
-197.28062233666574
366.7193776633221
-502.6806223366555
463.11937766333585
-216.28062233666415
-910.4806223366561
441.7193776633322
762.7193776633251
714.9193776633298
-738.6806223366735
620.9193776633311
-565.480622336679
-1336.480622336705
-2597.880622336642
-1093.280622336663
-1098.8806223366514
469.91937766333217
799.5193776633344
410.5193776633445
-427.2806223366798
-1659.4806223366663
-340.2806223366605
459.7193776633307
625.7193776633349
2357.5193776633587
2116.119377663361
501.5193776633412
-585.2806223366578
-297.480622336681
395.3193776633313
-739.2806223366567
-931.8806223366744
-1765.680622336649
-188.68062233665523
290.3193776633386
-506.6806223366674
-699.0806223366576
-1675.2806223366872
-406.6806223366642
-1460.4806223366918
-2153.8806223367187
-949.8806223366628
-1400.2806223366636
-2034.880622336678
-287.0806223366575
376.1193776633305
1367.1193776633245
-1238.280622336679
-1197.4806223366645
-692.6806223366629
1215.719377663329
493.5193776633354
158.31937766333732
5.7193776633488085
-912.8806223366761
-433.0806223366682
-155.8806223366415
-702.4806223366725
1421.919377663321
-534.4806223366573
-2373.080622336665
-576.6806223366642
272.1193776633411
1630.5193776633398
-761.6806223366477
96.11937766333924
89.31937766333787
555.7193776633327
388.3193776633395
-916.6806223366627
354.1193776633291
-182.28062233666734
-1762.6806223366584
-664.4806223366337
-1349.0806223367201
-1100.2806223366263
-1285.8806223366794
-1298.6806223366511
-537.2806223366842
-147.0806223366648
715.5193776633404
-640.2806223366562
2664.319377663348
1189.5193776633462
672.5193776633483
853.5193776633532
-998.6806223366458
-1692.0806223366797
190.319377663338
-315.8806223366624
1619.3193776633427
-395.48062233667156
657.9193776633422
311.3193776633367
-994.8806223366763
-319.08062233666504
-2458.4806223366563
-1302.680622336669
-1291.880622336621
-646.8806223366664
-407.68062233664466
-995.4806223366732
-342.080622336668
941.9193776633074
-2354.2806223366483
-1627.8806223367098
-2391.2806223366806
-383.8806223366634
-275.88062233666614
-3071.8806223366637
-2638.0806223366717
-456.8806223366647
-9.280622336664159
-2149.080622336638
1329.7193776633435
319.119377663338
1732.3193776633661
-114.68062233665812
-1555.280622336655
-1935.2806223366297
-183.8806223366576
-647.4806223366597
-986.280622336674
206.11937766333762
1530.7193776633244
1153.519377663343
-413.4806223366562
462.5193776633424
1060.1193776633347
1038.3193776633352
1270.5193776633587
-62.68062233666019
759.9193776633243
656.31937766334
-457.4806223366611
719.5193776633253
-1495.0806223366353
736.7193776633437
-838.6806223366652
856.1193776633361
872.9193776633393
-856.8806223366548
-743.6806223366295
84.11937766333986
558.7193776633293
-1217.2806223366724
-1178.0806223366676
-470.680622336668
977.1193776633427
146.5193776633327
-400.2806223366649
-553.680622336655
-505.08062233666493
725.519377663327
1160.919377663318
1163.1193776633334
-655.4806223366652
-1388.480622336738
-459.0806223366668
538.9193776633325
-518.0806223366527
-1113.280622336631
-1596.6806223366757
-2151.280622336643
-1146.880622336646
-547.280622336672
-1549.0806223366496
38.519377663337046
209.11937766332926
-1044.8806223366582
-956.0806223366677
-89.48062233665487
-2352.280622336667
-822.280622336681
525.9193776633359
-635.8806223366508
-258.8806223366798
623.5193776633304
846.5193776633156
-638.0806223366611
291.51937766333316
418.1193776633684
-1735.2806223366586
-854.4806223366292
-589.6806223366614
881.3193776633248
438.3193776633327
554.3193776633293
-449.8806223366679
-574.4806223366645
285.5193776633379
879.9193776633292
1566.5193776633796
1052.7193776633344
274.9193776633381
1530.7193776633376
1610.919377663337
457.91937766334144
-180.88062233666722
951.1193776633726
1820.919377663327
887.5193776633489
1187.3193776633327
1074.1193776633324
-1220.680622336664
831.519377663364
1509.1193776633577
319.31937766334636
-420.0806223366646
-76.48062233666465
1079.1193776633474
1104.7193776633294
562.1193776633527
5272.519377663292
1751.1193776633008
1054.7193776632334
1790.519377663337
490.3193776633321
206.9193776633609
868.9193776633323
341.9193776633301
2474.3193776633134
917.3193776632975
2043.3193776633675
1903.7193776633596
805.9193776633571
2122.719377663338
2636.9193776632887
1604.319377663357
1535.7193776633676
1004.5193776633375
921.3193776633894
1465.9193776633326
225.91937766334257
2028.3193776633993
2333.119377663328
68.9193776633274
127.31937766331825
-949.2806223366695
-482.28062233666805
236.31937766330933
854.7193776633223
-1361.8806223366744
2571.519377663389
3725.9193776634265
1277.1193776633363
1234.1193776633143
-560.2806223366621
1488.3193776632918
-144.68062233667195
1127.319377663313
725.5193776633155
-1161.0806223366624
-431.48062233666434
660.7193776633297
-1029.4806223366816
-1283.8806223366519
-1425.8806223366626
-1423.880622336661
-1973.8806223366641
-1473.08062233668
-575.680622336662
-136.48062233666445
-1015.0806223366592
-297.28062233666856
-2896.88062233667
-710.2806223366691
870.5193776633153
1354.3193776633289
1066.1193776633468
-574.880622336656
-557.4806223366659
1235.919377663344
2475.7193776633917
236.519377663307
3278.719377663416
2966.719377663378
279.91937766333893
-223.88062233666278
694.7193776633177
1620.3193776633534
415.9193776633184
598.3193776632991
933.5193776633332
-2176.8806223366637
-1232.4806223366104
143.7193776633345
-377.4806223366583
-1718.480622336658
-1039.8806223366746
1757.9193776633663
-884.6806223366631
607.319377663335
-669.8806223366669
255.51937766334225
253.51937766334208
-969.280622336687
-3334.4806223365754
-1977.0806223366865
-794.4806223366674
-758.2806223366682
-1198.480622336663
-151.28062233666319
-92.88062233665383
-1225.0806223366653
662.3193776633158
-385.48062233665877
-355.0806223366705
1875.1193776633243
1421.3193776633168
695.1193776633501
916.3193776633462
2175.919377663333
1155.9193776633176
561.3193776633377
894.5193776633528
-39.6806223366638
148.51937766332662
-1267.680622336611
-509.8806223366519
-422.48062233666775
-37.68062233666413
657.7193776633408
-900.6806223366577
-377.88062233666926
-2052.4806223366145
-701.8806223366738
-2473.4806223366863
-1455.8806223367221
-748.8806223366641
-642.2806223366866
1578.1193776632963
2741.1193776633704
2024.719377663332
1670.319377663339
1959.31937766329
-1109.2806223366658
-175.4806223366611
118.71937766334014
-614.8806223366529
1277.1193776633488
-1195.2806223366654
-1553.0806223366928
-1619.2806223366886
-850.2806223366563
689.5193776633168
395.3193776633328
529.3193776633035
1791.719377663319
192.1193776633324
-585.8806223366641
-1428.280622336667
1261.5193776633553
958.1193776633418
-427.28062233666685
447.11937766334665
1670.3193776633238
679.3193776633315
1773.5193776633266
-240.08062233668971
886.1193776633401
109.91937766333113
304.3193776633364
1082.1193776633102
-412.4806223366651
1188.9193776633106
1530.7193776633433
1375.9193776633347
-682.0806223366568
687.3193776633254
694.1193776633371
-876.680622336661
1040.9193776633288
-545.0806223366819
-1853.0806223366528
-1448.8806223366644
-1548.0806223366794
-472.48062233666957
449.3193776633466
-271.0806223366522
622.9193776633383
288.91937766334775
683.5193776633545
-860.8806223366595
-137.08062233667286
-3098.6806223367375
-1204.0806223366328
-576.0806223366616
309.3193776633288
1703.9193776633351
1079.9193776633433
-492.68062233665586
1269.5193776633307
-819.6806223366617
-1110.2806223366454
1266.5193776633298
-1813.680622336665
-230.88062233666437
-524.2806223366699
-1863.0806223366674
-789.6806223366652
-885.2806223366678
-545.0806223366552
-816.8806223366706
-1152.080622336659
-2053.4806223366477
-571.6806223366607
829.5193776633425
-2001.2806223366565
-1789.8806223366678
915.3193776633311
-1014.4806223366603
-1826.8806223366905
-140.68062233665364
1206.519377663317
-801.080622336679
750.7193776633186
-753.4806223366645
85.91937766333788
-990.880622336684
242.71937766334568
-219.68062233666285
-1058.2806223366472
-750.2806223366618
1923.51937766333
1172.11937766333
-44.480622336668816
1168.5193776633382
-102.88062233666304
468.71937766334275
2011.519377663354
-942.4806223366788
89.319377663341
-665.4806223366662
-1106.08062233666
1018.5193776633439
352.9193776633315
-1560.8806223367003
-242.0806223366636
-138.8806223366647
208.3193776633447
472.71937766333906
43.11937766334184
733.5193776633387
-941.4806223366618
1341.5193776633694
-28.080622336681582
250.11937766334094
1648.9193776633501
189.11937766333466
-556.0806223366918
336.91937766333876
1652.119377663332
425.7193776633396
539.9193776633259
-2508.68062233666
-911.6806223366626
-2006.2806223366472
-1035.0806223366387
274.91937766334496
124.91937766333825
-879.8806223366688
295.11937766333494
-996.4806223366523
-934.6806223366684
1043.9193776633253
-673.2806223366563
373.519377663327
482.7193776633413
-2971.6806223366584
-221.68062233666527
1618.9193776633103
2655.319377663388
843.9193776633269
1429.7193776633292
1442.3193776633052
444.919377663367
2248.9193776633106
2190.9193776633197
1925.7193776633048
412.1193776633379
-381.2806223366605
1929.7193776633505
955.1193776633215
1116.519377663332
2244.5193776633027
951.719377663334
-63.48062233665903
1506.7193776633187
-322.48062233666866
682.9193776633454
-503.8806223366614
-731.8806223366785
-490.4806223366617
-750.4806223366724
801.919377663358
-106.88062233666138
-157.08062233666152
-919.2806223366633
620.119377663339
-1451.680622336662
-1174.0806223366674
-253.48062233664976
8.919377663335137
136.51937766333376
-2014.6806223366789
-277.88062233666926
-1178.6806223366614
-702.8806223366647
412.9193776633455
505.9193776633314
-286.2806223366697
460.71937766333184
-1767.4806223366795
-1488.4806223366566
679.5193776633421
-129.68062233666305
2885.5193776632846
-593.2806223366616
-1889.8806223366364
788.5193776633398
791.9193776633304
836.7193776633438
-595.0806223366578
-1991.6806223366557
-1683.6806223366357
-1436.0806223366842
79.71937766333708
-541.2806223366618
-815.4806223366678
-1026.6806223366798
1419.7193776633007
-1062.0806223366747
1394.5193776633462
250.7193776633394
-1304.680622336717
-407.8806223366729
-354.88062233666705
1126.3193776633511
-432.48062233667054
224.71937766334727
1151.519377663341
-35.280622336658794
-416.680622336668
-447.4806223366676
-467.28062233667146
-2081.0806223366963
34.31937766334181
-1150.4806223366531
801.3193776633401
17.319377663347442
-1308.880622336666
1499.3193776632727
414.5193776633435
1358.5193776633341
809.71937766338
-986.8806223366503
-504.08062233666396
-350.68062233666103
-437.0806223366519
-99.28062233665852
285.3193776633414
-1378.0806223366712
2348.519377663335
1169.7193776633092
-230.28062233667254
-9.480622336660161
339.3193776633403
447.91937766334013
1323.5193776633478
-64.8806223366694
367.3193776633302
-1010.6806223366516
-153.68062233667044
53.71937766334308
104.9193776633384
-1142.6806223366855
404.51937766333623
-556.8806223366461
353.9193776633362
113.51937766333461
-863.4806223366623
-455.280622336668
-2698.680622336668
-1249.680622336666
-1417.0806223366628
-749.2806223366716
-439.88062233665596
-475.8806223366641
-286.8806223366651
-627.6806223366642
-1331.680622336693
378.7193776633339
-1987.4806223366015
-1902.0806223366553
1192.3193776633382
2367.519377663298
-1057.8806223366785
-966.8806223366672
287.71937766333
428.1193776633362
1168.119377663338
-1320.8806223366735
-622.0806223366938
-1943.0806223367242
1070.3193776633325
-375.4806223366751
-848.880622336672
-531.2806223366716
736.7193776633443
-640.0806223366837
1216.519377663307
721.1193776633264
-33.48062233665787
-1184.8806223366646
-462.68062233665825
-106.4806223366665
-1510.0806223366862
-883.4806223366709
1233.1193776633402
928.7193776633336
-1416.080622336691
-251.88062233666827
-1741.8806223366726
-113.68062233666103
58.919377663340775
1660.5193776632998
1096.5193776633332
312.11937766332306
-1495.6806223366411
450.9193776633256
-838.4806223366846
406.11937766334546
1415.5193776633362
1134.9193776633363
-74.48062233666136
-1519.2806223366513
1168.919377663336
-1145.8806223366735
-464.2806223366674
-1174.2806223366626
-497.8806223366817
-246.6806223366679
1208.9193776633467
456.3193776633394
1093.919377663335
-1074.2806223366288
-2356.8806223367023
-50.68062233666671
-933.6806223366608
-652.2806223366644
-179.28062233667148
36.7193776633405
-569.8806223366597
-1067.680622336663
-385.28062233666554
-1608.8806223366423
1904.9193776633201
107.11937766334563
136.9193776633379
335.91937766332643
-1817.6806223367228
746.719377663317
-494.08062233667226
604.119377663331
2262.7193776633185
2760.5193776633637
-24.280622336663164
-1151.0806223366583
-547.6806223366583
-936.6806223366759
-1914.0806223366797
-1581.0806223366712
-1800.2806223366874
-56.680622336662566
329.7193776633396
813.1193776633412
780.1193776633356
774.1193776633535
-1105.680622336656
1103.1193776633386
-488.68062233666416
2.5193776633413023
-402.28062233667134
-822.4806223366783
-849.8806223366721
-1607.880622336671
849.1193776633357
-502.6806223366642
551.119377663344
-353.48062233667014
1467.1193776633509
184.71937766331203
-1856.2806223366317
448.7193776633271
373.51937766333384
2809.319377663353
1750.1193776633459
2016.5193776633316
345.1193776633415
-757.8806223366586
-1269.080622336668
1057.7193776633326
225.51937766333776
-544.4806223366602
685.3193776633385
-585.0806223366868
-533.2806223366579
789.1193776633321
995.5193776633319
2387.5193776633473
-1279.48062233672
-1721.6806223366282
-599.680622336678
2315.919377663348
1122.3193776633398
1463.7193776633392
2101.9193776632774
-456.08062233666436
126.51937766333285
489.1193776633459
-686.8806223366702
474.31937766333357
2524.7193776633285
-1864.8806223366591
-3496.280622336783
1770.319377663331
125.11937766333362
688.9193776633304
1453.5193776633307
976.5193776633399
2309.5193776633264
299.1193776633359
-1284.0806223366487
-1323.080622336673
916.5193776633395
2136.5193776633296
1896.9193776633263
-893.0806223367025
438.1193776633397
893.3193776633532
-162.6806223366666
102.91937766333596
-2605.480622336662
-1748.4806223366447
872.7193776633403
2948.1193776633118
912.3193776633123
658.3193776633448
-330.2806223366699
-1581.480622336659
-426.08062233665856
-679.4806223366616
-1923.4806223366472
-801.4806223366476
1216.5193776633457
-1192.2806223366304
-1345.0806223366274
1419.9193776633354
101.51937766333127
-2088.8806223366514
-25.88062233666657
1877.5193776633291
4152.919377663368
-104.88062233666612
261.71937766333343
-773.6806223366513
-993.8806223366622
326.51937766333646
-2211.0806223366944
-1417.0806223366992
-81.88062233665975
456.3193776633396
-572.0806223366623
-664.0806223366641
-1305.880622336648
1490.9193776633313
110.1193776633328
1689.3193776632927
-411.6806223366669
36.519377663346674
-1022.0806223366556
-1751.2806223366547
-869.0806223366699
2088.7193776633358
-660.2806223366626
-803.0806223366385
-327.28062233666486
-1113.0806223365707
-1389.280622336738
33.71937766333298
134.9193776633359
1302.7193776633308
1074.7193776633405
493.7193776633244
1458.919377663335
-1857.4806223366368
-1856.6806223366652
-910.6806223366814
-83.28062233666498
-537.2806223366468
-800.8806223366531
683.1193776633424
-727.4806223366612
1251.319377663328
-9.280622336664424
-213.08062233666385
-1760.6806223366787
-321.8806223366605
-1103.880622336657
1151.7193776633026
1963.9193776633313
61.91937766334163
29.119377663338152
394.11937766334427
-1839.880622336626
2180.9193776633133
-685.8806223366676
-1505.480622336649
93.91937766333366
-2637.0806223366826
-1483.0806223366437
-2418.4806223365636
-260.48062233664047
-2098.680622336649
-655.4806223366625
581.5193776633382
642.9193776633246
919.7193776633085
1587.3193776633705
1002.9193776633191
2726.119377663307
-747.4806223366548
-992.4806223366686
-594.8806223366637
150.31937766333684
973.7193776633221
729.7193776633468
1124.3193776633286
-1188.0806223366485
1393.919377663329
-906.4806223366744
-437.4806223366491
835.71937766335
-1031.480622336688
-1865.680622336661
-495.48062233666514
-46.88062233666641
285.91937766333115
472.319377663337
-22.480622336672823
-1375.4806223366631
-5898.880622336784
-561.68062233668
-1605.480622336681
2272.5193776633287
-1472.0806223366465
371.7193776633371
-392.28062233666327
680.3193776633226
243.7193776633383
1035.9193776633147
-746.2806223366803
1873.7193776633496
-858.6806223366417
-663.080622336663
424.11937766332824
911.5193776633225
1518.7193776633428
1307.5193776633187
431.7193776633143
837.3193776633324
2432.91937766336
632.9193776633413
2036.91937766339
700.9193776633127
-901.6806223366508
-540.8806223366695
13.519377663327386
119.51937766333081
-338.88062233666403
1149.319377663335
1142.71937766334
-142.68062233666302
-5341.2806223364805
-1293.280622336628
-2236.2806223366833
1814.9193776633476
-514.6806223366576
-424.080622336672
-2387.080622336713
522.3193776633398
243.3193776633339
591.9193776633355
1153.5193776633328
-577.880622336644
-347.48062233668094
615.3193776633459
1799.7193776633317
2014.7193776633171
131.91937766333808
1240.7193776633274
2290.319377663354
1006.3193776633246
179.7193776633365
-1154.6806223366498
443.9193776633408
-52.88062233665604
-1640.2806223366606
368.9193776633469
1542.5193776633905
2247.91937766331
-2573.08062233668
-638.2806223366692
1041.1193776633252
1840.5193776633375
-1952.2806223367213
-450.68062233667047
-260.280622336664
-710.0806223366736
-29.880622336655065
409.3193776633384
-139.68062233665748
2012.1193776632979
141.91937766334038
-421.48062233665723
1009.7193776633504
-449.4806223366633
741.7193776633403
1505.3193776633216
-466.8806223366683
505.31937766333596
-159.48062233667395
34.71937766333446
-757.6806223366301
-1598.6806223366816
2184.7193776633176
308.91937766333746
-148.48062233667162
2818.3193776633507
1077.7193776633235
-48.480622336661256
408.91937766334377
364.11937766331755
-1889.2806223366754
151.51937766333384
248.71937766333252
2130.919377663339
-2783.880622336643
-1976.4806223366315
-341.6806223366716
-1195.280622336617
-564.2806223366891
-94.08062233667071
274.51937766332907
437.5193776633464
659.1193776633421
-29.08062233665993
1056.7193776633235
110.91937766333143
-1482.6806223366664
156.7193776633279
414.51937766333896
522.1193776633526
49.71937766333139
675.7193776633318
572.1193776633528
-419.68062233667234
-161.6806223366637
-1038.480622336651
-556.4806223366721
847.7193776633321
7.1193776633420995
532.9193776633367
955.919377663352
-579.2806223366675
739.1193776633403
-1186.8806223366678
-1354.6806223366564
563.1193776633379
-2622.8806223366896
-2349.280622336682
-297.6806223366701
-1701.280622336668
-244.4806223366632
-501.4806223366669
668.5193776633296
-819.880622336659
1056.7193776633198
339.1193776633419
-905.8806223366394
-16.48062233666159
269.1193776633366
275.7193776633305
792.7193776633344
357.7193776633423
877.3193776633482
-930.0806223366268
-621.6806223366699
554.9193776633442
145.1193776633393
-73.28062233665821
1275.7193776633433
-794.6806223366524
875.1193776633319
-86.4806223366667
-1404.680622336629
63.1193776633317
1906.119377663251
-704.0806223366537
-454.48062233665996
-48.28062233665829
-3227.2806223366683
-2636.4806223366336
-1856.480622336652
-2940.08062233668
-559.4806223366662
661.3193776633304
1065.7193776633371
-1010.0806223366792
-507.08062233666226
-511.2806223366697
-521.0806223366758
333.1193776633337
1227.519377663315
985.7193776633674
913.1193776633294
2930.919377663289
1766.719377663346
-395.2806223366751
-120.88062233665802
246.31937766333303
529.5193776633408
-798.2806223366669
1788.5193776633148
722.5193776633306
103.91937766333223
-1563.280622336688
-596.0806223366768
-172.28062233665577
1000.7193776633292
485.91937766332705
-548.6806223366614
-1253.0806223366687
-4842.8806223367
-377.28062233666157
-716.2806223366598
-1641.6806223366557
270.7193776633391
1116.919377663352
-98.88062233666184
-492.0806223366575
848.319377663341
1291.5193776633153
358.31937766333584
659.1193776633345
-340.6806223366696
876.9193776633304
1074.1193776633286
1590.1193776633077
775.5193776633453
-972.8806223366598
152.3193776633395
-852.4806223366488
-936.0806223366473
-119.08062233665952
18.31937766334084
-676.6806223366586
1040.1193776633322
1838.119377663304
2353.7193776633444
-1107.2806223366554
-1003.0806223366726
-892.2806223366559
312.1193776633326
-330.0806223366507
-2798.8806223367633
1382.1193776633536
-84.28062233666259
-692.280622336661
-915.0806223366571
-1339.4806223366825
727.5193776633442
-948.0806223366735
-2450.2806223366356
-306.6806223366739
1478.5193776633791
2805.7193776633185
1031.1193776633306
1650.7193776633355
785.3193776633411
1363.9193776633072
609.3193776633409
-234.28062233666694
1158.3193776633452
1597.7193776633299
1080.919377663333
1460.9193776633535
1401.1193776633584
957.3193776633251
270.1193776633353
482.1193776633348
120.3193776633347
26.91937766333985
1238.3193776633273
-918.4806223366537
1639.519377663341
22.11937766333584
-1351.6806223366686
2702.5193776633687
566.9193776633371
-670.2806223366636
410.3193776633445
-632.4806223366776
1510.519377663313
56.31937766333607
470.5193776633386
300.1193776633306
-375.2806223366676
190.7193776633263
-872.8806223366762
2.1193776633434993
-776.6806223366697
181.71937766332343
79.11937766333973
-160.2806223366622
458.91937766334195
2339.719377663339
46.31937766333276
94.31937766333442
161.11937766333492
1493.9193776633226
1141.5193776633284
-1770.280622336673
-1819.280622336677
-548.6806223366666
533.7193776633211
-1510.0806223366694
613.1193776633423
-542.2806223366675
831.319377663311
1949.5193776633228
40.9193776633343
-528.6806223366717
233.71937766333767
-1023.8806223366726
-1292.4806223366525
147.51937766333907
1327.3193776633448
1540.1193776633413
355.9193776633396
872.1193776633405
1753.7193776633173
1190.9193776633256
1916.1193776633033
1086.5193776632896
1562.7193776633117
1609.919377663333
690.5193776633506
1628.3193776633063
-341.6806223366684
2137.7193776633603
919.1193776633407
1851.1193776633643
1762.1193776633365
293.71937766333207
-405.88062233666426
-149.48062233665942
1023.519377663341
-87.28062233666202
-658.0806223366669
-393.48062233665127
441.9193776633386
2423.3193776633307
1099.9193776633379
1055.91937766332
-351.2806223366695
-204.28062233666896
88.91937766334313
329.3193776633431
-1178.8806223366737
-1475.4806223366975
-669.0806223366687
-411.68062233667916
-1515.6806223366816
-1844.6806223366768
-956.2806223366669
-1280.6806223366664
-867.680622336653
328.319377663332
-614.6806223366605
-66.48062233666612
218.31937766333328
-758.0806223366587
-819.8806223366637
-356.88062233667296
-2425.0806223366617
-733.0806223366641
-153.88062233666255
-1332.8806223366626
-437.2806223366679
624.3193776633298
637.1193776633395
-429.6806223366568
447.119377663338
2545.919377663314
-96.28062233665554
408.31937766333834
-625.2806223366679
31.91937766333767
-621.2806223366631
72.1193776633344
-370.88062233665784
-610.2806223366504
56.11937766333717
-7.88062233666701
758.3193776633393
803.7193776633176
230.91937766334976
596.9193776633314
73.51937766335584
208.71937766334037
84.71937766333168
649.5193776633213
1656.7193776633821
628.5193776633366
604.11937766333
126.31937766333553
-1920.680622336671
-166.08062233666536
208.71937766334293
-864.0806223366668
-746.4806223366649
-236.680622336664
793.7193776633436
1834.919377663335
1764.1193776633038
