-53.28062233666421
117.11937766333723
-786.6806223366638
-561.6806223366625
-417.48062233666707
-809.0806223366675
-800.2806223366663
-787.8806223366655
-1017.8806223366641
-519.6806223366669
-655.8806223366645
-241.88062233665812
-334.2806223366642
-246.68062233666635
-148.08062233666186
-94.68062233666129
29.919377663335368
-250.68062233666365
-272.08062233666567
29.91937766333824
-327.6806223366635
-735.8806223366636
-232.48062233666656
-559.8806223366631
-1486.480622336669
-822.4806223366629
-952.2806223366682
-909.6806223366647
-804.2806223366654
-765.0806223366604
-1054.0806223366674
-459.6806223366647
-692.680622336666
-355.6806223366666
-605.880622336664
-621.8806223366649
-125.68062233666396
-597.6806223366644
41.719377663335706
-33.68062233666377
-752.8806223366652
-231.2806223366629
213.11937766333628
-223.28062233666708
-474.08062233666374
-306.8806223366624
-353.0806223366629
-504.08062233666044
-345.0806223366645
-34.88062233666465
402.3193776633373
675.119377663336
601.1193776633366
4.319377663335356
636.3193776633369
569.1193776633361
-28.880622336665773
15.719377663338712
-292.08062233665737
-457.08062233666203
-214.88062233666489
37.11937766333481
-251.88062233665875
125.11937766333621
-826.4806223366627
-401.4806223366633
-746.4806223366612
-688.8806223366691
-594.0806223366645
-856.680622336659
-105.28062233666361
157.31937766333823
-1069.6806223366643
-343.08062233665953
401.31937766334033
366.519377663337
314.9193776633345
499.9193776633305
926.3193776633374
275.71937766333593
407.3193776633367
214.71937766333096
770.1193776633313
857.7193776633367
909.5193776633414
491.31937766333743
388.9193776633358
415.3193776633353
133.91937766333467
36.71937766333548
8.91937766333534
-256.8806223366648
-429.48062233666195
-188.68062233666478
-579.8806223366615
-961.8806223366643
-1448.6806223366711
593.3193776633376
-109.88062233666393
-638.0806223366673
-618.8806223366632
-888.8806223366605
-623.6806223366632
-207.6806223366649
-609.6806223366599
-489.280622336664
-324.28062233666736
-138.28062233666492
708.7193776633369
1091.119377663338
816.3193776633337
202.91937766333658
420.3193776633359
-210.48062233665812
97.71937766333842
-423.8806223366626
52.91937766333691
427.7193776633367
-117.88062233666324
481.9193776633358
612.3193776633335
242.11937766333463
163.31937766333436
230.51937766333643
-385.8806223366614
-555.8806223366668
-685.8806223366611
-1000.6806223366655
-1279.6806223366616
615.1193776633363
20.319377663336574
-399.4806223366617
-329.0806223366649
-204.68062233666626
-447.4806223366653
-275.4806223366627
49.51937766333651
-472.4806223366635
-37.480622336662066
-90.48062233666366
1600.5193776633428
1665.719377663327
946.5193776633415
723.5193776633309
1295.9193776633315
514.519377663342
490.3193776633302
163.3193776633336
382.9193776633357
425.91937766333683
-371.4806223366685
-195.28062233666498
-397.08062233666584
-456.68062233666274
-254.6806223366632
-140.48062233666505
-438.08062233666067
-26.880622336663272
-200.28062233666557
-719.4806223366623
-1025.0806223366658
792.5193776633364
185.1193776633349
-107.08062233666418
-48.880622336663585
-412.8806223366633
-127.68062233666518
-503.0806223366642
-362.0806223366618
-152.28062233666463
53.91937766333879
-56.68062233666495
674.3193776633361
-224.68062233666578
-193.08062233666226
-117.48062233666394
592.9193776633314
868.3193776633304
325.11937766333455
23.319377663337086
360.1193776633374
-132.28062233666392
-1004.8806223366605
-477.0806223366611
-944.2806223366683
-739.880622336665
-813.4806223366635
-1391.8806223366614
-802.2806223366622
-379.0806223366598
-824.0806223366611
-1017.4806223366613
-1415.6806223366655
-130.2806223366648
125.11937766333645
242.31937766333596
-442.4806223366632
-570.0806223366668
508.51937766333793
-199.4806223366616
-885.480622336664
83.71937766333653
298.9193776633402
-212.48062233666423
204.91937766333606
-311.8806223366628
-105.4806223366638
-139.68062233666555
709.5193776633372
456.7193776633355
176.71937766333588
408.3193776633389
903.5193776633392
605.7193776633368
-120.28062233666483
216.3193776633355
-120.68062233666407
-62.68062233666511
175.31937766333584
-684.6806223366677
-449.0806223366643
-436.88062233666545
-975.6806223366649
-348.68062233666467
-629.8806223366649
-335.6806223366659
-15.280622336662653
-390.6806223366698
-504.0806223366596
-363.0806223366665
-22.48062233666348
-18.680622336665948
-844.4806223366569
51.119377663335584
-421.0806223366638
-687.0806223366623
-531.0806223366644
-549.0806223366648
-698.0806223366617
-464.48062233666343
488.7193776633371
233.31937766333334
393.71937766333843
-355.2806223366637
269.91937766333587
178.71937766333764
361.11937766334006
540.9193776633352
365.11937766334097
-174.88062233666747
-260.8806223366688
-321.8806223366645
-208.68062233666302
-181.2806223366626
-811.480622336665
-118.48062233666492
-233.48062233666397
-771.6806223366643
-390.6806223366631
-346.4806223366629
-91.68062233666618
-713.6806223366672
-538.6806223366667
-185.4806223366633
-576.0806223366649
-339.88062233666614
-838.6806223366652
-473.08062233666334
-263.4806223366636
682.5193776633357
1094.7193776633305
522.319377663334
508.71937766333514
549.719377663337
50.919377663338615
-538.6806223366643
302.11937766333665
221.719377663338
624.3193776633395
153.5193776633305
-51.280622336663896
163.91937766333626
-283.4806223366635
255.7193776633352
-116.28062233666287
-693.0806223366613
-734.8806223366624
56.519377663335526
-739.480622336666
14.519377663336499
165.51937766333563
-412.08062233666743
-660.6806223366643
-1465.280622336662
-528.480622336663
-148.68062233666566
-42.6806223366633
-137.8806223366647
-1053.8806223366678
-619.8806223366613
619.1193776633384
936.1193776633316
1349.1193776633377
1580.1193776633402
783.9193776633326
850.3193776633441
-333.880622336662
-802.4806223366633
261.31937766333516
131.1193776633371
422.71937766333934
407.7193776633315
40.9193776633347
509.3193776633365
-3.2806223366639244
153.91937766333567
-204.6806223366649
-278.4806223366644
60.31937766333387
626.3193776633367
-355.2806223366665
1282.7193776633396
894.3193776633378
-59.28062233666681
-352.680622336664
-869.6806223366639
485.71937766333656
432.5193776633401
156.71937766333755
465.7193776633339
-644.4806223366636
-233.6806223366627
133.91937766333746
-135.6806223366634
404.9193776633362
626.5193776633391
246.71937766333502
277.119377663337
7.919377663337844
-230.8806223366629
456.1193776633353
-387.08062233666124
-27.480622336667693
621.9193776633409
-15.680622336663287
329.519377663339
52.91937766333743
-187.48062233666553
-360.88062233666545
83.51937766333634
-1.480622336663977
300.1193776633361
-361.880622336664
859.5193776633354
672.319377663335
586.7193776633367
81.11937766333386
-169.48062233666332
572.9193776633349
858.9193776633356
-713.8806223366676
-240.68062233666373
20.519377663337828
315.3193776633369
-256.28062233666367
-547.4806223366637
-756.4806223366644
-662.8806223366661
145.1193776633363
-102.28062233666473
-89.88062233666345
-364.4806223366678
-26.480622336664453
-689.8806223366647
-687.4806223366653
-422.480622336661
-494.08062233666675
26.719377663336964
-40.28062233666311
-314.08062233666186
-301.2806223366632
-694.0806223366611
-484.08062233666345
-15.68062233666219
-91.68062233666366
-59.68062233666314
28.91937766333729
439.51937766333543
208.5193776633351
90.91937766333679
336.9193776633378
525.5193776633347
-955.4806223366575
-150.0806223366651
-302.28062233666236
-422.08062233666254
-388.08062233666385
-659.6806223366644
-1141.8806223366605
-835.4806223366691
-188.88062233666386
-100.68062233666606
-219.68062233666345
-50.88062233666409
233.91937766333658
-183.48062233666803
-21.880622336661943
-26.680622336662097
-214.0806223366632
38.319377663338194
417.51937766333964
54.319377663334926
158.5193776633366
249.91937766333672
996.3193776633348
446.3193776633354
-427.0806223366626
-923.6806223366682
-108.08062233666233
-306.0806223366658
29.11937766333338
-120.08062233666317
504.1193776633375
5.919377663337421
-880.0806223366657
-175.6806223366612
-993.0806223366645
-459.68062233666
-456.8806223366665
-522.480622336661
-293.4806223366618
-9.680622336666186
52.71937766333581
215.11937766333335
278.51937766333435
-102.08062233666469
589.9193776633375
385.91937766333456
328.1193776633385
149.9193776633378
3.9193776633352506
599.319377663336
404.7193776633369
177.51937766333543
-263.48062233666445
659.3193776633395
817.5193776633373
511.119377663336
-373.0806223366625
-1482.6806223366661
-80.88062233666389
60.319377663336006
33.71937766333598
-54.0806223366651
162.71937766333585
-551.2806223366632
-749.4806223366655
-319.4806223366648
-887.4806223366686
-885.6806223366681
-626.4806223366652
-115.08062233666342
-47.48062233666174
-85.88062233666021
69.11937766333811
-15.880622336664327
339.9193776633387
203.71937766333517
603.3193776633385
-146.88062233666506
-296.08062233666243
-519.880622336661
-402.0806223366588
470.9193776633384
-301.68062233666376
-183.08062233666286
-223.28062233666182
69.1193776633341
409.51937766333447
498.71937766333923
-334.48062233665917
-1371.8806223366703
493.71937766333747
1298.5193776633369
1192.319377663343
-551.8806223366644
-823.080622336662
-366.8806223366629
-51.880622336664686
56.719377663337
-311.08062233666504
-714.4806223366658
126.51937766333651
1032.7193776633303
-240.68062233666464
-199.48062233666212
90.3193776633361
-478.0806223366626
445.71937766333616
53.11937766333652
-197.08062233666303
-669.8806223366618
-301.28062233666503
-616.4806223366645
75.11937766333656
1184.3193776633377
397.31937766333795
-200.88062233666506
-164.28062233666572
-46.280622336663065
585.5193776633355
629.5193776633383
-670.0806223366616
-2125.0806223366585
862.5193776633355
1352.7193776633353
899.1193776633409
-324.0806223366636
-1092.6806223366648
-196.68062233666245
-517.4806223366661
-126.68062233666298
-208.080622336666
-43.28062233666331
842.1193776633305
1377.7193776633387
86.11937766333857
444.31937766333476
682.1193776633378
-157.08062233666396
521.5193776633369
543.1193776633356
1062.5193776633407
188.51937766333688
-132.48062233666505
-382.48062233666377
117.71937766333721
577.3193776633401
642.1193776633374
714.719377663341
146.1193776633363
55.7193776633361
977.7193776633338
1116.5193776633369
-423.28062233666066
-827.8806223366621
1136.7193776633364
831.9193776633349
-159.28062233666614
88.51937766333376
-307.28062233666384
88.51937766333614
-813.4806223366675
474.91937766333615
460.7193776633365
155.91937766333584
896.9193776633335
1107.9193776633429
988.9193776633449
998.5193776633375
930.1193776633339
367.91937766334144
870.319377663341
1060.7193776633408
2363.3193776633348
904.7193776633338
349.71937766333224
-630.6806223366663
-319.0806223366607
-36.28062233667296
397.1193776633331
231.5193776633351
275.1193776633325
-266.2806223366633
914.9193776633294
1132.1193776633434
178.71937766333542
289.9193776633345
1303.7193776633337
575.1193776633302
254.71937766333699
376.5193776633368
-369.48062233666417
-246.68062233666518
-301.6806223366615
231.11937766333642
357.3193776633361
70.51937766333916
350.11937766334023
1045.5193776633382
1016.9193776633452
615.1193776633345
894.7193776633362
-22.080622336662636
385.5193776633368
379.71937766333485
746.919377663335
202.71937766333727
635.7193776633321
213.51937766333555
-245.88062233666454
86.9193776633355
632.9193776633333
-642.0806223366637
-220.48062233666445
-411.2806223366648
775.3193776633433
1517.1193776633256
909.3193776633376
577.3193776633364
368.31937766333607
249.31937766333775
-862.4806223366676
-104.68062233666261
-120.48062233666171
-27.88062233665968
638.7193776633329
1191.7193776633299
1097.119377663335
658.1193776633348
-575.6806223366673
-219.28062233666364
154.31937766333812
427.91937766333933
392.71937766333855
82.31937766333677
369.31937766333704
-85.08062233666386
309.31937766333687
-582.6806223366611
-8.68062233666111
-187.6806223366639
-1093.880622336669
-1063.6806223366589
234.3193776633374
-224.28062233666435
-466.8806223366666
-143.48062233666354
1186.919377663334
1438.9193776633292
266.1193776633374
1026.719377663333
171.11937766333295
1042.1193776633372
82.11937766333502
459.7193776633348
52.51937766333676
308.11937766333756
-22.080622336665417
933.5193776633378
859.9193776633354
463.7193776633367
-871.4806223366676
-456.8806223366612
143.91937766333618
422.1193776633386
788.5193776633356
172.31937766333635
115.31937766333601
26.9193776633398
-128.68062233666762
-94.2806223366662
329.71937766333775
-412.4806223366653
-779.6806223366625
-779.0806223366632
134.7193776633348
-181.8806223366639
-688.8806223366613
-74.28062233666178
1121.319377663342
1778.7193776633294
110.51937766333631
805.7193776633343
117.91937766333815
1366.9193776633394
833.1193776633348
282.71937766333696
-866.2806223366646
-266.28062233666526
-1011.680622336665
-109.6806223366628
344.919377663336
-1454.4806223366572
-1549.4806223366566
-805.4806223366654
105.11937766333813
823.9193776633394
435.51937766333486
-414.08062233666334
-119.6806223366648
-518.0806223366641
-1228.8806223366685
-517.4806223366672
-154.08062233666215
-480.0806223366667
-1101.6806223366655
-786.4806223366677
-52.88062233666551
-285.88062233666653
-1689.08062233667
-1063.6806223366648
-19.08062233666372
1405.3193776633411
649.9193776633388
853.7193776633386
453.51937766333793
272.1193776633356
41.71937766333345
-168.48062233666425
-759.880622336666
42.71937766333619
-1068.4806223366652
-819.0806223366627
921.1193776633377
-121.68062233666514
-394.2806223366625
-935.880622336658
-1270.2806223366665
65.71937766333475
168.51937766333737
-878.2806223366609
-982.6806223366654
-854.2806223366597
-676.2806223366614
-659.6806223366594
-194.48062233666118
206.91937766333973
-429.4806223366596
-575.080622336661
-416.2806223366636
-878.8806223366605
-1318.8806223366598
-514.4806223366661
-549.0806223366626
1480.5193776633455
888.1193776633341
1158.5193776633444
951.3193776633425
446.9193776633391
-312.08062233666385
-422.0806223366636
-380.2806223366633
167.7193776633372
-439.8806223366634
-808.2806223366663
727.7193776633337
653.1193776633361
1.9193776633350788
-528.4806223366635
-872.880622336665
-246.2806223366632
-60.880622336663755
144.1193776633368
652.9193776633354
653.7193776633354
-140.4806223366689
-387.6806223366638
-209.48062233667238
-196.88062233666452
-279.68062233666313
-204.88062233666238
-689.0806223366734
-1127.8806223366673
47.71937766333568
-81.8806223366648
-238.4806223366665
1436.9193776633367
1384.1193776633345
1536.319377663335
1581.3193776633375
936.1193776633355
123.31937766333753
-522.2806223366629
-502.8806223366654
-401.88062233666875
-370.6806223366617
-975.2806223366646
-909.08062233666
-284.28062233666515
41.319377663335395
-296.48062233666775
-549.6806223366646
-568.8806223366635
-460.6806223366627
-115.68062233666525
445.119377663336
350.519377663339
-349.08062233666385
-90.08062233666442
461.31937766333607
-309.08062233666664
226.71937766333593
-159.080622336662
-1014.0806223366652
-303.2806223366637
647.1193776633361
92.1193776633359
270.9193776633312
1321.519377663335
1395.7193776633396
1505.1193776633363
1341.5193776633412
725.1193776633444
134.9193776633341
-357.6806223366631
-610.4806223366618
-1025.880622336663
-827.4806223366589
-821.6806223366652
-1004.280622336664
-389.280622336662
-295.2806223366601
-552.2806223366669
-724.6806223366651
-245.6806223366613
207.31937766333814
-37.68062233666916
105.91937766333787
-47.080622336663396
-66.280622336664
158.11937766333654
676.1193776633388
72.11937766333767
27.31937766333655
-129.880622336661
-232.28062233666455
145.71937766333525
294.91937766333564
561.9193776633352
939.3193776633394
1048.9193776633347
650.1193776633369
1653.919377663324
1316.5193776633473
903.7193776633409
608.1193776633377
375.7193776633353
48.519377663336684
-476.8806223366574
-426.28062233666355
-181.08062233666593
-649.2806223366609
-527.2806223366628
-1058.4806223366636
-1023.6806223366626
-783.8806223366697
-531.2806223366633
-154.08062233666533
-299.48062233666286
-153.48062233666107
-422.88062233666284
-478.8806223366626
340.9193776633356
78.51937766333883
-469.8806223366652
-257.0806223366597
283.5193776633378
447.5193776633382
-196.88062233666435
-339.68062233666427
399.11937766333614
1451.7193776633324
1144.1193776633288
919.9193776633361
1863.7193776633333
1008.1193776633424
283.9193776633347
-166.4806223366657
128.51937766333614
522.7193776633371
-282.08062233666186
-737.480622336671
-468.8806223366645
-71.88062233666459
245.91937766333783
-630.280622336666
-652.8806223366668
-760.6806223366707
-501.48062233666417
-467.0806223366629
-240.4806223366641
238.31937766333502
221.31937766333513
-189.08062233666175
-6.6806223366636655
-289.8806223366612
-231.4806223366665
-227.48062233666474
-107.08062233666163
-34.08062233666588
-42.68062233666345
184.51937766333486
370.9193776633378
1749.3193776633434
1484.5193776633434
1476.5193776633405
2276.5193776633428
927.3193776633374
-400.08062233666425
-413.0806223366637
-42.88062233666696
251.9193776633375
-481.680622336665
-475.88062233666136
-771.0806223366623
-749.6806223366626
-78.88062233666388
-689.2806223366631
-767.4806223366674
-991.6806223366631
-577.480622336663
-532.0806223366648
-403.08062233666385
26.31937766333553
335.1193776633379
-739.4806223366594
-626.6806223366659
-400.4806223366576
738.9193776633376
591.719377663337
-474.28062233666105
-605.0806223366648
73.71937766333666
355.3193776633367
42.1193776633349
1267.3193776633373
1377.3193776633343
1950.119377663327
1888.5193776633369
757.7193776633294
-383.68062233666313
-269.48062233666514
-434.6806223366626
-703.4806223366644
-562.2806223366653
-475.2806223366577
-612.480622336664
-825.2806223366629
25.719377663336402
368.9193776633328
80.51937766333495
-266.48062233666553
-380.2806223366667
-104.08062233666271
-345.0806223366641
-303.48062233666434
47.319377663336816
-1030.8806223366596
-192.08062233666408
-74.4806223366642
850.3193776633369
625.1193776633386
-338.4806223366621
-300.08062233666277
197.71937766333792
595.5193776633351
167.11937766333835
304.91937766333854
791.1193776633357
1473.9193776633317
1413.9193776633315
440.91937766333234
-119.28062233666353
-282.28062233666355
-54.48062233666353
-154.88062233666466
-283.68062233666217
-861.2806223366621
-1288.2806223366638
-1270.8806223366691
-654.880622336664
-571.2806223366629
-887.2806223366641
-1146.480622336664
-895.0806223366634
-602.8806223366632
-653.2806223366636
-675.0806223366651
-225.28062233666816
-538.8806223366583
-543.4806223366661
-540.8806223366657
-451.8806223366623
-1015.680622336655
-736.0806223366626
-318.68062233666586
-109.28062233666473
529.1193776633341
919.3193776633321
658.1193776633378
549.9193776633331
974.5193776633422
1594.5193776633328
445.119377663343
168.91937766334198
316.71937766334537
579.7193776633342
395.91937766333217
347.7193776633317
12.119377663336916
-411.6806223366652
-230.68062233666376
180.51937766333776
620.5193776633375
624.7193776633368
773.7193776633294
1293.31937766335
1193.3193776633318
631.3193776633317
316.919377663339
694.7193776633349
825.3193776633319
791.7193776633317
749.119377663333
711.9193776633372
265.31937766333573
619.3193776633392
900.1193776633256
1089.3193776633334
1384.119377663343
1435.1193776633424
1198.7193776633392
1341.3193776633393
1372.519377663343
795.7193776633335
-22.280622336662596
326.1193776633414
501.5193776633415
-136.48062233666212
-208.48062233666388
46.31937766333766
17.71937766333776
639.1193776633414
452.51937766333987
591.3193776633367
204.31937766333584
132.5193776633367
513.1193776633356
585.5193776633348
691.3193776633348
394.31937766333704
366.7193776633369
664.3193776633368
529.9193776633375
53.11937766333728
603.5193776633373
398.71937766333383
-633.8806223366638
-181.88062233666287
-482.2806223366641
-404.88062233666506
-134.88062233666332
142.31937766333675
-38.48062233666534
576.5193776633356
335.51937766333737
197.71937766333716
164.9193776633385
439.11937766333614
935.5193776633371
109.51937766333674
519.9193776633311
691.1193776633387
83.71937766333613
289.1193776633341
601.3193776633365
45.11937766333576
-501.6806223366649
-300.4806223366636
98.9193776633349
-158.2806223366636
-158.68062233666495
27.319377663336056
366.719377663336
511.71937766333696
592.1193776633371
-146.88062233666363
621.5193776633366
803.5193776633357
198.11937766333693
339.11937766333585
66.51937766333648
-3.0806223366638648
491.1193776633356
884.119377663333
787.3193776633325
1213.9193776633324
226.5193776633359
-106.68062233666606
-141.28062233666208
405.91937766334115
573.3193776633381
62.119377663339094
499.11937766333534
828.5193776633356
-454.48062233666366
-283.48062233666377
200.31937766333613
-77.28062233666294
-388.2806223366624
4.919377663337073
909.9193776633302
2.3193776633355014
-33.480622336662755
-396.48062233666417
58.71937766333869
142.3193776633368
175.1193776633367
-300.2806223366613
40.91937766333488
396.119377663336
73.3193776633345
-5.6806223366649675
150.91937766333592
245.71937766333593
269.51937766333793
604.7193776633362
313.9193776633386
88.51937766333745
-412.28062233666475
735.1193776633369
114.91937766333837
48.31937766333553
162.51937766333776
-264.4806223366659
-14.680622336664193
553.9193776633366
152.71937766333485
-308.4806223366619
-576.0806223366699
-777.2806223366636
-260.68062233666524
231.51937766333543
407.51937766333725
-312.48062233666695
-360.6806223366657
-1096.2806223366626
-838.4806223366622
-1427.2806223366697
-838.680622336668
-241.28062233666438
-194.08062233666598
755.7193776633417
826.919377663338
424.7193776633359
395.11937766333625
841.7193776633351
301.51937766333657
272.3193776633389
143.51937766333376
-6.480622336664238
-189.68062233666416
570.119377663335
-180.2806223366616
-289.6806223366638
24.11937766333905
42.91937766333677
28.319377663337576
460.51937766332986
818.1193776633344
0.3193776633376473
-6.880622336662896
-407.8806223366636
927.3193776633361
948.9193776633361
475.91937766333666
313.9193776633351
575.119377663338
-37.28062233666154
0.31937766333563644
-413.08062233666396
-142.88062233666702
115.71937766333608
-133.8806223366672
265.1193776633371
7.3193776633351675
130.51937766333745
302.11937766333585
700.5193776633341
337.1193776633371
667.1193776633389
623.5193776633382
211.31937766333536
65.3193776633367
873.1193776633359
171.11937766333642
-31.48062233666416
229.319377663338
-168.48062233666488
126.1193776633386
40.51937766333536
286.71937766332786
298.3193776633367
377.7193776633352
-141.08062233666405
377.319377663336
-489.08062233666385
-506.28062233666355
-387.88062233666454
87.51937766333545
534.119377663336
30.51937766333739
-220.68062233666313
125.9193776633366
-455.28062233666816
-956.8806223366605
-46.880622336664445
-454.0806223366652
-34.68062233666287
-7.8806223366650485
-245.88062233666454
282.51937766333594
557.3193776633364
226.1193776633365
91.11937766333948
-330.4806223366656
306.71937766333576
425.5193776633363
420.11937766333364
100.91937766333677
-118.08062233666527
638.7193776633344
-137.88062233666545
-485.68062233666257
319.3193776633378
454.11937766333654
-279.8806223366645
84.31937766333593
-552.4806223366691
-447.88062233666375
-459.68062233665984
242.7193776633362
154.31937766333783
-235.0806223366636
-82.48062233666285
654.1193776633356
126.91937766333596
-324.8806223366656
568.9193776633392
287.7193776633381
441.71937766334213
841.7193776633366
384.319377663336
751.1193776633364
802.9193776633336
132.11937766333833
556.319377663336
366.5193776633351
151.71937766333616
272.11937766333824
-12.280622336663534
345.11937766333904
287.31937766333607
116.91937766333612
-135.4806223366635
-368.48062233666604
532.3193776633361
32.51937766333706
-233.08062233666377
-150.28062233666535
-801.2806223366641
-1134.0806223366671
-689.2806223366681
121.31937766333542
-6.480622336664702
-184.08062233666396
-1171.2806223366592
-268.08062233666413
-749.2806223366621
-299.68062233666444
570.7193776633395
635.9193776633357
444.3193776633374
477.9193776633375
263.31937766333783
623.1193776633331
902.5193776633339
1.719377663337191
477.11937766333847
653.3193776633382
-620.480622336663
-215.08062233666294
118.31937766333587
700.3193776633353
-309.4806223366636
-522.4806223366658
-314.68062233666296
-200.8806223366637
39.11937766333604
-17.88062233666293
-75.08062233666422
-335.6806223366635
-484.08062233666357
-221.48062233666548
-390.6806223366662
-427.28062233666316
-99.08062233666305
-744.8806223366696
-1445.6806223366693
-306.28062233666515
-399.4806223366648
-81.88062233666395
-160.48062233666485
-176.68062233666558
361.5193776633372
55.11937766333496
552.1193776633371
459.7193776633345
25.11937766333426
-384.08062233666277
275.91937766333683
74.11937766333591
-92.08062233666247
93.51937766333725
-83.4806223366641
-244.8806223366628
-1451.480622336664
-1161.8806223366655
-710.2806223366675
-186.68062233666421
-251.4806223366627
-608.6806223366664
-529.0806223366646
296.51937766333657
-459.48062233666604
-329.0806223366618
298.1193776633379
-433.2806223366649
-54.680622336663326
-1002.4806223366628
-1357.8806223366703
-135.88062233666622
-37.48062233666549
-82.48062233666603
-237.4806223366666
-461.0806223366597
197.71937766333474
-125.48062233666461
295.9193776633358
337.9193776633362
223.31937766333658
197.7193776633364
661.1193776633357
158.7193776633331
1007.9193776633318
765.1193776633311
125.31937766333695
-21.88062233666397
-743.6806223366631
-54.0806223366656
-132.48062233666403
-18.680622336664186
433.7193776633328
-202.28062233666296
-24.28062233666477
215.31937766333692
-521.4806223366672
-383.88062233666477
143.3193776633371
-230.480622336662
-109.88062233666281
-161.0806223366628
5.119377663336227
940.3193776633349
4.719377663335502
-75.48062233666694
339.919377663336
22.919377663334963
350.11937766333534
57.91937766333582
-40.880622336664736
296.1193776633383
569.5193776633328
233.31937766333766
723.7193776633331
334.519377663338
220.11937766333466
197.7193776633368
302.5193776633384
363.5193776633369
205.11937766333824
384.1193776633337
367.11937766333546
-734.4806223366644
68.51937766333688
212.91937766333433
459.91937766333643
299.1193776633348
-14.480622336664283
-424.880622336666
-285.08062233666664
154.9193776633339
-402.48062233666286
-251.68062233666325
29.71937766333619
612.719377663334
-85.4806223366633
-328.48062233666457
-266.880622336662
-54.48062233666198
511.119377663338
321.119377663339
-107.48062233666137
257.51937766333657
-397.48062233666263
-486.68062233666416
146.1193776633374
210.51937766333376
-720.88062233666
-437.08062233666294
-111.0806223366627
164.71937766333772
283.71937766333735
303.719377663337
340.91937766333706
-723.4806223366588
310.9193776633369
305.5193776633371
195.91937766333558
432.11937766333824
105.11937766333581
-461.68062233666313
148.91937766333564
450.3193776633369
41.51937766333595
-328.88062233666363
311.7193776633342
749.319377663337
206.7193776633362
127.11937766333688
178.31937766333806
151.91937766333763
184.3193776633382
459.519377663337
105.31937766333584
450.31937766333635
381.5193776633376
786.1193776633338
392.7193776633362
-516.680622336668
-1389.680622336664
-362.4806223366611
-837.2806223366623
-275.4806223366611
115.51937766333447
785.719377663339
297.5193776633377
-545.6806223366647
394.51937766333634
-153.88062233666517
185.51937766333808
226.1193776633353
-72.88062233666722
-21.68062233666504
404.119377663338
142.31937766333482
163.31937766333553
-123.2806223366643
-99.48062233666327
1100.719377663329
700.51937766334
121.91937766333768
-124.68062233666555
-40.48062233666351
130.11937766333455
-187.88062233666284
-126.08062233666098
-532.2806223366642
373.5193776633345
136.31937766333454
2.71937766333561
-636.4806223366605
-2248.880622336671
-551.2806223366576
-507.8806223366666
-88.88062233666581
325.3193776633379
743.1193776633363
131.3193776633361
-223.08062233666527
170.31937766333945
-499.6806223366646
-577.8806223366661
-188.48062233666278
-125.28062233666427
-143.68062233666544
-145.68062233666402
-223.68062233666296
-152.0806223366651
22.91937766333546
44.11937766333479
1002.71937766333
404.91937766333353
-38.68062233666487
-672.2806223366639
-595.480622336662
-304.6806223366643
-1090.4806223366636
-539.0806223366648
-818.0806223366657
-781.8806223366626
-582.8806223366614
-331.6806223366613
-872.6806223366714
-2506.0806223366703
-355.4806223366661
645.5193776633381
989.919377663336
-316.48062233666445
-98.4806223366637
451.3193776633373
583.1193776633334
403.7193776633335
-8.08062233666233
-134.88062233666435
571.1193776633376
926.7193776633386
-474.08062233666243
-458.48062233666695
-286.88062233666346
-447.0806223366664
163.3193776633359
-591.68062233667
-566.8806223366632
-136.28062233666316
416.7193776633373
-452.8806223366607
-30.480622336663643
539.5193776633419
-433.48062233666366
-459.08062233666396
-406.4806223366647
-820.0806223366662
-614.4806223366603
-229.8806223366696
-1349.080622336661
-3130.280622336681
96.31937766333621
729.7193776633331
233.31937766333587
-415.68062233666257
-522.6806223366631
509.3193776633377
-38.68062233666412
-428.28062233666355
-690.0806223366648
56.91937766333689
914.7193776633369
964.3193776633373
-372.2806223366628
184.7193776633379
127.91937766333703
-577.8806223366585
-290.48062233666406
-738.0806223366649
-74.28062233666398
189.1193776633345
403.3193776633353
-393.68062233666757
-381.6806223366629
-389.8806223366644
-413.6806223366649
133.3193776633391
-112.4806223366635
-569.2806223366633
-456.2806223366654
-21.480622336666777
-1145.080622336654
-2226.2806223366765
-183.88062233666378
-208.08062233666064
-1020.6806223366597
-405.48062233666485
-105.28062233666454
574.1193776633376
-774.2806223366639
-575.8806223366637
-718.2806223366674
-557.2806223366658
-16.480622336662943
-370.2806223366658
-139.88062233666284
219.71937766333753
224.11937766333827
-195.08062233666368
83.31937766333468
-61.08062233666475
1140.5193776633391
192.7193776633369
235.31937766333465
-1039.8806223366635
-1157.4806223366616
-976.2806223366699
-594.4806223366645
-253.08062233666402
217.1193776633375
-629.8806223366643
-385.48062233666406
200.11937766333793
-642.4806223366567
-1177.8806223366626
-136.4806223366632
-693.4806223366601
-641.6806223366632
-142.08062233666223
-445.280622336659
-438.0806223366615
-889.6806223366635
-894.0806223366682
-841.8806223366616
-672.2806223366601
-527.2806223366622
-426.6806223366634
-64.88062233666258
-471.48062233666343
29.319377663337665
-447.680622336664
-142.28062233666327
-472.88062233666636
-142.68062233666728
-525.4806223366595
91.1193776633379
-395.4806223366647
-1027.4806223366709
-619.0806223366627
-80.08062233666496
-768.4806223366704
-192.28062233666637
-708.0806223366633
-163.68062233666524
641.7193776633366
-381.0806223366651
-463.2806223366654
-832.8806223366737
-894.0806223366653
-1712.6806223366632
-675.4806223366608
-383.08062233666595
-420.48062233666536
-221.6806223366624
57.919377663336874
138.9193776633363
234.51937766333577
-789.2806223366665
-564.2806223366604
-381.2806223366625
-686.8806223366626
-696.2806223366589
-361.0806223366645
-242.48062233666263
-808.4806223366578
58.71937766334038
-563.6806223366635
-223.4806223366624
-296.88062233666386
-1041.080622336665
-1078.4806223366616
291.91937766333416
99.91937766333722
-708.4806223366658
-397.88062233666557
224.51937766333825
69.31937766333705
-1488.080622336665
547.7193776633382
-498.0806223366655
305.5193776633365
-584.8806223366674
-55.08062233666513
-283.88062233666625
-126.68062233666706
-690.6806223366721
-364.6806223366658
-235.0806223366664
-1.2806223366675447
-1057.6806223366655
-366.4806223366616
-5.08062233666517
-172.28062233666054
-113.0806223366648
-80.88062233666301
-413.6806223366654
-554.0806223366599
177.119377663337
197.9193776633362
478.3193776633378
-442.48062233666224
-743.6806223366592
-595.4806223366605
471.7193776633369
193.11937766333713
-826.680622336656
-329.48062233666553
193.51937766333464
235.51937766333472
-1694.2806223366624
490.1193776633362
-409.4806223366636
644.3193776633389
289.1193776633369
-4.080622336659793
-939.4806223366596
-310.680622336666
-1065.8806223366596
-918.0806223366617
-532.8806223366623
-1653.0806223366603
-1528.4806223366622
-620.2806223366624
-68.28062233666235
71.5193776633376
-444.08062233666203
-836.6806223366684
-797.8806223366655
-1011.6806223366641
-800.4806223366668
-206.08062233666084
-35.680622336663056
-605.0806223366613
-1172.680622336661
-647.880622336665
462.5193776633376
338.7193776633328
-1326.4806223366713
-860.6806223366624
-604.680622336662
54.51937766333405
-1131.080622336667
110.51937766333465
-419.48062233665985
-642.8806223366604
-325.4806223366657
-89.0806223366619
-543.6806223366573
152.51937766333313
-945.8806223366674
-1178.8806223366614
372.9193776633347
-164.08062233666243
-255.68062233666387
-549.4806223366637
-965.4806223366616
-320.0806223366659
-555.2806223366607
-1158.880622336666
-1265.2806223366563
-1105.8806223366666
-249.08062233666686
-242.68062233666728
-150.08062233667047
254.11937766333708
-408.2806223366695
-549.6806223366611
119.71937766333657
-321.08062233666146
-925.8806223366624
-425.0806223366629
-985.2806223366705
55.71937766333613
-1209.080622336665
-34.0806223366642
-216.28062233666304
-719.2806223366613
-770.2806223366596
-457.08062233666567
-393.48062233666417
-19.680622336665348
-586.6806223366643
-1124.480622336665
372.3193776633378
518.9193776633357
101.51937766333528
-216.080622336665
-549.2806223366654
-296.88062233666477
-501.88062233666494
-58.68062233666704
691.9193776633382
574.5193776633347
-111.28062233665831
-311.88062233666534
-413.6806223366643
-201.68062233666518
-318.2806223366633
-108.88062233666135
-46.08062233666199
-892.2806223366663
-43.28062233666351
-522.2806223366649
-885.2806223366616
28.319377663335445
-701.0806223366579
111.31937766333525
372.71937766333815
-257.08062233666203
-271.0806223366638
-505.0806223366641
-505.0806223366668
-632.6806223366631
-343.68062233665796
-786.4806223366636
-746.6806223366664
-66.48062233666457
324.9193776633353
121.11937766333784
-138.28062233666378
-230.4806223366652
-369.68062233666683
-323.8806223366581
565.5193776633358
593.7193776633368
-188.48062233666266
-41.88062233666184
216.1193776633351
-504.88062233666335
-241.68062233666402
-739.8806223366655
-1244.880622336671
-675.2806223366675
355.91937766333666
-240.8806223366678
-439.08062233666357
-31.08062233666373
-459.6806223366647
-4.680622336662287
164.11937766333784
-258.8806223366636
-159.0806223366632
-174.08062233666294
-410.88062233666824
-1285.880622336661
-901.6806223366618
-598.080622336666
-828.6806223366625
-245.28062233666398
12.919377663335219
42.31937766332945
-33.280622336663015
349.9193776633364
39.319377663335715
-548.6806223366615
-0.08062233666583207
27.31937766333102
-134.08062233666735
-235.08062233665973
133.7193776633346
-391.08062233666425
-750.6806223366615
-1049.6806223366668
-847.2806223366683
-433.6806223366646
76.91937766333601
61.51937766333728
-10.680622336664923
-158.48062233666357
-639.6806223366623
219.91937766333658
281.9193776633323
104.31937766333775
367.31937766333766
405.1193776633361
150.31937766333692
-709.6806223366607
-614.4806223366705
-108.28062233666915
-641.0806223366618
-511.08062233666516
-783.4806223366556
-397.08062233666345
-214.8806223366646
-216.680622336665
-314.68062233666325
-816.0806223366675
-466.28062233666236
-541.2806223366692
-838.2806223366687
-323.88062233665886
-560.280622336667
-789.2806223366582
-445.48062233666184
-18.28062233666811
148.11937766333676
-649.4806223366628
-641.880622336661
-299.28062233666424
277.7193776633367
-36.28062233666434
-172.2806223366638
524.5193776633398
81.1193776633383
-316.4806223366649
-427.6806223366638
-111.8806223366655
382.91937766333723
-491.08062233666504
-979.6806223366613
-578.2806223366655
-156.08062233666175
311.11937766333654
-291.68062233666166
-174.48062233666542
-367.88062233666335
-316.8806223366629
-331.08062233666516
-439.0806223366628
-28.280622336666006
102.11937766333529
-759.8806223366631
-738.0806223366563
-813.0806223366726
-670.6806223366583
-683.280622336658
-594.4806223366611
-561.4806223366664
-686.8806223366679
-335.2806223366639
-363.280622336664
778.919377663333
364.7193776633386
290.9193776633405
900.7193776633393
-25.680622336662935
-777.0806223366653
-568.4806223366625
-167.88062233666352
314.5193776633362
-366.4806223366648
-219.08062233666382
-464.08062233666146
-569.6806223366651
-106.48062233666545
-647.6806223366684
-523.2806223366658
-623.0806223366696
-480.68062233666376
-506.8806223366582
-448.6806223366611
-93.4806223366642
320.91937766333996
-1205.8806223366641
-1104.6806223366684
-775.4806223366623
84.9193776633376
-80.28062233666513
-1007.0806223366565
-1232.0806223366676
-742.4806223366647
-414.68062233666336
-799.4806223366676
522.5193776633396
430.91937766333814
795.3193776633371
586.1193776633373
-193.4806223366633
-816.280622336665
-496.2806223366647
-428.2806223366638
-363.28062233666276
-158.4806223366635
100.7193776633387
-20.880622336663674
-390.4806223366602
147.51937766333702
337.3193776633372
351.9193776633351
311.5193776633362
-162.08062233666294
14.519377663335657
-235.08062233666362
-487.880622336665
51.11937766333716
-910.6806223366596
-136.6806223366633
-127.68062233666191
540.1193776633346
315.1193776633343
-568.0806223366602
-652.8806223366599
-369.8806223366642
-170.88062233666446
-671.8806223366673
-447.88062233666244
-42.88062233666486
477.1193776633377
378.51937766333845
-199.88062233666477
-572.2806223366653
-529.4806223366644
-152.68062233666507
-60.880622336662974
-74.68062233666629
-695.2806223366629
-948.4806223366674
-892.6806223366619
-390.68062233666365
-428.4806223366598
-713.0806223366538
-866.4806223366636
-896.4806223366684
-619.6806223366618
-663.8806223366622
-953.8806223366665
-289.08062233666516
-303.48062233666593
-396.68062233666626
-527.480622336668
-493.4806223366639
-1106.6806223366575
-881.4806223366687
-474.88062233666216
-560.2806223366637
-239.48062233666846
181.11937766333475
59.11937766333653
-48.68062233666427
223.5193776633322
730.1193776633472
-68.28062233666127
-225.88062233666457
-24.680622336663994
312.5193776633362
133.9193776633375
61.71937766333585
-318.28062233666407
-426.68062233666404
-116.08062233666362
222.91937766333913
717.7193776633392
617.7193776633328
522.9193776633393
960.5193776633369
905.1193776633348
320.1193776633377
89.51937766333555
555.9193776633357
682.3193776633374
578.5193776633356
456.7193776633331
321.91937766333723
-228.68062233666595
251.31937766333638
429.9193776633365
347.91937766333956
330.71937766333787
481.11937766333597
582.7193776633378
769.3193776633323
677.519377663337
1936.319377663346
890.5193776633299
983.719377663306
975.7193776633294
364.51937766333594
364.51937766334265
492.9193776633346
302.5193776633361
868.5193776633366
611.5193776633274
777.3193776633399
561.1193776633412
475.11937766333637
851.9193776633361
1095.91937766334
888.7193776633295
563.519377663337
400.51937766333236
720.5193776633464
707.919377663339
378.7193776633409
1050.9193776633463
1170.7193776633374
350.11937766333244
423.119377663329
-32.480622336659465
122.11937766332967
561.7193776633275
884.3193776633332
724.5193776633328
1625.5193776633387
1699.3193776633254
833.9193776633356
556.1193776633369
475.51937766333566
946.9193776633304
235.3193776633299
538.3193776633333
534.3193776633385
-199.28062233666287
-70.08062233666422
322.119377663337
-310.0806223366649
-661.2806223366688
-558.8806223366665
-388.0806223366676
-441.4806223366644
-443.2806223366638
-419.4806223366638
-272.0806223366641
-64.08062233666121
-67.08062233666294
-850.2806223366625
139.7193776633368
825.1193776633354
556.9193776633375
478.9193776633404
36.319377663337065
142.7193776633379
843.3193776633371
1351.5193776633423
1256.119377663333
2039.3193776633273
1519.119377663323
287.1193776633356
-2.880622336663002
401.7193776633382
761.3193776633385
324.11937766333386
507.3193776633314
671.5193776633357
-738.0806223366592
-679.4806223366686
-240.6806223366651
-434.48062233666195
-736.6806223366658
-528.8806223366664
206.51937766333432
-373.4806223366648
-328.48062233666747
-880.2806223366638
-457.6806223366616
-209.680622336663
-502.08062233666516
-1192.4806223366602
-735.0806223366658
228.5193776633372
245.7193776633374
116.11937766333682
154.31937766333712
366.31937766333925
281.919377663338
627.7193776633322
467.11937766333926
674.1193776633334
788.319377663331
640.119377663339
97.11937766334235
182.7193776633362
557.9193776633364
94.11937766333227
237.51937766333845
718.719377663338
59.91937766333615
-410.0806223366656
-814.2806223366623
-855.6806223366605
-432.28062233666304
-124.28062233666398
-47.680622336664456
-469.0806223366653
-461.68062233666245
-1200.0806223366626
-1007.080622336664
-1509.0806223366667
-1057.0806223366683
-615.6806223366596
-523.4806223366601
882.3193776633359
1293.7193776633314
984.5193776633413
728.7193776633349
985.5193776633276
265.3193776633371
219.3193776633396
242.91937766333848
328.91937766333695
550.9193776633335
-10.480622336664375
-492.4806223366624
-439.6806223366642
-77.88062233665916
125.31937766333401
207.3193776633389
685.9193776633383
774.319377663328
130.7193776633351
-126.88062233666275
-628.6806223366641
498.7193776633354
422.9193776633373
-62.28062233666737
131.5193776633376
507.5193776633349
-10.680622336664158
0.31937766333655304
-605.080622336672
-71.68062233666441
80.71937766333374
-84.280622336666
454.51937766333987
303.91937766333666
534.7193776633359
525.719377663338
647.1193776633338
234.11937766334037
534.9193776633301
484.119377663338
122.51937766333603
274.71937766333645
-102.88062233666594
-505.08062233666186
-417.48062233666514
-175.68062233666228
-237.48062233666388
299.1193776633386
416.9193776633383
551.9193776633372
624.5193776633388
597.5193776633395
-112.08062233666453
167.1193776633341
-720.2806223366608
-578.4806223366616
-292.4806223366627
194.31937766333553
560.7193776633364
199.91937766333635
-129.08062233666735
379.51937766333447
-205.88062233666523
-640.6806223366654
113.1193776633358
-380.4806223366632
120.31937766333795
-54.88062233666384
-577.8806223366643
-66.08062233666223
216.31937766333695
176.51937766334117
45.919377663335105
-258.48062233666417
-646.8806223366706
-104.28062233666333
181.51937766333688
-410.4806223366611
-373.48062233666695
681.1193776633381
229.51937766333614
-233.08062233666269
508.71937766333843
734.9193776633352
-129.080622336665
182.51937766333714
-310.88062233666403
-216.28062233666378
-295.0806223366704
326.51937766333504
248.31937766333607
-225.8806223366645
-155.480622336666
790.9193776633374
291.919377663335
10.71937766333312
628.1193776633345
183.3193776633363
284.91937766333825
672.9193776633341
-122.08062233666442
113.11937766333801
244.1193776633348
65.11937766333733
734.3193776633366
496.11937766333665
-694.2806223366641
-166.28062233666262
-21.080622336663488
164.91937766333484
338.9193776633341
503.5193776633367
391.5193776633379
-82.48062233666244
858.119377663338
522.1193776633332
318.31937766333675
315.9193776633351
-220.48062233666528
-519.6806223366691
-41.280622336663704
801.3193776633357
530.7193776633374
101.11937766333675
-1025.2806223366613
-184.68062233666342
-559.0806223366633
-293.2806223366672
226.11937766333807
306.3193776633348
108.71937766333575
284.71937766333633
-104.48062233666212
83.51937766333505
515.1193776633414
-159.88062233666588
604.5193776633305
642.7193776633378
-1225.280622336661
-347.4806223366671
278.31937766333533
753.5193776633365
95.71937766333767
210.719377663338
307.71937766333576
308.91937766333524
807.5193776633384
705.9193776633413
612.3193776633367
-36.08062233666352
-34.8806223366653
638.519377663342
602.9193776633351
586.3193776633365
813.3193776633337
40.11937766333517
-830.8806223366645
-41.88062233666387
-127.4806223366638
117.11937766334016
-422.28062233666367
-428.08062233666374
48.319377663336645
-220.8806223366631
247.9193776633387
112.71937766333674
-50.28062233666131
-418.68062233666404
400.91937766333365
0.1193776633352357
-627.2806223366667
-197.28062233665955
-228.68062233666427
-251.28062233666583
-1161.6806223366673
-668.880622336666
-472.68062233666456
-115.28062233666421
196.91937766333686
-42.080622336664305
-47.88062233666552
191.11937766333892
-514.2806223366629
-38.08062233666667
945.5193776633313
344.91937766333666
694.9193776633422
-457.6806223366643
-1116.0806223366646
149.31937766333658
369.5193776633362
233.3193776633377
-434.28062233666253
-923.8806223366672
-472.2806223366642
-634.8806223366629
-165.280622336664
-158.48062233666383
-109.48062233666587
37.1193776633352
823.5193776633373
214.11937766333594
514.9193776633363
324.3193776633365
-354.68062233666535
-414.4806223366685
-611.8806223366634
280.71937766333156
-50.08062233666274
-122.88062233666213
556.1193776633309
36.91937766333715
108.51937766333509
51.31937766333555
-499.4806223366663
-405.08062233666226
412.91937766333723
-53.880622336661744
194.91937766333558
-90.4806223366649
-367.0806223366646
945.319377663336
476.7193776633347
277.3193776633378
144.719377663336
-539.4806223366662
-382.08062233666504
-450.2806223366611
-388.68062233666166
-172.0806223366625
56.91937766333693
-105.68062233666402
870.9193776633351
494.9193776633345
-110.4806223366678
84.91937766333541
170.7193776633366
220.519377663338
382.919377663336
463.31937766333203
363.91937766333507
-869.4806223366626
-93.68062233666494
23.11937766333758
134.51937766333674
-265.88062233666506
-282.28062233666424
-691.4806223366614
-248.8806223366655
6.3193776633353025
-367.88062233666346
-346.0806223366677
-723.0806223366598
177.51937766333518
-228.48062233666323
-364.2806223366662
-332.4806223366609
-450.0806223366616
-364.0806223366637
-381.6806223366659
-494.8806223366631
-124.88062233666372
-647.6806223366667
-595.4806223366655
346.7193776633357
411.71937766333696
-986.2806223366674
-486.48062233666457
78.31937766333495
169.11937766333418
573.9193776633388
398.5193776633369
209.9193776633364
-1019.2806223366648
-1.4806223366634583
-73.48062233666428
-353.68062233666524
-291.0806223366656
-291.8806223366641
-762.4806223366688
128.31937766333832
301.91937766333797
-70.08062233666158
-444.48062233666275
-344.6806223366642
237.71937766333627
-87.4806223366647
-17.680622336664946
205.7193776633374
-29.880622336666107
-694.4806223366696
-227.68062233666447
-470.68062233666194
-107.88062233666452
194.3193776633381
843.5193776633394
663.9193776633366
-257.48062233666894
-1587.6806223366616
-380.4806223366631
-498.8806223366673
-112.48062233666298
492.3193776633371
967.7193776633326
62.91937766333469
-851.6806223366682
99.91937766333703
-497.080622336666
-301.8806223366618
-487.880622336664
-457.6806223366684
-183.88062233666585
450.3193776633348
257.51937766333657
225.119377663335
-110.08062233666523
-568.080622336659
457.51937766333583
185.1193776633363
73.51937766333712
1.3193776633330359
-17.280622336661885
-149.48062233666366
-243.48062233666275
-272.480622336665
-646.2806223366603
557.9193776633358
415.7193776633348
443.91937766333865
-416.6806223366699
-2135.280622336673
-289.4806223366649
-23.080622336666693
485.7193776633366
1146.5193776633316
1415.519377663332
257.3193776633366
-200.4806223366648
114.11937766333818
-533.0806223366644
-859.0806223366612
-990.0806223366621
-658.4806223366651
-300.28062233666157
-31.080622336664586
174.71937766333372
220.11937766333543
282.91937766333626
-308.28062233666543
394.11937766333745
-106.28062233666391
-159.2806223366629
-529.4806223366662
-524.280622336666
-323.88062233666636
-863.4806223366655
-435.680622336663
-659.8806223366649
-281.6806223366603
-181.8806223366657
143.5193776633408
-824.680622336683
-2293.280622336666
-144.28062233666606
854.5193776633354
1453.3193776633457
736.9193776633318
923.1193776633392
682.5193776633362
493.7193776633365
92.11937766333844
13.119377663336486
-215.88062233666295
32.919377663336434
399.1193776633366
-564.8806223366703
-467.8806223366618
-55.88062233666284
132.5193776633389
591.1193776633369
-670.8806223366656
-773.6806223366686
-221.2806223366626
723.319377663333
17.719377663335784
238.3193776633375
616.3193776633309
-378.8806223366631
-518.880622336664
-276.8806223366611
-336.4806223366638
4.919377663335803
401.11937766333426
-1357.68062233666
-2921.080622336684
313.71937766333565
764.519377663332
559.1193776633335
314.5193776633362
565.919377663339
1104.7193776633376
287.71937766333707
-550.0806223366602
-656.880622336666
111.71937766333683
842.9193776633342
645.1193776633368
-424.88062233666767
63.11937766333605
95.91937766333531
-259.6806223366664
51.9193776633373
-697.280622336666
-220.68062233666475
493.31937766333533
1073.1193776633363
365.119377663334
120.51937766333589
-254.48062233666542
-469.080622336664
-31.280622336661974
-95.08062233666332
-450.88062233666443
-221.08062233666112
156.71937766333332
-1421.0806223366585
-1999.0806223366587
172.91937766333726
113.11937766333261
-576.2806223366651
167.71937766333406
945.5193776633361
1497.7193776633355
-91.6806223366657
-366.4806223366646
-497.88062233666295
-423.2806223366652
116.51937766333823
-512.0806223366654
-320.68062233666416
292.3193776633368
275.51937766333543
-118.28062233666606
182.11937766333557
-27.080622336664806
1227.7193776633305
813.1193776633336
1072.7193776633303
-63.88062233666594
-516.8806223366629
-768.6806223366649
-680.880622336664
-310.4806223366636
351.919377663335
-495.88062233666403
-583.2806223366595
-332.8806223366625
-1422.6806223366486
-1480.0806223366747
-191.48062233666508
-312.08062233666476
-166.88062233666525
414.9193776633358
465.5193776633358
366.5193776633364
-306.0806223366644
-626.0806223366626
-471.88062233666466
-82.2806223366617
-276.88062233666415
-350.88062233666363
-89.08062233666224
-48.88062233666446
592.5193776633373
38.31937766333685
134.51937766333694
-235.08062233666425
361.1193776633363
340.91937766333785
1190.319377663333
780.319377663335
-395.4806223366628
-358.680622336664
21.319377663336667
-499.68062233665734
214.11937766333543
-401.48062233666525
-271.8806223366643
-78.68062233666447
-1600.6806223366814
-1120.8806223366598
-1093.2806223366679
-647.4806223366581
-1274.2806223366656
-69.48062233666269
407.3193776633381
386.3193776633356
648.9193776633308
701.3193776633371
708.5193776633342
1065.919377663332
-259.2806223366636
-244.88062233666432
-29.280622336664575
106.51937766333756
232.91937766333615
352.5193776633398
466.91937766333547
-119.68062233666083
856.9193776633359
283.1193776633362
946.5193776633411
797.9193776633368
-536.680622336668
-669.4806223366626
495.1193776633359
542.1193776633353
44.11937766333449
31.51937766333801
282.3193776633335
-630.6806223366616
-2906.6806223366557
-481.48062233667025
-829.0806223366669
461.7193776633358
-436.8806223366646
222.71937766333642
145.3193776633354
556.7193776633374
215.11937766333597
448.91937766333905
376.5193776633349
707.719377663335
-317.68062233666393
145.519377663337
764.9193776633324
863.3193776633386
1007.119377663335
801.9193776633338
569.5193776633329
526.719377663337
1227.5193776633387
943.1193776633355
1573.7193776633392
716.9193776633344
-215.48062233666505
-6.680622336664323
925.9193776633342
702.5193776633367
-240.8806223366652
178.91937766333442
488.91937766333416
-180.88062233666398
-3006.280622336674
-694.2806223366612
-806.4806223366614
668.7193776633387
366.5193776633407
63.11937766333368
-689.4806223366635
216.31937766333542
-270.6806223366634
2.7193776633364557
334.91937766333433
-506.4806223366638
-538.0806223366682
225.51937766333563
929.3193776633383
1217.9193776633329
775.9193776633365
521.519377663336
541.1193776633361
245.91937766333712
420.1193776633361
636.9193776633392
998.3193776633336
617.519377663336
-336.2806223366626
50.119377663338156
1075.5193776633364
973.319377663335
-901.2806223366654
-404.8806223366666
40.119377663335115
237.3193776633377
-1767.4806223366688
-641.4806223366651
-472.6806223366679
-507.2806223366571
-213.88062233666398
-98.48062233666465
-294.080622336662
539.5193776633369
-182.28062233666324
-317.48062233666434
864.9193776633402
392.5193776633382
390.7193776633374
380.719377663337
116.71937766333816
632.7193776633334
431.11937766333693
-63.28062233666317
-410.28062233666355
-373.4806223366666
705.51937766334
557.5193776633356
658.3193776633328
1437.7193776633383
521.9193776633357
116.91937766333677
879.9193776633372
375.91937766333666
-663.8806223366645
-292.48062233666695
-596.4806223366613
256.11937766333494
-1709.08062233667
-1004.8806223366641
-623.8806223366643
-881.6806223366617
-827.2806223366638
-474.28062233666543
-195.6806223366655
363.71937766333593
217.7193776633366
-218.6806223366633
725.719377663337
787.3193776633346
482.31937766333925
543.1193776633303
388.5193776633348
613.3193776633415
423.91937766333643
615.5193776633328
860.119377663337
678.5193776633334
481.919377663336
92.519377663332
194.5193776633362
563.7193776633314
268.1193776633376
481.91937766333814
671.7193776633404
-230.68062233666603
245.31937766333354
-604.0806223366673
-951.2806223366637
-234.08062233666627
-1620.4806223366668
-903.0806223366642
-378.0806223366635
-767.8806223366695
-583.4806223366652
-437.4806223366649
-74.88062233666368
-196.68062233666475
213.51937766333575
-211.68062233666205
-328.88062233666204
361.9193776633377
954.5193776633333
924.7193776633344
836.7193776633359
799.9193776633382
511.1193776633375
106.3193776633349
685.5193776633364
752.7193776633371
288.3193776633369
313.3193776633401
792.5193776633339
56.71937766333612
333.7193776633376
-71.28062233666904
-673.2806223366647
-86.48062233666333
642.5193776633424
-459.28062233666304
-766.6806223366651
-453.0806223366626
-1610.080622336657
-713.4806223366623
-560.2806223366633
-1049.480622336661
-742.4806223366633
-168.48062233666278
27.719377663339284
-819.480622336661
-337.68062233666586
-100.28062233666425
-243.68062233666453
485.51937766333805
820.9193776633314
875.7193776633351
1052.919377663339
1634.3193776633332
1058.7193776633344
36.719377663333574
326.5193776633336
364.51937766333754
318.7193776633359
353.31937766333704
1002.3193776633346
474.7193776633344
136.11937766333546
-341.08062233666215
-311.68062233666967
106.51937766333765
325.51937766333714
-41.080622336666565
-406.48062233666417
-743.88062233666
-1921.6806223366602
-151.48062233666369
-177.88062233666273
-493.8806223366677
-194.28062233666313
182.71937766333602
243.31937766333544
-424.8806223366615
18.71937766333603
586.9193776633364
135.71937766333457
312.11937766333665
-6.4806223366637035
504.3193776633368
753.7193776633342
1016.3193776633374
701.1193776633395
-67.88062233666201
210.11937766333696
144.91937766333638
24.919377663333847
503.9193776633383
439.9193776633361
172.9193776633369
515.1193776633392
829.7193776633363
763.5193776633351
-247.8806223366633
-326.2806223366645
-192.28062233666444
27.519377663336485
-486.6806223366618
-1274.8806223366582
571.7193776633353
208.51937766333552
-257.48062233666315
-473.68062233666427
-119.68062233666681
530.9193776633371
-220.2806223366637
-547.8806223366684
74.11937766333368
713.719377663338
1116.319377663338
728.9193776633344
942.3193776633342
690.1193776633372
747.5193776633282
495.7193776633333
404.719377663337
736.9193776633387
1000.7193776633446
430.319377663337
342.5193776633338
472.1193776633362
436.5193776633347
253.31937766333573
307.7193776633344
-22.080622336666007
-294.08062233666294
32.31937766333547
-273.2806223366633
569.919377663334
-56.08062233666351
-518.0806223366641
1220.3193776633332
417.5193776633355
-341.68062233666234
-285.6806223366637
57.71937766333571
701.9193776633325
192.11937766333543
270.51937766333657
160.51937766333515
146.51937766333583
530.5193776633354
280.71937766333673
466.71937766334
309.31937766333493
545.9193776633316
355.9193776633356
377.91937766333774
597.9193776633418
1118.1193776633356
-130.88062233666543
-154.8806223366629
375.71937766333633
1084.5193776633348
793.319377663332
-248.480622336665
-692.8806223366614
-500.8806223366637
-126.68062233666201
-530.8806223366639
363.91937766333774
123.71937766333689
290.71937766333434
1063.5193776633378
240.91937766333683
-390.48062233666445
-248.2806223366643
-236.6806223366651
-100.68062233666461
153.7193776633373
408.5193776633386
486.1193776633371
194.11937766333625
650.719377663338
904.5193776633373
835.3193776633343
946.1193776633398
636.9193776633318
717.7193776633331
436.71937766333
211.31937766333792
704.9193776633341
-204.68062233666183
704.5193776633349
851.5193776633392
1331.5193776633348
1104.7193776633335
259.9193776633356
-171.08062233666368
-267.08062233666385
-15.080622336664579
-388.6806223366667
-438.08062233666254
-190.48062233666445
55.719377663336786
904.3193776633343
164.51937766333663
-220.28062233666347
-442.2806223366645
-211.68062233666456
-152.08062233666368
-162.8806223366638
-637.4806223366627
-716.8806223366672
-673.0806223366656
-322.88062233666545
-316.880622336661
-579.4806223366681
-430.0806223366633
-366.4806223366622
-210.48062233666218
-179.68062233666473
-409.68062233666325
25.51937766333607
48.71937766333686
120.91937766333744
54.11937766333564
-16.28062233666508
-649.0806223366612
-393.08062233666425
-328.2806223366623
-702.6806223366669
-322.6806223366661
112.9193776633341
-174.68062233666367
-208.48062233666374
-7.880622336664759
1054.9193776633342
144.11937766333736
-122.2806223366646
-150.68062233666384
66.11937766333608
-171.28062233666319
-195.68062233666285
-370.6806223366648
-397.8806223366638
-100.08062233666496
131.11937766333682
660.5193776633383
580.3193776633331
513.119377663338
823.319377663333
590.5193776633421
205.119377663336
131.31937766333527
566.3193776633359
742.1193776633388
680.5193776633355
595.7193776633356
390.31937766333704
-157.2806223366657
237.31937766333832
196.31937766333627
-21.880622336665056
133.31937766333638
274.9193776633361
291.31937766333715
669.5193776633306
668.519377663329
