-152.17755380184133
1440.8224461981665
-152.9775538018405
461.2224461981615
694.0224461981585
-399.3775538018411
282.62244619816136
-638.3775538018391
-795.7775538018543
-1135.7775538018425
-1202.577553801847
-509.5775538018426
723.4224461981556
11.222446198155625
-1521.177553801851
-578.9775538018396
-1068.5775538018597
-170.97755380184765
244.2224461981636
-235.57755380184983
226.02244619816287
-510.1775538018364
-477.1775538018344
-301.7775538018302
-645.5775538018386
-423.97755380183804
694.8224461981528
-50.17755380184021
-2315.777553801829
-1138.3775538018413
419.42244619815864
-50.37755380183968
2059.422446198162
-449.7775538018396
-477.57755380183534
262.42244619816034
-252.57755380184562
-784.1775538018239
760.022446198159
-967.377553801842
-1092.3775538018465
-499.9775538018367
-860.377553801849
-1157.177553801861
-61.57755380183962
492.0224461981567
-200.7775538018415
34.422446198161104
-996.3775538018543
-1752.777553801876
-1149.9775538018644
-1411.3775538018426
-91.1775538018373
-408.3775538018337
-165.57755380183917
-575.5775538018628
-1773.5775538018822
-848.9775538018613
-903.577553801848
-1702.9775538018796
-2141.377553801879
-953.977553801885
-362.5775538018391
-1497.5775538018493
542.6224461981608
962.2224461981556
858.6224461981606
783.022446198152
352.2224461981556
-123.77755380183994
377.4224461981548
-128.77755380184269
380.622446198161
-423.7775538018468
-1015.5775538018519
-1890.377553801856
-491.17755380184917
-1197.5775538018454
-331.7775538018385
676.2224461981735
597.4224461981624
-635.5775538018411
-1331.1775538018583
-1481.777553801854
-577.9775538018315
-456.37755380184166
-840.5775538018445
-1777.777553801873
-1465.5775538018456
-200.17755380183658
-130.57755380183605
-82.1775538018427
-740.5775538018456
-517.3775538018583
77.02244619815342
-313.1775538018419
700.6224461981486
-16.77755380183912
190.22244619815922
-93.37755380184107
568.622446198156
836.2224461981642
727.2224461981568
861.6224461981502
772.422446198158
-555.7775538018554
-34.377553801837266
196.8224461981617
-765.1775538018497
-1430.1775538018717
-1180.7775538018618
171.82244619815867
2034.6224461981533
1035.8224461981554
946.6224461981707
-534.3775538018388
-681.7775538018401
-1089.7775538018395
-814.9775538018472
-1662.777553801873
-699.7775538018374
99.02244619815858
-250.1775538018468
351.6224461981574
130.02244619816335
-372.7775538018401
281.62244619816073
-260.77755380184243
-577.1775538018452
-769.5775538018394
-1257.1775538018483
4.422446198160248
80.62244619815868
-638.3775538018447
476.82244619816447
842.6224461981468
386.822446198158
170.02244619815787
-934.7775538018534
-550.7775538018413
-799.9775538018388
-1078.5775538018395
-1098.1775538018385
-47.57755380183946
305.8224461981583
1504.8224461981554
2363.022446198158
22.622446198160517
-1738.9775538018473
-2171.9775538018503
-1383.7775538018502
-1546.17755380184
-720.777553801848
-381.9775538018454
-1103.1775538018426
653.6224461981612
707.8224461981717
-2.37755380183663
1094.8224461981463
776.4224461981613
501.02244619815974
254.02244619815554
-1267.3775538018492
-700.7775538018413
-722.9775538018448
449.2224461981557
599.8224461981497
-412.37755380184245
890.4224461981398
1786.8224461981495
925.0224461981613
64.22244619815459
738.8224461981587
-146.9775538018459
194.62244619816084
879.4224461981521
-1512.5775538018459
-617.7775538018409
184.4224461981618
-86.97755380183588
-1168.977553801836
-1545.5775538018347
-826.7775538018408
-87.57755380183934
56.822446198158495
470.62244619815937
-79.77755380184011
1146.8224461981465
1328.4224461981185
952.6224461981433
1158.8224461981479
575.822446198162
-1145.7775538018388
29.82244619815922
-966.1775538018397
-1331.9775538018478
-1040.7775538018477
1456.4224461981353
-430.17755380183996
-619.3775538018419
1845.4224461981808
1034.8224461981476
1118.6224461981637
679.2224461981599
-816.7775538018452
-1014.3775538018419
-731.1775538018516
-86.5775538018396
-154.57755380184128
-915.9775538018538
-1166.1775538018494
1213.2224461981527
89.02244619815814
-636.1775538018339
13.622446198158695
712.6224461981438
1047.2224461981616
502.62244619816
277.0224461981602
1076.8224461981752
934.42244619816
1085.0224461981556
935.2224461981542
1010.2224461981599
-1489.7775538018109
635.6224461981585
149.82244619816103
373.82244619815214
-121.77755380184028
666.4224461981576
387.8224461981578
-229.57755380184275
1226.2224461981475
1573.6224461981715
1592.4224461981703
1073.2224461981496
-777.9775538018474
177.62244619816278
1718.6224461981626
131.6224461981632
-256.77755380183834
-430.7775538018429
-929.5775538018297
-955.5775538018472
-1367.977553801829
-840.1775538018383
-313.57755380184904
1286.6224461981617
1010.2224461981757
637.4224461981622
859.0224461981692
173.22244619816112
920.0224461981614
878.4224461981559
1652.2224461981625
934.2224461981609
-252.5775538018534
182.6224461981611
-649.3775538018341
-1532.577553801854
-891.3775538018513
499.4224461981647
1245.422446198149
-22.57755380183489
881.6224461981714
1267.022446198155
257.8224461981666
24.222446198162707
1134.4224461981496
1714.6224461981553
1661.0224461981672
780.022446198157
1786.022446198162
1038.2224461981555
728.6224461981584
514.622446198149
1450.6224461981508
1615.222446198144
1303.8224461981615
1288.6224461981776
257.2224461981689
-886.9775538018389
729.6224461981527
644.0224461981641
1207.4224461981696
488.4224461981526
34.62244619816029
212.42244619816088
1140.2224461981652
-1107.3775538018444
-1539.1775538018314
-2456.577553801843
-1118.5775538018381
236.02244619816352
-65.77755380184028
589.2224461981484
229.62244619816067
446.42244619815483
1706.4224461981717
852.8224461981545
1196.622446198101
205.62244619817005
441.42244619815654
640.8224461981472
1696.0224461981622
1762.822446198157
2552.6224461981465
2921.622446198159
3167.022446198169
1742.822446198131
1588.6224461981858
2122.6224461981187
3607.8224461981254
295.22244619815245
210.82244619816115
1039.8224461981447
-29.377553801837408
37.622446198155885
-502.5775538018433
-42.97755380183962
1291.6224461981733
-996.5775538018434
-270.3775538018409
-142.3775538018428
-48.77755380184108
221.62244619815903
93.82244619815783
77.22244619816692
696.8224461981509
211.02244619816426
2455.222446198129
2779.622446198168
1545.0224461981304
611.4224461981494
1415.022446198154
2249.422446198186
1564.4224461981548
868.0224461981718
1854.822446198149
827.0224461981701
1777.0224461981668
1521.2224461981275
2116.222446198157
1233.6224461981542
1859.6224461981553
1110.6224461981576
-1472.7775538018313
-873.7775538018376
-1534.9775538018523
-1698.3775538018378
-278.97755380184134
-171.57755380184506
-335.57755380184216
-1714.377553801824
-343.57755380185654
-638.777553801856
-187.37755380182443
350.22244619815723
-342.77755380183856
-1055.5775538018418
597.0224461981692
-228.5775538018432
880.2224461981585
1891.6224461981637
1704.0224461981581
1397.622446198134
1151.622446198144
1603.022446198171
442.42244619814255
-1228.177553801832
124.02244619815569
-716.777553801836
413.82244619815185
2284.222446198156
2551.822446198148
1624.622446198161
1159.0224461981657
919.8224461981588
-914.5775538018368
-1372.7775538018457
-831.7775538018363
-1437.7775538018504
94.42244619815955
823.022446198159
-114.37755380184336
-285.37755380184694
50.422446198154546
253.02244619815764
-128.5775538018412
-287.37755380185297
-589.1775538018323
-1498.3775538018392
-835.3775538018405
287.8224461981592
797.222446198159
1221.8224461981574
1624.2224461981748
551.2224461981533
929.8224461981578
578.822446198173
1079.8224461981408
-497.377553801842
335.22244619816394
-380.3775538018376
1512.222446198173
1580.8224461981679
1158.0224461981643
844.8224461981492
664.4224461981576
438.0224461981623
-703.9775538018409
-553.177553801839
-747.3775538018558
-877.7775538018489
-499.7775538018352
-384.17755380184605
-402.7775538018368
-357.77755380184726
372.82244619816015
1070.622446198158
-408.5775538018395
-1853.5775538018543
-113.577553801842
119.62244619816299
-2136.577553801836
-889.3775538018468
895.2224461981606
1815.822446198174
1128.2224461981343
1340.6224461981508
665.0224461981556
82.02244619816136
1158.0224461981695
53.222446198165024
982.6224461981394
-490.1775538018353
726.2224461981303
-458.7775538018358
1147.8224461981683
1256.622446198162
-59.57755380184271
-701.9775538018459
-323.7775538018429
-20.777553801843496
-802.5775538018322
-1874.1775538018394
-1021.3775538018416
-59.77755380184324
240.22244619815842
-727.9775538018374
-314.5775538018366
605.422446198157
-1074.9775538018457
-1910.7775538018127
-913.5775538018474
-415.177553801842
-2342.37755380185
-114.17755380184124
1873.4224461981582
209.82244619816606
-210.97755380183622
2137.022446198155
324.22244619816286
336.02244619814735
929.2224461981357
-206.37755380184348
-215.37755380184154
336.4224461981567
-293.77755380184107
416.4224461981498
1227.8224461981495
-5.1775538018403395
1201.6224461981635
-29.177553801842116
-96.3775538018401
-1909.777553801833
-2518.9775538018635
-1577.5775538018408
-343.57755380184005
140.2224461981658
196.8224461981634
972.222446198163
484.22244619815825
824.6224461981562
-667.577553801856
-952.7775538018286
-382.17755380184667
-2176.577553801849
-1258.9775538018346
-244.77755380184476
789.2224461981659
-558.3775538018423
948.8224461981673
1423.0224461981875
1420.6224461981567
1128.2224461981493
830.0224461981616
-344.57755380183977
-1418.5775538018415
-1481.9775538018566
-319.777553801844
461.6224461981767
-870.777553801842
-1554.3775538018397
662.6224461981667
-991.5775538018304
107.02244619816028
-1164.5775538018368
-1500.1775538018405
-1251.1775538018367
-802.5775538018298
-1222.9775538018473
-735.377553801845
-279.1775538018425
-1106.5775538018452
-443.37755380184416
-122.1775538018411
-737.7775538018348
-1709.9775538018393
-2998.977553801843
-976.3775538018381
-423.1775538018425
-322.17755380184303
-1091.3775538018429
1185.0224461981368
2332.6224461981687
1011.2224461981634
501.82244619816174
630.0224461981577
-6.3775538018446625
-870.3775538018238
-1585.3775538018574
1159.2224461981627
1041.22244619816
-780.7775538018417
562.2224461981609
150.02244619816156
-1183.5775538018554
-221.9775538018479
189.42244619815568
483.2224461981567
-685.3775538018486
-854.377553801849
-1098.1775538018376
458.42244619816455
-870.3775538018444
-955.1775538018351
344.8224461981584
636.422446198159
-159.3775538018412
-944.7775538018402
-841.5775538018465
-652.9775538018473
-606.9775538018391
-1252.3775538018501
-455.5775538018435
-910.9775538018449
477.2224461981564
-33.777553801841115
8.422446198159989
-632.9775538018315
634.8224461981562
656.622446198158
-673.1775538018302
467.8224461981614
761.4224461981631
448.42244619816125
94.62244619815982
-54.97755380184098
-882.3775538018422
-60.577553801836004
91.02244619816182
-449.17755380184286
403.0224461981579
304.82244619815674
-102.77755380183922
1792.822446198151
484.82244619815043
1144.822446198145
95.42244619815934
-687.7775538018457
-415.3775538018441
-1033.1775538018396
-243.9775538018451
-901.1775538018396
-1199.1775538018524
-1050.377553801832
-201.5775538018383
907.8224461981652
-780.37755380184
-1003.9775538018366
-580.7775538018363
-1258.1775538018394
-936.1775538018503
-1268.1775538018744
-699.1775538018474
-818.3775538018289
-540.5775538018477
751.8224461981608
301.02244619815735
-356.3775538018517
-1158.577553801859
-712.7775538018356
922.6224461981514
-80.97755380183645
363.022446198162
614.2224461981652
-698.177553801842
412.2224461981639
459.8224461981608
952.6224461981633
662.4224461981456
736.6224461981511
-159.3775538018366
-994.3775538018397
559.0224461981588
-338.77755380183856
-714.9775538018298
-1897.1775538018128
-1861.3775538018435
1006.2224461981546
-1284.777553801835
-2715.9775538018325
-1928.7775538018652
-307.7775538018376
-917.7775538018386
-1812.1775538018492
-367.5775538018401
-1304.9775538018582
-1276.1775538018614
515.2224461981633
366.62244619815885
-608.5775538018414
-1306.7775538018498
-394.17755380184406
935.4224461981597
-396.77755380184465
-959.5775538018396
-237.57755380184614
-788.5775538018406
810.2224461981615
-30.177553801834517
1149.0224461981431
-184.37755380183773
-287.7775538018373
-550.1775538018447
-409.3775538018433
968.4224461981568
-1263.1775538018678
472.4224461981688
-878.1775538018376
-2724.3775538018344
-577.1775538018334
-1703.3775538018479
-1612.57755380185
-2082.7775538018345
-1076.977553801842
-1593.7775538018127
-1421.5775538018543
-1288.7775538018343
-1200.577553801853
-941.7775538018492
-1492.5775538018277
-179.17755380184073
-166.17755380184357
-1930.777553801872
-1304.7775538018334
-90.37755380184265
71.2224461981586
-1051.1775538018426
-1013.1775538018443
645.8224461981587
1013.2224461981642
-177.77755380183982
1060.0224461981477
-513.9775538018401
-429.1775538018384
256.4224461981553
848.0224461981604
1163.6224461981626
-457.17755380183917
-702.3775538018496
-123.97755380184293
425.22244619816166
367.2224461981555
-1733.9775538018473
-429.9775538018389
-1533.1775538018476
-269.37755380183694
-1604.7775538018484
-1119.1775538018323
-425.57755380183687
-755.377553801846
-993.9775538018272
-632.1775538018372
-860.9775538018348
-221.97755380184398
-1020.577553801844
-939.7775538018365
-223.7775538018442
1019.6224461981535
727.2224461981538
-424.17755380184354
212.42244619815753
-85.77755380184675
-174.9775538018396
-344.57755380184136
-211.17755380184087
-418.97755380184554
-155.37755380184095
-579.5775538018423
-158.7775538018423
103.2224461981541
438.82244619816936
-1022.5775538018427
1035.0224461981543
-1079.1775538018446
-937.17755380184
-710.1775538018428
-2237.777553801843
-356.1775538018405
-720.3775538018386
126.82244619816039
-1571.1775538018408
-268.5775538018459
-414.77755380184175
-372.1775538018417
-992.9775538018363
-856.7775538018241
-622.5775538018345
523.2224461981629
-202.1775538018431
45.8224461981561
1054.4224461981507
1729.422446198166
1134.4224461981473
245.82244619815663
996.0224461981643
580.8224461981417
1385.422446198181
508.2224461981649
-330.57755380184295
193.22244619815683
101.42244619815754
-622.9775538018409
569.6224461981667
-1201.177553801854
89.22244619815669
-981.9775538018338
-956.1775538018535
574.2224461981629
-1584.7775538018495
-1626.5775538018454
-2096.577553801836
-975.1775538018438
-2150.977553801855
278.6224461981606
-440.37755380183927
1069.8224461981542
1144.2224461981555
-762.9775538018549
-217.37755380184225
1139.8224461981588
932.2224461981452
-15.977553801839427
-115.57755380184355
194.62244619816394
1200.6224461981683
-501.1775538018404
773.0224461981559
387.82244619815447
1082.422446198162
201.82244619815967
545.4224461981657
1574.4224461981785
67.42244619816185
-1120.1775538018694
-430.7775538018409
-59.777553801837506
93.42244619815727
-639.3775538018298
-1285.1775538018394
763.6224461981609
-1269.3775538018351
-605.3775538018467
-106.17755380184119
229.0224461981589
-1991.5775538018463
-240.17755380184667
-394.7775538018428
1200.622446198153
115.4224461981569
-621.9775538018578
-461.9775538018409
169.82244619815913
894.2224461981571
1066.0224461981707
1037.222446198163
996.2224461981534
1368.8224461981513
691.422446198167
1639.6224461981449
1151.622446198146
1407.4224461981707
711.2224461981585
1511.2224461981568
1672.02244619816
-482.7775538018434
-1423.7775538018354
8.222446198160398
811.2224461981577
-610.9775538018507
-629.5775538018486
-658.7775538018478
143.62244619815857
-1273.5775538018386
15.222446198163198
350.4224461981609
1409.2224461981584
96.82244619816665
330.2224461981589
475.4224461981601
665.2224461981573
-951.1775538018403
564.0224461981575
1079.8224461981545
402.8224461981569
606.0224461981637
780.6224461981568
1274.8224461981779
1522.0224461981577
2098.622446198148
1165.422446198158
584.4224461981503
635.0224461981544
297.2224461981609
221.22244619816905
818.2224461981726
420.62244619814356
-198.37755380184552
-336.1775538018522
-96.97755380184286
403.2224461981615
-190.97755380184628
-342.97755380185333
396.02244619816145
-511.97755380183855
-401.37755380184666
-786.3775538018332
-364.1775538018434
464.4224461981602
849.6224461981561
-7.3775538018379905
-527.3775538018449
-560.9775538018416
-56.577553801839194
771.2224461981522
538.2224461981617
-513.7775538018434
103.0224461981586
-472.97755380184554
-421.77755380184175
1012.2224461981434
1186.622446198151
-61.177553801842045
380.0224461981521
639.6224461981622
313.22244619816047
-401.3775538018421
427.02244619815514
-272.17755380183706
-151.37755380183552
215.4224461981586
-78.77755380184371
-292.57755380184295
-176.57755380184224
-212.37755380183785
-150.77755380184234
0.8224461981637248
579.4224461981544
314.0224461981606
-834.1775538018506
-1042.5775538018443
-880.5775538018373
-327.77755380184186
-1030.77755380185
96.2224461981587
-279.3775538018459
-487.5775538018426
-403.77755380184414
-669.9775538018373
-286.97755380184196
345.4224461981525
74.02244619815784
1098.6224461981471
170.82244619815705
71.62244619815692
-385.1775538018389
1492.4224461981491
1128.0224461981552
-829.3775538018432
1885.4224461981414
-300.3775538018441
-722.5775538018436
-247.57755380184636
72.02244619815825
318.22244619816615
443.62244619814953
19.622446198155686
-726.5775538018444
464.0224461981552
618.2224461981571
931.6224461981634
-1300.5775538018327
-379.9775538018466
814.6224461981581
233.22244619815785
-692.9775538018491
403.4224461981641
-538.5775538018353
-1267.577553801843
110.02244619815792
-283.17755380184616
-925.5775538018383
-7.777553801837119
-125.37755380183935
463.0224461981511
443.0224461981586
866.8224461981683
-79.57755380184405
1037.0224461981554
766.6224461981493
-722.177553801837
966.8224461981446
-438.57755380183545
-648.9775538018436
-385.9775538018453
136.42244619815835
913.6224461981631
-240.37755380183978
-728.3775538018365
-828.9775538018479
216.82244619815629
-409.1775538018382
591.6224461981587
-1052.1775538018449
-78.57755380184074
1605.42244619816
-274.9775538018384
159.0224461981552
319.62244619816096
312.6224461981598
-487.3775538018558
-293.7775538018412
305.222446198158
48.02244619816135
-414.57755380184943
1013.4224461981604
1589.4224461981185
1909.222446198182
949.8224461981541
983.6224461981625
516.8224461981663
977.4224461981638
206.22244619816487
889.6224461981612
-20.377553801834182
86.42244619816185
-266.5775538018408
266.22244619816126
814.6224461981599
598.0224461981556
351.8224461981612
-709.977553801838
69.42244619815907
905.8224461981672
2499.822446198184
87.4224461981606
228.82244619816223
447.82244619816515
-1085.7775538018434
543.4224461981566
-371.9775538018391
-288.77755380184055
289.2224461981574
1106.2224461981593
957.2224461981601
328.2224461981565
-541.1775538018416
1077.2224461981584
1612.822446198159
1900.6224461981558
1110.2224461981455
2953.8224461981554
1513.8224461981408
1285.822446198179
1352.8224461981488
2327.022446198128
671.2224461981546
1142.2224461981584
916.4224461981546
-362.9775538018393
416.82244619815856
1644.4224461981464
-274.17755380183814
-602.9775538018395
-696.3775538018424
-29.977553801837907
1592.2224461981782
786.4224461981538
27.22244619815762
-787.3775538018483
749.4224461981621
1918.2224461981607
264.0224461981678
-706.3775538018399
-875.9775538018357
349.2224461981509
725.2224461981561
-11.377553801837713
-433.1775538018387
-205.77755380184092
637.4224461981569
658.0224461981423
1544.8224461981363
1187.6224461981515
-984.3775538018444
-328.97755380183673
-274.77755380184266
-1288.177553801839
497.22244619815933
492.6224461981673
393.0224461981597
-202.17755380184116
-732.5775538018481
-412.37755380184257
526.422446198152
-449.37755380183887
-1854.1775538018508
-601.9775538018482
-1038.3775538018622
-221.17755380184826
504.6224461981578
-132.37755380184245
278.22244619815166
-312.37755380184296
-262.7775538018373
-149.97755380183966
-167.1775538018405
166.42244619816236
1428.2224461981493
985.822446198154
-922.7775538018415
44.42244619816455
503.22244619816354
-230.77755380184075
1864.622446198172
-1155.3775538018483
-1388.377553801849
-511.5775538018363
-1596.977553801853
-2212.577553801841
171.42244619816103
-449.7775538018371
-4.5775538018414395
930.0224461981452
429.4224461981608
-10.77755380183808
422.22244619815586
406.6224461981626
122.02244619816571
430.82244619816134
-975.7775538018454
-1655.1775538018603
-715.5775538018312
-669.3775538018378
939.622446198143
981.2224461981459
1219.8224461981447
668.222446198161
-469.1775538018397
140.8224461981648
24.82244619815961
-761.9775538018446
-1201.377553801858
38.022446198166556
113.22244619815764
-1378.5775538018431
521.4224461981476
44.22244619815878
173.82244619816024
233.8224461981579
-493.9775538018472
-1458.57755380184
-774.1775538018551
-511.77755380183896
463.22244619815865
242.4224461981638
71.22244619816026
-351.5775538018403
696.4224461981626
-580.577553801841
236.02244619816324
1075.022446198167
353.22244619816615
-886.3775538018443
-955.9775538018486
-23.577553801839642
1828.0224461981566
2088.022446198156
1199.022446198183
-273.77755380184095
-250.3775538018403
694.8224461981512
194.42244619815915
-276.7775538018409
-783.9775538018355
-265.9775538018433
483.0224461981525
29.422446198161822
652.6224461981592
95.62244619816272
513.4224461981607
213.02244619816264
734.0224461981668
121.22244619815982
-287.57755380184216
304.6224461981579
151.42244619815364
-575.1775538018464
987.222446198161
1700.4224461981426
955.0224461981483
0.82244619815582
-477.9775538018463
186.82244619815629
1496.8224461981758
201.22244619815638
761.822446198161
788.4224461981576
1463.622446198168
1312.2224461981748
1130.422446198153
-257.17755380184235
368.62244619815687
396.02244619815986
-459.1775538018413
-381.37755380184933
-577.3775538018417
-628.377553801835
671.4224461981556
78.02244619816157
-791.5775538018385
268.8224461981632
325.62244619816033
1412.4224461981594
763.2224461981576
-907.9775538018482
-320.3775538018359
-160.97755380184324
-1186.7775538018277
-1039.977553801844
-467.7775538018443
741.6224461981824
685.4224461981545
966.4224461981522
-19.577553801847394
-597.9775538018489
-706.1775538018501
378.82244619816083
2098.422446198159
883.6224461981692
133.42244619816196
-216.97755380184407
603.6224461981585
290.2224461981587
423.0224461981565
-174.97755380183696
-1278.1775538018564
-46.97755380184187
-520.9775538018406
-486.9775538018411
1047.4224461981653
744.6224461981609
1.6224461981606382
1391.4224461981644
543.6224461981552
568.8224461981575
-296.77755380184726
202.62244619815897
94.82244619816295
-1542.977553801847
-1019.3775538018631
-543.5775538018463
90.22244619815893
698.4224461981548
1294.6224461981776
842.8224461981614
888.4224461981636
874.0224461981566
-1933.7775538018475
-758.9775538018425
869.0224461981612
989.6224461981614
454.6224461981588
-228.77755380184752
369.4224461981678
570.0224461981613
-528.3775538018414
-224.77755380184647
-745.5775538018667
-256.9775538018439
-594.5775538018431
-286.3775538018359
512.6224461981476
-183.57755380183843
-1648.377553801838
2138.822446198199
887.6224461981543
-148.5775538018399
-1201.7775538018407
631.0224461981512
-1484.3775538018422
-2040.7775538018639
-386.1775538018402
-1660.177553801821
-477.57755380183517
748.4224461981581
-596.7775538018614
-786.1775538018402
-714.7775538018332
-749.3775538018439
-810.1775538018416
-705.1775538018468
-524.977553801837
1926.622446198132
771.2224461981604
-524.7775538018223
-360.37755380183296
-641.5775538018479
-1182.1775538018398
-1104.1775538018464
-623.9775538018366
-390.1775538018463
-1301.1775538018478
-413.5775538018373
200.82244619815634
-142.37755380184097
-2329.5775538018447
2576.422446198125
1833.6224461981722
1387.6224461981622
-688.1775538018376
-518.377553801845
-1242.1775538018326
-2053.5775538018274
-1377.1775538018185
-1562.7775538018502
-632.9775538018454
731.4224461981661
-686.7775538018432
-653.3775538018556
339.8224461981573
-1584.5775538018383
-1932.9775538018523
-1593.377553801827
-1119.577553801834
-1076.7775538018427
-2118.3775538017844
-1730.3775538018133
-1595.9775538018473
-1214.1775538018169
-1497.7775538018052
-828.9775538018317
-360.5775538018403
-1080.7775538018277
-1027.9775538018416
-231.77755380184584
1352.6224461981626
505.22244619815723
-868.3775538018489
756.422446198161
403.8224461981599
-1075.5775538018404
-1524.3775538018522
-218.37755380184717
551.2224461981597
-1294.5775538018486
-1409.1775538018435
-1619.3775538018108
-2455.9775538018275
-1338.9775538018462
-353.1775538018397
-335.7775538018442
-413.97755380182724
-1531.1775538018305
-761.1775538018434
-1473.777553801827
-1611.777553801851
-2218.1775538018237
-1777.7775538018182
-1029.7775538018116
-1641.1775538018796
-2375.5775538018192
-3091.7775538017836
-3130.3775538018353
-896.3775538018414
-834.1775538018368
-592.1775538018454
-831.3775538018625
-274.5775538018396
-197.57755380183823
394.02244619816366
-326.3775538018364
-11.777553801839634
-1729.377553801846
-1441.9775538018512
-317.5775538018397
-101.37755380184267
541.2224461981583
-1069.1775538018424
-1438.3775538018456
-956.1775538018362
-1705.7775538018288
-959.1775538018318
-1567.9775538018419
-2117.5775538018247
-2519.977553801789
-1772.5775538018684
-2237.577553801841
-1679.1775538018485
-1508.7775538018273
-995.9775538017935
-1700.5775538018218
-1723.1775538018892
-1115.177553801813
444.2224461981579
-2258.97755380188
-1048.1775538018337
-74.177553801839
-1118.7775538018561
-262.7775538018397
-221.97755380184108
-358.7775538018404
835.8224461981512
282.02244619815883
1649.0224461981654
912.4224461981725
-100.97755380183787
-220.37755380184274
264.4224461981633
773.8224461981652
-110.37755380183717
-1828.1775538018458
-1035.3775538018508
-954.17755380182
-1302.177553801847
-1354.5775538018468
-1373.1775538018583
-1683.1775538018005
-2447.177553801828
-3587.1775538018373
-1832.5775538018345
-2560.977553801875
-2311.577553801816
-1939.9775538018398
-763.7775538018357
-1867.577553801877
-1128.3775538018524
-222.17755380184605
-940.9775538018547
-136.57755380184184
-1140.777553801835
-637.7775538018471
897.6224461981665
-310.5775538018406
-895.7775538018391
-579.1775538018271
1667.6224461981478
292.2224461981612
-95.57755380184038
740.8224461981614
1117.0224461981468
363.82244619815725
390.2224461981565
-1697.177553801848
-2539.377553801834
-2259.977553801845
-1468.177553801834
-1058.3775538018226
-1429.5775538018115
-1414.9775538018416
-2510.577553801839
-3844.57755380179
-1602.1775538018703
-2508.177553801814
-2780.577553801917
-1230.777553801792
-1093.1775538018835
-2346.177553801831
-1823.7775538018368
213.62244619816008
391.42244619815415
322.62244619816244
733.2224461981542
23.82244619815648
1555.222446198142
1118.6224461981512
-867.5775538018354
691.8224461981605
1546.2224461981539
1098.4224461981478
-22.177553801842762
482.8224461981599
1826.8224461981451
890.2224461981638
-83.97755380183918
-348.1775538018421
-2013.3775538018158
-2261.977553801789
-1423.3775538018472
-1697.5775538018445
-1486.3775538018633
-1777.9775538018416
-1186.577553801864
-2727.9775538018353
-1343.177553801843
-2538.7775538018473
-1528.5775538018252
-1646.577553801814
-2269.7775538018914
-2586.1775538018383
-2072.5775538018615
-526.577553801842
-247.77755380184072
567.822446198159
562.6224461981662
763.6224461981598
1404.2224461981443
5.622446198164948
-1387.3775538018394
-136.37755380183864
1170.6224461981576
1699.4224461981846
147.62244619815164
-815.5775538018324
1942.6224461981767
2588.2224461982023
-834.9775538018386
-1516.9775538018455
-1564.3775538018376
-1241.7775538018204
-2157.1775538018433
-1290.9775538018448
-1066.5775538018356
-1884.177553801829
-931.377553801818
-1853.9775538018769
-275.9775538018537
-2010.1775538018073
-1748.7775538018375
-3070.7775538018677
-1176.3775538018444
-413.17755380183166
-1317.377553801853
-822.7775538018503
-139.37755380184163
620.8224461981519
741.6224461981595
229.62244619815343
1139.6224461981153
805.8224461981564
422.8224461981715
-966.5775538018445
483.22244619815433
1587.2224461981568
259.0224461981567
206.22244619816402
2174.4224461981325
2947.6224461981765
-80.9775538018442
-254.9775538018439
-86.37755380184436
-2148.5775538018383
-3060.3775538018617
-1192.5775538018393
-1828.377553801856
-1764.3775538018745
-1360.3775538018267
-1591.1775538018885
-890.5775538018198
-185.17755380184326
-2067.9775538018434
-2052.1775538018424
-563.3775538018403
-1037.977553801837
817.4224461981627
1408.2224461981532
973.8224461981735
-601.5775538018421
-226.7775538018424
1628.8224461981529
2020.8224461981658
1696.8224461981551
1112.822446198169
1396.42244619813
1410.4224461981166
2007.022446198184
322.62244619815783
867.8224461981496
2365.422446198181
874.6224461981559
453.222446198159
-236.97755380184185
96.02244619815889
-2102.777553801861
-1406.5775538018447
-2170.777553801834
-1618.1775538018628
-934.1775538018351
-1278.7775538018523
-1691.5775538018102
-1164.7775538018393
-1087.977553801877
-1319.977553801849
-928.7775538018492
-1394.9775538018516
-1767.9775538018193
629.0224461981535
811.8224461981603
1173.0224461981654
-183.17755380184096
223.02244619816616
1309.2224461981623
1402.622446198146
116.82244619816137
242.82244619816205
376.2224461981601
272.42244619815443
1135.0224461981577
776.0224461981593
584.0224461981555
904.2224461981559
-143.57755380183897
915.0224461981487
633.0224461981393
580.4224461981642
-1681.1775538018258
-837.977553801845
-414.3775538018286
-1732.3775538018606
-1480.9775538018189
-961.5775538018314
-1587.57755380184
-1290.3775538018579
-1917.1775538018753
-6.577553801842324
-28.57755380184141
-757.1775538018557
1245.2224461981623
1257.6224461981617
508.0224461981605
421.0224461981607
413.0224461981584
1245.4224461981453
357.02244619815855
498.62244619816965
11.822446198162353
851.0224461981525
82.42244619814257
654.6224461981785
1922.022446198163
1331.8224461981742
1368.622446198162
1733.2224461981666
1680.0224461981488
1172.0224461981466
1446.6224461981346
519.0224461981608
279.8224461981595
-1803.9775538018525
-1237.9775538018303
-1615.777553801836
-1421.1775538018298
-1274.7775538018443
-192.97755380184094
64.42244619816196
-1662.177553801842
-1323.1775538018428
-509.77755380184203
-190.17755380184505
306.2224461981573
894.0224461981537
416.6224461981472
-95.57755380184483
-417.7775538018452
-105.577553801839
1222.4224461981314
1650.622446198182
916.0224461981554
2032.4224461981698
820.2224461981671
1687.4224461981573
957.2224461981376
-274.77755380184504
694.8224461981553
97.82244619815994
418.6224461981632
-420.37755380184063
546.4224461981618
1206.2224461981632
620.4224461981664
601.42244619815
-1334.1775538018533
-1472.9775538018303
-656.3775538018521
-805.7775538018379
-967.7775538018288
-1238.3775538018444
-1150.977553801846
-1570.1775538018364
-876.5775538018413
692.2224461981554
523.6224461981541
741.4224461981581
631.6224461981626
-311.9775538018434
-127.17755380183996
-75.1775538018318
1566.6224461981553
1563.4224461981485
-299.57755380184136
489.0224461981695
334.82244619816095
641.4224461981555
754.2224461981654
1049.4224461981407
532.0224461981502
-594.9775538018429
461.4224461981781
272.42244619815204
1781.4224461981812
1037.822446198158
-293.17755380183814
1604.4224461981582
-535.7775538018411
-1185.1775538018417
533.4224461981611
1993.0224461981616
601.8224461981632
-599.1775538018388
880.422446198145
-659.3775538018427
-484.9775538018449
1404.2224461981752
1366.8224461981488
681.0224461981613
1066.2224461981543
885.8224461981501
81.62244619816309
-442.17755380184303
-209.17755380184207
-269.57755380184364
-545.9775538018312
1285.022446198192
-588.7775538018466
560.6224461981583
-233.37755380184439
-109.37755380184183
-515.3775538018375
-624.177553801837
591.4224461981632
-812.5775538018411
2671.022446198152
1841.0224461981784
-685.9775538018383
871.4224461981441
-654.3775538018439
891.2224461981535
2372.6224461981765
2790.222446198155
1992.2224461981357
2062.822446198141
1875.822446198157
722.4224461981586
687.6224461981615
70.22244619816412
1594.2224461981527
1440.4224461981298
-83.57755380183954
-146.97755380184057
-834.7775538018377
-209.37755380183683
-1231.7775538018411
-1673.5775538018534
569.2224461981555
1634.6224461981815
-449.17755380184207
487.02244619816
-883.9775538018414
-513.5775538018404
-281.17755380184246
-398.5775538018488
365.02244619815707
-525.9775538018409
348.6224461981662
1123.4224461981482
1196.2224461981457
1075.0224461981418
-432.37755380184433
2611.822446198193
3600.8224461981877
4528.222446198158
2321.4224461981607
2779.822446198172
2822.422446198134
1056.0224461981572
364.22244619816246
550.4224461981588
659.0224461981591
1308.2224461981516
199.2224461981614
-1085.1775538018392
-1376.777553801856
-246.77755380184198
-1086.5775538018336
-1914.7775538018598
-463.17755380183524
-238.97755380184043
-97.17755380183999
-908.5775538018328
-923.9775538018464
-657.1775538018486
-1019.5775538018377
-2209.377553801839
-1011.5775538018398
157.8224461981584
1198.8224461981636
-92.77755380183976
2051.222446198168
-287.7775538018394
568.422446198158
2159.8224461981745
2792.822446198131
4824.222446198185
3272.6224461981824
3906.8224461981517
1991.2224461981675
1807.4224461981132
515.8224461981509
340.2224461981793
704.4224461981582
596.0224461981546
81.8224461981585
-447.17755380184076
-1803.777553801859
-1249.777553801836
-781.5775538018412
-5.977553801842074
293.2224461981574
-80.77755380183743
1574.022446198174
338.82244619815884
827.8224461981638
165.82244619815935
-1153.1775538018408
-1279.3775538018378
-215.77755380184624
202.8224461981543
2326.6224461981515
618.0224461981704
1928.0224461981459
615.4224461981615
196.82244619815998
2310.0224461981143
1875.2224461981484
2450.222446198144
1334.6224461981376
2908.4224461981808
1565.2224461981532
2199.622446198144
238.82244619813673
1732.6224461981767
2491.622446198122
-50.17755380183169
-683.1775538018443
-136.1775538018423
-705.777553801847
-1165.9775538018368
-1458.3775538018347
-1444.77755380183
203.0224461981621
-1002.1775538018375
1229.8224461981545
37.82244619815814
53.62244619815767
-408.9775538018472
-708.9775538018362
-329.3775538018478
-581.5775538018348
-230.77755380184345
1479.2224461981464
1793.6224461981494
1484.6224461981183
284.0224461981588
-496.17755380184116
1900.4224461981876
974.0224461981626
1711.0224461981613
1907.222446198124
2829.8224461981717
242.02244619815974
883.6224461981687
-94.97755380184499
1053.6224461981665
373.02244619815275
-373.577553801838
-945.9775538018266
-985.1775538018563
-720.3775538018358
-576.7775538018398
-643.3775538018471
-645.1775538018273
218.22244619815882
168.82244619816092
1087.822446198164
-53.977553801841964
-464.77755380184965
-788.1775538018424
-155.77755380184485
-175.17755380183922
-1193.1775538018435
-1075.5775538018288
939.022446198158
1744.022446198151
-359.9775538018382
-891.7775538018374
1.6224461981678395
1364.6224461981658
507.8224461981383
1426.6224461981715
1215.8224461982009
2418.022446198148
874.2224461981643
800.8224461981599
477.62244619817716
379.2224461981549
-1032.1775538018385
765.6224461981495
1183.0224461981552
300.82244619816186
-417.7775538018418
-1033.1775538018458
-555.977553801846
-270.377553801841
1023.0224461981571
770.2224461981525
-736.9775538018407
-1139.3775538018392
-2202.977553801838
-1826.9775538018207
-640.5775538018431
-650.3775538018388
-739.3775538018457
-385.1775538018451
170.0224461981611
1109.2224461981791
-79.17755380184231
-458.1775538018442
830.222446198164
246.0224461981523
313.422446198157
-248.7775538018393
-61.977553801844365
803.8224461981546
1080.6224461981678
7.8224461981655296
-736.1775538018467
-707.1775538018361
-296.1775538018383
1002.0224461981672
1172.0224461981559
-129.3775538018429
-286.17755380183917
-1727.7775538018548
-1948.9775538018707
-864.7775538018439
-96.77755380184094
-331.57755380183556
-477.37755380183677
-520.7775538018394
-1383.3775538018356
-2189.97755380184
-678.1775538018367
-721.7775538018406
-110.5775538018413
100.42244619816539
-220.977553801836
-127.77755380184436
-604.9775538018431
-591.9775538018423
-104.7775538018422
118.62244619814456
914.2224461981507
542.6224461981681
-577.3775538018451
-597.7775538018368
-597.7775538018474
-497.3775538018417
-1291.3775538018383
-57.3775538018393
-325.1775538018455
106.42244619815662
553.8224461981567
127.22244619816108
283.2224461981552
246.42244619815978
-995.5775538018491
-700.1775538018429
-918.3775538018465
94.42244619815708
-829.1775538018405
850.822446198152
121.42244619816154
-2382.7775538018445
864.022446198156
-390.3775538018441
-363.5775538018552
-339.17755380184116
-296.1775538018482
348.4224461981671
15.022446198158534
-586.1775538018385
-882.7775538018375
166.62244619816983
404.0224461981562
1097.4224461981466
-614.5775538018363
423.2224461981618
861.6224461981684
-420.97755380184196
-1249.1775538018376
484.4224461981564
-183.97755380183912
-463.7775538018414
710.0224461981644
-255.97755380184233
-830.7775538018387
-451.97755380183935
-1261.7775538018511
-1187.5775538018336
-369.7775538018389
652.6224461981666
-788.7775538018516
83.22244619815993
-546.3775538018451
-2275.1775538018396
-333.9775538018409
-944.5775538018314
-1104.1775538018396
-1148.777553801848
-620.1775538018437
647.8224461981689
-639.3775538018409
-1368.177553801831
-408.1775538018485
329.8224461981641
-567.9775538018445
454.2224461981557
-427.37755380184217
561.8224461981621
1045.6224461981462
-1195.777553801835
-170.37755380184748
481.82244619815845
1075.622446198167
414.62244619815635
-425.5775538018389
-817.577553801846
-736.777553801842
-1781.3775538018185
-798.5775538018397
-203.7775538018414
735.4224461981587
441.02244619815167
84.42244619816236
-516.97755380184
-636.5775538018429
-1355.377553801849
-800.9775538018297
-1327.5775538018459
-900.3775538018342
-1014.777553801857
-104.97755380184259
510.6224461981617
536.2224461981589
514.4224461981576
135.22244619815825
478.6224461981472
729.6224461981586
1769.6224461981724
-15.977553801839711
429.22244619815785
9.022446198157937
-1427.1775538018426
721.0224461981575
361.6224461981592
533.2224461981567
985.4224461981638
731.4224461981579
-373.7775538018443
-405.7775538018422
-1724.1775538018576
-421.3775538018497
0.42244619815465967
698.422446198157
868.8224461981664
1954.622446198171
665.0224461981655
-85.37755380183995
-86.97755380184063
1180.6224461981835
-266.17755380184104
577.4224461981587
993.8224461981504
-144.17755380183942
472.02244619816855
1869.222446198152
713.2224461981583
550.2224461981651
312.82244619815725
362.8224461981569
1213.622446198159
661.6224461981695
367.4224461981559
-617.1775538018384
854.222446198171
2488.222446198156
1379.6224461981753
430.8224461981613
-43.777553801843744
581.022446198164
921.4224461981676
683.0224461981506
39.42244619816511
-30.977553801840262
324.4224461981605
483.02244619815656
1900.4224461981667
2879.4224461981444
792.6224461981363
827.8224461981647
527.6224461981717
-160.77755380183814
1306.0224461981443
1429.822446198158
1659.4224461981596
1036.6224461981524
418.62244619815164
887.2224461981407
2272.6224461981496
1001.8224461981555
-23.97755380184315
2225.6224461981633
1503.8224461981442
1731.62244619814
1884.0224461981416
314.422446198159
308.62244619815374
283.42244619814835
259.0224461981525
64.62244619815601
158.42244619816142
604.6224461981569
1888.8224461981426
1818.4224461981346
86.4224461981515
1100.0224461981556
710.4224461981722
8.222446198161187
2746.222446198195
-82.17755380183847
-108.57755380184136
437.22244619814774
-748.1775538018352
-1219.1775538018449
1110.2224461981596
491.2224461981466
804.6224461981546
1237.2224461981305
400.42244619816233
552.8224461981627
1967.0224461981422
1822.2224461981416
1265.6224461981537
1936.2224461981298
323.22244619816433
-866.9775538018481
-158.97755380184032
-780.577553801845
401.0224461981543
788.6224461981423
1352.6224461981492
820.2224461981629
-358.37755380183944
500.62244619814766
324.8224461981512
219.0224461981541
131.82244619816234
1136.8224461981463
296.62244619815874
-1100.977553801852
1255.8224461981667
443.42244619815756
895.4224461981537
375.422446198155
-659.9775538018441
-1421.7775538018398
-757.9775538018399
-730.9775538018457
330.42244619815824
-108.3775538018384
-771.1775538018401
-829.9775538018416
1158.8224461981695
-463.5775538018402
-348.977553801844
593.6224461981595
-258.9775538018414
-2052.177553801843
-2041.977553801833
-934.7775538018495
288.4224461981612
476.8224461981508
424.8224461981561
-625.3775538018385
-659.7775538018498
620.4224461981394
-80.57755380185678
35.82244619815293
-38.77755380184277
91.22244619815514
284.22244619816024
-124.97755380184013
961.8224461981619
233.02244619816545
519.8224461981526
-22.17755380183838
638.6224461981642
448.2224461981658
-332.7775538018408
-108.17755380183863
223.82244619815958
-849.7775538018424
116.62244619815361
864.422446198171
801.8224461981532
-527.577553801842
-1304.3775538018533
-635.9775538018398
220.42244619816378
-1524.3775538018535
-903.7775538018439
-541.7775538018439
-158.97755380183878
-404.5775538018458
720.4224461981512
-151.37755380184356
239.42244619815938
361.4224461981637
-607.9775538018432
170.42244619815796
-281.97755380185185
-772.5775538018316
523.2224461981541
150.82244619816063
-200.17755380183695
65.22244619816342
-233.97755380184302
1042.4224461981669
1102.8224461981677
-497.17755380183587
-115.3775538018422
-112.17755380184697
-676.3775538018392
-935.577553801829
-1103.3775538018542
-6.577553801845424
247.82244619815592
26.82244619815858
-1069.5775538018484
-1425.577553801835
-1757.177553801853
-1300.7775538018448
675.8224461981567
-102.97755380183902
-1296.5775538018518
-997.5775538018443
989.2224461981687
455.62244619814965
734.0224461981617
845.6224461981592
-662.1775538018164
390.62244619815925
-753.5775538018412
-900.9775538018426
632.2224461981557
727.8224461981555
632.8224461981617
1020.0224461981594
36.222446198155474
456.0224461981587
254.02244619815815
711.8224461981652
713.6224461981599
-635.3775538018394
284.22244619815854
415.82244619815964
619.6224461981582
752.4224461981744
1286.8224461981608
288.2224461981559
373.6224461981604
1074.822446198153
-1086.177553801853
-656.5775538018515
366.8224461981578
479.02244619816764
-272.1775538018406
-272.77755380184465
967.4224461981607
1101.6224461981458
331.02244619815565
962.4224461981695
194.0224461981595
75.02244619815677
-523.7775538018368
-750.5775538018486
-359.7775538018392
-829.7775538018466
-1190.3775538018458
1185.2224461981552
199.422446198155
-265.77755380184055
-536.3775538018431
675.0224461981592
-1216.1775538018348
-1008.9775538018437
1062.6224461981415
-183.1775538018445
521.0224461981563
1064.422446198159
-464.77755380183925
-825.5775538018408
-718.977553801839
772.2224461981755
1139.8224461981445
924.2224461981575
732.8224461981459
2760.2224461981386
1453.422446198148
488.0224461981613
914.622446198167
482.22244619814836
-361.7775538018457
21.622446198158602
214.22244619815802
-32.37755380184048
-1187.7775538018375
-876.9775538018422
-839.5775538018415
-601.7775538018174
-1825.1775538018417
414.0224461981536
356.6224461981593
750.822446198132
-364.5775538018418
-505.3775538018431
-1323.177553801857
-1271.1775538018453
2.222446198157929
-325.7775538018467
528.2224461981615
1369.4224461981566
-525.5775538018436
-218.9775538018461
1027.6224461981453
376.2224461981472
235.22244619815484
1078.2224461981643
1333.6224461981303
778.4224461981521
-600.3775538018425
250.4224461981575
860.6224461981516
632.8224461981607
-275.37755380184024
69.42244619815693
102.62244619815823
-969.3775538018409
-1009.9775538018414
-480.37755380182927
775.822446198157
266.6224461981574
-939.9775538018263
-1478.5775538018358
-708.1775538018469
-1290.577553801838
-1462.1775538018376
85.42244619815592
466.42244619816256
-478.77755380184226
75.62244619815553
-324.7775538018428
-829.9775538018374
-367.3775538018411
-113.17755380184137
329.4224461981689
1216.02244619816
588.0224461981562
1588.4224461981562
1649.62244619816
739.8224461981764
-581.3775538018399
-36.57755380183753
691.0224461981601
163.6224461981583
-132.57755380184264
-1294.57755380184
-2189.3775538018376
-468.77755380184146
-82.77755380184072
237.02244619816219
-416.5775538018277
10.022446198161305
-64.57755380184341
279.8224461981623
-1807.377553801807
-390.77755380184294
-1350.9775538018398
-931.7775538018398
340.4224461981549
63.22244619815883
804.6224461981619
-128.57755380184568
-35.77755380184199
584.6224461981536
-149.57755380184273
161.0224461981659
-207.9775538018496
-3.577553801837638
-333.17755380184065
391.62244619816636
620.0224461981733
459.0224461981673
641.8224461981432
708.4224461981448
-396.5775538018397
-583.1775538018418
761.2224461981439
2035.222446198185
-1206.3775538018463
168.22244619815962
1854.6224461981637
686.8224461981631
1102.0224461981543
1202.0224461981586
511.82244619817027
1006.6224461981612
-1172.1775538018328
715.2224461981566
471.4224461981632
-100.37755380184589
89.82244619815158
289.02244619815735
655.6224461981602
357.4224461981573
-438.1775538018335
422.02244619815656
878.0224461981528
870.2224461981671
380.22244619816775
127.4224461981594
63.02244619816022
12.622446198154186
-991.5775538018444
376.22244619815353
-201.7775538018396
2.8224461981577775
131.42244619816222
773.0224461981591
-203.9775538018394
106.0224461981605
309.02244619815764
225.02244619816258
1792.022446198167
411.2224461981553
111.62244619815877
1287.0224461981522
-147.17755380184266
-1023.5775538018619
-2495.977553801849
-312.577553801833
-1105.177553801844
-574.7775538018392
375.4224461981617
248.42244619816393
-278.57755380183585
565.42244619815
-762.3775538018319
-1017.5775538018213
269.8224461981507
1114.4224461981482
876.6224461981511
432.02244619816446
922.2224461981343
644.6224461981584
-518.1775538018372
1398.4224461981253
685.622446198162
648.6224461981556
1806.0224461981504
1276.0224461981352
-575.1775538018426
-759.9775538018439
564.6224461981755
1132.8224461981667
1205.02244619816
1422.4224461981476
-83.37755380184419
422.822446198161
-224.97755380183943
-1887.777553801847
-1124.1775538018387
-497.77755380182583
223.8224461981602
242.6224461981587
705.0224461981569
210.8224461981615
-266.1775538018466
274.2224461981604
813.6224461981609
-155.17755380183667
622.8224461981582
1871.2224461981268
1137.422446198175
1103.42244619817
1150.422446198147
1906.6224461981592
405.42244619816927
1553.422446198177
1125.4224461981448
2048.4224461981244
1174.422446198165
694.2224461981573
-607.7775538018502
-1357.3775538018492
-167.577553801842
509.8224461981504
993.0224461981586
837.8224461981604
-113.3775538018431
-697.1775538018534
-2384.7775538018377
-3186.3775538018645
-870.1775538018329
-389.1775538018384
989.2224461981504
310.6224461981694
-986.5775538018455
-288.57755380183835
876.4224461981457
-290.7775538018428
56.42244619816326
352.22244619816166
1813.4224461981619
1552.4224461981391
1919.62244619815
1832.2224461981539
984.4224461981577
1854.0224461981516
822.0224461981652
1965.6224461981456
738.6224461981716
854.222446198163
-763.3775538018397
1097.6224461981526
638.2224461981574
-1646.3775538018313
-1896.3775538018413
-829.3775538018456
68.62244619815618
468.422446198173
-1132.7775538018402
-585.7775538018481
-830.3775538018375
-1010.1775538018353
-1266.377553801847
-1318.3775538018388
68.42244619816097
-996.5775538018336
-1217.3775538018472
-630.177553801837
640.6224461981593
-5.9775538018436585
903.4224461981545
1612.2224461981664
979.6224461981551
550.8224461981662
1400.8224461981881
277.4224461981595
403.4224461981523
641.6224461981527
568.4224461981698
1259.8224461981756
1848.4224461981532
-61.777553801842195
-212.77755380184198
814.2224461981696
-446.777553801836
401.02244619816184
6.822446198161742
28.022446198166826
-674.5775538018406
129.42244619815844
677.0224461981616
597.8224461981637
221.02244619815838
-136.97755380184506
1621.422446198163
73.62244619815914
55.222446198163
-1086.7775538018416
-521.3775538018436
-123.57755380184346
-991.1775538018396
-127.77755380184328
-485.1775538018395
675.2224461981606
-138.37755380184052
1200.0224461981538
289.82244619816714
-169.97755380184537
641.422446198165
551.2224461981658
182.62244619815587
892.0224461981625
944.6224461981557
817.222446198147
810.8224461981412
-594.3775538018426
-1827.9775538018525
934.6224461981548
475.22244619815905
603.8224461981479
43.62244619816343
574.6224461981526
171.62244619815843
23.622446198160006
-1353.5775538018595
-1218.3775538018358
4.822446198164792
-1345.5775538018445
-1324.977553801848
-1235.5775538018188
-1162.1775538018344
-465.97755380184515
-1260.9775538018569
-553.7775538018433
-442.5775538018357
162.4224461981649
-1001.7775538018417
462.0224461981588
751.0224461981612
-682.9775538018355
-274.97755380183446
481.42244619816285
56.02244619815827
370.4224461981651
-495.97755380184395
1601.422446198163
1356.2224461981677
-537.7775538018514
698.4224461981548
1185.2224461981573
424.22244619815467
-416.3775538018431
-352.37755380184433
243.62244619815928
-1427.3775538018435
-1328.7775538018357
-1534.7775538018343
-743.5775538018471
-846.1775538018413
-859.7775538018301
-330.1775538018429
-1163.9775538018616
-663.5775538018378
587.6224461981582
262.6224461981614
-452.5775538018443
790.2224461981695
3.822446198159458
242.0224461981623
-1024.777553801833
-354.9775538018575
-613.377553801846
-131.17755380183343
-622.9775538018458
436.6224461981703
910.8224461981529
-943.7775538018436
-129.17755380184178
495.0224461981615
-375.1775538018372
-710.7775538018416
156.02244619815792
286.82244619815964
-770.9775538018566
-1725.5775538018347
-1570.9775538018555
-766.3775538018396
-671.9775538018348
-888.977553801845
-20.77755380183941
530.0224461981588
264.22244619816325
-1821.3775538018538
-2775.777553801814
-840.7775538018415
-819.5775538018393
-433.37755380184365
-1490.3775538018572
-245.97755380183517
462.02244619815997
353.42244619815966
826.6224461981508
-189.17755380184047
-190.1775538018331
302.22244619815217
-717.5775538018429
-1131.177553801846
-1046.7775538018484
-642.9775538018439
-942.5775538018352
-205.97755380183273
295.2224461981605
-1181.1775538018455
-351.17755380183854
445.8224461981592
-965.5775538018364
-970.9775538018363
-879.3775538018448
439.6224461981607
38.622446198155004
-2292.3775538018253
-1907.3775538018497
808.8224461981641
-558.7775538018382
-1438.177553801868
-657.7775538018316
19.822446198156143
-613.5775538018413
515.8224461981583
-541.5775538018436
808.0224461981501
472.8224461981563
-425.3775538018408
1928.6224461981449
500.22244619815774
-631.3775538018326
336.62244619815857
796.0224461981583
-1489.9775538018305
-1762.177553801833
727.0224461981649
-670.1775538018401
-427.5775538018416
1088.2224461981584
69.42244619815676
-352.5775538018405
633.02244619816
425.22244619815734
80.22244619816263
197.82244619816714
213.82244619815367
-660.3775538018427
-1993.3775538018363
-265.1775538018422
50.62244619815948
99.02244619815538
-1046.1775538018424
-393.97755380184685
175.82244619816012
590.022446198157
1212.6224461981521
-1137.3775538018417
1405.6224461981546
1175.6224461981567
-1213.9775538018555
434.2224461981559
-725.7775538018439
-61.177553801846045
445.22244619816274
-82.37755380184194
-1800.1775538018385
-1093.7775538018368
227.42244619815935
-419.3775538018384
-285.177553801841
-477.77755380184135
812.6224461981566
907.2224461981567
-414.7775538018426
165.22244619815885
-257.577553801839
1086.2224461981589
435.62244619816096
-1187.577553801838
-151.17755380184158
1061.622446198147
-254.57755380183707
-21.1775538018364
-1524.1775538018294
-893.3775538018435
756.4224461981624
1460.0224461981427
1054.2224461981743
-1308.1775538018444
-1380.3775538018326
-273.1775538018487
-110.17755380184641
-386.7775538018441
-2355.9775538018475
-541.1775538018345
-920.777553801841
-291.7775538018458
-2500.577553801866
-1484.5775538018509
219.42244619815625
-554.3775538018413
-1051.9775538018607
-715.377553801851
147.22244619815675
1042.8224461981524
249.422446198155
-359.57755380184204
-198.17755380184448
1618.0224461981531
1143.6224461981642
-1486.3775538018638
-928.9775538018273
-705.5775538018257
-165.97755380185978
-1502.1775538018333
-1369.9775538018291
-820.3775538018326
136.82244619815862
-419.7775538018411
-75.37755380183607
-617.9775538018449
-619.9775538018282
-1335.3775538018228
659.8224461981584
-1793.5775538018395
-1905.7775538018482
-1736.1775538018212
-2370.3775538018226
-617.9775538018429
-2090.777553801847
-572.9775538018548
-1010.9775538018347
-141.77755380184794
-842.7775538018254
-1010.5775538018501
30.22244619815728
633.2224461981625
495.4224461981569
625.4224461981554
-463.577553801838
461.62244619815954
882.822446198166
52.42244619815662
-283.5775538018437
-919.1775538018705
369.0224461981537
-1243.5775538018406
-167.1775538018445
125.82244619815948
-129.37755380184
163.6224461981608
375.4224461981597
-468.17755380183866
860.4224461981556
-779.5775538018457
454.02244619815633
-907.5775538018449
-2097.977553801835
-779.9775538018371
-2191.377553801838
-1723.377553801843
-3291.9775538018507
-1184.3775538018422
-892.3775538018523
488.6224461981586
-1202.577553801841
154.02244619816082
1929.8224461981904
-47.37755380184136
18.222446198160235
1320.8224461981476
630.2224461981618
331.0224461981598
-387.7775538018415
-1405.1775538018273
-359.37755380183654
-1432.5775538018502
80.6224461981545
-1625.977553801825
-872.3775538018332
753.0224461981543
970.4224461981697
1224.6224461981656
262.62244619815783
-651.777553801844
778.8224461981587
634.42244619816
439.02244619816304
-310.97755380184265
-1849.3775538018353
-511.9775538018396
-2135.9775538018553
-1516.9775538018648
-2584.7775538018545
-795.9775538018326
-1687.3775538018701
-618.9775538018413
-1595.9775538018528
-206.5775538018434
36.422446198160245
-958.3775538018546
-918.9775538018577
-35.57755380184482
371.4224461981533
845.8224461981641
292.8224461981539
-654.7775538018387
-192.17755380186253
-253.97755380184043
450.22244619815655
-1350.3775538018272
-924.5775538018479
974.6224461981594
1882.0224461981722
1159.822446198126
-334.3775538018424
-1231.3775538018501
768.8224461981551
1113.0224461981545
-1154.977553801843
-1035.7775538018393
-955.1775538018434
-581.377553801838
-1832.1775538018412
-464.5775538018409
-2038.5775538018506
-134.37755380184106
-346.77755380184385
45.22244619815929
0.42244619815748763
757.222446198147
-643.7775538018434
104.6224461981646
173.22244619815942
-80.17755380184157
22.822446198158197
321.22244619815814
277.8224461981579
-584.1775538018466
-137.9775538018403
-287.57755380185847
-1233.777553801823
-1842.577553801869
-1668.3775538018674
211.22244619816234
1849.4224461981537
1124.8224461981545
291.22244619815854
-99.77755380183926
208.82244619815725
785.4224461981771
-406.17755380184065
-268.9775538018409
233.62244619815715
-758.777553801848
-1238.177553801848
-1401.9775538018434
-1892.977553801852
-732.1775538018386
509.62244619816096
-125.17755380184175
-411.97755380184265
163.0224461981568
338.22244619816405
965.2224461981446
471.8224461981584
-337.577553801843
283.62244619815357
-82.17755380184076
-431.97755380182974
-651.3775538018438
-948.3775538018493
-937.5775538018383
-712.9775538018503
-830.9775538018371
-323.9775538018358
37.02244619815545
1906.4224461981596
1498.2224461981448
1387.4224461981507
838.6224461981591
-111.97755380184554
-11.577553801839962
103.62244619815823
315.022446198162
224.42244619816242
42.2224461981616
27.42244619815926
254.82244619815452
-877.3775538018522
-1077.9775538018278
-412.17755380183877
138.62244619815894
-149.77755380184294
1010.8224461981664
12.22244619815875
166.22244619816416
302.8224461981636
773.022446198154
1578.4224461981353
2068.622446198156
854.2224461981666
162.42244619815455
-906.977553801834
-59.97755380184177
-462.9775538018526
765.6224461981577
1210.8224461981517
-131.3775538018441
2902.4224461981207
1631.8224461981504
1211.8224461981706
685.4224461981607
150.02244619815883
781.4224461981568
1231.2224461981668
863.8224461981581
-171.37755380184197
446.42244619815193
430.62244619815687
1520.022446198186
-11.977553801845577
728.2224461981561
1367.0224461981702
718.0224461981567
339.8224461981605
1968.2224461981614
294.0224461981578
-374.37755380184245
831.8224461981625
881.6224461981566
953.2224461981632
1509.2224461981607
444.4224461981547
-650.7775538018459
-783.9775538018353
235.22244619815524
-955.577553801846
-203.97755380184438
46.42244619815806
-838.3775538018411
1398.2224461981507
896.6224461981536
114.22244619815604
-398.77755380182987
-752.1775538018419
603.0224461981608
158.4224461981559
-103.3775538018458
-278.377553801842
-478.9775538018425
-961.3775538018501
525.2224461981568
32.62244619816046
700.8224461981589
875.0224461981622
-736.3775538018492
643.0224461981587
1580.0224461981568
1135.022446198154
263.4224461981564
-84.77755380183984
612.6224461981593
898.2224461981633
-343.1775538018295
31.822446198159277
-555.1775538018398
-156.57755380184463
-383.1775538018409
-2076.577553801854
-2263.1775538018514
-1415.1775538018358
-1134.7775538018514
150.42244619815796
119.22244619816114
-145.9775538018302
-617.1775538018305
-615.9775538018306
-176.57755380185267
277.8224461981563
552.0224461981536
-49.17755380185099
-741.777553801841
-664.5775538018435
514.22244619816
-829.9775538018438
-481.1775538018501
-1104.777553801835
-2141.3775538018886
-68.97755380184577
-55.3775538018495
-219.57755380183255
12.822446198160428
335.02244619816173
-70.57755380184024
-199.97755380184879
-1571.777553801867
-1222.5775538018397
-1350.5775538018636
-912.7775538018345
-922.1775538018577
-1678.9775538017939
-2520.97755380184
-2028.1775538018449
-787.1775538018397
449.4224461981542
-808.1775538018389
-265.9775538018386
-116.17755380184495
-1737.177553801829
-1481.5775538018254
189.42244619815347
-725.1775538018527
-645.9775538018469
-1337.1775538018576
-1292.5775538018427
-411.17755380183485
-696.777553801826
-1064.1775538018367
-2059.1775538018687
-310.37755380184655
873.8224461981566
-125.17755380184327
-1016.7775538018582
-1553.5775538018272
-391.17755380183945
343.6224461981589
-368.1775538018358
-1228.577553801834
-1777.37755380183
-1501.777553801844
-2140.377553801841
-1338.5775538018418
