-353.64287542905083
233.75712457094914
-261.8428754290704
507.1571245709394
634.9571245709415
-107.0428754290599
-142.64287542906206
498.95712457094197
800.5571245709375
-154.64287542906132
579.9571245709402
938.1571245709291
395.5571245709389
-279.44287542906466
-418.2428754290624
-847.2428754290618
-822.0428754290803
-1472.642875429039
-180.84287542906782
-1144.2428754290804
-536.842875429061
1321.5571245709311
1385.1571245709224
563.7571245709354
-915.6428754290648
-251.44287542906784
-815.6428754290617
566.7571245709407
675.7571245709382
804.9571245709392
1304.3571245709381
694.7571245709462
-1366.2428754290502
-359.8428754290685
-977.042875429079
-818.442875429051
-504.2428754290635
295.5571245709365
-2.842875429062939
129.35712457094183
583.3571245709317
314.15712457094685
-1097.0428754290629
169.35712457094232
852.3571245709323
1156.5571245709357
-226.04287542906042
-495.4428754290589
734.157124570934
380.75712457094284
275.75712457094113
-3.042875429059162
947.9571245709395
2195.7571245708896
42.75712457094038
-777.2428754290574
-1185.4428754290645
-179.44287542906403
-305.2428754290649
1359.1571245709317
1217.7571245709366
-107.64287542905842
1189.5571245709325
903.1571245709359
537.5571245709402
-1351.6428754290569
-595.4428754290722
-579.64287542905
-1114.8428754290574
1306.7571245709494
1167.3571245709434
-678.8428754290596
106.75712457093773
499.3571245709422
-273.04287542906616
514.7571245709264
-765.4428754290728
776.7571245709414
834.757124570929
1100.3571245709359
881.5571245709419
-978.4428754290587
150.5571245709389
98.95712457093504
1301.957124570949
920.1571245709275
-1883.8428754290608
-780.6428754290628
-1101.842875429049
-965.2428754290563
-1399.8428754290667
114.75712457094016
83.55712457093877
-663.6428754290662
64.75712457093894
-183.84287542906566
102.55712457093722
882.7571245709347
153.1571245709406
1008.5571245709391
667.5571245709458
851.7571245709322
1324.357124570932
-298.6428754290652
-443.0428754290628
122.35712457093622
-372.6428754290799
-198.8428754290592
-831.4428754290632
650.9571245709458
1223.7571245709373
1656.5571245709498
668.9571245709473
-585.0428754290543
170.35712457094266
332.5571245709433
1259.957124570942
421.55712457093546
-1637.2428754290813
-1561.042875429036
-1111.4428754290773
-693.4428754290578
38.357124570940584
593.9571245709427
-927.4428754290643
13.957124570933804
732.7571245709363
-563.0428754290774
-476.6428754290607
1129.5571245709095
-309.04287542905587
-757.4428754290675
1028.3571245709409
108.95712457093741
105.75712457094203
-82.04287542905989
39.15712457094649
39.55712457093864
1432.1571245709342
593.5571245709433
169.1571245709414
2117.957124570918
1260.5571245709414
613.1571245709445
1335.3571245709295
892.3571245709355
256.35712457093484
486.3571245709393
1245.1571245709417
456.3571245709392
-297.4428754290637
-13.442875429062218
-53.84287542906046
-148.84287542905773
2020.9571245709396
-96.2428754290628
-2080.642875429096
713.9571245709311
1517.5571245709343
890.1571245709376
62.35712457093966
-1428.0428754290544
-2235.2428754290536
-2397.4428754290693
610.5571245709364
-253.64287542906376
-999.8428754290584
657.5571245709474
-183.04287542906002
-348.04287542905723
795.3571245709359
192.55712457094404
-1705.2428754290677
-198.24287542906055
1600.9571245709096
1191.5571245709289
1200.7571245709482
1059.95712457092
-428.2428754290585
-826.2428754290463
329.9571245709435
867.7571245709312
366.7571245709417
-720.2428754290601
71.75712457093184
-34.44287542906007
686.1571245709371
-101.44287542906163
-1499.442875429036
-830.8428754290601
309.75712457092476
693.5571245709405
576.3571245709398
-181.0428754290628
-18.64287542905828
-102.44287542906565
278.5571245709426
-553.0428754290639
-1135.84287542906
420.75712457094346
-488.042875429069
-489.842875429058
586.1571245709432
321.1571245709404
877.7571245709483
993.1571245709309
143.3571245709366
1148.9571245709224
384.9571245709342
769.7571245709614
1026.9571245709258
-398.84287542905565
774.7571245709338
973.7571245709581
-143.8428754290514
156.95712457094274
510.357124570943
172.9571245709403
-333.04287542906616
488.35712457093854
-720.8428754290534
-208.24287542905995
-292.84287542906276
-192.4428754290639
333.35712457093666
-519.0428754290621
-679.0428754290638
260.3571245709407
-600.8428754290674
-1371.2428754290713
529.557124570939
514.7571245709387
-1909.042875429052
-648.4428754290703
804.3571245709389
1831.5571245709255
1582.5571245709498
764.9571245709583
84.35712457095065
271.7571245709434
231.3571245709396
525.75712457094
458.7571245709545
-1039.8428754290571
136.95712457095163
721.3571245709187
35.357124570940044
1153.157124570939
-748.0428754290555
43.55712457094073
-245.4428754290515
1515.9571245709403
-153.24287542905918
737.1571245709316
-428.44287542905965
-1884.0428754290635
546.9571245709407
-396.04287542905917
-763.8428754290721
924.1571245709439
-1046.2428754290459
-1233.6428754290662
1160.1571245709315
623.9571245709576
255.95712457094066
-290.0428754290619
-364.04287542905746
1874.15712457094
-320.4428754290658
-429.24287542906427
502.7571245709339
405.1571245709453
538.7571245709272
709.3571245709448
1287.9571245709274
837.7571245709365
-796.442875429069
1364.957124570935
1570.957124570955
850.3571245709423
-58.04287542905895
90.95712457093853
-130.44287542905707
1194.557124570944
587.3571245709401
478.7571245709284
-335.84287542906543
-1492.4428754290702
-75.44287542906034
962.1571245709447
797.357124570936
961.5571245709397
-276.24287542906364
-107.04287542905794
28.957124570939953
-244.44287542906142
810.9571245709325
750.9571245709542
391.35712457094286
1056.3571245709534
63.757124570940505
1301.9571245709371
942.9571245709338
-132.24287542906376
59.157124570937135
1172.7571245709396
1041.7571245709444
523.9571245709328
-1303.8428754290708
1085.957124570938
1984.5571245709657
1487.957124570946
574.9571245709362
1688.7571245709617
1068.7571245709448
726.1571245709341
203.75712457093465
-1021.2428754290771
-396.8428754290585
-633.8428754290675
-1015.842875429069
4.157124570944751
413.757124570936
314.35712457093985
556.757124570942
438.7571245709372
834.3571245709554
513.7571245709402
-810.0428754290482
809.7571245709458
1764.3571245708997
170.15712457094423
1001.7571245709489
552.9571245709351
-1000.2428754290589
684.5571245709579
394.7571245709404
205.95712457094226
-779.4428754290569
708.3571245709248
116.75712457094451
710.5571245709364
-237.24287542905878
574.5571245709378
563.3571245709428
1391.5571245709357
735.1571245709388
229.35712457093638
570.157124570945
-1139.8428754290496
-173.24287542905972
316.15712457094065
-44.442875429058745
-1032.0428754290654
-216.84287542906122
-512.4428754290459
424.3571245709366
77.75712457093749
-256.6428754290596
-212.24287542906112
-164.24287542907007
709.3571245709347
301.957124570936
-630.2428754290554
1146.5571245709405
1131.5571245709345
-884.6428754290621
895.5571245709377
949.1571245709449
646.1571245709397
-580.2428754290592
1813.1571245709129
922.7571245709225
1717.5571245709173
606.9571245709374
1093.1571245709417
900.7571245709438
-90.64287542904725
-316.2428754290713
692.3571245709378
394.75712457094295
-304.44287542906375
-311.4428754290549
-1678.2428754290777
-1490.6428754290612
-170.2428754290654
800.5571245709389
55.7571245709438
1207.9571245709471
-272.84287542904957
885.1571245709408
1269.7571245709348
1366.5571245709507
423.3571245709358
-958.2428754290615
111.95712457093822
842.1571245709204
448.15712457092746
-984.0428754290632
-450.642875429057
181.95712457095283
406.7571245709419
-45.44287542906236
-106.44287542905901
1766.157124570904
1750.957124570958
605.1571245709526
1040.3571245709575
318.35712457093473
137.35712457093732
776.3571245709483
357.9571245709376
-208.8428754290591
-63.24287542906161
546.3571245709412
-1234.6428754290869
119.75712457094173
1312.7571245709216
1581.7571245709282
-649.0428754290618
555.5571245709441
-681.0428754290573
342.757124570939
513.9571245709465
221.75712457093942
-987.8428754290649
-682.6428754290437
590.1571245709364
7.957124570933351
-1276.8428754290655
1151.1571245709451
348.5571245709376
-569.0428754290566
-493.6428754290518
-1081.8428754290974
-1086.242875429083
3027.7571245709414
1056.3571245709372
-879.6428754290561
821.1571245709296
76.95712457093835
625.5571245709349
1905.7571245709285
-99.44287542906147
309.95712457094254
1541.5571245709402
772.3571245709365
-994.642875429075
-194.24287542905958
59.55712457093461
514.7571245709457
-711.0428754290647
307.9571245709361
16.55712457094024
1389.5571245709477
95.357124570942
-678.0428754290697
-1318.0428754290451
426.75712457094426
1782.1571245709497
-168.84287542905847
-712.4428754290393
839.3571245709401
29.157124570936396
234.95712457093657
-355.44287542905175
-599.2428754290677
-523.8428754290603
1126.157124570955
655.1571245709421
-626.6428754290561
1182.7571245709494
-918.242875429052
-526.2428754290619
1004.3571245709455
354.35712457094
713.7571245709314
-49.24287542906413
-686.4428754290709
357.7571245709438
61.75712457093698
-35.242875429060284
1305.357124570941
-399.8428754290684
-606.8428754290612
-470.6428754290618
-633.6428754290663
-1119.0428754290501
281.1571245709447
285.357124570935
733.3571245709428
-720.0428754290537
-1295.6428754290775
-638.8428754290537
308.357124570936
-183.24287542906114
481.7571245709367
-1314.0428754290576
-1350.042875429075
-315.2428754290624
-1251.042875429055
-1460.4428754290636
-174.24287542905932
241.35712457094414
79.15712457094273
-153.84287542906233
-555.4428754290686
-275.2428754290567
112.95712457093768
-446.8428754290577
-2388.042875429061
406.15712457094213
1162.1571245709288
282.95712457094436
337.95712457093924
-2448.8428754290376
-341.0428754290678
-274.8428754290757
-1239.4428754290652
-707.4428754290626
1282.9571245709305
813.9571245709368
376.9571245709458
662.9571245709421
-440.24287542906353
-186.44287542906252
723.9571245709415
-1251.8428754290526
-558.042875429062
-2418.042875429039
-1735.6428754290446
-292.84287542906014
-1112.6428754290453
-1510.042875429062
-43.84287542905711
-770.0428754290547
-636.0428754290682
382.95712457093754
-812.2428754290687
-349.042875429052
-301.642875429064
407.55712457094285
-1974.2428754290604
225.35712457093922
1778.1571245709745
1179.9571245709371
1530.957124570965
-1094.4428754290682
-661.8428754290624
-941.6428754290595
300.9571245709415
567.9571245709473
-579.6428754290607
737.95712457094
210.3571245709411
-463.842875429059
-222.44287542906284
958.7571245709428
1106.75712457093
-1058.242875429059
-410.0428754290593
-1883.4428754290789
-686.8428754290779
-223.24287542906168
-349.0428754290622
-549.0428754290626
362.55712457095717
481.9571245709455
-498.0428754290693
1308.7571245709382
-4.84287542906301
-702.6428754290669
-1715.2428754290709
-237.84287542906097
-2030.4428754290827
-594.4428754290739
778.157124570934
-879.6428754290731
-1114.2428754290652
-1775.2428754290834
-888.2428754290823
370.3571245709415
553.157124570941
-101.2428754290658
-2290.2428754290645
-392.04287542905774
273.3571245709401
293.357124570936
548.1571245709446
-415.04287542906434
372.7571245709428
-96.44287542905963
357.9571245709365
-1953.4428754291002
-741.2428754290447
1059.35712457094
165.35712457093422
-1711.8428754290685
-51.04287542906176
694.9571245709398
-438.0428754290664
377.557124570939
-366.04287542905485
-238.8428754290694
-988.0428754290713
-621.6428754290565
-1270.0428754290654
-815.4428754290586
949.7571245709453
-1152.2428754290445
-284.242875429055
-816.4428754290636
-1120.2428754290522
-346.6428754290608
49.35712457094011
-182.64287542906231
1115.9571245709312
-167.84287542905784
-697.8428754290641
644.7571245709443
1499.3571245709445
2.5571245709351196
1466.7571245709314
-61.44287542906079
-1449.8428754290762
-1489.442875429068
243.55712457093765
-306.6428754290642
-201.64287542906757
856.557124570948
3.957124570937653
689.3571245709365
642.3571245709445
1087.7571245709455
607.5571245709345
-73.44287542906254
437.1571245709348
-201.24287542906086
311.5571245709371
-14.642875429065459
31.557124570936615
11.357124570935499
1858.1571245709451
510.75712457092953
-948.2428754290572
-253.6428754290645
-610.4428754290656
-64.44287542906336
904.5571245709532
-725.6428754290678
-814.0428754290562
1027.9571245709408
-69.04287542906008
-659.6428754290564
1301.357124570935
-1023.6428754290533
-1384.2428754290645
1202.7571245709414
1225.7571245709426
314.7571245709399
928.7571245709422
2876.5571245709316
1837.7571245708975
2574.5571245708943
1007.9571245709462
-728.0428754290667
377.75712457094
355.9571245709374
-212.2428754290532
-716.242875429079
-247.04287542905564
-212.24287542904958
-1038.842875429071
335.35712457093973
1170.9571245709103
9.957124570936333
-900.2428754290622
-895.2428754290625
-563.4428754290589
-1148.6428754290653
-401.442875429061
-1590.2428754290604
-837.0428754290443
236.15712457093267
-164.0428754290574
335.3571245709335
164.5571245709446
-1104.042875429083
-1262.8428754290685
374.55712457094035
867.1571245709368
567.3571245709461
433.55712457093534
341.15712457094014
716.9571245709442
741.1571245709448
-1071.6428754290534
-532.6428754290575
-636.6428754290622
-398.44287542905704
-624.642875429059
-1560.4428754290493
264.757124570939
-110.04287542906896
-934.642875429069
-1288.6428754290614
518.9571245709368
533.5571245709334
883.1571245709384
-384.8428754290737
393.75712457093874
3.75712457093603
852.1571245709239
91.55712457093898
406.1571245709379
-1102.0428754290524
995.7571245709269
1180.5571245709446
388.15712457093906
125.15712457093795
-565.0428754290639
134.75712457093562
2058.7571245709623
691.9571245709424
-148.84287542906085
-266.84287542905594
-296.24287542905495
-131.44287542906713
-153.44287542905843
1513.1571245709258
355.95712457094214
-203.24287542906035
724.5571245709467
-1350.8428754290735
474.3571245709272
82.75712457093549
-1256.4428754290634
-1742.6428754290487
-533.64287542906
-269.84287542905815
-148.64287542906752
-879.6428754290669
352.15712457094054
324.7571245709384
189.7571245709375
-263.642875429058
569.1571245709421
203.3571245709449
355.3571245709322
157.55712457094458
345.9571245709262
726.357124570934
156.15712457093989
447.75712457093846
869.5571245709406
836.1571245709376
-665.6428754290629
1416.757124570923
-805.8428754290611
-482.8428754290647
932.557124570942
1325.1571245709351
610.3571245709494
-544.0428754290555
1183.1571245709426
-393.0428754290549
693.1571245709396
265.1571245709414
-964.0428754290726
-528.0428754290538
-1156.4428754290657
-1001.042875429056
-470.0428754290627
424.7571245709389
602.3571245709319
-895.8428754290541
245.15712457094037
-1130.442875429059
320.75712457094
1704.557124570924
-107.24287542905839
879.3571245709354
953.7571245709404
1484.9571245709342
1251.3571245709395
805.5571245709395
-933.8428754290557
484.5571245709475
-998.442875429063
367.15712457094406
-131.84287542906293
-627.4428754290433
-1215.042875429072
-401.4428754290609
1378.157124570943
-714.0428754290609
-511.04287542906354
-1754.2428754290427
-1259.642875429061
-1593.042875429103
-783.2428754290589
-286.44287542907966
-1424.2428754290909
-1111.842875429063
1446.5571245709557
368.5571245709418
-484.642875429071
512.1571245709406
-128.44287542905553
-943.2428754290619
-261.64287542906413
-717.0428754290625
-1425.8428754290665
186.75712457094534
1005.957124570947
501.9571245709428
337.9571245709375
1167.3571245709404
-430.0428754290627
-431.8428754290579
-1988.042875429077
-1028.0428754290633
-306.2428754290627
-523.042875429069
-112.64287542906283
-29.842875429065014
33.55712457094039
-402.0428754290577
1553.1571245709808
1525.3571245709281
-181.64287542905754
-1374.842875429081
-1410.4428754290618
-1420.6428754290587
-1674.4428754290855
-446.4428754290622
185.35712457093535
556.3571245709315
-354.0428754290597
-336.04287542906405
406.55712457094364
484.3571245709416
1294.5571245709227
67.75712457094001
800.3571245709426
1117.757124570944
1901.7571245709667
754.7571245709308
107.15712457093824
1037.557124570943
146.15712457093983
-13.242875429054557
351.75712457094613
821.5571245709391
226.55712457093998
-427.84287542906355
1471.5571245709527
-275.4428754290572
-984.4428754290631
25.957124570938994
202.7571245709444
91.7571245709392
-324.4428754290612
-1179.6428754290755
-215.24287542906072
-790.2428754290477
-1385.0428754290615
-277.0428754290647
657.3571245709478
1369.5571245709446
517.1571245709351
-988.4428754290727
-453.0428754290538
183.95712457093833
1465.7571245709487
1684.7571245709248
1222.1571245709401
1201.557124570911
1978.9571245709262
134.1571245709318
-100.44287542906204
430.15712457093844
18.557124570938043
113.7571245709448
-489.6428754290618
1081.757124570939
656.7571245709415
-587.4428754290631
1017.5571245709441
200.15712457093846
473.95712457093884
1151.1571245709495
1303.757124570947
726.5571245709233
573.557124570934
-29.64287542906017
-1147.8428754290726
-1177.042875429044
-707.4428754290903
165.55712457093847
997.1571245709298
1458.957124570924
1226.75712457094
195.55712457093978
67.35712457093888
449.357124570942
1243.7571245709412
238.55712457094265
-276.8428754290589
852.1571245709449
638.9571245709432
1064.957124570924
559.157124570946
1097.1571245709265
130.15712457093835
-178.04287542906093
-714.6428754290571
680.3571245709313
195.15712457093275
200.95712457094146
704.5571245709266
177.35712457094178
1.1571245709393558
592.1571245709318
597.3571245709344
492.9571245709244
766.9571245709212
560.1571245709381
-1087.642875429081
-1700.6428754290316
-1374.4428754290648
-187.0428754290424
361.3571245709384
-143.24287542905978
72.15712457094347
1010.9571245709334
684.7571245709238
871.3571245709284
-51.64287542905902
-805.8428754290707
-492.04287542906064
-474.44287542906034
439.55712457094455
2185.557124570957
1725.7571245709357
1608.5571245709311
880.157124570939
682.9571245709476
315.957124570942
56.55712457093706
720.1571245709395
-364.0428754290562
-795.4428754290605
-323.2428754290595
1108.157124570936
1032.757124570935
-699.8428754290746
-185.4428754290642
608.9571245709362
-1250.6428754290787
-1453.8428754290712
-933.6428754290718
-1124.2428754290725
-604.0428754290645
-350.64287542906675
-54.642875429061334
-634.6428754290584
1011.7571245709299
1303.7571245709264
1479.357124570935
561.7571245709348
956.3571245709642
1705.7571245708923
442.35712457093774
690.5571245709397
972.5571245709556
872.7571245709203
3.957124570933235
-272.44287542906693
-188.04287542906292
421.35712457093064
1256.5571245709252
1039.9571245709385
-375.24287542906734
240.3571245709365
-37.24287542906331
639.5571245709342
1223.5571245709168
-140.64287542906598
-132.44287542906142
1208.7571245709482
-607.0428754290674
-220.44287542906085
-1335.2428754290977
615.1571245709374
693.1571245709263
-405.8428754290626
-331.4428754290581
-908.4428754290789
474.55712457094336
1044.1571245709308
585.157124570939
-406.4428754290617
-792.042875429068
-302.0428754290561
-1007.2428754290747
-822.6428754290617
-1413.2428754290609
-646.4428754290664
-574.6428754290735
-1296.4428754290539
-1400.0428754290563
-238.84287542906026
-115.24287542906735
362.557124570941
333.95712457094487
-195.84287542905867
-151.24287542906012
-1213.4428754290652
-390.64287542906425
-504.64287542906527
-984.4428754290605
-777.4428754290598
-678.0428754290699
1162.757124570907
776.9571245709282
30.957124570939087
869.5571245709323
1613.957124570942
1064.7571245709353
-34.042875429061105
-255.8428754290573
376.95712457093765
-838.0428754290559
-543.4428754290697
59.157124570937185
56.95712457094224
-980.8428754290878
-416.6428754290539
-711.4428754290561
25.75712457093693
-754.4428754290697
-90.84287542906198
-1415.8428754290694
-1668.0428754290638
-172.0428754290645
112.75712457093663
378.15712457093844
-50.4428754290487
293.3571245709559
-1906.442875429077
-1531.2428754290497
-1392.642875429074
238.15712457093463
1478.7571245709216
94.75712457093428
-1896.2428754290409
494.1571245709342
-493.44287542906625
-614.8428754290674
83.55712457093895
1072.1571245709276
17.55712457094092
-113.2428754290641
664.1571245709301
-156.2428754290629
-1542.8428754290696
82.95712457092313
502.9571245709275
-251.04287542906565
-1597.0428754290615
-1280.4428754290486
696.9571245709446
605.3571245709362
598.3571245709317
-215.24287542906075
96.35712457093817
1465.1571245709185
-73.64287542905797
-21.642875429057252
498.75712457093533
938.7571245709573
-1028.642875429069
-156.24287542906282
255.7571245709414
-194.04287542905794
1322.1571245709574
340.1571245709359
400.9571245709391
-50.44287542906287
370.9571245709394
-206.2428754290598
-872.2428754290695
1438.5571245709461
1155.5571245709402
-818.2428754290587
-172.24287542905978
-140.84287542906273
-564.0428754290581
714.557124570935
-820.4428754290644
-1002.0428754290683
-1584.042875429058
-475.04287542908
-46.84287542906243
-1119.8428754290537
259.55712457094694
-547.2428754290568
350.1571245709357
893.5571245709389
-1126.6428754290584
242.9571245709435
419.95712457094066
243.95712457093572
-1154.8428754290649
60.9571245709375
555.1571245709334
8.957124570935033
254.5571245709388
-318.4428754290615
1119.35712457092
1643.1571245709117
604.7571245709471
653.7571245709478
261.95712457094385
338.3571245709369
857.1571245709225
-1049.0428754290606
-1151.6428754290657
-129.04287542907113
-520.2428754290739
273.3571245709405
-382.04287542906195
-569.4428754290705
-1007.4428754290525
-814.4428754290683
-1375.0428754290474
-1248.6428754290537
336.7571245709381
-400.6428754290722
339.5571245709383
278.15712457094014
-361.6428754290598
-461.642875429066
-422.6428754290563
-5.8428754290610145
639.9571245709313
1454.5571245709361
325.9571245709362
966.1571245709202
1380.3571245709215
-249.24287542905165
803.1571245709441
1309.557124570936
130.95712457093384
-941.642875429072
456.55712457093745
-399.2428754290627
-639.242875429056
-1380.8428754290742
-814.0428754290648
164.5571245709426
1290.95712457092
787.357124570936
549.7571245709436
1060.9571245709378
-691.0428754290643
-1726.042875429068
-1145.4428754290623
-349.6428754290693
414.9571245709389
107.95712457093953
413.5571245709378
-448.2428754290558
-108.04287542905948
152.95712457093774
-492.04287542906235
-369.04287542906565
2043.1571245709488
323.1571245709357
-1353.6428754290566
1252.1571245709335
1305.3571245709427
421.15712457093883
199.1571245709374
-1059.4428754290557
-1561.8428754290746
-1866.4428754290745
537.3571245709393
123.95712457093617
-940.8428754290774
-358.04287542906025
-991.8428754290542
-510.2428754290575
151.35712457094297
-598.4428754290683
-2392.842875429102
-1015.2428754290788
463.5571245709428
12.55712457093665
-332.6428754290638
-386.44287542906216
-707.2428754290638
-1119.84287542909
-169.2428754290583
115.55712457094282
277.957124570948
-929.042875429047
-519.6428754290595
-544.8428754290643
273.3571245709378
-275.2428754290615
-745.4428754290548
52.15712457094167
79.35712457094273
414.9571245709412
691.7571245709272
-172.04287542905234
469.9571245709399
467.35712457094405
418.7571245709362
307.5571245709402
-448.44287542906466
-314.04287542906394
-1273.0428754290558
-876.4428754290623
-629.0428754290621
-907.442875429059
-200.44287542906395
367.5571245709408
-601.6428754290592
251.15712457093866
-479.04287542904746
-629.4428754290689
682.9571245709304
159.5571245709421
891.1571245709404
612.157124570936
-141.64287542905686
-50.04287542906208
371.9571245709382
53.75712457093998
-742.242875429068
150.35712457094272
-6.442875429058489
761.9571245709377
371.55712457094
706.7571245709396
885.7571245709457
-353.0428754290638
-211.44287542906264
626.9571245709352
-60.242875429062146
-738.0428754290605
1007.9571245709137
100.1571245709385
-2100.442875429046
-783.4428754290551
-589.4428754290668
140.55712457094387
-75.24287542905901
-10.242875429060035
335.5571245709421
181.75712457093834
-334.4428754290669
-676.0428754290526
-451.0428754290657
-482.4428754290613
469.7571245709363
115.5571245709407
-577.0428754290658
341.7571245709395
-973.0428754290696
-681.642875429065
-1593.4428754290732
592.3571245709433
-380.04287542907144
1124.757124570928
654.5571245709319
-323.6428754290654
1576.5571245709166
-471.64287542906254
-907.2428754290429
1414.55712457093
-236.6428754290631
-773.6428754290632
1351.757124570937
65.35712457094404
-302.642875429069
-663.2428754290679
-1456.6428754290557
521.5571245709397
-2037.6428754290512
-1338.8428754290665
1584.5571245709377
1270.5571245709464
221.5571245709438
-797.642875429052
10.557124570937678
645.5571245709325
-726.2428754290682
342.3571245709471
425.55712457094484
-596.042875429061
-854.0428754290682
-1292.8428754290621
-2129.4428754290343
-229.04287542906536
325.95712457093765
998.7571245709204
566.3571245709285
-401.4428754290632
949.3571245708996
280.9571245709345
-141.84287542906353
878.3571245709398
308.75712457094056
374.3571245709393
407.3571245709422
-756.4428754290523
758.5571245709434
704.357124570941
-110.64287542905998
271.1571245709364
-1704.2428754290827
-163.4428754290722
1113.957124570933
235.15712457094557
-199.44287542906036
-368.6428754290605
-461.44287542906494
-69.44287542905722
-1278.6428754290498
407.15712457094213
790.9571245709424
-525.4428754290476
-290.04287542906127
522.9571245709344
-776.6428754290735
-476.2428754290556
-260.4428754290642
-963.4428754290608
-89.6428754290617
86.75712457094104
-155.64287542905933
203.75712457093596
44.75712457093549
69.35712457093753
328.75712457093766
391.7571245709365
912.5571245709395
171.75712457093587
-541.6428754290492
755.9571245709335
1206.1571245709354
-725.0428754290548
-1000.0428754290438
-1654.4428754290439
-1748.8428754290671
117.15712457094696
-122.04287542906532
-1163.842875429068
-2371.2428754290727
-120.24287542905955
-625.6428754290562
-745.0428754290592
-1657.2428754290577
-1769.2428754290638
-953.2428754290643
139.75712457093846
-897.2428754290769
-729.2428754290496
-202.04287542905922
-1662.8428754290721
-342.6428754290587
1470.1571245709251
1397.3571245709168
-189.8428754290594
-56.242875429056475
-763.0428754290577
-220.44287542905712
-314.44287542906187
-841.0428754290597
-920.0428754290582
-999.2428754290711
-421.8428754290616
-214.24287542906413
-1508.2428754290634
-120.24287542906089
-433.4428754290625
-1446.8428754290605
-2.44287542906066
585.3571245709444
-35.04287542905729
-1613.0428754290585
730.1571245709383
-827.8428754290613
-755.6428754290596
-1274.8428754290558
-1133.0428754290378
-589.4428754290856
-1096.6428754290753
-1249.642875429065
-427.4428754290537
32.957124570946
-68.64287542906324
169.75712457093914
-371.4428754290582
-66.04287542906474
216.9571245709387
700.7571245709206
-490.8428754290668
447.35712457093683
-824.0428754290549
98.95712457093994
83.95712457093616
445.75712457094016
20.75712457094317
-466.2428754290661
-241.04287542906627
554.7571245709346
109.95712457094488
-969.8428754290718
-1169.6428754290762
-318.6428754290555
67.95712457093623
-299.2428754290571
-958.44287542907
120.55712457093817
-570.4428754290636
-904.4428754290763
450.15712457093855
-132.0428754290636
-569.2428754290701
200.3571245709413
-475.04287542907025
-549.2428754290589
146.35712457092913
1082.9571245709253
-579.6428754290692
515.557124570935
1074.3571245709338
1564.5571245709762
-784.842875429066
118.55712457094461
-1460.2428754290634
-417.4428754290617
-301.64287542906027
-315.04287542906667
-30.04287542905938
-114.44287542906676
44.15712457093596
-196.4428754290609
-1160.042875429068
594.3571245709398
-512.2428754290631
-511.0428754290553
16.95712457094009
-690.6428754290794
-1760.042875429077
1450.9571245709444
-710.8428754290882
-2105.2428754290595
373.15712457093997
-747.2428754290597
-7.442875429059312
1552.9571245709249
-246.2428754290579
-88.04287542906137
1104.957124570934
541.1571245709409
-906.2428754290623
-325.4428754290594
-611.042875429062
350.95712457093833
-537.8428754290559
229.95712457093452
78.55712457093213
1029.3571245709447
-580.6428754290646
-1244.642875429068
-444.442875429066
461.15712457093554
1618.7571245709382
575.9571245709395
-207.04287542906766
190.95712457093762
-567.2428754290671
972.3571245709483
1415.1571245709474
1194.3571245709456
27.957124570939506
333.9571245709482
425.35712457094263
-903.2428754290644
300.7571245709253
-1521.8428754290537
-843.4428754290609
1034.957124570929
785.9571245709298
762.5571245709327
-272.0428754290617
-784.6428754290431
858.1571245709422
380.1571245709259
-629.0428754290689
1358.7571245709455
438.357124570944
51.7571245709397
414.55712457093966
-714.842875429066
-1569.4428754290664
-198.4428754290629
414.1571245709388
447.95712457093526
-540.2428754290485
295.3571245709361
407.3571245709384
315.15712457093014
193.55712457093915
1331.3571245709231
684.7571245709429
835.5571245709455
1187.15712457093
-650.04287542908
-829.242875429056
-391.0428754290626
-638.0428754290667
376.1571245709448
234.55712457094043
-512.4428754290594
494.15712457093736
561.7571245709346
-184.84287542906583
-1280.4428754290557
1327.757124570922
1161.3571245709277
-1181.4428754290657
-256.44287542905977
-1564.6428754290625
654.9571245709416
711.5571245709395
-1806.0428754290642
-896.0428754290688
679.3571245709383
-115.84287542906107
-170.0428754290659
836.7571245709412
617.7571245709449
491.3571245709437
342.357124570938
-1047.2428754290831
429.55712457094296
-557.6428754290488
523.157124570939
1967.1571245709192
880.7571245709394
-203.24287542906424
451.55712457094256
-1197.242875429058
-469.6428754290627
808.9571245709543
-205.0428754290608
561.3571245709501
289.5571245709441
252.55712457092892
-1160.4428754290705
866.3571245709337
917.5571245709326
439.95712457096823
1422.3571245709684
-295.442875429059
628.3571245709431
152.5571245709404
2.95712457094341
236.35712457096037
-843.2428754290646
83.55712457093452
250.95712457093967
-44.84287542906283
-166.24287542906575
319.5571245709412
-454.2428754290581
-1736.0428754290563
239.7571245709453
-432.2428754290557
1488.957124570924
1899.7571245709328
1142.1571245709317
96.3571245709422
1211.5571245709068
834.557124570918
-569.2428754290622
1623.1571245709467
891.7571245709383
334.957124570944
-594.4428754290619
215.9571245709377
-967.6428754290523
-364.6428754290581
-621.6428754290552
-671.0428754290609
-453.2428754290588
-535.6428754290604
135.3571245709391
1162.757124570917
546.9571245709312
-100.44287542906825
-1426.442875429067
163.55712457093716
590.1571245709341
556.5571245709389
430.3571245709406
-941.6428754290587
-1103.2428754290568
-342.0428754290636
1098.7571245709473
-1026.6428754290766
53.55712457094138
1870.5571245709414
702.5571245709395
-1438.0428754290588
559.9571245709394
1070.5571245709489
-933.242875429072
171.55712457093955
208.95712457094152
588.1571245709346
233.15712457094574
737.5571245709205
622.3571245709446
284.55712457093864
461.15712457094656
-1269.4428754290877
94.15712457093905
97.55712457094606
-8.642875429055499
692.7571245709447
-152.8428754290619
-173.04287542905917
1717.9571245709603
818.5571245709403
221.75712457094556
442.55712457093864
1387.9571245709315
-574.4428754290524
203.557124570947
-142.64287542906385
-574.8428754290728
-952.642875429049
36.357124570940215
-594.0428754290715
-465.64287542906277
54.757124570936746
-769.4428754290589
-130.84287542906182
-850.8428754290688
376.3571245709385
268.5571245709438
164.75712457093687
786.3571245709389
921.1571245709291
1715.557124570918
975.3571245709261
132.7571245709336
-99.84287542905797
2069.7571245709582
1388.7571245709278
1014.357124570933
1792.757124570921
-19.642875429057327
228.95712457093956
1692.5571245709282
97.75712457093509
220.7571245709362
697.5571245709448
-98.4428754290683
-530.8428754290596
324.35712457094223
-882.0428754290728
-596.6428754290569
1184.5571245709386
183.55712457093588
-923.44287542905
159.5571245709374
1471.1571245709588
-12.442875429063173
1017.3571245709378
-39.642875429062194
-644.4428754290631
748.7571245709377
854.7571245709315
543.9571245709332
641.1571245709398
345.3571245709394
225.5571245709365
-378.64287542906993
-40.44287542906167
887.5571245709282
138.75712457093638
329.55712457094324
1034.157124570949
735.357124570948
52.557124570930824
956.95712457094
-1674.2428754290981
-645.6428754290617
27.757124570931165
-366.64287542906277
258.15712457093696
-425.2428754290589
-722.8428754290683
-518.2428754290537
208.95712457093663
-641.8428754290678
-864.8428754290743
277.95712457092844
-122.04287542906438
129.15712457094122
97.75712457093324
-1836.0428754290526
-596.2428754290635
-75.84287542906911
-5.442875429064293
387.35712457094456
-382.0428754290518
209.35712457094078
159.5571245709388
-128.04287542905982
-1467.6428754290687
274.757124570939
188.55712457094063
534.9571245709385
-140.44287542906446
599.5571245709434
434.55712457094666
1269.3571245709416
-828.2428754290546
-870.6428754290594
-2342.242875429081
25.75712457094999
107.75712457094424
-1238.0428754290688
-643.8428754290632
-703.2428754290562
-252.84287542905696
514.9571245709386
-481.8428754290627
-518.8428754290514
-281.6428754290586
194.557124570942
-376.0428754290675
-1341.0428754290592
1034.7571245709453
409.3571245709461
-566.6428754290607
931.957124570945
-410.04287542906354
663.557124570953
128.55712457093972
-891.2428754290578
-1040.8428754290605
272.35712457093894
197.7571245709434
-549.6428754290507
-771.2428754290632
534.357124570944
18.157124570939423
-298.6428754290634
-1575.6428754290544
-381.8428754290631
-1081.2428754290577
-1316.6428754290637
-1047.6428754290805
-1659.8428754290867
-1394.0428754290683
-935.6428754290488
-162.04287542905055
-304.4428754290584
52.15712457094417
-1029.8428754290503
908.9571245709476
-145.2428754290571
-507.4428754290592
-251.84287542906242
212.55712457095674
153.5571245709462
-1409.6428754290707
521.3571245709321
114.7571245709351
1572.3571245709506
920.7571245709357
-423.8428754290708
824.1571245709393
631.9571245709308
58.957124570939435
-713.642875429062
177.15712457093827
1016.7571245709444
-164.64287542906263
768.957124570949
-1463.042875429052
315.75712457094187
901.9571245709379
-1415.6428754290532
-145.64287542906433
-752.6428754290665
-891.8428754290525
-327.8428754290595
-544.4428754290929
-2000.4428754290684
356.95712457093157
-859.0428754290563
67.75712457094039
456.557124570933
375.7571245709407
-430.64287542906163
-230.44287542907185
1336.5571245709293
-567.0428754290618
-633.0428754290618
-1496.4428754290677
64.55712457094228
-239.24287542906305
515.3571245709397
1151.3571245709386
76.95712457094584
-216.64287542907147
1375.957124570937
52.75712457093756
-479.2428754290716
1239.9571245709437
606.5571245709377
-1838.44287542904
-550.842875429067
-936.2428754290628
-1893.0428754291088
-1240.442875429057
-441.64287542906413
-741.6428754290649
-495.6428754290602
286.55712457093813
-713.4428754290599
-295.24287542906086
-1974.042875429049
-1399.44287542909
7.157124570942376
640.1571245709363
1412.5571245709366
666.7571245709444
150.9571245709397
-292.8428754290592
1446.9571245709265
1237.7571245709362
504.95712457093504
-375.84287542906475
-547.2428754290726
-331.2428754290591
-682.4428754290566
149.75712457094815
-270.04287542906854
-397.24287542906154
-1269.842875429067
-725.0428754290724
743.1571245709465
-1026.842875429066
-175.64287542905748
-634.24287542906
-229.8428754290556
-1156.0428754290851
-126.24287542906623
-63.84287542906105
-250.84287542906654
941.3571245709412
290.35712457093337
-55.04287542906188
141.75712457094215
16.15712457093695
-135.44287542906295
-379.2428754290561
1880.7571245709328
54.95712457093735
-1435.2428754290631
-452.04287542906627
-261.24287542906035
-501.84287542906645
168.95712457094245
-326.6428754290785
536.1571245709433
27.15712457093752
-371.44287542905613
198.1571245709376
-104.0428754290606
-33.242875429063005
-803.4428754290698
-1708.64287542907
-506.84287542905923
-1118.4428754290523
91.15712457093908
854.1571245709295
-219.24287542906077
-1146.0428754290701
-90.04287542906572
-350.84287542907043
-349.6428754290543
263.5571245709389
518.1571245709366
607.3571245709373
-414.2428754290576
705.7571245709529
453.3571245709382
-405.04287542906235
796.5571245709422
-414.6428754290699
-464.4428754290571
353.3571245709389
139.35712457093538
-337.64287542905697
418.15712457094406
198.95712457093543
-738.2428754290869
-31.64287542906061
7.7571245709372505
394.1571245709409
-199.64287542905288
-184.64287542906524
235.35712457094044
42.55712457094016
-115.44287542906136
-605.0428754290564
54.557124570938136
-413.4428754290412
-688.2428754290335
-605.2428754290563
-242.4428754290682
1263.95712457094
386.5571245709324
362.1571245709389
-27.24287542906164
680.3571245709322
-460.0428754290709
108.35712457093192
-432.0428754290639
471.9571245709494
303.157124570943
-990.4428754290425
-1144.8428754290862
-122.6428754290609
-415.6428754290623
-678.8428754290557
-49.84287542906057
-623.0428754290481
-1496.6428754290732
114.55712457094008
-364.44287542906505
75.15712457093925
-531.0428754290692
-1243.242875429059
-654.8428754290652
210.5571245709393
-221.4428754290642
-647.4428754290633
-1578.0428754290565
-1463.0428754290867
-601.2428754290698
-1300.0428754290692
-48.44287542906006
1651.3571245709365
256.7571245709327
-332.84287542907407
-501.6428754290851
637.9571245709352
265.95712457094237
-823.8428754290532
-519.6428754290642
-189.2428754290621
-1038.8428754290571
-1430.8428754290637
-203.44287542906247
303.95712457093333
-1401.4428754290577
-967.6428754290564
-367.64287542906163
-2314.8428754290817
-1458.4428754290677
691.757124570927
241.757124570934
-65.04287542906386
-364.0428754290603
-156.04287542906252
-883.6428754290807
-5.242875429056159
-207.8428754290624
-210.0428754290698
-676.6428754290631
575.957124570942
1890.9571245709287
402.75712457093994
318.75712457093795
604.357124570942
67.9571245709412
-1004.6428754290679
-979.4428754290592
-374.0428754290636
121.35712457093757
284.3571245709355
-362.64287542906106
-576.8428754290692
19.757124570936654
-855.6428754290462
-144.84287542906512
523.3571245709462
-684.4428754290548
-278.24287542906313
700.1571245709412
-556.0428754290597
363.7571245709369
-38.642875429064006
1275.3571245709422
687.557124570934
-114.24287542905826
66.15712457093926
-1426.042875429038
-1162.242875429032
-825.4428754290733
-950.8428754290583
-917.2428754290631
-164.0428754290617
250.3571245709403
-1019.8428754290703
-759.2428754290797
-443.0428754290659
816.9571245709391
761.9571245709384
-453.0428754290523
-1033.4428754290511
-397.042875429065
-1161.0428754290695
-1148.2428754290572
-721.6428754290779
-706.0428754290557
-1036.842875429069
-1926.242875429069
-745.2428754290662
-522.4428754290564
-682.2428754290661
-447.64287542904776
49.35712457093915
1775.1571245708858
-139.44287542907773
-735.2428754290867
-742.8428754291072
-716.0428754290617
-1170.442875429024
-1692.642875429038
-1140.4428754290711
1125.9571245709383
53.35712457092729
294.35712457093865
1529.9571245709285
1719.557124570931
691.3571245709376
1152.1571245709183
901.1571245709321
966.7571245709165
-135.84287542907038
-100.04287542906683
-1724.2428754290838
-1889.0428754290485
-920.4428754290777
-1312.8428754290414
-548.8428754290777
-72.64287542906672
-340.4428754290662
-1620.2428754290356
-639.0428754290683
-1411.6428754290398
-380.4428754290533
395.7571245709409
-932.6428754290826
-3011.6428754291014
-232.6428754290783
-2010.442875429109
-3259.4428754290184
-2467.2428754290913
-1390.8428754291028
-1928.6428754290519
-1385.4428754290625
630.3571245709352
-31.44287542906472
-1484.8428754290585
171.9571245709374
569.9571245709353
431.75712457093044
-205.84287542905997
-467.4428754290675
703.3571245709281
1167.157124570932
1289.957124570929
377.9571245709415
-46.6428754290584
1216.7571245709382
-638.4428754290587
-882.0428754290664
63.1571245709398
-44.242875429055104
-1678.0428754290685
-571.842875429042
-739.2428754290512
-1083.6428754290584
577.5571245709411
-534.2428754290576
-1132.042875429071
-551.4428754290526
-472.6428754290632
-1213.442875429046
-1185.0428754290613
721.7571245709394
195.3571245709401
-706.4428754290617
394.9571245709328
-326.0428754290626
-1029.2428754290647
125.15712457093109
-1497.8428754290835
-1184.0428754290747
-886.0428754290826
-85.04287542906638
433.55712457093864
626.7571245709273
2372.557124570958
677.9571245709305
221.75712457093928
972.357124570954
-561.6428754290616
466.557124570933
626.757124570934
326.9571245709334
-1076.4428754290602
-589.0428754290733
-57.842875429066176
162.35712457092998
697.1571245709353
-313.442875429056
-113.44287542906376
1372.5571245709198
477.15712457093645
945.9571245709453
674.1571245709407
-318.0428754290711
718.1571245709362
200.15712457093989
25.957124570938177
-158.24287542906225
-1647.4428754290846
-477.84287542906196
-500.6428754290629
-232.6428754290696
-121.04287542906229
68.95712457093573
-608.2428754290595
196.75712457093636
2186.357124570931
420.15712457094236
-189.04287542906195
-101.2428754290609
-277.44287542906477
-67.84287542906092
116.35712457093713
26.957124570940785
293.95712457094834
465.75712457094187
-705.8428754290591
667.157124570932
1664.1571245709354
-188.84287542908203
46.35712457093826
1330.757124570921
618.3571245709396
-264.84287542905895
371.5571245709385
-1690.0428754290572
-1165.4428754290852
-550.6428754290594
400.75712457093675
608.3571245709306
676.957124570945
504.7571245709369
1273.7571245709325
2320.5571245709243
708.9571245709412
-559.8428754290595
-407.04287542906144
1030.5571245709402
1862.7571245709291
497.3571245709376
209.3571245709404
-597.6428754290749
-257.24287542906166
247.35712457093837
-962.2428754290529
-1236.6428754290587
737.7571245709304
-548.8428754290534
-1961.6428754290646
-221.442875429063
528.957124570937
-73.84287542906945
-632.842875429068
-363.04287542906224
-387.84287542906435
-830.6428754290616
700.5571245709356
-570.4428754290568
-1360.842875429085
329.5571245709354
54.757124570943276
169.75712457094488
264.5571245709407
-511.04287542906627
-1249.4428754290548
129.55712457094117
1739.3571245709613
536.1571245709423
-679.242875429063
482.1571245709445
88.95712457093688
-1387.4428754290627
-416.04287542906275
-228.84287542906418
-71.44287542906062
-1302.0428754290722
-1176.4428754290675
-889.4428754290711
8.95712457093482
355.95712457093964
-776.8428754290528
-870.0428754290597
-445.8428754290669
-270.84287542906105
-494.64287542906766
1368.1571245709315
1740.9571245709424
1273.3571245709365
1052.1571245709429
392.5571245709376
-879.4428754290742
438.15712457093895
-17.442875429056237
-70.84287542906097
-11.442875429064536
-271.84287542906435
926.9571245709348
1100.1571245709486
-195.64287542905973
803.1571245709436
-805.6428754290469
-344.2428754290629
1066.157124570936
33.95712457093859
-30.842875429066616
-110.04287542906475
-8.442875429054151
-270.0428754290589
530.5571245709467
909.3571245709259
296.15712457093935
1410.7571245709441
143.55712457093543
961.3571245709365
641.3571245709376
-34.242875429066416
-568.8428754290837
432.7571245709343
20.557124570942303
567.5571245709427
527.7571245709427
-231.6428754290604
339.35712457094303
2.7571245709455994
-1493.042875429091
-382.8428754290632
-314.8428754290593
265.75712457093766
492.15712457094895
-469.0428754290641
-802.0428754290674
-624.2428754290653
-1305.642875429054
-1505.4428754290525
-690.0428754290563
-527.6428754290685
-598.842875429074
-955.4428754290618
-50.84287542906392
957.9571245709393
96.35712457093834
1305.7571245709282
132.9571245709319
1580.7571245709419
-390.44287542905715
1124.9571245709462
373.7571245709332
-1049.2428754290827
49.757124570942324
-783.6428754290705
-1543.4428754290923
1003.557124570939
185.55712457093878
-460.04287542907025
704.7571245709298
-272.042875429057
-492.0428754290656
-528.4428754290541
-1476.2428754290602
665.9571245709304
-2009.8428754290812
-2704.64287542904
-685.8428754290567
-665.2428754290648
-752.4428754290647
-1147.8428754290596
144.75712457094454
749.5571245709361
-1077.0428754290679
-77.64287542905886
884.5571245709427
-145.442875429066
468.7571245709381
836.3571245709372
-314.8428754290618
935.5571245709332
65.15712457094013
438.1571245709441
344.1571245709345
-1069.0428754290747
-276.44287542905647
77.95712457093937
-441.0428754290688
635.7571245709378
69.35712457093865
104.55712457093907
-515.4428754290591
-1744.2428754290781
-313.0428754290642
368.7571245709407
-43.24287542905731
229.35712457093092
-1602.4428754290507
-885.642875429054
-84.2428754290616
-579.8428754290599
-332.0428754290614
211.55712457093748
395.75712457094403
110.35712457093719
-865.8428754290655
1165.7571245709378
1912.35712457093
89.35712457094023
388.55712457093824
1414.5571245709323
607.5571245709342
1254.3571245709536
784.7571245709332
-799.242875429071
-320.0428754290617
-396.2428754290595
-535.2428754290593
-164.04287542906874
18.157124570938848
429.9571245709425
769.5571245709384
531.1571245709346
909.7571245709397
-82.04287542906717
-905.2428754290617
794.1571245709366
2044.7571245709382
-307.84287542906355
-923.4428754290695
-1265.6428754290869
-1517.2428754290684
-72.24287542905739
-207.84287542906117
-751.2428754290569
-1557.442875429063
1151.9571245709692
789.1571245709446
862.9571245709451
-136.842875429058
-277.44287542905937
229.95712457094115
303.5571245709365
-731.6428754290572
439.95712457094004
1907.1571245709308
-221.84287542905759
-411.44287542906216
1033.3571245709268
1770.757124570961
-299.6428754290814
-43.64287542907045
157.75712457093962
792.5571245709474
545.1571245709373
118.75712457094042
-44.24287542906387
-404.04287542906644
355.7571245709321
1631.7571245709491
-1288.242875429062
-723.6428754290672
372.7571245709332
-926.2428754290526
394.7571245709352
1205.9571245709258
727.9571245709294
-393.6428754290609
2658.9571245709203
884.9571245709334
855.3571245709308
230.95712457094066
246.55712457093819
571.9571245709402
-1231.4428754290855
-1606.6428754290823
-50.4428754290645
1267.7571245709237
932.3571245709138
-221.8428754290616
-676.0428754290612
755.3571245709347
-81.0428754290611
298.1571245709382
-243.84287542905784
1016.9571245709376
-219.4428754290617
576.1571245709489
652.7571245709403
259.35712457094087
673.7571245709396
1080.1571245709288
-423.2428754290605
434.3571245709405
1604.1571245709217
-281.24287542905523
-242.84287542905835
594.5571245709284
252.9571245709392
-175.04287542905743
-442.84287542906844
-230.24287542906018
-820.842875429064
253.35712457094175
1686.1571245709206
203.3571245709426
-571.0428754290679
344.5571245709416
-594.2428754290653
-658.8428754290654
124.35712457094566
185.35712457094016
-1562.24287542908
256.5571245709403
1729.9571245709217
1907.5571245709757
-290.64287542906334
931.1571245709392
-1211.242875429065
-1136.64287542908
-648.0428754290576
-397.04287542907394
582.1571245709418
506.9571245709382
137.5571245709423
433.9571245709425
122.3571245709397
1153.9571245709524
-287.24287542906734
-784.6428754290582
-600.44287542907
-1320.2428754290522
-2373.642875429074
885.1571245709426
-1548.2428754290731
-1956.6428754290685
1016.3571245709211
-611.4428754290558
-300.6428754290587
1057.957124570938
-794.8428754290479
-600.6428754290499
457.5571245709318
-239.6428754290716
-1502.442875429072
-564.8428754290586
666.3571245709418
1003.7571245709396
-257.6428754290627
1073.1571245709263
28.757124570937222
-14.842875429060513
-661.8428754290535
-960.0428754290629
214.35712457093987
352.35712457093655
803.3571245709296
488.3571245709421
-310.4428754290627
-282.84287542906685
-1037.8428754290576
-167.24287542906123
509.5571245709429
802.9571245709294
-376.4428754290579
136.55712457093728
-550.6428754290641
-1325.442875429078
804.1571245709354
-1209.4428754290698
-957.6428754290806
165.35712457093885
-189.44287542906443
-387.04287542906445
-1014.8428754290694
-1078.2428754290568
617.757124570934
959.9571245709407
95.5571245709435
942.1571245709398
215.35712457093652
362.5571245709421
362.7571245709433
-264.8428754290592
-343.6428754290618
-146.84287542906117
206.55712457094126
-78.44287542905961
-2007.6428754290716
-1091.6428754290753
-369.6428754290646
-703.6428754290523
-428.04287542906934
633.5571245709406
525.9571245709518
520.1571245709165
174.9571245709411
-1122.0428754290654
-809.2428754290585
-377.8428754290623
-333.24287542905904
221.35712457095124
-84.44287542906466
-1373.0428754290904
-552.6428754290624
-683.6428754290616
-768.8428754290638
-1154.6428754290691
1039.5571245709316
2004.1571245709556
-304.442875429062
-152.64287542906743
-1667.042875429095
646.9571245709415
1020.1571245709316
-815.0428754290646
-30.642875429056645
829.957124570938
-846.8428754290653
-1006.8428754290776
-18.04287542906335
-204.44287542905911
410.15712457093235
534.5571245709425
-485.0428754290613
1153.9571245709496
447.35712457093723
340.15712457093485
965.9571245709584
976.7571245709375
-118.64287542906447
-236.6428754290617
-1378.6428754290632
-676.0428754290556
567.7571245709331
-307.04287542906195
335.1571245709357
-620.6428754290594
-441.24287542906245
-1488.4428754290605
489.1571245709389
1231.3571245709213
1236.5571245709516
1990.3571245709256
-702.2428754290588
72.75712457094323
101.15712457093382
-79.84287542905598
226.55712457094586
-437.6428754290607
-225.44287542906065
-567.242875429064
-508.04287542906224
50.557124570936956
1146.5571245709298
671.5571245709277
-511.84287542906304
1387.1571245709958
714.3571245709246
1713.9571245709124
1662.357124570937
1276.9571245709385
-56.842875429059205
797.557124570927
487.157124570926
-890.4428754290583
1746.3571245709425
880.9571245709551
322.3571245709481
-800.4428754290683
-582.4428754290595
-1936.8428754290665
-761.8428754290705
22.957124570940536
175.95712457093694
8.15712457093715
-616.2428754290708
-56.84287542906647
861.5571245709464
-579.6428754290612
-229.8428754290639
-1157.0428754290645
-785.8428754290659
-959.8428754290642
-519.0428754290627
226.3571245709391
-862.6428754290744
-264.6428754290634
743.157124570953
2618.1571245709597
815.5571245709324
1233.5571245709068
2590.9571245709303
1266.5571245709323
-1340.442875429075
669.7571245709483
1244.3571245709345
-1401.242875429054
9.357124570940002
-2.6428754290621015
68.55712457094339
-328.24287542906086
9.957124570937658
-293.04287542905956
-461.8428754290671
924.7571245709311
-518.0428754290606
45.35712457094037
-926.2428754290731
-472.4428754290617
221.35712457093732
-1375.6428754290694
-430.642875429059
2045.1571245709192
-327.8428754290611
-1361.0428754290733
-387.4428754290661
758.7571245709436
-952.0428754290591
683.1571245709313
1406.1571245709395
1147.1571245709474
797.1571245709473
1418.957124570926
242.55712457093603
179.5571245709427
170.7571245709389
-716.0428754290574
174.35712457093132
-835.2428754290503
28.357124570937483
-366.2428754290627
-921.0428754290549
-526.0428754290615
93.35712457093427
1013.5571245709305
-1.0428754290650062
15.157124570938123
107.35712457093649
1406.557124570939
-486.6428754290659
-610.242875429065
548.5571245709425
-1358.4428754290577
-545.8428754290604
1993.5571245709314
-203.44287542905863
-511.842875429063
380.1571245709462
153.15712457094105
-345.04287542905166
1115.5571245709314
785.7571245709509
367.1571245709468
1875.3571245709463
845.1571245709124
-747.8428754290601
502.55712457093773
1409.9571245709471
-170.6428754290553
1208.1571245709347
247.3571245709368
-556.0428754290805
-185.64287542905913
-598.2428754290571
-161.04287542905996
468.95712457094163
56.95712457093834
-772.6428754290544
-300.64287542906845
-982.6428754290544
-461.8428754290793
-1271.8428754290776
-911.6428754290837
-93.8428754290615
116.35712457092995
-376.8428754290718
1489.957124570942
-752.0428754290597
-265.042875429068
504.9571245709323
216.15712457096413
1215.9571245709353
1048.9571245709421
964.9571245709201
114.55712457094114
520.9571245709385
-526.2428754290621
-470.44287542905045
658.9571245709361
-624.0428754290632
-391.8428754290586
234.15712457094116
-1240.2428754290613
-382.442875429063
-712.8428754290632
-800.4428754290634
-155.24287542906117
-343.8428754290612
-321.0428754290622
-815.0428754290836
-130.8428754290666
-2160.0428754290388
-979.842875429088
-523.0428754290607
232.55712457093892
-1296.4428754290539
-327.4428754290592
585.7571245709341
2081.7571245709155
267.95712457094106
21.757124570934096
-1356.2428754290625
697.357124570941
863.5571245709515
-223.84287542906014
582.3571245709296
77.95712457094021
-153.44287542906142
518.1571245709445
297.35712457094206
356.75712457093965
-265.24287542906586
-156.64287542905745
-990.0428754290473
-1675.0428754290742
1114.3571245709556
499.9571245709429
-684.0428754290614
206.35712457093734
-955.4428754290614
-414.84287542906316
-549.4428754290592
-493.8428754290644
-1713.842875429112
-282.4428754290632
157.95712457094086
-564.8428754290389
-1729.6428754290762
-703.2428754290703
-256.6428754290597
-114.04287542906671
-705.642875429062
535.7571245709557
-198.2428754290628
-582.4428754290626
73.35712457093659
-610.4428754290611
-221.84287542906085
-198.04287542906113
484.1571245709345
645.9571245709371
1306.7571245709735
263.5571245709397
1474.1571245709085
-292.24287542907825
-1020.8428754290732
-805.8428754290637
650.7571245709454
1037.7571245709116
-728.2428754290551
774.5571245709239
-567.4428754290534
618.757124570938
940.5571245709347
471.7571245709401
778.5571245709481
811.7571245709403
91.35712457093634
-444.042875429071
-213.04287542905422
-483.24287542907683
-755.8428754290575
950.7571245709407
-374.04287542906155
1066.1571245709265
1521.5571245709482
-698.642875429059
1034.35712457092
472.55712457094785
99.7571245709404
662.7571245709374
905.9571245709487
-483.44287542906
1860.1571245709397
1182.157124570949
1191.7571245709246
131.95712457093416
-401.0428754290616
-1229.0428754290604
-44.24287542906394
2522.957124570961
431.157124570942
-19.84287542905976
-1415.642875429043
-151.24287542905864
-529.4428754290625
996.5571245709448
1319.3571245709352
663.5571245709369
435.7571245709374
1097.1571245709456
-529.6428754290628
-860.4428754290495
1727.3571245709352
2025.5571245709252
-463.2428754290579
494.1571245709292
494.1571245709351
-576.2428754290628
203.55712457093742
624.1571245709381
-94.442875429065
545.3571245709483
1599.7571245709107
38.157124570936816
583.1571245709314
-339.4428754290651
-98.64287542906088
-117.24287542906023
-328.6428754290632
179.15712457094153
454.95712457093816
927.3571245709302
-92.64287542905929
1065.1571245709174
1185.5571245709602
336.55712457094677
-726.2428754290612
-158.04287542906278
105.95712457094012
340.7571245709365
1171.1571245709144
115.75712457092718
-299.04287542906314
-413.44287542906125
1089.557124570943
2776.557124570954
281.3571245709366
635.5571245709467
248.75712457094545
772.957124570944
139.75712457093042
630.3571245709456
-127.04287542905895
-93.84287542905187
573.1571245709482
168.957124570944
525.9571245709294
1147.5571245709357
717.9571245709312
-256.8428754290577
-977.4428754290695
723.5571245709359
297.35712457093734
-402.2428754290613
-163.64287542906
-951.0428754290804
-1098.8428754290635
-688.4428754290532
-1159.2428754290552
241.95712457093353
744.3571245709431
419.9571245709408
833.7571245709398
480.9571245709516
312.1571245709401
237.15712457093858
24.35712457093857
1712.3571245709502
490.75712457093647
773.7571245709363
1400.9571245709192
504.75712457093715
-336.84287542906833
512.5571245709385
-189.64287542905697
-537.6428754290537
-446.6428754290656
507.15712457093167
1496.3571245709463
342.75712457094136
1646.557124570934
799.5571245709419
-342.2428754290739
483.7571245709426
136.1571245709358
659.9571245709395
736.3571245709353
-100.0428754290634
-309.24287542906455
289.3571245709294
-235.44287542905403
-836.6428754290612
218.7571245709378
-52.44287542905636
410.1571245709435
866.3571245709452
649.7571245709437
597.7571245709267
725.3571245709368
1578.5571245709386
1008.9571245709599
868.7571245709336
461.35712457093973
250.15712457093895
-220.24287542906106
-559.4428754290487
840.9571245709337
265.55712457093085
-19.042875429065152
-440.0428754290624
1052.7571245709314
-403.2428754290633
37.55712457093644
8.957124570935854
930.3571245709524
684.5571245709398
-483.2428754290599
-115.24287542905537
646.5571245709389
327.3571245709386
129.75712457094093
970.9571245709013
114.15712457094153
-948.2428754290482
562.757124570935
-605.4428754290599
-427.2428754290635
-238.84287542906455
-964.6428754290541
-1427.6428754290723
-178.64287542906578
587.757124570934
170.95712457093845
-1226.8428754290533
-951.4428754290783
-110.84287542906466
-1423.0428754290658
-1464.8428754290742
368.5571245709373
-518.6428754290624
-1228.6428754290575
-967.2428754290765
416.15712457094213
-235.04287542905462
-1629.2428754290572
49.957124570939854
601.757124570936
72.55712457094283
-133.44287542906565
1018.7571245709364
1148.5571245709498
-117.04287542906529
-39.84287542906663
655.5571245709392
-1760.4428754290598
-943.0428754290673
825.1571245709268
-323.8428754290531
-1155.6428754290562
-873.8428754290625
-418.44287542906557
-1673.042875429064
-476.6428754290614
-191.6428754290574
-424.8428754290607
-1149.0428754290613
323.7571245709404
2001.1571245709604
-16.642875429058954
-1224.2428754290636
-371.84287542906344
-270.84287542906117
-822.442875429038
-195.24287542907228
-46.64287542906111
351.15712457092343
53.95712457094068
-210.24287542906123
-15.44287542906251
1054.7571245709264
30.557124570944545
930.9571245709346
1280.5571245709416
-160.24287542906455
41.357124570935575
1253.3571245709265
-526.2428754290692
247.95712457094447
350.95712457094163
1427.1571245709417
787.3571245709348
645.5571245709459
1054.9571245709558
-675.2428754290642
-66.64287542906345
507.5571245709272
-475.8428754290674
-872.4428754290568
261.1571245709317
917.3571245709378
-456.84287542906054
-615.8428754290711
-446.2428754290646
1382.757124570918
2511.5571245709157
1982.7571245709494
957.5571245709192
1242.3571245709318
183.3571245709401
-276.4428754290634
618.1571245709301
1032.1571245709213
526.5571245709302
-107.24287542906085
908.7571245709174
666.5571245709267
44.157124570938805
339.95712457094055
516.1571245709367
1986.557124570936
