-27.577553801841365
210.42244619815924
-211.3775538018424
-221.17755380184147
-383.57755380184216
-450.57755380184227
-144.17755380183993
-265.1775538018419
-377.5775538018432
-710.1775538018431
-630.5775538018405
-314.57755380184125
79.62244619815861
-211.17755380184227
-729.3775538018427
-326.377553801843
-226.37755380184
-154.17755380184224
-106.3775538018381
-244.37755380184208
-184.17755380184005
-198.17755380184107
-48.577553801840274
-342.7775538018375
-459.57755380184204
-198.17755380184087
25.02244619815771
-276.7775538018423
-725.3775538018405
-274.17755380184224
231.4224461981588
264.422446198161
705.4224461981584
-62.377553801840875
-212.17755380184087
-284.7775538018416
-564.777553801842
-592.7775538018385
-101.77755380184128
-512.7775538018406
-510.9775538018406
-538.1775538018404
-651.7775538018443
-487.57755380183846
22.82244619815816
-46.577553801841134
-289.57755380184085
78.02244619815937
-171.97755380184125
-505.37755380184086
-639.577553801841
-801.5775538018414
-334.9775538018409
-223.97755380184026
-176.17755380183996
-678.7775538018454
-806.577553801844
-537.3775538018427
-456.3775538018435
-811.1775538018356
-1122.7775538018418
-831.3775538018485
-458.37755380184115
-398.37755380184
108.62244619815792
264.4224461981586
192.8224461981583
-40.977553801840656
-278.37755380184177
-208.77755380184186
-50.77755380184176
-227.37755380184208
-30.17755380184176
-462.977553801842
-676.1775538018437
-403.97755380184293
-8.977553801840923
-434.37755380184046
-261.5775538018408
370.82244619815833
266.82244619815805
-120.37755380184055
-479.17755380184224
-618.5775538018424
-311.77755380183936
-226.1775538018412
-557.7775538018409
-761.5775538018414
-525.3775538018403
-195.17755380184013
-167.9775538018413
-437.7775538018425
-883.377553801843
-765.9775538018437
-419.97755380184344
-256.9775538018418
-3.1775538018420244
140.02244619815946
169.02244619815846
155.62244619815937
105.02244619815752
157.42244619815793
204.42244619815943
320.622446198157
103.22244619815798
-494.5775538018409
-168.97755380184046
192.6224461981601
2.6224461981584106
-454.1775538018429
-633.9775538018446
-68.17755380184073
600.0224461981588
340.2224461981581
314.0224461981573
-22.577553801842136
-89.17755380184164
-254.37755380184092
-480.9775538018415
-551.9775538018426
-411.57755380184096
-271.577553801842
-333.377553801842
-305.377553801841
-541.377553801839
-253.17755380184008
158.62244619815758
-115.57755380184231
-306.7775538018414
-165.3775538018431
-411.9775538018392
19.022446198157578
-171.17755380184104
-121.1775538018437
435.4224461981608
421.8224461981588
130.6224461981582
-132.5775538018426
-116.97755380184174
129.2224461981584
-139.97755380184321
-370.57755380183795
-531.3775538018439
-264.9775538018416
-21.577553801841788
446.6224461981583
788.2224461981615
353.4224461981581
-365.1775538018418
-650.3775538018397
-565.7775538018409
-430.1775538018429
-226.9775538018417
-420.97755380184265
-560.9775538018422
63.62244619815897
113.02244619815943
366.8224461981591
845.4224461981611
325.02244619815866
-116.9775538018406
45.62244619815858
-374.7775538018423
-197.17755380184155
-377.97755380184225
282.2224461981588
618.822446198158
225.42244619815958
294.6224461981592
333.0224461981607
358.6224461981615
467.8224461981578
107.42244619815865
-265.1775538018415
-62.177553801841825
247.42244619815813
-316.77755380184277
75.82244619815816
529.62244619816
433.8224461981599
-357.17755380184093
-607.7775538018433
-264.77755380184
-12.5775538018413
82.222446198158
-45.3775538018399
-244.1775538018408
298.422446198159
551.6224461981569
798.0224461981571
950.4224461981588
254.02244619815764
-595.1775538018418
-7.577553801842047
-191.9775538018411
-206.1775538018412
-300.37755380184194
389.42244619815887
-7.977553801842394
2.4224461981590917
602.2224461981577
312.02244619815946
461.6224461981592
394.42244619815807
-142.77755380184047
-329.97755380184236
-3.3775538018414224
274.0224461981576
-84.17755380184313
-116.57755380184217
195.02244619815824
550.2224461981617
80.82244619815813
-219.37755380184024
88.62244619815785
316.82244619815896
388.62244619815897
213.42244619815975
198.2224461981585
437.422446198159
455.02244619815934
649.2224461981591
630.6224461981591
131.62244619815846
-712.1775538018436
146.0224461981585
-16.17755380184198
204.62244619815746
-149.97755380184054
3.6224461981587943
-12.97755380184213
-117.37755380184147
353.6224461981589
747.0224461981607
998.2224461981638
495.2224461981585
166.02244619815906
499.2224461981606
1018.8224461981586
423.222446198158
-18.377553801840914
-27.377553801842815
14.622446198158485
-34.377553801841216
-140.3775538018421
0.8224461981578894
161.2224461981588
682.0224461981601
353.02244619815957
158.422446198158
208.222446198159
48.62244619815877
276.22244619815916
387.022446198157
666.2224461981571
158.42244619815864
-239.57755380184204
-278.97755380184066
-456.1775538018406
-651.1775538018425
-619.377553801843
33.22244619816015
293.2224461981584
-200.97755380183958
-19.57755380184079
323.02244619815906
587.8224461981594
712.8224461981594
968.2224461981598
1198.8224461981602
966.0224461981563
387.42244619815807
646.6224461981599
557.2224461981592
381.8224461981604
382.42244619815614
536.822446198158
803.8224461981622
909.222446198157
829.422446198157
253.8224461981602
-427.1775538018412
-43.57755380184091
224.82244619816058
213.62244619815928
76.82244619815856
255.02244619815883
-27.377553801841596
86.02244619815579
-781.3775538018375
-737.7775538018384
-1107.377553801842
-834.577553801844
-80.97755380184023
-60.577553801842
73.02244619815916
284.62244619816005
220.62244619816002
609.8224461981588
1133.6224461981587
1116.4224461981519
714.0224461981635
491.4224461981611
409.42244619815676
625.0224461981611
780.0224461981581
965.222446198159
1175.8224461981588
1301.2224461981534
1045.8224461981536
1122.4224461981587
1426.8224461981583
1361.8224461981592
-28.777553801841346
120.22244619815856
617.8224461981558
201.42244619815978
112.02244619815903
118.8224461981588
-20.377553801840957
-103.77755380184153
-642.7775538018412
-171.37755380184194
-444.97755380184077
-390.37755380184007
164.22244619815888
208.02244619815536
217.82244619816103
601.2224461981579
305.6224461981613
940.6224461981559
1731.222446198152
1293.8224461981583
785.8224461981555
1029.4224461981596
1301.8224461981595
721.0224461981564
609.0224461981617
1190.0224461981607
924.6224461981604
1199.222446198156
1265.4224461981562
1336.8224461981538
1424.2224461981618
1122.2224461981552
339.42244619816006
-226.97755380184097
61.62244619815847
59.02244619815818
-333.9775538018398
-57.77755380184125
-142.77755380184252
-411.5775538018419
-900.5775538018393
-322.57755380184096
-520.3775538018426
-419.37755380183984
80.22244619815909
259.42244619815966
261.0224461981572
438.62244619816204
28.622446198158215
292.8224461981602
1125.2224461981566
1269.0224461981534
1297.222446198155
1341.622446198161
1194.6224461981599
546.8224461981569
202.02244619815994
732.0224461981595
504.42244619815904
805.4224461981579
1327.822446198166
1500.0224461981607
1108.022446198159
568.6224461981574
309.4224461981585
-51.77755380184114
-135.57755380184136
-78.7775538018412
-785.3775538018424
-444.9775538018425
-38.3775538018414
-308.1775538018422
-540.1775538018412
-164.1775538018421
12.62244619815852
-32.57755380184088
-289.7775538018424
-30.177553801841604
201.02244619815806
65.22244619815852
74.22244619815804
-34.17755380184025
583.2224461981568
1171.8224461981586
993.2224461981581
1077.8224461981576
842.2224461981622
897.8224461981545
440.02244619815724
635.6224461981611
500.4224461981606
937.8224461981627
967.0224461981541
778.0224461981586
410.0224461981582
132.6224461981584
73.42244619815887
-135.37755380184205
-21.577553801840963
-327.77755380184254
-562.3775538018417
-328.37755380183944
-258.17755380183974
-328.1775538018398
-316.9775538018421
55.222446198160114
416.22244619815626
-61.97755380184081
-663.777553801841
-17.37755380184108
238.62244619815965
-511.9775538018402
-332.1775538018431
21.82244619815853
637.4224461981592
912.622446198154
907.6224461981577
598.2224461981571
415.8224461981584
802.8224461981589
276.2224461981616
484.8224461981575
187.02244619816088
366.82244619815873
163.02244619816094
526.0224461981555
326.0224461981587
-197.57755380184128
-335.57755380184295
-278.97755380184236
-203.57755380184219
-231.97755380184236
-399.37755380184115
-169.57755380183934
-152.17755380184155
-45.97755380184183
-119.37755380184129
-32.77755380184034
385.02244619815883
-597.1775538018405
-1052.5775538018408
-332.17755380184275
-99.37755380184132
-856.7775538018412
-236.37755380184134
377.0224461981597
177.62244619815814
396.62244619816073
946.8224461981533
442.22244619815837
227.62244619815917
600.22244619816
29.222446198158814
-103.77755380184087
192.22244619815928
-88.37755380184049
-78.97755380184154
265.22244619816036
6.022446198158473
324.82244619815924
-5.377553801840062
-250.17755380184067
-759.5775538018435
-557.3775538018433
-266.9775538018377
-57.77755380184182
71.82244619815926
138.62244619815823
593.4224461981597
346.8224461981592
151.02244619815892
-769.1775538018419
-1002.3775538018418
-552.3775538018443
-769.1775538018419
-779.9775538018412
-324.1775538018422
134.0224461981585
-181.1775538018402
282.422446198159
681.6224461981616
582.02244619816
358.4224461981596
458.4224461981601
-74.17755380184252
-332.3775538018408
-198.97755380183978
-157.57755380184247
-189.37755380184248
-653.3775538018416
-614.9775538018392
340.6224461981591
-243.37755380184385
-380.17755380184144
-557.3775538018423
-131.5775538018424
-236.37755380184524
-290.9775538018412
-201.57755380184173
4.0224461981581445
453.22244619815643
71.02244619815917
-167.5775538018426
-624.3775538018422
-602.5775538018421
-776.9775538018407
-1211.177553801843
-516.5775538018406
23.02244619815857
13.422446198158255
-229.37755380184046
245.02244619815957
691.8224461981589
293.42244619815983
3.0224461981581285
86.42244619815912
-143.37755380184194
-412.5775538018406
-610.5775538018427
59.4224461981576
132.42244619815975
-372.37755380184245
-23.17755380184105
277.6224461981598
-187.17755380184187
-466.97755380184145
-267.77755380184203
243.82244619816012
-137.97755380184165
-160.77755380184092
-261.57755380184113
253.8224461981591
442.2224461981589
198.02244619815812
425.0224461981582
10.222446198158853
-119.57755380184096
-260.57755380184375
-583.7775538018418
-479.5775538018434
-100.57755380183988
-465.5775538018409
-370.5775538018432
-489.17755380184093
-331.977553801842
-520.1775538018435
-620.9775538018412
-565.9775538018395
-353.57755380184346
-570.3775538018429
-720.9775538018446
-334.77755380184175
-113.5775538018421
-73.97755380184196
-75.57755380184106
73.02244619815889
-200.97755380184083
-403.17755380184093
-331.5775538018413
3.0224461981564623
118.62244619815813
82.02244619815897
-179.97755380184063
458.02244619815804
610.8224461981586
596.2224461981635
384.4224461981597
-144.3775538018422
-73.17755380184069
-135.57755380184278
-429.97755380184157
-597.3775538018408
-500.7775538018419
-877.1775538018403
-608.3775538018409
-76.17755380184136
-850.777553801843
-1187.7775538018354
-1136.5775538018331
-1206.7775538018413
-1053.5775538018465
-1307.7775538018454
-918.3775538018399
-997.7775538018384
-839.7775538018408
-195.9775538018424
63.02244619815852
-208.97755380184208
-523.1775538018437
-353.5775538018423
78.02244619815795
370.82244619816026
202.0224461981582
-32.77755380184184
-304.9775538018405
194.62244619815922
512.4224461981611
322.2224461981594
187.02244619816074
20.822446198158993
-123.17755380183979
-354.3775538018402
-320.5775538018404
-590.3775538018414
-391.977553801842
-845.7775538018403
-895.1775538018419
-82.37755380183985
-847.1775538018414
-1546.7775538018407
-1080.3775538018442
-878.9775538018415
-1127.9775538018405
-1247.9775538018432
-833.5775538018427
-1304.577553801847
-1166.1775538018435
-269.5775538018426
72.82244619815951
-261.37755380184194
-564.5775538018419
-92.1775538018429
292.2224461981596
154.02244619815806
-255.17755380184133
-323.57755380184165
-59.57755380184004
546.0224461981587
511.6224461981588
428.62244619816056
66.82244619815862
-94.17755380184099
-76.37755380184112
-150.5775538018422
-140.57755380184113
-604.9775538018403
270.62244619815897
-324.3775538018428
-937.1775538018396
-417.17755380184036
-654.3775538018422
-969.3775538018409
-568.3775538018424
-529.1775538018412
-916.1775538018395
-747.577553801841
-805.7775538018386
-1099.7775538018452
-1170.7775538018413
-955.5775538018444
-233.37755380184043
-282.97755380184196
-705.3775538018398
-411.5775538018434
-184.5775538018423
133.22244619815922
-346.1775538018409
-511.17755380184184
338.6224461981596
533.0224461981609
512.8224461981604
419.42244619815983
34.62244619815871
-113.57755380184103
-1.977553801839747
190.62244619815746
75.82244619815809
-218.77755380184223
-127.57755380184031
-294.37755380184115
-121.57755380184122
-227.97755380184034
-787.7775538018444
-264.177553801839
38.22244619815896
273.82244619815907
-303.17755380184167
-228.77755380184382
-301.3775538018401
-861.3775538018408
-1301.7775538018352
-873.5775538018415
-303.1775538018426
-210.5775538018416
-444.1775538018423
-485.777553801839
-426.1775538018436
308.02244619815775
37.622446198158144
-373.9775538018441
181.4224461981579
373.02244619815724
530.6224461981595
166.62244619815922
121.0224461981594
-120.7775538018418
-207.97755380184208
-334.37755380184154
-332.97755380184134
-133.577553801843
61.2224461981594
-313.37755380184404
170.4224461981584
-674.1775538018404
-981.1775538018422
-467.17755380184167
-341.1775538018419
351.42244619815835
230.8224461981589
263.6224461981588
-260.3775538018432
-338.17755380183996
-778.3775538018394
-279.77755380184146
-4.177553801840434
137.62244619815857
203.22244619815703
183.02244619815923
-56.377553801842865
393.0224461981582
367.82244619816055
361.8224461981592
695.222446198157
640.0224461981568
796.022446198161
417.82244619815674
539.4224461981597
350.622446198158
115.42244619815816
111.42244619815827
-362.7775538018417
-358.77755380183936
192.22244619816144
-468.3775538018429
-162.57755380184193
-781.7775538018375
-942.7775538018412
-354.97755380184094
-412.7775538018397
-262.1775538018429
-351.5775538018455
-50.77755380183992
-514.5775538018424
-154.9775538018422
-387.17755380184127
230.2224461981586
576.4224461981611
206.62244619815758
281.0224461981586
442.62244619815937
208.42244619815858
369.2224461981588
156.6224461981563
109.8224461981596
651.4224461981598
263.22244619815683
698.2224461981598
412.4224461981587
388.62244619815897
243.42244619815864
410.8224461981594
785.8224461981584
-137.97755380184026
-440.577553801842
184.4224461981592
-14.177553801841398
-168.17755380184204
-551.577553801839
-650.3775538018419
-148.77755380184132
-413.177553801843
-188.5775538018412
-34.77755380184319
72.82244619815754
-751.3775538018425
-392.3775538018444
-242.57755380184165
178.62244619815783
47.2224461981575
-180.1775538018418
-172.57755380184176
97.2224461981572
152.62244619815704
487.4224461981621
287.822446198159
172.6224461981592
486.2224461981606
415.0224461981603
707.222446198161
591.6224461981595
488.8224461981585
136.62244619815922
519.2224461981617
882.2224461981621
-62.57755380184024
-349.97755380183906
188.4224461981583
384.02244619816076
-363.17755380184224
-560.9775538018431
-449.1775538018434
-338.7775538018426
-336.3775538018421
-4.977553801840834
155.02244619815895
480.62244619815897
-129.17755380183914
-55.77755380184033
-104.77755380184236
-3.977553801841072
-68.57755380184207
294.02244619815826
362.02244619815696
415.82244619815833
442.62244619816084
400.4224461981579
366.4224461981602
473.6224461981601
895.8224461981573
711.6224461981576
419.0224461981577
203.222446198161
-82.77755380184165
-214.97755380184148
210.4224461981641
515.8224461981565
-7.777553801842512
-220.77755380184544
88.62244619815873
197.2224461981583
-409.57755380184295
-668.5775538018472
-380.57755380184005
-558.977553801842
-308.3775538018421
-401.37755380184063
-338.57755380184204
60.2224461981596
55.22244619815742
-89.77755380184217
-540.5775538018426
-342.37755380184257
351.62244619815914
480.4224461981596
165.62244619815922
94.22244619815834
382.02244619815906
38.622446198158514
-94.3775538018413
376.4224461981586
617.2224461981588
464.62244619816005
251.6224461981597
139.82244619816106
-55.1775538018407
-274.37755380183904
-40.777553801843645
286.2224461981604
101.62244619816326
-186.77755380184158
-82.57755380184213
-77.7775538018402
-292.37755380184115
-488.9775538018399
-211.77755380184354
-7.777553801840533
138.8224461981574
60.62244619816021
-507.97755380184054
-464.9775538018393
-241.5775538018409
89.8224461981586
-138.97755380184245
94.22244619815743
174.82244619815816
35.42244619815984
-232.57755380184054
-246.17755380184084
117.62244619815891
90.8224461981593
-74.77755380184067
425.42244619816057
387.62244619815755
491.82244619815697
377.622446198158
556.4224461981572
355.4224461981602
-165.3775538018426
427.2224461981614
238.82244619815847
8.42244619815948
-170.57755380184142
-118.57755380184145
196.6224461981591
-31.57755380184139
-206.3775538018411
3.6224461981585243
482.622446198159
508.6224461981592
483.822446198158
-421.17755380184207
-277.77755380184294
381.6224461981596
195.42244619815796
-202.3775538018409
131.8224461981596
8.422446198158958
-91.5775538018419
251.02244619815966
-1.3775538018418416
53.62244619815899
55.6224461981599
54.422446198158184
534.422446198159
622.422446198161
929.0224461981586
610.2224461981598
598.2224461981592
348.62244619815783
-68.57755380183875
400.42244619815955
172.22244619815905
-47.17755380184197
-155.77755380184118
-97.777553801842
266.6224461981591
-206.17755380184065
-407.577553801842
-104.57755380184153
301.62244619815806
182.02244619815772
472.82244619816
-122.37755380184117
78.82244619815866
566.8224461981586
-260.17755380184093
-318.77755380184243
124.62244619815917
225.42244619815898
185.22244619815766
292.4224461981582
123.02244619815865
3.022446198158164
-151.377553801843
420.82244619815833
775.4224461981587
881.0224461981625
745.0224461981554
836.6224461981593
496.6224461981597
445.82244619816004
276.82244619815896
573.6224461981569
451.42244619816023
297.82244619815935
118.8224461981591
250.42244619815907
347.6224461981602
70.8224461981587
-97.7775538018407
-28.577553801840118
257.82244619815935
546.4224461981594
955.2224461981585
130.6224461981584
183.2224461981588
132.82244619816026
-223.37755380184103
206.02244619815906
89.2224461981603
52.622446198159054
299.4224461981594
509.6224461981586
319.8224461981588
-175.17755380184138
-343.57755380184267
238.6224461981582
479.42244619815756
616.4224461981589
669.2224461981589
1292.8224461981642
757.4224461981585
667.4224461981563
632.822446198161
959.0224461981616
757.4224461981556
744.4224461981572
450.42244619815654
170.62244619816073
544.8224461981578
785.0224461981591
235.82244619815918
336.8224461981586
233.22244619815882
357.62244619816113
868.8224461981574
507.822446198159
135.82244619815773
-85.57755380184085
384.2224461981609
857.0224461981618
460.82244619815765
128.8224461981598
96.82244619815893
411.4224461981579
442.4224461981598
187.02244619815957
34.822446198159064
86.22244619815912
430.2224461981599
669.8224461981538
992.2224461981573
268.82244619816083
-220.77755380184112
-168.7775538018401
-317.377553801842
-324.57755380184216
195.02244619815806
220.42244619815926
168.02244619815897
-166.37755380184115
-218.97755380184228
-27.177553801841285
251.4224461981584
-129.77755380184118
-612.9775538018417
-153.17755380184502
-52.977553801841054
41.022446198158285
243.42244619815662
74.22244619815751
102.62244619815903
174.62244619815874
313.62244619816084
6.6224461981581655
-44.377553801842055
215.8224461981604
464.62244619816005
168.22244619815848
-233.17755380184167
257.42244619816034
598.4224461981621
558.6224461981583
964.8224461981664
-115.57755380184068
-261.977553801843
-303.5775538018417
-663.1775538018416
-670.3775538018422
-2.1775538018406984
-150.3775538018412
61.822446198156875
181.02244619815798
15.022446198158786
85.62244619815901
349.2224461981587
128.2224461981598
-19.17755380184046
366.2224461981591
2.2224461981579573
-322.5775538018401
-296.7775538018402
-430.77755380184055
121.22244619815885
385.22244619816
432.42244619815887
-82.77755380184175
-206.37755380184052
-60.97755380184136
-18.3775538018408
-383.1775538018407
-684.3775538018416
-306.17755380184127
6.2224461981575665
-54.97755380184052
380.02244619816014
200.8224461981572
185.8224461981578
-79.37755380184244
-400.57755380184307
-441.9775538018415
-238.5775538018409
-177.37755380184072
201.82244619815867
-32.17755380184194
-154.57755380184014
158.42244619815887
409.6224461981595
-125.17755380184205
58.82244619815867
605.4224461981582
259.2224461981598
-176.97755380184026
-343.1775538018405
-247.17755380184235
343.22244619815785
555.2224461981583
112.02244619815957
-202.37755380184296
-31.577553801841102
153.82244619815933
26.22244619815865
-380.1775538018407
-769.7775538018406
-546.9775538018425
-96.37755380184274
18.42244619815799
172.62244619815678
360.6224461981592
365.2224461981587
247.6224461981584
84.82244619815833
-90.17755380184204
-144.57755380184201
56.42244619815925
-139.77755380184206
-525.3775538018414
79.82244619816075
589.6224461981575
470.6224461981589
-84.37755380184196
-418.37755380183955
-58.37755380184241
408.02244619815923
90.22244619815906
241.82244619815881
315.82244619815805
524.822446198159
438.6224461981595
90.22244619815909
-110.77755380184149
-87.77755380184249
-198.37755380184237
-398.3775538018415
-500.7775538018427
-733.3775538018402
-336.5775538018409
324.4224461981619
62.62244619815952
-232.3775538018404
260.2224461981596
12.42244619815871
264.42244619815887
-150.57755380184238
-378.5775538018429
-32.57755380184063
-178.77755380184047
-571.7775538018406
-653.5775538018404
-214.17755380184158
324.62244619816295
211.02244619815843
49.222446198157385
-357.77755380184294
-486.9775538018429
-392.57755380184074
104.22244619815947
639.8224461981605
537.6224461981578
61.22244619815875
-235.37755380184205
-110.77755380184108
-3.577553801841132
-65.37755380184312
-564.777553801839
-795.5775538018412
-272.1775538018411
-301.7775538018415
102.02244619815863
755.8224461981608
374.0224461981606
-85.37755380184103
526.0224461981595
172.82244619815805
85.22244619815754
-397.77755380184067
-18.77755380184183
96.42244619815847
-537.177553801843
-636.9775538018449
-551.7775538018418
-168.97755380184083
341.8224461981566
155.82244619815737
-55.37755380184554
-1.9775538018402408
39.62244619815764
-589.1775538018416
-63.977553801842575
477.22244619815916
434.4224461981583
-176.17755380184266
-471.97755380184196
-120.77755380184125
-20.577553801841475
-295.97755380184185
-584.3775538018429
-782.1775538018414
-336.9775538018406
-139.17755380184343
238.02244619815974
640.2224461981579
130.42244619815827
-574.977553801842
648.4224461981571
373.62244619815925
134.02244619815872
-407.37755380184103
-19.77755380184145
-618.1775538018409
-886.377553801844
-495.37755380184024
-755.977553801846
-359.57755380184
-43.57755380184116
-358.1775538018399
-410.37755380183927
-228.9775538018402
-204.37755380184058
-464.37755380184205
-245.97755380184145
22.222446198160302
329.6224461981598
-137.5775538018412
-585.7775538018358
-426.37755380184007
-441.5775538018384
-579.7775538018429
-653.3775538018411
-472.1775538018407
-279.97755380184077
-357.7775538018383
-11.777553801840096
359.42244619815807
-24.17755380184235
-764.1775538018414
795.0224461981587
531.6224461981575
493.0224461981593
-318.37755380184075
-491.3775538018411
-719.577553801842
-1157.777553801842
-1016.5775538018453
-637.7775538018419
-168.37755380184353
-309.1775538018399
-479.1775538018431
-270.577553801841
51.82244619815879
-605.7775538018402
-913.9775538018406
-787.3775538018386
-657.577553801846
-723.7775538018415
-968.9775538018421
-924.5775538018426
-947.1775538018435
-717.3775538018382
-1035.577553801836
-862.9775538018389
-591.5775538018421
-676.9775538018373
-554.9775538018401
-230.37755380184146
463.8224461981599
101.82244619815772
-298.5775538018407
162.42244619815617
16.0224461981587
-464.77755380183896
-787.9775538018388
-384.57755380184256
-235.3775538018426
-1125.5775538018418
-1390.9775538018444
-1171.7775538018368
-859.5775538018404
-632.5775538018429
-464.7775538018412
-319.3775538018415
-624.5775538018383
-1218.17755380184
-969.3775538018423
-967.7775538018399
-1103.3775538018424
-1200.7775538018404
-1178.1775538018337
-853.1775538018447
-968.1775538018424
-1153.977553801844
-1540.3775538018363
-1759.5775538018447
-952.9775538018407
-551.7775538018407
-603.7775538018426
-585.1775538018484
7.8224461981585485
-63.1775538018413
29.02244619816062
-328.7775538018401
-218.37755380184225
-901.5775538018411
-962.9775538018426
-434.1775538018407
-475.97755380184043
-628.577553801843
-898.5775538018422
-1157.5775538018431
-936.5775538018383
-623.1775538018398
-761.3775538018441
-1152.7775538018425
-1580.9775538018375
-1779.7775538018432
-1598.5775538018422
-1440.9775538018482
-1226.7775538018393
-982.9775538018421
-959.577553801842
-1106.3775538018401
-1083.5775538018454
-701.977553801841
-571.3775538018419
-1541.7775538018402
-754.1775538018416
-123.37755380184223
-486.57755380184614
-303.77755380183953
32.02244619815917
38.02244619815697
45.622446198159494
-81.57755380184052
444.62244619815783
-194.17755380184147
-468.5775538018414
-66.57755380184284
-73.97755380184176
-277.17755380184184
-500.77755380184203
-1194.9775538018412
-966.177553801847
-460.57755380183926
-941.7775538018407
-1407.5775538018434
-1330.7775538018418
-1280.1775538018342
-1781.5775538018413
-1913.977553801843
-1201.7775538018423
-1316.5775538018427
-1236.5775538018372
-1044.9775538018412
-842.7775538018442
-765.5775538018354
-811.577553801837
-856.577553801843
-707.3775538018436
-282.9775538018428
-239.1775538018423
-368.7775538018438
70.42244619815907
-51.17755380184167
-250.37755380184245
-329.57755380183835
337.22244619815876
-208.7775538018408
-397.77755380183913
74.22244619815864
417.22244619816087
134.02244619815855
-395.1775538018406
-1302.177553801842
-1687.7775538018395
-1266.9775538018412
-1111.3775538018388
-1021.3775538018374
-951.9775538018415
-1115.3775538018467
-1586.1775538018394
-1798.5775538018408
-1222.1775538018405
-1424.777553801843
-1398.777553801838
-928.7775538018444
-734.1775538018425
-1111.77755380184
-1150.5775538018363
-506.9775538018404
-145.97755380184165
4.022446198158182
162.0224461981585
-421.9775538018423
-4.977553801841143
281.4224461981594
-110.57755380184184
48.2224461981573
459.62244619815846
404.0224461981572
109.62244619815833
-38.9775538018426
589.0224461981583
635.0224461981604
-256.57755380184045
-847.1775538018402
-1630.5775538018381
-1407.5775538018452
-950.7775538018379
-1047.5775538018418
-985.5775538018374
-1121.77755380184
-907.1775538018446
-1305.9775538018425
-1124.5775538018431
-1312.777553801843
-991.3775538018399
-926.5775538018422
-1065.377553801838
-1423.3775538018408
-1333.5775538018413
-646.1775538018428
-256.17755380184065
255.6224461981586
97.4224461981587
0.8224461981589783
332.22244619816036
177.22244619815993
-109.97755380184236
126.42244619815867
654.022446198161
949.6224461981592
439.22244619815893
15.62244619815835
816.0224461981584
989.6224461981599
-397.3775538018415
-988.3775538018416
-1232.7775538018432
-995.7775538018409
-991.9775538018425
-972.9775538018406
-1147.1775538018437
-1319.3775538018383
-883.3775538018415
-1364.9775538018464
-1088.1775538018435
-1288.17755380184
-1187.9775538018384
-1310.777553801842
-734.7775538018468
-815.1775538018373
-1141.9775538018444
-675.7775538018428
-264.97755380184253
120.02244619816022
333.4224461981572
308.42244619815756
640.0224461981581
501.42244619816023
451.4224461981617
180.82244619815964
647.4224461981565
1149.6224461981556
239.02244619815744
9.622446198160045
844.4224461981574
1038.2224461981568
-268.37755380184103
-550.9775538018416
-642.1775538018436
-1178.5775538018468
-1275.5775538018436
-936.7775538018429
-1176.3775538018429
-1205.7775538018407
-835.9775538018406
-1241.1775538018526
-1268.3775538018415
-782.1775538018412
-1238.9775538018419
-1289.5775538018397
-634.3775538018406
-748.9775538018429
-251.37755380184169
101.42244619815922
98.22244619815868
-221.3775538018415
196.02244619815755
730.8224461981576
841.8224461981556
869.6224461981599
777.8224461981558
996.8224461981622
1042.8224461981551
959.4224461981545
21.422446198158923
18.822446198157408
620.022446198157
391.62244619815783
-80.97755380184165
-220.97755380184108
-298.9775538018414
-1157.1775538018428
-1059.1775538018408
-1001.1775538018384
-869.377553801842
-702.7775538018403
-609.1775538018422
-1107.977553801839
-1064.777553801838
-819.7775538018433
-979.5775538018439
-1004.1775538018442
-1123.9775538018432
-1008.9775538018387
-27.177553801843025
-5.97755380184112
-11.377553801841177
-180.37755380184112
384.02244619815843
569.8224461981576
528.0224461981613
491.2224461981597
591.02244619816
835.0224461981575
752.8224461981588
641.2224461981605
109.62244619815769
266.422446198159
367.0224461981572
-3.9775538018400844
399.02244619816076
682.0224461981586
334.82244619815725
-568.977553801841
-683.1775538018401
-468.97755380183787
-712.1775538018424
-673.9775538018417
-507.1775538018437
-853.5775538018402
-929.3775538018435
-1078.7775538018464
-591.9775538018391
-459.7775538018407
-488.57755380184574
51.022446198158775
348.2224461981589
113.22244619815862
-215.9775538018413
-145.777553801841
410.02244619815934
236.22244619815842
438.22244619816007
326.6224461981583
641.622446198159
732.2224461981568
750.0224461981654
1092.022446198158
704.422446198158
730.2224461981604
810.8224461981604
468.2224461981648
382.02244619815923
839.4224461981554
346.6224461981594
-26.77755380184204
-795.7775538018423
-949.7775538018407
-1060.9775538018355
-893.3775538018358
-555.7775538018426
-408.9775538018417
-669.3775538018405
-998.7775538018429
-878.5775538018414
-539.9775538018397
-111.17755380184266
144.02244619815798
429.8224461981578
285.622446198155
-205.77755380184237
-276.1775538018416
213.22244619816053
496.0224461981577
648.4224461981601
312.22244619815723
714.2224461981571
779.4224461981611
863.6224461981586
789.2224461981565
357.0224461981593
557.0224461981574
509.8224461981579
119.22244619815817
8.022446198158583
530.4224461981596
271.8224461981586
97.02244619815833
85.4224461981598
-982.9775538018408
-1198.1775538018362
-747.1775538018408
-455.3775538018419
-452.1775538018383
-859.3775538018416
-778.3775538018399
-891.5775538018399
-596.1775538018422
250.62244619815826
639.2224461981588
602.6224461981587
369.8224461981591
86.22244619815763
190.02244619815886
654.0224461981616
744.6224461981601
429.8224461981605
-16.37755380184208
359.8224461981606
604.0224461981609
432.6224461981583
363.6224461981598
415.62244619815783
383.02244619815605
132.0224461981585
32.02244619815811
100.62244619815816
862.6224461981551
571.422446198158
183.82244619815935
550.6224461981593
-360.5775538018413
-666.5775538018435
229.82244619815722
612.4224461981577
128.8224461981597
-194.1775538018419
75.82244619815833
-439.9775538018425
-243.7775538018418
681.8224461981605
1042.4224461981566
754.8224461981578
513.8224461981589
515.2224461981577
388.0224461981588
335.6224461981584
112.42244619815878
-166.57755380184182
158.82244619816183
770.2224461981622
419.2224461981584
360.42244619815807
144.22244619815766
173.42244619815762
254.42244619816032
200.8224461981585
126.62244619815954
-75.77755380184078
1267.2224461981564
926.8224461981628
236.4224461981591
544.6224461981618
82.4224461981581
296.0224461981548
1350.822446198161
1437.8224461981604
908.8224461981556
953.0224461981594
781.8224461981607
248.22244619815905
106.8224461981582
208.82244619815813
967.8224461981592
842.8224461981597
240.02244619815838
143.62244619815777
-69.77755380184237
292.42244619816023
-208.57755380184182
-500.377553801841
457.8224461981605
786.6224461981606
334.6224461981586
179.22244619815885
52.622446198159395
121.22244619816121
168.42244619815713
257.0224461981553
200.42244619815904
-12.77755380184022
455.8224461981633
576.4224461981621
729.222446198157
632.2224461981585
93.62244619815824
1120.0224461981613
2059.2224461981573
2436.82244619816
1595.6224461981615
1552.8224461981654
1369.4224461981623
505.022446198158
-132.17755380184036
181.22244619816072
797.0224461981595
883.2224461981608
320.2224461981586
-208.17755380184298
-407.3775538018425
233.62244619815908
-187.7775538018418
-582.5775538018402
126.42244619816066
447.822446198158
390.8224461981587
-50.9775538018409
74.22244619815783
78.22244619815675
-127.57755380183993
-386.17755380184127
-221.97755380184253
105.22244619816064
567.4224461981534
517.8224461981594
1126.8224461981579
250.82244619815887
79.62244619815706
884.6224461981568
1573.2224461981618
2467.822446198168
2033.8224461981613
1970.0224461981566
1349.822446198157
944.4224461981543
151.62244619815692
542.6224461981597
992.6224461981571
1023.4224461981528
659.6224461981577
222.82244619815887
-158.17755380184167
266.22244619815945
95.82244619815748
31.622446198157444
542.222446198159
617.4224461981578
764.2224461981582
289.0224461981586
486.82244619815975
406.8224461981579
64.62244619815903
-79.77755380184213
-174.1775538018437
164.22244619815694
993.8224461981614
563.0224461981622
935.0224461981566
331.8224461981576
79.422446198158
696.0224461981625
1095.6224461981587
1447.8224461981501
1141.0224461981534
1493.8224461981572
975.6224461981595
942.8224461981551
327.02244619815576
858.4224461981614
1320.6224461981658
757.6224461981637
334.6224461981591
279.02244619815815
-62.77755380184165
86.62244619815874
-190.97755380184012
-328.77755380184084
342.22244619816
118.8224461981601
559.0224461981596
201.22244619815845
182.2224461981589
137.42244619815895
158.222446198159
420.42244619815597
-88.57755380184095
51.02244619815679
969.6224461981594
916.6224461981526
777.8224461981567
418.2224461981586
262.8224461981587
782.2224461981593
745.2224461981632
987.0224461981564
1013.8224461981591
1221.4224461981598
330.22244619815956
514.822446198158
354.62244619815687
571.0224461981602
500.2224461981606
253.0224461981611
-132.97755380184057
-159.57755380184113
-210.97755380184128
-0.177553801840709
-261.177553801842
-369.77755380184175
40.22244619815716
158.22244619815876
179.42244619816046
55.02244619815893
-93.5775538018413
-333.17755380184275
63.62244619815751
442.022446198158
-157.5775538018411
-98.77755380184047
675.6224461981574
1060.0224461981618
258.2224461981591
8.422446198158474
343.4224461981604
589.822446198159
703.0224461981559
922.822446198163
1003.4224461981617
1370.8224461981572
685.2224461981567
661.0224461981577
405.82244619816186
324.02244619815826
215.62244619815957
624.4224461981605
523.8224461981613
398.2224461981594
182.62244619815726
-135.77755380184175
-226.37755380184154
-154.17755380184192
379.8224461981597
361.0224461981574
-422.7775538018386
-597.5775538018431
-891.377553801841
-878.5775538018422
-300.7775538018405
136.42244619815764
-202.77755380184047
-121.37755380184178
431.4224461981596
766.8224461981613
41.62244619815846
-239.37755380184274
238.2224461981604
137.0224461981564
410.6224461981568
339.22244619815905
331.22244619815814
736.6224461981578
630.6224461981589
317.8224461981622
-238.77755380184254
-155.57755380184142
428.4224461981593
685.4224461981586
409.6224461981565
211.4224461981579
220.02244619816108
-456.5775538018426
-693.3775538018427
-316.57755380184057
45.42244619815901
66.82244619815853
-471.1775538018408
-558.177553801842
-699.9775538018415
-884.3775538018433
-495.77755380184243
-17.77755380183937
-89.77755380184124
-235.17755380183783
25.02244619815887
182.822446198158
-110.37755380184086
-195.3775538018424
157.42244619815972
311.0224461981562
552.2224461981581
559.0224461981607
-30.17755380184187
32.822446198158595
153.62244619815746
314.82244619815805
10.622446198159395
130.82244619816058
199.8224461981589
225.82244619815862
31.422446198158426
-72.17755380184
179.22244619816055
-132.5775538018417
-582.7775538018441
-256.77755380184067
-131.17755380184093
175.22244619815808
-325.9775538018427
-140.37755380184046
-230.7775538018416
-778.1775538018409
-86.57755380184076
-105.3775538018418
-238.1775538018418
-363.37755380184115
-274.5775538018415
177.0224461981589
-61.77755380183949
-155.77755380184044
158.22244619815973
521.0224461981579
610.4224461981595
753.0224461981546
-5.777553801840817
154.2224461981589
623.2224461981599
239.22244619815925
-153.77755380184226
214.22244619815822
68.0224461981588
51.22244619815952
350.2224461981598
-33.377553801841444
25.22244619815888
-192.77755380184126
-460.5775538018417
-129.37755380184123
162.22244619815905
603.4224461981584
-142.3775538018408
-183.17755380184127
-381.3775538018404
-800.177553801843
-357.3775538018405
-461.37755380184205
-563.1775538018405
-569.3775538018381
-416.77755380184186
101.82244619815859
-322.5775538018418
-521.3775538018409
-45.97755380184131
224.82244619815958
82.6224461981584
421.0224461981573
31.02244619815954
249.2224461981588
491.22244619815706
-421.7775538018413
-341.97755380184316
107.62244619815911
242.4224461981588
244.62244619815905
172.42244619815813
-143.37755380184245
-204.37755380184225
-596.1775538018426
-202.17755380184047
146.2224461981597
359.82244619815845
327.02244619815684
85.22244619815893
-258.77755380184107
-358.7775538018412
-508.97755380184003
-308.17755380184127
-390.57755380184153
-399.9775538018424
-377.577553801841
-71.57755380184146
77.82244619815904
-120.17755380184124
-233.17755380184164
-55.57755380184143
101.22244619815959
272.82244619816055
593.4224461981588
-29.177553801839927
94.02244619815863
-87.97755380184131
-415.77755380184124
129.42244619815924
69.62244619815914
17.422446198157893
283.4224461981582
317.822446198158
1.622446198158233
-416.37755380184313
-762.9775538018414
-319.1775538018423
-85.57755380184196
119.22244619815933
295.822446198159
538.222446198157
49.82244619815877
-76.57755380184147
-97.77755380184139
232.8224461981595
14.42244619815932
120.82244619816007
55.2224461981583
-96.77755380184138
266.2224461981609
561.4224461981606
130.82244619815842
240.42244619815983
123.82244619815667
152.222446198158
558.2224461981577
286.8224461981608
15.422446198158582
-247.97755380184205
226.22244619815967
784.8224461981606
480.82244619816055
147.2224461981589
64.82244619815845
303.8224461981583
350.4224461981574
140.62244619815897
-53.177553801839785
-131.97755380184114
108.42244619815989
367.42244619815926
747.6224461981631
1044.622446198157
506.02244619815906
321.2224461981592
127.42244619816147
264.22244619815973
672.4224461981548
700.422446198158
706.0224461981605
379.4224461981567
342.6224461981571
598.0224461981547
937.6224461981585
511.8224461981576
98.82244619815748
727.0224461981591
751.02244619816
768.2224461981579
830.422446198157
392.62244619815897
278.2224461981563
483.8224461981556
716.622446198156
386.42244619815784
410.6224461981589
636.6224461981582
806.4224461981521
604.6224461981518
258.0224461981534
651.8224461981606
819.6224461981633
836.0224461981577
1378.4224461981582
435.62244619815965
242.02244619815897
138.82244619815893
-198.17755380184076
-138.57755380183866
529.8224461981595
318.422446198162
482.8224461981574
572.4224461981617
385.62244619815976
548.0224461981591
925.8224461981492
647.8224461981592
457.42244619815835
886.0224461981577
451.62244619816033
64.22244619815947
49.82244619815785
-265.777553801841
104.62244619815982
458.82244619815697
720.4224461981554
252.4224461981578
196.02244619816022
451.222446198158
392.82244619815987
134.42244619815582
-134.17755380184045
115.02244619815897
209.422446198158
194.22244619815538
668.2224461981642
531.6224461981575
546.2224461981618
215.42244619816069
-136.57755380184176
-111.97755380184228
59.4224461981609
-41.97755380184121
358.0224461981602
198.82244619815842
0.422446198160884
310.6224461981596
631.0224461981608
3.4224461981596015
81.622446198159
641.2224461981582
230.42244619815838
-335.97755380184
-509.57755380184307
-367.77755380184215
81.62244619815927
286.22244619815575
120.62244619815611
-43.57755380183931
229.42244619815364
551.4224461981602
286.0224461981545
-108.57755380184165
-529.3775538018409
-400.1775538018413
-55.777553801841265
77.42244619815813
255.6224461981579
540.0224461981605
513.4224461981574
360.4224461981614
297.02244619815906
224.02244619815977
32.822446198158595
84.02244619815997
60.02244619815967
-287.97755380184293
142.82244619815404
549.622446198157
477.62244619815743
-192.97755380184026
-532.9775538018416
-145.37755380184086
199.42244619816032
-222.17755380184144
-120.97755380184279
-21.977553801840845
186.82244619815972
162.0224461981547
145.4224461981558
55.822446198159035
112.42244619815929
82.6224461981595
-194.1775538018414
-244.377553801841
-678.7775538018439
-378.9775538018425
275.42244619815864
66.22244619815926
-155.37755380184205
313.62244619815954
-25.977553801841303
297.82244619815816
97.4224461981591
-136.77755380184198
172.822446198158
-1.7775538018433075
-224.17755380184158
-353.97755380184054
-120.77755380184489
348.4224461981588
209.42244619815867
-115.3775538018405
-486.3775538018416
-480.5775538018425
-461.1775538018409
-118.77755380184388
468.4224461981605
394.0224461981599
-168.97755380184287
-246.97755380184057
199.2224461981616
240.2224461981594
237.42244619815932
-103.97755380184158
-453.9775538018411
-52.577553801840594
-368.5775538018432
-64.7775538018397
539.6224461981584
289.22244619815984
-24.377553801840985
424.2224461981597
2.0224461981576454
71.02244619815885
-170.1775538018411
143.42244619815847
341.8224461981578
-156.57755380184156
-134.57755380184165
-141.7775538018415
164.02244619815826
613.0224461981581
387.22244619815825
-22.37755380184217
115.42244619815952
388.022446198159
-110.77755380183964
206.2224461981584
641.0224461981585
550.4224461981596
-149.7775538018413
-278.9775538018414
318.8224461981577
399.2224461981584
193.62244619815777
-49.97755380184175
-412.7775538018417
-150.77755380183953
-114.57755380184142
51.02244619815984
292.82244619815884
-154.17755380184252
-545.7775538018417
313.8224461981588
24.42244619815658
-15.577553801840892
-247.57755380184125
20.022446198159685
-480.37755380184296
-482.7775538018425
121.8224461981575
-71.17755380184191
238.22244619815837
430.62244619815897
64.22244619815837
-125.97755380184083
208.22244619815956
624.2224461981631
450.42244619815864
571.0224461981583
713.6224461981569
892.0224461981624
368.02244619815895
1.822446198158545
240.422446198159
168.6224461981598
-104.97755380184188
-178.57755380184113
-116.77755380184102
-0.9775538018407701
-266.3775538018418
-192.7775538018404
-26.377553801841827
-309.9775538018403
-751.9775538018413
169.02244619815912
-44.17755380184221
200.42244619815608
-296.37755380184234
-461.97755380184174
-554.5775538018422
-660.1775538018416
-298.37755380184063
71.82244619815678
496.2224461981591
277.4224461981587
71.4224461981604
352.82244619815737
859.022446198158
567.0224461981574
330.6224461981575
541.8224461981564
565.622446198159
359.62244619816016
18.422446198159882
85.02244619815883
80.62244619815974
147.62244619815777
-365.5775538018408
-303.7775538018417
-119.37755380184188
-318.9775538018409
-347.57755380184295
-186.37755380184154
285.0224461981573
-123.37755380184151
-482.1775538018383
-469.5775538018408
-440.7775538018443
-658.5775538018416
-855.9775538018391
-327.5775538018419
-37.17755380184188
-540.7775538018406
-594.7775538018426
-377.1775538018407
14.422446198158497
106.22244619815949
226.0224461981588
552.0224461981604
594.2224461981602
122.02244619815824
528.8224461981614
701.6224461981581
346.42244619815966
141.82244619816112
103.2224461981588
256.2224461981587
15.422446198159435
-110.17755380184228
-591.3775538018431
-969.7775538018424
-268.1775538018411
63.42244619815886
-123.37755380184164
-263.57755380183903
154.4224461981592
-87.77755380184192
-182.77755380184044
-814.5775538018408
-450.37755380183904
-896.9775538018395
-870.1775538018404
-238.1775538018451
-177.17755380184192
-95.57755380184167
-117.97755380184213
-183.57755380184074
115.82244619815853
463.42244619815756
352.8224461981606
61.22244619815604
-133.17755380184127
-320.97755380184304
-55.17755380184131
238.62244619815905
333.82244619815896
634.8224461981563
459.8224461981593
123.02244619815967
7.622446198158563
442.02244619815934
423.0224461981597
-609.9775538018404
166.02244619815835
742.0224461981595
168.22244619815956
180.2224461981591
444.42244619816
266.0224461981611
-70.97755380184228
-558.3775538018401
114.02244619815929
-324.3775538018411
-469.9775538018447
86.02244619815737
225.22244619815814
231.02244619815843
285.82244619815776
-104.17755380184084
233.02244619815738
853.822446198159
524.8224461981592
31.22244619815907
29.622446198157554
153.02244619815852
-82.77755380184331
-209.177553801842
434.62244619815976
422.8224461981607
385.0224461981596
429.62244619816033
505.0224461981615
436.02244619815923
109.6224461981585
-73.57755380184233
204.02244619815903
625.2224461981594
390.6224461981573
-15.177553801841725
248.22244619815913
10.822446198159025
-449.7775538018409
-880.9775538018388
-240.77755380184013
-599.3775538018438
-534.1775538018395
112.62244619815873
577.8224461981588
549.0224461981593
376.4224461981582
-227.17755380183934
-380.17755380184326
323.42244619815847
512.8224461981597
572.6224461981601
646.8224461981615
622.4224461981593
438.0224461981603
187.4224461981599
675.4224461981573
558.0224461981605
550.4224461981587
861.022446198161
855.622446198164
166.62244619815826
-241.9775538018413
268.4224461981577
670.0224461981619
719.4224461981603
724.4224461981571
-239.37755380184416
-245.9775538018399
-153.77755380184138
-664.3775538018413
-588.1775538018371
-296.97755380184077
-34.77755380184027
16.62244619815871
77.42244619815733
520.6224461981591
811.2224461981577
514.4224461981585
326.0224461981588
-204.97755380184222
379.2224461981592
972.022446198157
787.4224461981621
822.0224461981602
823.6224461981589
1069.222446198158
661.4224461981578
850.0224461981642
846.0224461981549
1056.0224461981627
847.2224461981574
601.8224461981586
-119.77755380184175
-487.9775538018406
78.82244619815873
478.4224461981555
755.6224461981599
495.0224461981593
-77.37755380183967
-189.7775538018448
-559.7775538018425
-921.1775538018379
-454.1775538018401
-103.57755380184153
466.02244619815815
247.82244619816018
-17.17755380184051
477.82244619815776
921.8224461981589
302.8224461981581
152.6224461981593
98.82244619815917
738.6224461981573
964.2224461981591
830.2224461981633
659.0224461981599
524.2224461981601
887.8224461981599
472.422446198159
773.4224461981602
678.6224461981569
614.0224461981593
240.22244619815976
607.4224461981587
138.62244619815849
-567.3775538018433
-349.9775538018439
28.422446198157754
314.6224461981596
437.6224461981596
14.222446198158966
146.8224461981581
-176.97755380184134
-415.17755380183826
-335.1775538018427
-180.37755380184228
500.62244619815937
-214.37755380184078
-293.1775538018408
437.42244619815943
838.222446198162
232.42244619815827
342.42244619815705
462.22244619816126
444.622446198158
491.82244619816186
522.8224461981579
335.8224461981589
313.02244619815724
617.2224461981587
342.02244619816076
372.02244619815934
851.2224461981543
327.4224461981584
82.42244619815915
434.8224461981607
13.622446198158471
168.02244619815994
221.62244619815996
260.8224461981596
8.022446198159294
298.0224461981581
347.82244619815856
250.62244619815664
44.222446198158636
-227.1775538018424
498.6224461981589
226.82244619815862
152.42244619815784
-507.377553801836
-311.37755380184086
202.22244619815876
122.4224461981592
61.422446198157274
185.42244619815796
463.2224461981599
38.22244619815788
278.0224461981585
191.42244619816077
172.02244619816017
357.02244619815747
398.0224461981585
19.422446198158152
258.0224461981578
533.8224461981576
402.8224461981622
133.22244619816033
-331.17755380184303
-499.1775538018402
415.4224461981594
245.4224461981584
237.82244619815785
133.62244619815937
447.02244619815895
56.42244619815878
-230.97755380184208
-538.3775538018413
-604.1775538018412
134.4224461981593
-184.37755380184097
-385.37755380184086
-688.3775538018406
-333.977553801843
-46.17755380184035
-254.7775538018413
149.82244619815876
626.0224461981613
625.8224461981603
56.22244619815791
37.02244619815744
166.82244619815765
-25.777553801842156
84.22244619816064
154.22244619815834
-12.777553801842782
91.62244619816016
-85.77755380184313
470.62244619816096
387.22244619815973
-35.37755380184243
328.4224461981583
598.2224461981599
255.02244619815968
-133.3775538018403
-132.7775538018414
129.82244619815896
-394.97755380184316
-469.3775538018412
-749.1775538018436
-579.177553801842
-100.57755380184037
-214.77755380184067
19.622446198158006
-348.3775538018401
-136.3775538018435
255.02244619815679
25.22244619815928
-95.37755380184107
536.0224461981603
287.0224461981587
147.02244619815838
-444.7775538018439
-495.7775538018423
-458.3775538018412
-289.5775538018405
-172.37755380184143
73.2224461981604
-27.9775538018434
-390.17755380184246
-193.57755380184057
-16.37755380184108
90.22244619815932
150.62244619815849
317.42244619815796
248.62244619815795
-259.17755380184093
-537.5775538018439
-298.97755380184026
-266.5775538018408
-426.9775538018404
-808.377553801843
-543.57755380184
14.022446198158487
-102.3775538018425
-411.77755380183896
-744.3775538018438
-301.17755380184093
-132.57755380184113
-372.577553801841
-518.5775538018415
75.82244619815808
-19.577553801841155
-53.377553801841024
81.02244619815853
-650.7775538018407
-806.7775538018382
-485.9775538018455
-457.37755380184245
-473.3775538018424
-705.1775538018419
-445.1775538018412
-536.577553801841
-341.777553801839
216.82244619815808
339.42244619815887
291.02244619815946
213.0224461981593
-112.77755380184038
-139.37755380183938
174.42244619815895
45.622446198158855
-540.1775538018414
-1187.7775538018434
-915.5775538018416
22.02244619815802
-493.7775538018425
-718.377553801844
-539.1775538018424
-274.5775538018419
-325.577553801841
-227.9775538018412
-336.5775538018424
393.4224461981576
223.8224461981578
-124.97755380184148
291.4224461981588
-407.77755380184203
-848.5775538018405
-188.17755380184244
-10.37755380184078
-676.5775538018415
-719.9775538018407
-31.97755380184128
-426.97755380184105
-380.9775538018424
373.42244619815807
638.8224461981583
385.42244619815847
298.2224461981579
309.42244619815864
257.4224461981579
274.0224461981585
-153.77755380184246
-764.377553801841
-850.7775538018416
-348.7775538018427
-104.57755380183919
-368.1775538018424
-656.5775538018418
-521.977553801843
-200.37755380184078
2.822446198158298
-23.977553801841132
-467.97755380184253
575.8224461981588
344.82244619815924
-372.97755380184026
-145.57755380184213
-559.7775538018419
-584.5775538018445
107.82244619815837
-16.577553801841333
-738.37755380184
-463.5775538018416
-27.777553801841044
-334.5775538018404
-552.1775538018411
-337.1775538018416
498.62244619815885
443.622446198159
-50.57755380184112
94.0224461981583
-28.377553801840733
383.42244619815955
-170.3775538018421
-832.5775538018393
-333.77755380184266
-140.3775538018418
-228.77755380183996
-474.9775538018408
-650.3775538018403
-557.5775538018435
-284.17755380184104
37.4224461981596
-157.57755380184216
-676.9775538018431
-535.3775538018416
-367.37755380184376
-227.3775538018415
-394.17755380183996
-1086.777553801841
-415.1775538018419
39.6224461981591
159.222446198159
-696.777553801842
-487.5775538018424
-18.57755380184171
-500.3775538018415
-1133.3775538018394
-676.5775538018431
108.22244619815889
208.6224461981584
-122.57755380184476
-360.37755380184075
-451.77755380184266
265.622446198158
-163.37755380184134
-1017.5775538018434
-701.7775538018411
-521.5775538018383
-281.1775538018451
-773.9775538018393
-582.1775538018411
-469.1775538018407
-526.977553801842
-669.7775538018412
-625.9775538018393
-667.9775538018417
-491.7775538018417
-402.1775538018422
182.4224461981584
-750.1775538018408
-1170.5775538018406
-798.9775538018421
-613.3775538018426
-49.57755380184228
-458.5775538018425
-248.37755380184112
-306.3775538018414
-353.3775538018398
-966.9775538018407
-476.7775538018408
69.42244619815882
269.622446198159
195.4224461981584
4.622446198158116
-300.7775538018412
167.82244619815853
-43.777553801840725
-481.37755380184217
-340.5775538018425
-435.37755380184274
-136.37755380184288
-653.7775538018396
-239.17755380184383
-8.177553801840897
-183.77755380184087
-259.17755380184224
-545.1775538018426
-517.1775538018405
75.62244619815863
-293.57755380184335
46.822446198156705
-672.7775538018396
-1173.7775538018452
-818.7775538018413
-845.5775538018418
-723.9775538018416
-1113.9775538018419
-545.1775538018398
-480.17755380184104
-296.97755380184043
-836.9775538018421
-239.37755380184123
490.4224461981591
140.22244619815834
-28.17755380184152
157.42244619816043
-183.77755380183984
-60.17755380184094
-375.57755380184005
-762.1775538018367
-453.3775538018408
-813.5775538018424
-150.37755380184205
-616.9775538018444
-417.9775538018384
80.82244619815837
220.62244619815885
393.42244619815835
-274.9775538018409
-398.97755380184253
435.4224461981581
223.0224461981593
-27.77755380184002
-388.9775538018403
-750.5775538018399
-590.5775538018408
-866.5775538018387
-758.9775538018437
-1038.9775538018416
-580.1775538018386
-875.5775538018426
-611.1775538018418
-750.5775538018429
-383.37755380184234
-142.3775538018416
-296.37755380184115
-502.17755380184263
-342.17755380184235
-352.37755380184024
-87.37755380184097
-404.57755380184335
-764.5775538018405
-580.9775538018454
-609.7775538018421
-292.5775538018408
-527.3775538018441
-438.37755380183916
-190.77755380184104
234.62244619815704
407.02244619816094
-246.3775538018412
-384.5775538018409
387.2224461981578
567.0224461981617
-392.1775538018413
-569.3775538018411
-505.1775538018427
-573.3775538018409
-599.7775538018435
-327.57755380184074
-579.1775538018418
-29.177553801841633
-287.1775538018435
-194.77755380184166
-258.97755380184225
-88.17755380184207
-210.17755380184087
97.42244619815935
26.02244619815724
-29.177553801841867
-21.777553801841407
-155.7775538018429
-374.1775538018435
-590.1775538018443
-293.9775538018393
-401.7775538018448
-810.9775538018371
-1002.177553801842
-967.1775538018422
-630.9775538018405
-15.177553801841274
282.02244619815895
-84.37755380184124
-174.7775538018401
218.22244619815802
387.2224461981572
-371.777553801842
-615.777553801841
-421.77755380184044
-677.9775538018439
-582.7775538018409
-630.1775538018406
-771.57755380184
-220.77755380184084
-35.77755380184172
-167.37755380184237
-517.7775538018403
-242.17755380183993
209.82244619815785
375.2224461981588
41.22244619815808
-100.97755380184054
163.82244619815887
-254.77755380184024
-524.7775538018386
-520.177553801839
-475.3775538018419
-563.9775538018408
-813.9775538018449
-858.9775538018407
-581.7775538018411
-532.7775538018442
-92.57755380184167
376.8224461981579
265.62244619815993
-73.1775538018395
-24.977553801842163
64.22244619816092
-96.3775538018411
-191.17755380184173
-67.57755380184156
-96.77755380184095
-136.77755380184203
-63.77755380184256
-526.9775538018434
-442.17755380183996
-125.9775538018396
174.8224461981598
51.22244619815837
163.42244619815807
57.82244619815806
93.22244619816047
-163.7775538018407
-83.17755380184113
435.422446198159
315.22244619815837
-139.777553801841
-189.57755380184142
-411.3775538018412
-314.97755380184003
-526.9775538018437
-338.77755380184107
6.4224461981578145
-268.1775538018412
350.2224461981589
370.2224461981591
220.822446198159
-64.77755380184277
-149.97755380184128
275.42244619815807
202.62244619815905
111.42244619815793
195.22244619815874
392.2224461981564
341.02244619815747
509.02244619815957
-112.57755380184386
-35.577553801842186
463.0224461981588
289.62244619815743
54.62244619815817
362.22244619815723
55.822446198158005
15.822446198158108
268.8224461981583
92.82244619815873
384.822446198158
296.82244619815793
-75.17755380184191
-123.77755380184213
-204.57755380184315
74.02244619815718
-499.977553801841
-428.3775538018397
-260.5775538018399
-449.37755380184376
77.62244619815779
18.0224461981601
-239.3775538018465
-414.17755380183786
-421.77755380184146
92.02244619815828
-196.17755380184133
-309.17755380184286
-64.57755380184022
-57.57755380184297
-185.5775538018418
186.02244619815755
-90.37755380184132
-2.1775538018406166
206.62244619815866
-485.7775538018431
-225.7775538018408
229.02244619815863
160.2224461981581
152.22244619815748
122.02244619815804
-22.77755380184017
8.622446198161573
-350.1775538018394
-160.17755380184033
-158.37755380184169
-150.77755380184175
-291.5775538018421
-746.377553801841
-889.1775538018362
-652.7775538018449
-542.3775538018406
-159.1775538018417
-121.97755380183918
-327.1775538018377
-430.3775538018394
-297.57755380183653
-203.5775538018427
-321.7775538018427
-391.77755380184396
-259.9775538018431
-325.17755380184263
-229.3775538018429
55.022446198159344
-510.1775538018456
-382.5775538018437
-597.1775538018419
-829.3775538018367
-238.77755380184286
-248.37755380184498
-365.5775538018417
-153.97755380184057
-13.177553801839196
-248.17755380184104
-639.5775538018436
-916.7775538018392
-712.5775538018422
-791.7775538018429
-696.9775538018453
-584.9775538018412
-683.5775538018414
-974.3775538018432
-759.1775538018433
-456.97755380183827
-90.5775538018413
-222.97755380184142
-207.57755380184074
-349.77755380184146
-663.9775538018425
-453.1775538018425
-82.77755380184382
-456.3775538018396
-336.5775538018433
-546.3775538018447
-564.1775538018393
-225.17755380184178
-429.97755380183924
-671.577553801841
-946.7775538018401
-456.37755380184103
32.82244619815823
-215.7775538018424
-566.9775538018409
-666.3775538018479
-302.377553801839
-172.97755380184105
-429.17755380184013
-629.1775538018417
-894.7775538018409
-819.1775538018443
-780.7775538018419
-573.3775538018348
