-802.0464342435672
-998.2464342435311
-589.4464342435164
-1048.0464342435255
368.3535657564868
472.5535657564765
236.35356575648166
90.55356575648128
283.5535657564788
-1000.0464342435253
-2592.646434243522
-2259.846434243508
-283.44643424351983
-186.6464342435135
-117.84643424351722
-320.64643424351414
-991.646434243509
-524.4464342435127
299.153565756485
289.95356575647764
-745.6464342434994
-622.2464342435388
-1064.046434243544
-784.6464342435272
-122.04643424352375
-180.0464342435184
-521.6464342435194
362.35356575649485
1567.9535657564975
416.9535657564833
71.55356575647542
613.5535657564675
1494.1535657564195
1046.5535657564874
1187.553565756462
-132.246434243518
1868.9535657564845
2477.5535657565074
199.35356575649095
12.353565756476016
458.153565756487
-260.4464342435202
-624.8464342435141
-556.6464342435395
1453.953565756475
996.7535657564944
1309.953565756504
2452.753565756484
1628.553565756483
1286.7535657564858
1165.7535657564863
1686.1535657564752
749.7535657564816
855.7535657564806
-142.44643424352927
413.55356575646755
324.15356575649344
-419.04643424352395
-546.2464342435225
-1418.8464342435066
-290.64643424352323
1519.5535657564867
208.95356575648032
481.75356575647436
1860.5535657564826
-709.6464342435256
673.7535657564786
334.15356575648093
762.1535657564771
2428.9535657564998
-90.44643424351358
-824.0464342435145
-1468.6464342435252
-227.8464342435206
-1050.846434243517
-1877.6464342435117
-88.04643424352005
-1238.046434243519
-1636.0464342435555
250.15356575648102
-175.04643424352966
-683.8464342435249
-1658.046434243534
-310.0464342435208
-962.846434243532
-1013.2464342435085
-2440.246434243517
-153.44643424352654
206.15356575648264
-1138.2464342435303
-1774.8464342435366
-445.04643424351616
1346.5535657564471
226.15356575648514
-1007.4464342435114
-833.4464342435375
1754.1535657565128
-1617.8464342435145
694.5535657564852
606.9535657564844
640.5535657564842
329.15356575647877
369.7535657564892
1470.7535657564845
666.3535657564713
206.55356575648136
-1312.0464342435168
-577.8464342435225
505.15356575648883
-14.24643424352152
205.15356575648337
381.1535657564848
139.95356575647764
-206.04643424352776
107.3535657564806
227.15356575648477
-1426.446434243522
-378.4464342435284
1485.9535657564898
1076.153565756484
-42.64643424351692
-952.6464342435341
-2029.4464342435306
-650.2464342435171
243.95356575648492
-1929.4464342435
-1883.246434243475
-789.0464342435104
1614.5535657564958
-685.8464342435068
-449.2464342435246
168.95356575649086
712.9535657565117
1876.1535657565123
-101.24643424351576
-1375.4464342435126
-412.44643424351887
-546.84643424352
-1647.2464342435192
-884.6464342435158
1023.7535657564861
1022.55356575648
1658.3535657564712
1423.953565756496
-1038.446434243492
-2237.8464342435245
-1512.8464342434734
-1177.4464342435313
435.1535657564859
1131.7535657564824
757.5535657564897
1876.9535657564682
1084.5535657564683
507.1535657564678
386.75356575648476
741.7535657564787
796.7535657564904
-1268.046434243507
-492.44643424352637
-153.6464342435209
93.15356575648647
-503.8464342435175
-1024.4464342435294
-370.0464342435197
230.35356575646637
1308.1535657565114
-158.04643424351718
-1291.0464342435064
-800.8464342435252
-2009.6464342435095
567.9535657564785
-491.046434243513
1474.353565756483
1554.553565756473
1049.753565756482
793.1535657564788
-941.8464342434925
-1247.4464342435226
-927.6464342435593
-1452.846434243576
-1943.646434243538
554.5535657565052
-784.4464342435161
596.9535657564753
-289.84643424351856
-1863.4464342435485
329.15356575648707
1461.353565756479
-121.0464342435146
63.35356575648741
-575.8464342435287
43.153565756479985
-86.64643424351392
-8.246434243520408
746.9535657564714
-918.2464342435256
463.55356575648676
1293.353565756478
857.9535657564899
710.55356575648
-337.24643424351865
-1658.0464342435184
1053.3535657564723
-163.04643424352287
1177.3535657564566
1714.153565756497
339.35356575648325
-532.0464342435134
-1622.8464342435168
1701.9535657564697
1007.5535657564859
-948.4464342435399
-1076.2464342435192
-13.646434243517376
-391.6464342435226
-861.0464342435191
-1761.646434243533
-1608.246434243535
572.5535657564795
485.5535657564828
350.153565756478
-592.8464342435225
-704.2464342435214
-61.84643424351664
-1277.8464342435193
781.1535657564766
500.3535657564764
768.5535657564834
-839.446434243518
589.7535657564653
1316.9535657564609
650.153565756474
1094.9535657565261
-485.64643424351556
327.3535657564835
-1439.6464342435363
-701.2464342435275
554.1535657564943
-642.8464342435163
50.753565756483994
-308.246434243523
-594.6464342434853
-1249.8464342435354
186.35356575647756
1141.9535657564616
795.3535657564805
-1334.8464342435
-1336.2464342435496
-1462.246434243517
-364.2464342435247
1189.9535657564977
804.75356575646
1028.3535657564814
-1725.0464342435127
-417.0464342435338
173.35356575648206
299.1535657564792
310.35356575647984
-904.046434243534
-903.4464342435269
-2122.6464342435183
221.9535657564781
-133.44643424351815
-296.64643424352033
1384.5535657564958
2128.1535657565014
1033.753565756477
-1409.8464342435263
-877.8464342435365
325.1535657564747
406.75356575646873
565.5535657564915
517.9535657564827
-1395.8464342435564
-1620.8464342435307
-91.0464342435141
-379.4464342435258
163.15356575647922
-1961.6464342435813
-1026.4464342435424
-1279.0464342435248
-280.646434243519
-1295.2464342435212
-950.4464342435218
729.3535657564884
207.35356575647563
669.5535657564785
116.75356575647908
1876.5535657564717
-166.2464342435178
370.1535657564848
372.95356575648464
616.3535657564756
843.5535657564868
-1064.4464342435163
-1395.6464342435072
-1038.8464342435368
-126.24643424351689
882.3535657564604
-541.4464342435249
-1458.8464342435416
-1866.4464342435272
-419.0464342435349
-1371.046434243511
18.153565756463074
306.3535657564804
-704.4464342435074
-2525.4464342434176
-2477.4464342435035
-259.04643424352787
-559.0464342435064
-707.8464342435387
-2446.0464342435353
-1821.0464342435216
595.7535657564717
874.1535657564539
1282.753565756472
417.75356575648004
985.7535657564888
-129.64643424351863
677.7535657564938
-200.4464342435228
580.9535657564835
1789.7535657564986
2386.9535657564534
427.753565756485
1449.9535657564954
2555.353565756494
-51.64643424351807
228.9535657564686
1537.9535657564868
-1576.2464342434891
58.75356575648899
-360.64643424352846
-1231.6464342435318
-1265.246434243524
-289.24643424352024
-156.44643424352103
-95.64643424351385
-1636.8464342435311
-848.2464342435192
-1250.2464342435892
-961.446434243479
1376.753565756466
-179.44643424351256
-2594.4464342434685
553.7535657564847
3038.15356575643
1753.7535657564758
910.3535657564859
598.1535657564757
-596.8464342435287
14.953565756478667
-972.0464342435176
-840.4464342435259
-51.646434243521234
1714.9535657564854
-596.0464342435284
-1069.44643424351
1150.5535657564676
495.9535657564877
454.55356575647147
-521.8464342435244
-1602.4464342434605
-43.846434243525636
-717.6464342435034
-670.8464342435386
-282.2464342435246
245.55356575647608
-1653.846434243581
-2118.2464342435837
-759.8464342435229
269.5535657564753
-2179.646434243488
-481.24643424356555
2232.953565756516
985.3535657564762
146.753565756479
189.95356575647995
1662.1535657564837
2497.953565756476
1437.9535657564904
-934.246434243499
1274.9535657564752
398.3535657564844
-761.4464342435192
496.75356575648027
191.55356575648278
3235.153565756488
2615.7535657564963
-720.0464342435204
-1015.2464342435289
-886.0464342435279
96.55356575648226
739.1535657564996
-989.2464342435032
1141.7535657564904
26.95356575647473
-2787.0464342435002
-636.4464342435173
-594.6464342435322
-1142.0464342435225
-844.0464342435633
-6.046434243522057
-1267.0464342435296
1463.5535657564744
1326.7535657564774
1183.3535657564532
1270.7535657565236
2717.3535657564985
59.75356575647762
2781.7535657564695
3395.953565756521
289.75356575648004
-1004.846434243532
699.5535657564849
-1608.2464342435414
-1842.6464342435238
-749.0464342435345
29.353565756483263
1224.9535657564513
1684.5535657565124
450.3535657564831
-3035.246434243558
-2442.446434243551
-2104.44643424357
185.55356575648315
-2055.246434243527
-1380.8464342434886
-2470.246434243548
-3657.046434243538
-4350.046434243519
-2344.446434243501
-1129.4464342435492
-2093.046434243543
-2592.4464342435294
-987.0464342435388
-622.4464342435184
-1756.4464342435233
-136.2464342435192
-760.8464342435342
556.1535657564795
780.1535657564863
2321.153565756441
3178.953565756487
640.1535657564932
725.1535657564662
1561.3535657564832
-605.0464342435159
-263.6464342435037
-833.6464342435227
943.3535657564835
2060.553565756485
1038.1535657564416
761.5535657564436
-498.64643424352033
-10.446434243522674
-1599.84643424353
-840.8464342434985
938.7535657564792
-1949.4464342435074
-3127.8464342434904
608.1535657564796
-3508.446434243513
-3404.6464342434374
-447.4464342435118
149.7535657564841
9.153565756485557
-2009.046434243498
-1361.0464342435396
-583.2464342435104
227.75356575648127
-475.6464342435221
-1572.6464342435388
1567.5535657564737
2246.5535657565083
648.7535657564797
1248.9535657564809
2299.7535657565095
-1079.4464342435115
-2515.846434243537
-491.4464342435377
-1569.446434243512
144.95356575648225
1210.7535657564656
469.3535657564796
1592.1535657564766
1041.7535657565104
58.55356575647578
-685.2464342435236
-1990.6464342435359
-579.4464342435315
-1842.8464342435393
-3288.8464342435664
1269.5535657564858
-154.4464342435182
-1945.846434243496
-2059.84643424351
-2247.046434243534
951.3535657564743
-138.0464342435176
1283.3535657565008
1043.7535657564838
-1447.0464342435412
-1690.0464342434993
-1576.2464342435142
654.7535657564771
258.95356575644706
-891.2464342435192
155.75356575647766
2337.9535657564006
-1756.2464342435126
-2778.046434243585
-740.0464342435203
-1521.2464342435096
-553.046434243525
-129.44643424352938
1574.5535657565317
2916.153565756546
1517.3535657564262
573.353565756492
580.5535657564778
243.35356575647762
879.1535657564993
711.353565756478
188.55356575648335
1625.7535657564647
-854.4464342434956
-1610.6464342435
-982.6464342434946
-2576.046434243528
671.553565756486
680.1535657564807
11.953565756495621
-297.2464342435154
-1236.846434243512
-1220.8464342435202
856.5535657564737
-59.246434243506535
-2148.0464342435193
-74.8464342435015
2455.9535657564547
3529.553565756346
1128.5535657564717
-67.84643424352625
-157.64643424352937
-357.44643424351887
-53.44643424351859
967.1535657564751
1110.1535657564632
2132.5535657565347
3072.1535657565387
1194.3535657564787
386.15356575648025
328.15356575648815
-1358.2464342435337
-1616.8464342435389
-725.8464342435061
148.75356575647726
602.7535657564837
-504.4464342435055
-2284.4464342435563
-2166.8464342435495
-1414.4464342434924
-1996.8464342435557
-2046.4464342435379
923.7535657564734
1270.5535657564724
-663.6464342434982
-283.4464342435181
-844.8464342435248
-1246.64643424353
1672.7535657564667
276.3535657564977
-938.2464342435295
-843.4464342435134
-2223.2464342434796
196.35356575647646
1284.553565756462
-306.64643424352073
-471.0464342435139
-2317.6464342435956
-1719.2464342435264
1399.753565756503
895.153565756481
682.5535657564793
726.3535657564846
428.1535657564855
-2241.8464342435213
-2312.446434243529
-475.24643424353366
-64.44643424353147
-1932.6464342435336
-1229.8464342435157
-385.44643424352415
-991.846434243521
-657.2464342435253
-1006.4464342435389
1363.3535657564767
1037.553565756486
-625.6464342435153
-332.2464342435262
328.3535657564782
174.35356575647802
469.5535657564805
-1034.0464342435114
-86.84643424352439
-276.04643424350894
-1649.0464342435293
397.15356575647735
1802.353565756467
953.9535657564772
630.9535657564779
-1310.8464342434972
318.95356575648697
999.3535657564818
-582.8464342435059
-3336.046434243463
-3072.0464342435725
1138.1535657564734
-743.2464342435121
-307.44643424353114
-173.84643424351975
-543.4464342435087
-623.8464342434931
-452.2464342435212
-462.4464342435597
-1620.4464342435626
234.55356575647068
-670.8464342435543
-121.6464342435051
107.15356575647796
705.5535657564806
1723.753565756477
704.9535657564875
1488.9535657564695
1204.953565756466
347.3535657564809
646.9535657564917
1367.753565756487
-464.84643424351924
564.5535657564785
916.5535657564888
1039.953565756471
937.3535657564715
-1433.2464342434994
-1921.8464342435313
-1461.2464342435255
63.35356575647486
-3.246434243514493
-722.2464342435148
-2124.4464342434994
-1497.2464342435137
-378.2464342435173
-2038.0464342435191
-1966.84643424352
-2058.8464342435473
-1854.6464342435188
-1189.046434243529
-662.2464342435276
748.1535657564775
20.95356575647957
-811.8464342435254
69.15356575647984
2061.1535657564777
2628.5535657564524
1258.9535657564675
-502.44643424352387
-1478.6464342435079
-216.64643424351956
831.553565756487
1614.1535657564766
1829.7535657565322
2149.953565756499
3057.7535657564927
679.7535657564711
-533.6464342435141
-946.8464342435193
-259.84643424352896
1243.1535657564677
831.953565756478
584.3535657564704
149.75356575648686
-1990.2464342435028
-3447.046434243518
-1087.0464342435391
-1218.046434243527
532.7535657564741
-1447.2464342435353
-503.24643424350353
-781.4464342435315
-2859.246434243531
905.3535657564847
-250.24643424352357
-715.0464342435188
-124.84643424352481
-951.2464342435111
-1722.8464342435434
-1973.0464342434607
-661.4464342435147
-489.0464342435234
1074.353565756487
-40.246434243521676
226.55356575647957
1354.7535657564538
102.3535657564743
138.9535657564849
687.9535657564866
795.3535657565205
1338.9535657565186
2169.353565756449
-109.64643424351442
-1082.6464342435218
453.5535657564856
-643.4464342435241
-715.4464342435351
437.7535657564769
-18.84643424351848
-471.64643424352454
7.553565756479848
-1687.2464342435526
-2622.4464342434367
-2148.6464342434983
-2949.046434243525
-875.2464342435219
-193.046434243529
-2100.0464342434566
-1244.846434243532
-209.44643424351432
-1106.246434243497
-3458.246434243471
-1047.0464342435257
-1599.4464342435217
-405.84643424351884
-383.44643424351926
-1162.0464342435112
376.3535657564809
2497.1535657564773
90.9535657564779
1366.1535657564618
577.3535657564724
-127.64643424352337
-146.44643424352302
-1481.6464342435174
-676.6464342435247
-468.84643424353476
-1385.046434243543
-58.24643424352477
917.1535657564656
1177.3535657564921
-345.6464342435188
-279.0464342435141
-1681.4464342435256
-1757.2464342435499
-777.2464342435137
208.7535657564891
627.9535657564769
891.3535657564694
60.55356575647592
193.55356575649026
-636.046434243515
-201.64643424351596
-1233.2464342435292
741.3535657564839
-365.6464342435206
-1301.246434243524
-599.8464342435168
122.55356575648865
1081.3535657564785
2550.55356575647
1056.5535657564747
955.7535657564783
322.75356575648686
-1299.246434243533
-308.84643424351896
-508.2464342435166
971.9535657564783
1343.3535657564607
-465.2464342435161
-903.8464342435092
1342.753565756482
-617.2464342434923
-1095.6464342435295
-921.6464342435504
-1292.0464342435243
-1761.2464342435326
-748.2464342435098
-684.0464342435209
-1026.6464342435388
135.55356575647514
-52.24643424351309
258.55356575648676
1177.3535657564657
-1615.0464342435378
-986.6464342435656
-1289.8464342435202
-1305.046434243539
780.5535657564761
734.7535657564714
2021.3535657565183
1702.353565756465
-313.04643424352105
-1761.8464342435718
-517.4464342435268
1166.9535657564666
-1180.4464342435108
-1005.4464342435151
959.3535657564745
1315.1535657564914
1517.7535657565222
-1222.4464342434778
-340.4464342435226
929.3535657564859
90.75356575650379
-386.8464342435329
-420.24643424353684
-1770.0464342435528
-161.6464342435226
264.55356575647534
-1222.0464342435007
155.75356575648232
759.3535657564786
448.3535657564816
-564.4464342435201
1589.9535657564877
-233.4464342435106
885.1535657564779
-208.2464342435195
-151.64643424351638
1345.3535657564796
1258.1535657564211
2691.1535657564827
1657.353565756503
500.9535657564826
512.3535657564845
1377.553565756475
559.1535657564818
-578.2464342435211
-1615.246434243502
107.95356575648066
44.353565756475845
1447.7535657564815
-813.4464342435219
-265.24643424352206
352.5535657564771
-1221.8464342435211
-938.4464342435249
1315.7535657565013
-988.6464342435191
-489.64643424350265
-438.64643424352766
-307.64643424352533
171.95356575648708
-1672.8464342435373
-1745.446434243492
-550.2464342435269
-2280.046434243539
-1640.046434243486
-656.8464342435225
1224.1535657564414
-1057.246434243525
836.3535657564892
987.3535657564955
-38.44643424352691
-1131.4464342435124
2083.5535657564906
899.3535657564913
824.7535657564846
-179.64643424352448
-1809.0464342435132
-1298.8464342435125
176.75356575645944
270.3535657564843
490.75356575647737
-1382.6464342435413
-858.4464342435064
140.75356575648107
647.3535657564836
-361.4464342435188
914.7535657564985
-835.44643424353
-969.0464342435146
-378.8464342435159
-709.4464342435191
-1088.8464342435223
-1339.6464342435286
238.75356575647365
240.75356575647783
-1100.046434243527
-46.84643424351766
-1617.046434243542
-672.0464342435207
-1492.8464342434668
140.55356575648918
607.1535657564749
758.5535657564835
1309.3535657564794
1387.1535657564687
-396.04643424351946
842.3535657564621
-663.44643424352
-1616.0464342435098
695.5535657564711
466.7535657564733
-1864.8464342434947
-173.24643424351999
-215.04643424351912
426.5535657564918
-913.2464342435073
412.55356575647954
1025.1535657564875
504.9535657564654
-1348.2464342435333
387.5535657564845
1310.153565756493
732.9535657564771
-954.2464342435242
-608.4464342435128
486.953565756474
-612.6464342435377
-1034.446434243512
-1278.0464342435146
-2236.646434243545
-2023.0464342435316
-917.4464342435369
-363.24643424351393
-1426.6464342435127
-33.44643424352885
2981.7535657564586
-109.84643424352444
-322.8464342435204
544.3535657564768
605.153565756483
2109.353565756468
188.1535657564758
2.1535657564697956
-1915.6464342435634
-377.4464342435195
1604.9535657564936
727.7535657564795
483.15356575648275
418.1535657564826
186.953565756478
-36.64643424351976
-428.8464342435215
1081.9535657564995
-174.44643424351753
1411.7535657564697
-40.24643424352213
-2434.2464342435246
148.75356575647726
-110.64643424351536
471.753565756484
470.7535657564763
548.9535657564746
223.9535657564853
-748.846434243539
-1069.6464342435295
-607.0464342435228
-350.64643424351743
2150.1535657564837
-391.8464342435256
-243.84643424352225
-560.0464342435221
1332.7535657564597
1397.7535657565018
-638.6464342435254
1155.95356575648
-10.646434243528763
-779.8464342435076
140.75356575647822
-1170.846434243507
-185.6464342435237
210.15356575647803
-1177.2464342435371
-433.04643424352673
645.7535657564779
1458.9535657564752
-630.6464342435239
747.5535657564782
364.55356575647687
-105.24643424352386
1912.553565756479
415.75356575648175
1757.5535657564678
72.15356575648073
898.7535657564813
1790.5535657564599
-350.246434243525
-586.2464342435202
503.3535657564639
695.3535657564951
1820.7535657564727
-47.04643424351715
855.3535657564806
465.3535657564903
589.3535657564664
-817.0464342435193
-734.6464342435144
727.753565756481
299.55356575648466
250.35356575648115
1024.353565756481
523.1535657564747
-80.44643424352348
-730.4464342435049
-2379.6464342435283
-1078.4464342435112
-574.4464342435334
-247.24643424351785
-708.6464342435271
-355.0464342435197
-1636.0464342435737
62.35356575647468
528.5535657564837
-1525.0464342435212
-282.84643424350554
-1285.8464342435411
-470.64643424350623
-115.04643424352413
937.3535657564794
3043.75356575643
588.1535657564709
-792.0464342435196
448.3535657564873
-666.4464342435383
-692.0464342434906
-1108.446434243531
98.95356575647406
475.553565756481
319.3535657564822
467.75356575648783
-111.64643424351672
-1429.0464342435432
-1738.446434243549
-1802.646434243525
-416.44643424351034
-445.8464342435194
-1051.2464342435064
-1894.6464342435477
-2192.846434243544
-1240.2464342435178
-45.84643424350765
177.1535657564767
-961.6464342435227
-997.2464342435343
-1536.2464342435132
-1500.6464342435056
-648.0464342435239
304.55356575647596
-297.44643424350335
-320.6464342435184
154.35356575648865
-437.4464342435151
-660.0464342435218
-595.2464342434997
43.353565756485985
1352.9535657564754
637.5535657564765
-954.0464342435334
161.75356575647572
629.5535657564843
-998.4464342435302
-498.44643424352074
-560.4464342435234
-674.4464342435183
834.9535657564719
82.75356575648486
1176.1535657565057
1001.353565756487
785.353565756473
1031.553565756494
-133.2464342435253
-414.0464342435179
538.3535657564773
1936.9535657564904
798.9535657564811
581.9535657564845
-822.0464342435191
-228.44643424352114
177.3535657564841
539.153565756471
295.1535657564802
-932.4464342435341
-652.0464342434991
1181.3535657564921
-375.04643424351866
-773.6464342435204
80.15356575648127
-115.44643424351557
153.15356575646257
-926.6464342435356
-1550.2464342434537
344.5535657564754
-1408.0464342435282
-974.446434243552
-1147.846434243523
730.5535657564728
1384.5535657564762
-193.64643424350749
191.953565756478
-800.4464342434985
-1114.2464342435221
15.95356575647969
-218.44643424351182
-952.8464342435232
-1151.0464342435205
548.1535657564824
-589.4464342435309
-743.2464342435123
-2920.846434243524
-168.84643424352203
620.153565756469
163.15356575648377
-391.0464342435349
877.1535657564782
1382.9535657564654
212.3535657564854
-1181.6464342435347
-2334.246434243545
-362.446434243535
-261.046434243523
884.7535657564821
-182.2464342435248
-1364.6464342435604
-1357.2464342434898
-637.6464342435424
1301.7535657564767
942.3535657564803
1183.9535657564772
579.3535657564761
423.75356575648163
-270.84643424351395
-962.846434243512
-83.04643424352378
43.7535657564792
1056.9535657564743
971.7535657564616
1466.9535657564861
1320.3535657564641
-1337.0464342435544
-630.0464342435066
240.75356575648
582.753565756482
128.15356575647874
228.5535657564819
-1167.4464342435094
468.9535657564818
699.1535657564789
-953.6464342435387
-1466.2464342435628
-1985.6464342435097
-82.24643424352021
750.5535657564773
-0.04643424352361336
-179.84643424351714
-553.0464342435175
1194.5535657564783
-205.04643424352565
-1257.8464342435252
-261.24643424351865
285.75356575648055
-45.24643424351879
-377.4464342435301
-355.44643424351335
-1248.0464342435382
37.753565756471005
1121.753565756488
446.95356575648185
15.153565756488653
492.9535657564807
47.9535657564771
982.9535657564797
724.7535657564774
-502.24643424351905
1304.3535657564535
1108.9535657564982
1360.3535657564814
456.75356575648516
307.353565756485
456.3535657564848
-326.2464342435285
364.35356575647444
-490.04643424352105
-668.8464342435038
931.9535657564787
-1043.2464342435233
-715.0464342435147
-324.6464342435158
1297.153565756476
-597.8464342435199
-1098.6464342434872
-153.0464342435378
-1311.646434243509
1227.153565756486
-843.846434243529
-181.24643424352695
-905.4464342435236
-724.046434243525
1035.1535657564814
987.15356575649
1071.3535657564953
1116.9535657564866
224.55356575647687
-500.2464342435193
936.9535657564821
81.7535657564811
1342.7535657564918
1274.3535657565253
-235.84643424352313
600.553565756485
548.7535657564797
-748.0464342435147
841.3535657564685
80.35356575647677
139.55356575647255
-258.24643424351666
1087.3535657564805
874.5535657564864
-680.0464342435173
-120.6464342435198
775.3535657564827
203.55356575648614
1279.55356575648
852.3535657564655
-1536.8464342435316
907.3535657564894
-1718.6464342435183
-1208.0464342435262
-456.8464342435195
-607.0464342435255
-876.2464342435258
-822.8464342435236
2402.353565756516
1806.7535657564883
-109.84643424351968
-464.0464342435183
497.35356575646534
952.7535657564971
457.1535657564824
163.95356575647673
129.353565756476
1076.5535657564892
-234.04643424351744
-901.646434243503
-127.44643424352432
-680.246434243521
-146.64643424351223
-1558.2464342435533
1394.9535657564686
1076.7535657564763
962.3535657564819
-2024.246434243524
-677.8464342435137
508.15356575647974
766.7535657564814
1369.5535657564867
-1066.446434243533
-478.24643424352394
-2377.2464342435755
-1724.2464342435471
-1449.2464342435037
-2456.8464342435273
-1303.6464342435154
-398.64643424352073
113.35356575648065
-525.0464342435146
219.9535657564827
1051.353565756473
1731.1535657564625
-7.446434243524543
-491.6464342435113
-774.8464342435233
1134.7535657564808
1881.1535657564973
518.3535657564892
-2.6464342435270964
-1869.6464342435381
-437.246434243518
-362.0464342435231
-509.24643424350546
552.9535657564832
-1118.446434243524
-1617.2464342434932
-3444.4464342435504
-706.2464342435106
-574.2464342435126
-342.44643424351676
1202.1535657564866
1415.7535657564758
380.5535657564773
-855.4464342435273
-42.24643424351979
-514.0464342435105
-543.6464342435161
270.1535657564889
849.1535657564749
-5.246434243520774
38.75356575648152
879.3535657564876
748.3535657564786
1747.5535657564596
-1210.6464342435058
-241.64643424352397
303.35356575648245
1671.3535657564344
-487.24643424351615
-1429.4464342435376
-8.046434243521446
-175.0464342434926
-171.64643424352016
-588.2464342435057
1179.3535657564764
-307.04643424351576
-594.4464342435175
-1263.4464342435367
-1699.4464342435454
-984.8464342435295
-2278.6464342435297
-1964.0464342435362
-1243.4464342435194
23.35356575647814
1195.3535657564937
-93.84643424352471
-1144.246434243508
-1731.8464342435402
104.15356575648215
-1463.246434243498
427.5535657564819
1634.953565756461
1426.1535657564782
-989.4464342435133
-1032.246434243536
899.7535657564769
-28.246434243518678
756.5535657564758
-72.64643424351456
73.3535657564795
237.95356575648674
-846.2464342435271
-136.44643424351906
-542.4464342435092
-731.646434243528
-499.8464342435193
715.9535657564827
-120.44643424352412
-803.6464342435308
-432.04643424350354
-146.84643424351646
-1994.6464342435017
-836.8464342435169
970.3535657564871
-446.8464342435137
470.55356575650023
2114.9535657564697
-1073.6464342435283
-53.4464342435108
-259.24643424351984
-764.6464342435263
-636.8464342435209
900.5535657565092
1732.7535657565093
2305.953565756452
372.153565756493
564.3535657564834
-585.44643424353
-177.6464342435152
2805.353565756467
1602.7535657564815
-1223.046434243508
64.95356575648131
248.75356575648163
-1212.2464342435244
-963.6464342434997
-1894.8464342435154
-1889.646434243488
-64.84643424352993
-282.846434243528
-1334.0464342435541
-1912.4464342435667
-1009.8464342435014
-3298.8464342435173
-3490.846434243532
-201.44643424352168
541.5535657564908
653.9535657564915
625.1535657564636
-164.84643424352313
267.7535657564917
-631.0464342435147
-123.04643424351877
607.9535657564587
1166.1535657565194
-34.44643424351783
138.95356575648864
536.7535657564732
1684.553565756519
-1058.8464342435125
194.55356575649077
2727.5535657564874
917.7535657565043
-505.0464342435009
-2297.846434243556
-3175.2464342434864
-2295.246434243538
-1663.2464342434907
-3375.4464342435704
-148.44643424351625
580.7535657564849
528.1535657564863
235.95356575648321
-1168.6464342435054
42.55356575648303
-1090.2464342435026
-3610.6464342435274
-1598.846434243522
603.1535657564748
1724.5535657564403
2353.553565756497
585.7535657564829
1920.353565756485
1361.7535657564442
-860.4464342435195
1706.1535657564684
892.353565756495
452.5535657564896
1328.5535657565085
1479.7535657564458
-390.84643424353675
1661.553565756499
1495.9535657564818
207.1535657564853
-676.6464342435171
368.75356575647373
-3399.8464342434695
-1908.6464342435297
-743.4464342435137
-3009.2464342434973
-3327.846434243528
363.15356575647854
-186.64643424352067
-256.8464342435262
-653.2464342435128
-164.0464342435218
-1096.4464342435215
-902.4464342435225
-794.0464342435276
-2458.24643424354
-962.2464342435244
-368.44643424352273
1567.3535657564591
-551.2464342435212
422.7535657564818
-94.44643424350735
-1045.0464342435089
-855.2464342435043
1446.55356575646
2893.1535657564496
1706.1535657564912
66.95356575648927
484.35356575648035
93.3535657564873
-828.8464342435284
700.5535657564933
-699.046434243511
-648.2464342435164
-771.246434243552
-508.44643424355075
384.35356575649155
-1534.4464342435676
-1395.0464342435255
1558.1535657564893
1286.7535657564538
1024.7535657564783
-612.0464342435101
1147.153565756479
95.55356575648258
-624.6464342435273
493.9535657564895
90.55356575647562
742.7535657564727
-402.24643424352536
184.1535657564792
2396.7535657564476
653.3535657564787
-204.24643424353002
3405.55356575646
756.7535657564574
1761.1535657565248
4215.353565756573
2817.153565756567
2807.1535657565114
1209.3535657564928
150.95356575647963
652.5535657564675
2136.553565756439
828.5535657564643
-1926.6464342435293
-426.6464342435237
-605.2464342435243
-2217.6464342435593
-960.8464342435115
649.7535657564798
-1598.2464342435446
-797.6464342435314
141.35356575648015
-1516.6464342434888
826.1535657564716
-204.84643424352515
-1127.2464342435035
147.75356575648695
331.75356575647874
1480.5535657564487
1154.7535657564656
-1599.646434243517
-267.8464342435199
-950.0464342435258
-1087.6464342435204
3087.553565756466
2704.353565756516
1441.3535657564557
1759.153565756473
-1401.8464342435382
2411.353565756529
1454.7535657564692
1762.153565756467
1972.353565756475
339.553565756478
-510.24643424352183
-2476.6464342435042
-57.446434243513934
311.9535657564761
-2237.6464342435756
-755.2464342435355
1659.7535657564702
-2088.4464342435153
-599.4464342435149
-676.0464342435018
-2039.446434243497
-387.6464342435067
-1418.84643424353
-1137.846434243507
-153.0464342435117
-1389.2464342434905
-32.64643424352354
470.75356575647936
-329.646434243525
952.1535657564626
1123.3535657564992
100.55356575647255
1538.153565756476
-475.6464342435131
-79.64643424351931
2019.7535657564474
-2035.0464342435487
752.3535657564927
1292.9535657564454
-135.246434243527
-859.0464342435095
-535.046434243517
-1265.6464342435263
-241.8464342435173
670.3535657564688
-12.446434243523
544.5535657564867
2263.553565756497
3075.3535657565776
766.5535657564816
1652.553565756477
-1040.0464342435475
-958.0464342435107
111.95356575647867
1086.9535657564688
1001.3535657564915
1096.5535657565017
673.1535657564756
-658.0464342435259
-1288.44643424353
-704.6464342435132
-1118.2464342435148
-464.6464342435195
412.55356575648165
788.1535657564924
1107.353565756462
2107.7535657564454
1761.5535657564546
535.9535657564949
720.9535657565035
104.95356575648053
-1336.4464342435272
666.3535657564779
1551.7535657564858
-162.8464342435217
106.35356575648707
1054.3535657564742
560.5535657564794
2004.5535657564865
70.35356575647468
-1068.2464342435064
-622.8464342435285
-360.4464342435146
-1117.246434243534
632.1535657564829
-712.0464342435188
-206.2464342435176
-471.04643424354055
-664.0464342435158
594.1535657564613
-697.4464342435168
2.1535657564821413
528.1535657564949
20.753565756477155
-1025.8464342435163
-859.8464342435219
-286.0464342435164
1540.5535657564542
660.7535657564822
971.953565756502
1182.1535657564668
1020.9535657564708
-81.64643424352009
-1321.0464342435166
-188.04643424352494
-463.0464342435288
-394.2464342435141
-405.6464342435233
293.15356575647866
-305.44643424352284
-230.44643424351594
-1319.2464342435492
-567.8464342435307
-1153.2464342435314
-1490.6464342435318
-2105.046434243475
-450.6464342435191
-1024.6464342435152
-479.44643424352705
-433.4464342435473
1202.9535657564818
1266.953565756481
-188.84643424351563
-2340.046434243534
-1404.2464342435153
1773.9535657565068
890.553565756461
1510.7535657563856
1286.3535657564933
2088.153565756519
1509.7535657564742
1098.5535657564728
1332.553565756468
128.95356575647455
987.3535657564872
-413.4464342435201
-1044.446434243526
-2133.646434243551
-1245.8464342435054
-902.6464342435193
-1129.0464342435193
475.7535657564805
685.3535657564729
-532.2464342435243
-628.446434243527
-89.24643424351994
-1341.246434243535
-2303.446434243539
-1138.046434243521
-5.246434243517813
601.1535657564799
-871.2464342435429
-1061.6464342435308
-887.6464342435188
891.7535657564792
665.7535657564669
-511.24643424351746
-804.6464342435186
919.7535657564919
2273.9535657564998
-105.84643424352132
-714.6464342435113
-1125.6464342434917
-662.8464342435166
-19.846434243513286
180.15356575650665
1239.153565756501
-364.6464342435151
-1738.2464342435271
-1902.246434243546
-513.6464342435239
-295.2464342435225
356.55356575648244
-989.6464342435185
-1759.6464342435459
-1314.246434243492
-494.24643424352837
200.55356575647667
48.553565756480424
-588.2464342435093
1413.5535657564697
584.7535657564806
-59.04643424351555
-140.44643424351636
451.9535657564729
1143.9535657564663
5.753565756478265
334.15356575645455
231.35356575646563
-1131.2464342435105
-1563.4464342435072
713.7535657564882
-14.246434243517607
1517.353565756482
-270.24643424351694
1903.75356575647
2620.953565756495
-173.04643424351508
1979.75356575647
-19.646434243512054
127.5535657564802
446.9535657564776
-374.0464342435184
-1022.4464342435356
-730.8464342435146
449.75356575647993
564.7535657564829
1656.3535657564594
944.5535657564773
-132.4464342435076
-456.6464342435354
-2855.6464342435083
-1214.6464342435056
1132.5535657564735
952.353565756468
860.1535657564817
1478.7535657564954
-1291.2464342435217
-2864.846434243547
56.5535657564859
69.55356575647968
-221.44643424352202
1323.353565756515
-103.04643424351792
-594.846434243518
542.5535657564841
458.7535657564618
644.1535657564866
656.5535657564711
-541.4464342435185
105.75356575648938
618.7535657564898
-1.6464342435254071
772.3535657565011
1848.553565756533
987.5535657564848
-1079.2464342435167
824.5535657564683
-210.84643424351876
1518.5535657564963
1125.7535657564706
-1081.4464342435438
-1071.8464342434943
-482.64643424356115
-1622.0464342435173
877.5535657564823
489.95356575647924
-802.4464342435256
-587.8464342435155
-1871.846434243526
-1598.8464342435443
-1686.8464342435243
-1572.2464342435271
157.95356575648069
1412.953565756478
805.7535657564458
-432.64643424351175
445.1535657564807
1471.5535657564933
1557.153565756452
673.5535657564831
1000.9535657564747
586.1535657564465
121.35356575648416
-721.4464342435363
185.9535657564714
166.55356575648435
1465.9535657564743
827.353565756478
2214.353565756451
580.1535657564975
589.9535657564692
61.553565756474
-152.24643424352664
-402.24643424351
321.75356575648175
-173.84643424352672
-83.04643424352281
-405.4464342435164
-1616.6464342435172
136.7535657564695
-1228.0464342435255
-484.24643424351854
-775.44643424352
-1826.8464342435577
-1912.6464342434983
45.75356575648365
-997.4464342435186
-48.64643424352069
867.7535657564715
1760.5535657565204
1285.1535657564937
954.1535657564833
108.55356575647839
-878.6464342435073
-583.0464342435201
-1556.2464342434998
-675.44643424352
798.353565756514
-1059.2464342435337
-133.6464342435145
275.35356575648194
-956.8464342435095
312.1535657564785
-524.0464342435171
292.75356575648317
-838.6464342435441
-1715.2464342435171
-2484.446434243543
-935.0464342435234
1543.3535657564628
-372.8464342435248
-173.44643424352097
309.9535657564867
55.35356575648085
755.3535657565018
-1868.0464342435505
-1597.0464342435153
-598.2464342435023
-324.6464342435143
844.7535657564874
1723.7535657564738
976.7535657565213
2127.553565756406
1753.3535657565067
-404.0464342435167
859.1535657564895
932.7535657564887
548.3535657564818
-429.8464342435106
1388.7535657564586
-112.04643424351207
1374.7535657564779
1539.7535657565065
76.1535657564977
62.55356575646421
-686.0464342435198
184.75356575648092
-1309.8464342434982
-1047.6464342435147
-475.2464342435206
1255.1535657564887
1285.1535657564777
880.7535657564915
11.553565756474363
944.9535657564817
35.35356575647921
1643.3535657564685
-259.2464342435155
-192.84643424352822
290.1535657564836
-1382.846434243515
-491.2464342435272
2521.7535657564645
546.9535657564918
570.5535657564866
282.3535657564824
426.3535657564772
723.1535657564659
-1100.446434243521
-706.4464342435291
406.1535657564877
-1059.0464342435164
-533.6464342435199
428.5535657564781
2658.753565756468
-317.8464342435208
881.5535657564975
-115.84643424352106
-1185.4464342435397
-2843.446434243464
545.3535657564851
329.55356575648744
1179.9535657564852
391.15356575648104
-765.446434243532
358.5535657564944
1581.553565756458
1192.9535657565132
1328.753565756474
-727.0464342435201
-256.646434243521
659.5535657564747
690.953565756457
-692.8464342435215
1563.553565756506
-19.246434243516834
-629.2464342435263
660.5535657564898
769.1535657564654
459.7535657564687
-48.24643424351784
648.9535657564704
793.1535657564906
221.35356575645727
1685.9535657564743
-182.24643424352047
758.9535657564765
-76.2464342435222
1209.1535657564925
478.5535657564789
380.7535657564865
-68.84643424352885
-167.4464342435325
-852.6464342435296
1405.7535657564767
158.15356575648266
-1005.8464342435302
1395.153565756498
1305.553565756478
-405.44643424351005
631.3535657564772
-144.04643424351968
226.1535657564714
-1338.4464342435188
-114.84643424351616
250.15356575647792
-55.24643424351973
-1992.846434243507
-838.6464342435274
592.7535657564849
998.153565756456
-4.04643424351606
366.55356575647727
291.3535657564855
-480.64643424351976
179.7535657564809
170.35356575646978
-831.6464342435421
-385.24643424353
755.9535657564799
1111.1535657564734
-1338.846434243529
-763.2464342435225
876.5535657564855
-1423.8464342435284
-256.4464342435183
1379.75356575648
963.1535657564824
2551.1535657565
477.55356575648204
588.9535657564819
-409.84643424352384
375.9535657564883
1529.7535657564458
202.95356575648404
-32.046434243517766
-37.84643424351551
-121.04643424352568
-761.8464342435151
-1439.0464342435334
-90.2464342435149
-1129.0464342435137
1075.953565756471
325.15356575647877
-1940.6464342434788
-70.24643424351788
-347.44643424351943
1289.553565756477
1335.3535657564912
963.5535657564799
1009.3535657564722
215.3535657564814
58.753565756480064
-406.8464342435186
-999.2464342435113
-11.446434243518574
-1277.0464342435516
-993.8464342435228
-353.44643424352705
1597.3535657564903
1591.953565756476
-567.4464342435335
983.5535657564827
561.953565756481
-296.04643424351787
656.7535657564744
-1010.4464342435383
171.1535657564844
252.35356575647734
-783.8464342435228
-85.24643424352048
880.9535657564841
1915.353565756459
-482.24643424351035
777.3535657564643
121.75356575648459
-553.0464342435158
1289.9535657564722
-102.44643424352108
1275.1535657564664
-461.44643424351
-20.646434243519526
956.3535657564798
-885.4464342435374
-642.6464342435206
269.55356575648534
-254.04643424351917
-335.6464342435252
-692.8464342435165
54.95356575648434
-7.646434243519845
651.3535657564826
-689.2464342435152
-756.0464342435258
-271.4464342435235
-550.6464342435187
-611.8464342434921
331.95356575647804
-94.44643424351229
58.95356575647591
-521.8464342435041
-1754.8464342435352
-458.0464342435135
-419.4464342435362
331.35356575647944
-168.8464342435244
610.753565756486
-1629.6464342434995
-626.2464342435148
432.9535657564868
-1586.8464342435361
-766.2464342435163
-2294.046434243528
-2051.046434243509
-956.8464342435194
-68.64643424349546
2182.9535657564743
143.553565756477
-1781.646434243538
-1149.446434243528
1177.9535657564743
864.9535657564785
261.9535657564844
818.7535657564847
1512.153565756483
2176.753565756473
1938.9535657564784
992.953565756483
-318.6464342435205
-293.44643424352535
-656.4464342435164
502.95356575646474
571.3535657564557
-215.646434243517
-1333.4464342435178
-1676.0464342435332
-835.0464342435278
1085.353565756504
1008.7535657564708
-99.04643424351136
624.5535657564793
36.75356575648206
-730.6464342435187
92.75356575649039
1636.1535657564502
69.35356575648947
-1444.0464342435328
-926.6464342435152
-704.6464342435128
-383.2464342435218
214.95356575649825
1077.753565756497
2233.15356575654
1056.9535657564923
-974.4464342435349
-625.8464342435223
897.1535657564616
322.3535657564956
430.5535657564552
-407.24643424352195
-984.6464342435211
496.5535657564762
-231.44643424352327
859.7535657565046
908.7535657565123
607.3535657564711
639.7535657564737
-858.2464342435243
-1270.6464342435286
20.95356575647152
1083.3535657564921
848.5535657564827
1489.3535657564917
423.1535657564856
550.7535657564806
719.9535657564667
1514.353565756513
1209.3535657564842
-1177.2464342435198
-1246.4464342435288
983.3535657564779
352.1535657564908
373.55356575647255
1306.353565756493
-92.24643424350928
-580.4464342435217
-1779.4464342435253
-2755.0464342434743
-176.44643424351918
-84.64643424352293
405.953565756482
-606.4464342435242
566.3535657564883
941.1535657564581
-1056.4464342435012
-432.24643424351376
-874.4464342435145
-1431.2464342435171
-82.24643424351495
-442.44643424352284
-1086.0464342435198
-1804.4464342435278
-409.2464342435279
-731.0464342435162
262.9535657564779
-1538.8464342435373
513.7535657564819
1248.9535657564732
1085.553565756461
305.15356575648184
1238.7535657564886
1045.153565756479
4.353565756485381
-643.2464342435193
-816.246434243525
838.9535657564553
-448.24643424352354
508.9535657564799
-584.6464342435088
-1919.0464342434914
-1676.246434243499
629.7535657564761
2377.1535657564737
1316.9535657564852
1472.7535657564315
900.5535657564634
-71.64643424352138
-1182.0464342435282
-1442.0464342435312
-682.4464342435291
-63.4464342435169
1143.95356575649
1586.753565756461
1613.9535657565139
1143.1535657564907
-1357.8464342435072
-87.04643424352223
603.3535657564819
384.95356575649487
-419.4464342435193
-148.44643424352384
-1537.2464342434878
12.553565756477099
-44.2464342435184
-1258.4464342435133
-803.846434243513
-53.246434243519836
1574.5535657564908
1122.7535657564904
178.1535657564838
349.5535657564857
-355.64643424351743
1126.353565756472
460.55356575647625
-5.046434243513609
485.95356575648043
1141.5535657564787
1118.3535657564933
60.75356575647997
-636.2464342435313
-1404.8464342435211
44.15356575648216
934.9535657564877
194.5535657564752
-221.84643424352237
777.3535657564925
696.9535657565061
575.753565756488
64.35356575647972
-1169.446434243503
51.95356575648472
-87.64643424352539
1093.7535657564774
-341.2464342435188
-1015.6464342435232
-224.44643424351239
-142.44643424352074
1405.553565756466
1701.5535657564487
1680.35356575648
1296.3535657564623
-596.046434243523
796.5535657564676
648.953565756485
677.5535657564865
-1660.8464342435534
-1552.0464342435212
495.7535657564848
-419.6464342435179
2046.3535657565153
-288.0464342435166
254.35356575648493
-224.8464342435136
-263.04643424351417
267.9535657564903
135.95356575648663
431.95356575648464
879.1535657564502
279.5535657564941
-1782.2464342435228
-36.646434243516204
-479.0464342435232
-442.2464342435197
-901.0464342435388
-951.2464342434939
-580.8464342435013
-1089.6464342435272
-785.8464342435176
1313.7535657565072
592.3535657564589
1061.7535657564874
804.5535657564583
509.9535657564742
158.1535657564866
-128.64643424352371
101.55356575649196
-152.0464342435149
-1431.6464342435074
-902.2464342435251
-6.446434243513551
-1352.0464342435018
1641.7535657564983
-641.2464342435244
489.75356575648203
1972.7535657565195
970.9535657564937
-621.2464342435203
-789.6464342435233
2579.753565756434
1968.9535657565038
140.353565756477
-661.4464342435194
789.1535657564581
1439.5535657564988
-431.04643424351866
-1225.4464342435238
-138.6464342435231
100.15356575648737
-946.4464342435225
-390.04643424351866
676.1535657564713
225.35356575648956
392.7535657564877
-1020.8464342435269
854.5535657565039
296.9535657564961
1277.7535657564708
-1855.8464342435466
-773.6464342435163
548.553565756483
-234.84643424352495
-347.2464342435183
-2040.4464342435049
332.7535657564847
-115.44643424351605
1356.5535657564753
1899.753565756509
-733.2464342435211
-592.2464342435122
-349.2464342435089
-605.8464342435177
-831.2464342435214
338.7535657564613
1465.5535657564935
2637.753565756489
424.9535657564839
-1023.0464342435532
-1770.8464342435514
-34.44643424350872
-96.64643424351053
-415.8464342435159
-70.04643424350706
-1825.446434243512
966.3535657564745
906.5535657564798
1180.753565756457
1412.753565756479
-308.046434243524
72.95356575647664
-2239.0464342435125
5.9535657564834565
1078.9535657564795
557.3535657564767
120.95356575648017
-694.8464342435202
416.5535657564901
1340.9535657565118
3033.3535657564776
2210.7535657564745
1115.3535657565037
1092.1535657564896
498.3535657564705
-1148.6464342435158
-752.6464342435248
866.3535657564895
1210.9535657564677
2623.353565756448
-420.04643424352275
-194.0464342435243
-575.2464342435146
860.5535657564905
-1113.4464342435117
-1961.4464342435372
-352.8464342435126
-613.8464342435208
577.5535657564802
801.7535657564791
3273.1535657564555
1646.1535657565114
1183.3535657565287
737.953565756457
-498.2464342435209
69.1535657564804
-584.4464342435226
-527.4464342435087
-1870.4464342435401
-2104.0464342434793
130.55356575648608
1068.953565756475
646.7535657564657
-53.2464342435116
2255.1535657564996
203.35356575648302
238.15356575648858
53.353565756486546
282.75356575648937
-1027.846434243515
-486.046434243512
1397.5535657564697
810.153565756486
860.3535657564872
-281.84643424351583
773.5535657564868
1928.1535657564716
-113.44643424351901
265.1535657564763
94.75356575648274
746.7535657564875
178.15356575647627
2229.353565756473
2142.5535657564487
1006.7535657564581
672.3535657564942
661.3535657564497
-37.846434243515986
1442.5535657564944
2390.7535657564613
-1053.246434243505
-1529.6464342435258
147.95356575646986
-1142.046434243511
-594.6464342435199
814.5535657564869
1753.3535657565149
1043.9535657564586
845.1535657564601
917.5535657564892
2044.3535657564291
1176.3535657564676
1846.5535657564562
-405.44643424352984
134.353565756472
2372.353565756458
916.353565756483
-568.8464342435142
2378.3535657564858
1907.9535657564572
95.9535657564783
457.3535657564865
-178.04643424352076
-1016.8464342435282
1824.3535657565162
1916.5535657564897
-194.24643424351436
-1671.2464342435158
-1048.046434243534
-2324.8464342435623
-1166.2464342435194
1526.1535657564696
739.3535657564807
-778.2464342434984
-1448.8464342435107
-1240.0464342435127
-1575.6464342434938
-1233.8464342435207
957.9535657564691
1182.153565756481
-128.24643424353195
-1361.6464342435297
-455.8464342435173
593.3535657564692
1715.7535657564854
-1789.046434243475
-1023.6464342435041
1002.9535657564695
-290.8464342435208
-399.24643424351905
-771.0464342434972
-1406.0464342435164
167.15356575648255
691.3535657564864
-1765.8464342435693
1621.9535657564927
4176.753565756511
3386.553565756358
1603.9535657564854
-759.2464342435283
-691.2464342435204
-781.646434243508
-1056.4464342435053
442.15356575648815
892.1535657564691
1346.953565756443
1084.953565756491
-1005.446434243526
-299.64643424351135
116.35356575647734
-960.2464342435152
1433.7535657564545
-969.0464342435209
-1670.4464342435167
-412.84643424353385
-287.6464342435255
-1317.646434243541
949.9535657564851
-1056.0464342435027
-2613.846434243525
-2025.0464342434689
350.95356575648293
-2546.6464342435447
-388.0464342435252
2142.7535657565213
44.35356575647667
-1580.4464342435326
2420.7535657565086
4053.353565756486
3480.1535657564928
1270.9535657564702
-80.44643424351523
-2981.8464342435086
-1184.6464342435129
1414.9535657564932
-869.2464342435317
-295.84643424352475
550.953565756483
1266.5535657564915
-1746.046434243531
-926.4464342435379
-203.2464342435151
-1074.2464342435344
-1943.2464342435285
-735.246434243519
379.553565756485
-342.84643424351975
-2485.6464342435147
-1119.8464342435243
-899.0464342435135
-2570.846434243554
-1181.4464342435117
-1240.0464342435241
-63.04643424351511
145.55356575647022
-170.64643424351755
1992.1535657564875
692.553565756481
-70.44643424351284
2683.153565756457
4380.153565756586
3728.1535657565564
683.1535657564724
1164.9535657565066
-1639.4464342435283
-1831.0464342435318
1121.153565756471
184.55356575648173
-181.24643424352007
-363.2464342435216
-597.8464342435142
1245.1535657564802
-57.64643424351575
1075.553565756473
4118.753565756479
-7.246434243511395
-304.24643424351575
1607.1535657564452
833.9535657564487
598.5535657564808
-803.8464342435198
-1597.8464342435273
-768.0464342435373
1520.7535657564868
1410.7535657564983
-1140.2464342434994
-15.446434243524692
-1258.8464342435188
-2071.646434243637
-1013.8464342435233
-308.4464342435278
-2753.646434243518
402.75356575649306
2703.3535657564557
-66.2464342435218
1655.353565756518
-462.2464342435287
-2175.846434243506
-1339.4464342435137
-2132.2464342435487
-313.64643424352
1518.1535657565223
-1950.8464342434886
-1474.446434243506
-2086.6464342435142
-1198.24643424352
2505.9535657565248
792.5535657564988
-1568.6464342435224
120.7535657564822
-1884.046434243563
1482.9535657564693
258.9535657564748
386.5535657564756
1032.3535657564926
414.1535657564747
309.5535657564843
-1431.84643424351
-243.64643424351522
-751.4464342435181
-3541.846434243637
-2979.6464342436016
-816.0464342435151
-3797.2464342436133
276.5535657564741
1802.1535657564991
-673.0464342435378
-853.6464342435204
-2472.446434243523
-1876.0464342434848
-2158.2464342435183
-3647.246434243501
-921.0464342434927
1795.1535657564702
1217.753565756483
1335.153565756474
1109.5535657564847
-275.64643424350476
461.1535657564845
-2640.4464342435585
-3156.2464342435183
-26.446434243525964
-3370.646434243483
-587.6464342435262
1341.1535657564884
-699.2464342435208
-1121.0464342435262
-722.646434243516
-1035.446434243534
-127.04643424351546
-133.04643424351872
-1038.046434243515
-873.4464342435065
891.5535657564725
1616.7535657564908
-237.2464342435135
2836.153565756441
1687.7535657564622
639.553565756495
-86.8464342435232
740.1535657564834
1380.953565756486
-210.0464342435211
-715.8464342435263
-1328.4464342435003
-1012.6464342435107
302.35356575647535
-757.6464342435227
301.9535657564801
681.1535657564816
-446.04643424352815
-1462.8464342434966
-109.24643424353962
309.3535657564693
-852.6464342435297
277.1535657564814
777.3535657564784
-1006.4464342435133
1330.1535657564964
1867.1535657564818
-483.4464342435343
-784.246434243529
29.753565756482224
-574.0464342435382
941.7535657564923
-332.446434243519
-798.8464342435311
-783.0464342435203
814.5535657564526
1671.1535657564805
2762.9535657564757
-188.84643424350978
966.3535657564943
1411.5535657564765
-871.8464342435134
-432.84643424351304
-835.6464342435293
248.15356575647795
986.9535657564786
-426.4464342435217
-644.846434243513
-243.84643424352424
-1376.046434243483
-1202.446434243496
-647.0464342435114
385.3535657564812
227.5535657564727
599.553565756479
133.55356575648108
-594.6464342435227
1048.553565756468
1626.3535657564414
752.7535657564747
-837.8464342435182
-368.44643424352756
-475.84643424351236
263.75356575647845
-603.8464342435115
872.1535657564881
150.153565756488
607.7535657564745
-351.8464342435204
537.7535657564752
-623.8464342435044
19.953565756476802
998.5535657564845
2539.9535657564693
1521.1535657564525
100.3535657564751
-1771.8464342435102
-620.6464342435124
1960.1535657565012
977.353565756453
1462.3535657564996
568.1535657564859
175.15356575647598
-196.64643424352545
-284.8464342435383
-247.24643424353067
-1025.2464342435321
749.5535657564794
-24.446434243527115
572.7535657564821
172.7535657564845
749.1535657564856
440.75356575648084
-489.0464342435081
1392.5535657564815
2132.153565756469
581.7535657564754
1815.5535657564867
1716.1535657564796
465.9535657564636
-1127.0464342435298
-608.0464342435235
219.55356575648676
183.75356575647206
-895.4464342435134
-67.44643424351938
-166.446434243527
666.1535657564804
464.3535657564783
-576.8464342435236
-857.6464342435149
775.3535657564926
2030.9535657564506
-822.2464342435103
-2346.6464342435197
-3125.646434243513
-2269.446434243504
-1140.246434243537
-937.6464342435153
-269.8464342435199
-518.6464342435139
-292.6464342435226
55.55356575648281
1579.1535657564839
1293.7535657564663
1961.3535657564819
688.7535657564795
-912.0464342435189
-983.2464342435115
897.553565756483
462.75356575649243
641.5535657564902
-233.84643424350907
1625.3535657564723
795.7535657565066
-468.2464342435224
-18.446434243517746
928.5535657564549
677.953565756486
-537.8464342435171
-548.6464342435225
-435.04643424351593
-1813.2464342435567
-2252.446434243553
250.95356575649365
-681.2464342435185
89.95356575648199
-1288.2464342435221
520.1535657564795
536.9535657564799
-2087.446434243523
-674.8464342435226
-1954.2464342435264
107.3535657564825
-54.24643424351774
-893.2464342435184
-571.0464342435214
281.9535657564796
1800.95356575648
717.3535657564855
1295.3535657565055
54.753565756477705
-841.2464342435374
-541.4464342435214
-3506.8464342435327
-1376.4464342435688
1028.9535657564766
987.5535657565155
1963.9535657564504
2600.3535657564635
-1158.6464342435147
-2376.0464342435516
227.5535657564822
354.3535657564737
50.95356575648274
763.7535657564717
-1114.246434243515
-1362.2464342435344
49.95356575648637
-189.64643424352147
-632.846434243526
-991.4464342435164
-1725.4464342435406
-1304.846434243514
-1244.8464342435232
-533.8464342435169
-174.24643424352323
562.1535657564727
839.7535657564763
-298.046434243519
2478.353565756516
1100.3535657564757
2347.3535657564858
1430.5535657564697
-1753.446434243513
-1495.6464342434585
-1376.6464342435065
-1594.2464342435755
810.1535657564751
670.5535657564781
403.55356575647363
1599.3535657565055
-3.8464342435147785
507.95356575647907
1148.5535657564656
923.1535657564806
1486.353565756489
1337.3535657565067
564.1535657564569
-630.0464342435157
-74.64643424351938
1222.7535657564715
1398.5535657564621
519.753565756483
1093.3535657564519
820.9535657564722
572.5535657564812
-451.0464342435221
431.15356575649
-261.64643424352323
943.7535657564299
1215.7535657564713
3156.1535657565446
1714.5535657564749
2014.353565756431
1099.1535657564852
-730.4464342435211
-1595.6464342435834
-670.8464342435078
54.95356575648826
734.9535657564668
46.15356575649092
-493.0464342435171
2291.1535657564777
326.5535657564783
1393.9535657564902
1810.1535657565366
778.3535657564718
-340.0464342435174
-23.246434243518944
-949.2464342435203
-270.24643424352104
24.35356575648024
1165.95356575649
1438.3535657564507
678.9535657564692
-515.2464342435221
-1537.4464342435442
-160.44643424351634
-1421.4464342435244
-453.6464342435136
1050.7535657564626
-945.6464342435208
-133.44643424350596
-245.04643424351173
-825.4464342435181
273.5535657564786
-1186.846434243508
-820.2464342434919
-2556.646434243459
-3395.24643424348
-2837.4464342435044
-321.84643424350816
1427.753565756435
-310.6464342435234
630.5535657564786
-75.44643424351993
-412.44643424351784
841.1535657564687
-697.6464342435266
-444.44643424353023
-323.8464342435169
65.35356575647762
193.15356575648042
246.55356575648275
-636.0464342435229
1135.75356575648
383.75356575647936
-2360.4464342435367
-447.64643424351806
1004.7535657564915
426.15356575647326
-85.6464342435215
1755.953565756476
-78.24643424352426
797.3535657564601
310.95356575649936
-928.846434243516
-863.2464342435198
-1913.0464342435448
-695.6464342435195
-1911.2464342435308
-2901.0464342435193
-1541.6464342435377
689.353565756482
1044.1535657564573
1108.9535657564704
503.9535657564814
-15.446434243520226
-1171.6464342435454
1077.7535657564508
-227.8464342435194
89.75356575649181
747.1535657565092
-449.24643424352604
-275.6464342435065
1595.7535657564824
-602.6464342435157
207.35356575648035
352.753565756477
-109.44643424351823
1149.5535657564733
76.55356575647914
-641.2464342435135
850.1535657564882
-607.2464342435195
-613.046434243518
-77.0464342435253
1868.9535657565132
-815.0464342435196
124.55356575648815
-1109.0464342435307
-1922.2464342434723
-3067.8464342434186
-977.4464342435094
-347.24643424351245
922.5535657564758
1006.7535657564888
420.15356575648457
1214.1535657564618
1323.1535657564937
686.153565756481
835.9535657564649
-985.8464342435194
42.15356575646709
1316.1535657564787
1760.5535657564733
91.95356575647386
1449.1535657564805
-121.24643424351903
-837.046434243518
583.1535657564913
1148.353565756479
1754.7535657564874
1183.953565756456
933.1535657564885
1079.9535657564275
-183.64643424352582
1042.3535657564742
-461.6464342435176
833.1535657564742
198.35356575648314
1279.3535657564762
113.3535657564886
-249.04643424353597
-1242.0464342434857
-1496.6464342435588
-1119.8464342435275
1632.9535657565027
376.75356575648766
-439.6464342435213
1488.1535657564714
923.3535657564707
-1070.2464342435235
-448.04643424351497
-406.846434243514
923.3535657564778
-180.04643424351343
1139.1535657564693
1196.3535657564726
294.3535657564762
-1467.4464342435235
-1113.6464342435042
367.7535657564859
1581.3535657564369
903.1535657564879
950.9535657564861
261.5535657564831
-562.6464342435198
-362.4464342435229
-333.6464342435228
-1387.8464342435266
106.35356575648149
1270.7535657564779
722.7535657564799
-1278.0464342435
-923.8464342435141
-231.446434243518
-2537.24643424351
-882.8464342435196
744.9535657564803
-111.24643424352483
1443.753565756462
-727.046434243522
-583.8464342435154
-1423.2464342435292
-937.6464342435368
769.3535657564645
766.5535657564568
965.1535657564823
1218.7535657564688
860.1535657564606
-44.44643424351563
-872.4464342435272
-74.84643424352214
-1202.8464342435134
1058.3535657564687
102.15356575649042
-2540.4464342435267
-634.0464342435182
-343.6464342435209
1149.95356575646
873.1535657564536
435.153565756485
1223.7535657564729
479.9535657564803
81.95356575647719
-303.04643424353446
-1143.246434243556
-653.4464342435235
-2136.046434243525
-2017.246434243481
-1879.8464342435122
-228.04643424351377
595.9535657564948
-987.646434243526
328.55356575648364
-3.046434243510241
-1035.4464342435201
70.95356575648312
-84.64643424351432
1436.7535657564956
900.5535657564717
-104.04643424351445
439.95356575649265
1436.3535657564612
2521.7535657564877
132.55356575647943
912.9535657564965
456.35356575649547
-703.2464342435217
399.95356575647554
-549.0464342435201
1264.5535657564806
-448.0464342435164
-219.04643424352344
838.1535657564854
-984.4464342435349
-623.2464342435043
323.553565756476
-558.6464342435241
-555.6464342435246
-1612.246434243506
-1063.8464342435038
-1515.0464342434993
-503.2464342435119
-598.2464342435204
-8.446434243510115
151.1535657564786
-447.64643424352533
-807.646434243513
252.3535657564885
837.1535657564847
911.353565756479
-617.6464342435235
-1467.6464342435286
131.35356575648458
807.7535657564925
1741.353565756469
1292.1535657564814
1665.9535657564988
-192.6464342435236
661.7535657564774
824.7535657564863
-1001.6464342435233
357.753565756488
-1128.2464342435171
-1694.0464342435066
-1101.2464342435387
-719.4464342435317
1505.753565756472
175.15356575648462
-2028.0464342435182
-2192.2464342435414
