-189.9195943887018
1616.6804056112953
849.6804056112992
626.4804056112943
905.0804056112977
150.88040561129628
87.28040561130243
354.88040561130083
749.2804056112936
317.0804056112992
334.88040561129884
381.0804056112968
-24.719594388704444
-278.3195943887044
-247.31959438870413
220.88040561129532
865.4804056112981
879.2804056112948
495.88040561129753
393.4804056112989
360.88040561129753
554.0804056112943
407.2804056112978
590.0804056112954
657.6804056112945
416.28040561129603
373.28040561129575
444.680405611298
505.4804056112947
431.0804056112997
225.48040561129756
960.2804056112956
2265.8804056112904
1233.8804056112926
355.6804056113023
579.8804056112999
495.0804056112934
-95.71959438870189
-447.1195943887038
126.28040561129856
522.4804056112955
137.6804056112978
161.8804056112966
550.8804056112955
67.48040561129505
-543.7195943887056
-270.51959438870296
16.080405611298193
586.4804056112962
267.2804056112974
-301.3195943887034
-381.5195943887052
-180.11959438870298
-226.51959438870534
-255.3195943887029
-215.31959438870285
514.280405611292
414.68040561129925
-86.71959438870331
85.88040561129574
469.68040561129465
252.28040561129455
-251.71959438870277
332.4804056112851
1673.6804056112974
960.0804056112983
-6.119594388703227
137.48040561129628
81.48040561129675
-155.51959438870327
-184.71959438870448
193.08040561129732
582.6804056112986
-337.91959438870424
-248.11959438870255
359.6804056112967
193.0804056112949
42.680405611294475
227.28040561129816
-127.71959438870462
-63.91959438870301
-406.519594388703
-1032.3195943886985
-536.7195943887053
79.28040561129778
-111.31959438870456
-375.1195943887023
-767.5195943887061
157.08040561130193
-228.51959438870364
-720.5195943887012
-358.71959438870346
-25.919594388703644
-339.51959438870307
-520.3195943887043
-194.71959438870275
909.8804056112975
977.6804056112946
321.68040561129726
198.88040561129645
-1.3195943887041537
-531.9195943887015
-731.119594388703
-629.5195943887028
-9.119594388706304
-263.51959438870335
-92.71959438870412
361.28040561129797
229.28040561129376
383.08040561129565
507.8804056112964
178.2804056112988
432.6804056112987
289.48040561129875
-506.51959438870426
385.28040561129694
653.0804056112961
187.0804056112977
-432.5195943887038
-845.5195943887045
-137.3195943887033
-216.51959438870597
-378.1195943887078
-502.11959438870656
-410.319594388702
-44.51959438870229
569.8804056112949
402.4804056112974
586.6804056112946
992.0804056112946
578.4804056112927
691.2804056112955
127.08040561129798
-537.519594388704
-537.9195943887086
-343.1195943887003
36.080405611296975
-31.519594388704284
-330.7195943887057
-253.51959438870435
-725.7195943886992
-338.71959438870147
-104.11959438870403
-855.7195943886969
-431.1195943887005
235.48040561129656
13.280405611297354
69.08040561129715
76.08040561129656
497.680405611295
78.88040561129633
90.88040561129662
565.080405611298
292.88040561129833
48.88040561129665
-282.31959438870393
120.680405611298
504.48040561129835
381.6804056112975
348.4804056112975
453.88040561129844
475.8804056112933
508.2804056112972
584.2804056112973
-182.9195943887038
-504.9195943887023
-357.1195943887009
-34.719594388705204
65.08040561129476
-98.9195943887029
-560.7195943887045
-617.9195943887025
-730.3195943887016
-403.7195943887069
-796.1195943886985
-1496.5195943886995
-850.5195943887015
-272.91959438870407
132.4804056112943
329.4804056112953
196.880405611297
-248.11959438870053
-347.119594388703
-289.51959438870216
471.0804056113
92.68040561129723
-119.51959438870517
75.28040561129616
263.68040561129885
-18.719594388703488
-393.11959438870383
262.88040561129634
945.4804056112998
483.88040561129895
316.6804056112984
281.28040561129706
-575.5195943887052
-957.5195943886991
-453.1195943887025
81.48040561129628
-162.71959438870294
-135.71959438870368
-258.91959438870475
-1108.719594388709
-1219.5195943887106
-1078.5195943887134
-1235.7195943887043
-798.7195943886996
-200.91959438870458
-109.31959438870312
-389.11959438870304
229.88040561129674
148.4804056112976
-748.1195943887024
-344.9195943887041
-475.9195943887072
-326.3195943887052
-487.51959438870205
-639.5195943886994
-89.11959438870208
-23.11959438870397
-649.1195943887086
-703.7195943887101
309.6804056112958
1121.4804056112982
101.28040561129907
-108.51959438870142
50.08040561129769
-268.5195943887044
-531.1195943887037
-254.7195943887051
-280.71959438870323
-649.1195943887042
-517.9195943887019
-767.5195943887073
-854.5195943887011
-840.5195943887014
-851.3195943887122
-293.519594388704
-567.1195943886997
31.680405611297402
268.08040561129684
-105.71959438870266
69.08040561129583
62.68040561129732
-121.11959438870068
-86.11959438870221
-323.7195943887038
-390.119594388704
187.68040561129692
230.48040561129562
205.08040561129724
349.68040561129817
-261.319594388705
76.28040561129455
717.2804056112954
1339.0804056113052
374.68040561129914
-12.919594388706088
232.4804056112975
124.28040561129542
263.28040561129995
-271.31959438870325
-590.7195943887054
-783.9195943887041
-435.51959438870256
-590.9195943887062
-680.3195943887032
-545.1195943887018
-628.7195943887028
-386.91959438870396
-505.3195943887053
11.880405611295231
-34.71959438870527
-95.11959438870464
-73.91959438870401
-26.51959438870297
-330.3195943887036
-46.919594388702194
11.280405611296935
107.08040561129789
228.4804056112987
180.88040561129662
589.6804056112968
58.68040561129553
112.0804056112971
284.6804056112964
441.4804056112993
1060.0804056112959
810.2804056112956
324.4804056112952
360.88040561129645
-41.91959438870344
608.2804056112994
269.080405611296
-642.5195943887039
59.88040561129689
417.88040561129606
72.28040561129659
-548.7195943887049
-393.51959438870256
-787.5195943887043
-232.51959438871262
401.88040561129577
335.4804056112968
-53.51959438870507
-145.3195943887043
-226.91959438870282
-694.1195943887029
-739.5195943887074
-759.3195943887089
-507.519594388702
155.88040561129802
77.2804056112962
-412.11959438870383
338.68040561129743
-88.71959438870292
95.88040561130137
558.0804056112954
534.2804056112976
1476.0804056112997
722.480405611296
-22.11959438870641
329.48040561129335
87.8804056112943
-88.31959438870385
-394.9195943887057
-1200.3195943887056
-565.7195943887021
-281.7195943887034
-90.31959438870345
-464.9195943887053
-251.11959438870394
-261.31959438869995
148.68040561129612
175.68040561129553
-88.91959438870313
291.6804056112972
-384.1195943887037
-168.51959438870287
-262.7195943887041
-162.51959438870665
-661.7195943887028
-810.5195943887072
-209.51959438870378
312.4804056112976
-158.11959438870323
146.08040561129528
-704.519594388699
-292.91959438870396
396.0804056113003
466.6804056113007
925.0804056113031
844.2804056112999
-68.11959438870875
220.48040561129446
64.480405611294
452.0804056112964
-3.3195943887014323
-575.3195943887072
-143.71959438870348
-371.9195943887063
48.880405611295004
315.68040561129783
136.68040561129504
60.88040561129472
287.2804056112988
-185.51959438870088
358.08040561129746
183.28040561129535
73.48040561129747
952.680405611297
335.28040561129603
-21.719594388704405
-26.11959438870275
-482.9195943887037
-470.7195943887036
721.0804056112962
570.4804056112943
506.48040561129574
-219.71959438870388
211.0804056112951
985.6804056112975
297.48040561129636
953.2804056112961
285.280405611297
-603.5195943887021
77.28040561129885
-268.11959438870474
641.4804056112993
401.48040561129494
-432.7195943887039
-33.51959438870402
189.08040561129644
119.08040561129462
93.88040561129709
-752.1195943887061
-9.91959438870547
77.48040561129739
-280.31959438870496
423.4804056113023
-620.5195943887047
-162.1195943887007
658.880405611297
344.4804056112981
26.080405611296946
-708.7195943887012
-241.31959438870504
-104.71959438870334
-247.51959438870486
-17.919594388702848
108.08040561129684
98.28040561129521
-369.51959438870205
126.28040561129515
82.28040561129582
960.2804056112944
-233.51959438870287
-567.7195943887043
126.88040561129529
-527.9195943887003
202.68040561129683
598.6804056112925
-305.91959438870566
-185.91959438870407
597.6804056112961
117.08040561129513
-912.7195943887046
-851.3195943887024
51.080405611295035
-49.11959438870434
1182.4804056113035
1045.6804056112958
72.48040561129727
828.680405611298
989.0804056112947
-103.91959438870279
-584.3195943887038
-1303.7195943887093
-330.51959438870324
903.6804056112998
-101.5195943887039
-442.9195943887107
-230.51959438870557
-266.7195943887022
-657.5195943887013
-625.919594388702
-560.5195943887003
497.8804056113012
152.28040561129797
224.0804056112961
-296.3195943887017
-655.3195943887032
-731.5195943887039
-307.31959438870405
-264.1195943887039
-277.3195943887039
611.4804056112979
194.28040561129586
-1517.9195943887073
391.68040561129783
463.6804056112991
-1154.9195943887073
592.0804056112967
533.0804056112997
-432.7195943887037
-115.31959438870436
-629.9195943887029
-873.1195943887026
-883.7195943887012
-528.9195943887078
-497.5195943887098
183.88040561129642
220.28040561129615
207.0804056112975
-88.5195943887034
-264.51959438870387
-34.119594388703305
46.68040561129733
-248.7195943887056
609.8804056112953
254.48040561129375
-152.31959438870354
-145.1195943887029
-482.7195943886993
-402.1195943887065
-441.71959438870306
333.68040561129646
-158.91959438870276
619.0804056112983
151.28040561129615
-637.7195943887053
303.28040561129774
-334.9195943887034
-1320.9195943887062
-619.3195943887057
-307.7195943887024
-353.9195943887021
-568.919594388705
-504.9195943887064
-275.5195943887058
-549.5195943887034
-30.11959438870556
-191.91959438870242
469.68040561129783
927.6804056112967
463.28040561129706
720.8804056112958
187.680405611296
-524.9195943887012
-516.3195943886983
-209.51959438870313
205.48040561129997
8.080405611297007
-461.11959438870025
290.2804056112963
296.0804056112978
528.280405611297
448.6804056112975
177.68040561129555
81.48040561129844
194.28040561129487
-413.9195943887074
-273.51959438870375
-339.31959438870183
-1365.9195943887096
-1065.3195943887004
-927.3195943887031
-868.3195943887118
-427.3195943887047
-1162.5195943887095
-479.9195943887102
-43.31959438869974
-591.7195943887052
-215.51959438870455
27.080405611296992
871.6804056112968
621.480405611296
-254.51959438870887
-120.91959438870165
-87.51959438870463
-937.9195943887012
-993.9195943887012
-1013.3195943887067
-743.7195943887049
-117.71959438870087
-773.5195943887054
-96.9195943887047
-542.9195943887031
32.48040561129323
491.4804056112933
968.2804056113032
816.8804056112955
-25.919594388704084
-320.91959438870407
651.480405611297
364.88040561129594
-601.5195943887035
-542.519594388702
-1474.9195943887041
-1334.7195943886993
-490.9195943887033
-1271.5195943886968
-791.7195943887066
-67.51959438870296
158.88040561130114
652.0804056112987
285.28040561129615
-146.31959438870706
-127.51959438870355
-236.5195943887022
3.2804056112963096
-142.91959438870038
-417.11959438870457
742.6804056112961
129.48040561129477
-160.7195943886997
53.8804056112961
-417.9195943887039
-176.31959438870575
-359.3195943887036
323.88040561129884
958.080405611289
1966.4804056112916
1662.6804056112944
941.8804056113001
615.2804056112983
1075.2804056112984
-424.3195943887057
-1057.719594388705
-950.3195943887047
-1894.9195943886969
-1174.9195943887012
501.2804056112957
-493.5195943887032
-762.1195943887021
-320.5195943887047
12.480405611301421
-240.11959438870562
59.480405611298195
-243.71959438870493
-46.11959438870423
-174.11959438870304
787.080405611296
276.880405611296
369.28040561129575
750.4804056112956
-135.91959438870396
-110.11959438870119
-567.9195943886998
-557.3195943887018
-315.31959438870336
-44.319594388702356
517.4804056112959
671.8804056112999
776.480405611296
384.6804056112961
572.2804056112965
317.88040561129526
-160.11959438870272
-1324.7195943887054
-565.7195943887037
-330.5195943887017
-1356.7195943887027
-1251.119594388703
-345.1195943887024
-918.1195943887077
-564.5195943887031
-618.319594388705
-252.91959438870458
-84.3195943887043
356.0804056112988
573.6804056112989
647.2804056112986
683.880405611295
545.0804056113035
-165.11959438870267
541.680405611297
107.68040561129641
-692.5195943887011
-463.1195943887067
-936.5195943887085
-226.71959438870462
5.080405611294903
65.88040561129966
463.28040561129694
1169.680405611289
983.0804056113
-346.11959438870105
268.4804056112943
703.8804056112898
-265.91959438870487
-630.1195943887069
-180.71959438870016
-348.3195943887041
-434.91959438870197
-1430.5195943887074
-1166.119594388702
-1538.1195943887014
-1381.7195943887027
-464.31959438870507
-325.11959438870605
-270.11959438870224
-237.31959438870237
-159.7195943887035
-147.91959438870413
675.880405611298
715.4804056112998
684.4804056112966
992.280405611303
98.08040561129596
-256.919594388703
-398.5195943887031
-1261.1195943887114
-719.3195943887089
-80.91959438870238
534.8804056112981
252.08040561129502
659.6804056113021
653.880405611296
370.48040561129744
667.4804056112963
985.2804056112963
634.2804056112952
612.4804056112939
478.4804056113015
-358.31959438870615
-21.919594388704212
-10.91959438870196
-666.3195943887032
-880.9195943887007
-683.7195943887062
-481.11959438870537
-502.31959438870217
195.48040561129557
248.88040561129634
318.0804056112965
49.28040561129427
387.08040561129866
742.4804056112947
978.8804056112955
722.6804056112961
430.0804056112967
-83.51959438870011
-711.1195943886976
-1017.9195943887091
-527.319594388707
378.4804056112996
838.6804056112957
-332.7195943887034
-92.519594388704
501.680405611297
1031.8804056112929
983.4804056112935
946.680405611301
233.48040561129727
541.6804056112994
941.0804056112963
98.0804056112967
-144.71959438870985
886.8804056112924
125.88040561129749
165.0804056112973
338.4804056113001
-172.11959438870272
-228.11959438870315
821.8804056112976
1481.480405611299
1046.6804056112974
679.480405611293
891.4804056112898
1639.280405611301
1470.2804056112948
338.08040561129445
39.88040561129974
-684.1195943886962
-1249.3195943887033
-1446.7195943887205
-897.7195943887069
120.28040561129669
1155.4804056112916
661.8804056112987
1038.280405611292
838.880405611297
872.2804056112928
1353.0804056113054
978.6804056112948
729.4804056112945
1202.2804056112884
1025.4804056112935
680.4804056112946
163.480405611296
720.0804056112962
559.6804056113002
242.48040561129812
-119.1195943887029
-302.9195943887027
-245.11959438870187
230.48040561129682
815.2804056112981
1042.0804056112966
1566.0804056112925
1608.6804056112996
1530.2804056112907
1041.2804056112939
250.88040561129543
-522.7195943887039
-1089.7195943887057
-837.5195943887054
-2754.7195943886886
-1165.7195943887034
-354.11959438870394
1506.080405611299
1766.2804056112964
1043.480405611297
1021.880405611296
542.4804056112944
733.2804056112947
168.08040561129087
198.88040561129768
394.48040561129636
714.6804056113019
625.2804056112955
149.4804056112954
102.08040561129681
355.48040561129733
270.2804056112974
274.0804056112958
-389.31959438870666
98.28040561129615
268.28040561129785
-206.51959438870452
367.8804056112953
1230.6804056112967
849.6804056112919
402.68040561129646
145.48040561129494
-487.3195943887007
-1054.919594388702
-1385.7195943887068
-1061.9195943887119
-2015.3195943886967
-749.9195943887104
-815.9195943887072
-527.3195943887038
482.8804056112967
156.48040561129443
617.4804056112953
335.0804056112983
-86.7195943887026
-212.91959438870376
-522.519594388702
404.88040561129566
654.6804056112927
-226.11959438870463
-469.71959438870323
-521.5195943887047
166.48040561129807
329.88040561129736
430.48040561129557
-270.5195943887016
107.08040561130036
281.2804056112929
453.4804056112934
242.68040561129578
392.4804056112989
430.6804056112975
544.6804056112971
192.48040561129682
-744.919594388705
-1183.3195943887088
-1572.9195943887062
-1414.9195943887178
-2831.319594388703
-1874.3195943887122
-1238.3195943887092
-519.719594388705
31.680405611297115
396.88040561129446
495.6804056112954
-53.11959438870296
-15.719594388703573
-289.9195943887044
-678.119594388698
324.88040561129884
397.6804056113003
-647.519594388704
-797.319594388703
-413.5195943887034
-296.11959438870224
-712.3195943887024
-46.71959438870253
-414.51959438870415
-311.71959438870334
484.28040561129643
250.0804056112956
-14.919594388703374
196.88040561129557
607.6804056112964
340.48040561129386
-158.7195943887029
-659.7195943887059
-1256.9195943886994
-1947.5195943887045
-2010.1195943887049
-3248.31959438871
-2051.119594388715
-601.9195943887073
349.28040561129825
80.28040561129758
362.2804056112963
272.88040561129867
-616.3195943887024
164.88040561129642
468.0804056112936
-61.71959438870347
370.68040561129646
614.0804056112926
354.08040561129746
305.0804056112981
745.8804056112969
431.28040561129467
-160.71959438870022
444.68040561129885
359.28040561129956
129.08040561129621
-269.31959438870274
-482.5195943887077
-71.11959438870339
602.0804056112964
855.2804056112994
393.4804056113007
-178.71959438870306
-532.919594388701
-1199.5195943887159
-2099.3195943887094
-2525.9195943886934
-2651.119594388725
-1552.5195943887013
-725.919594388708
-380.11959438870554
-598.3195943887006
-681.1195943886999
-590.5195943886931
-816.5195943887078
-356.71959438870476
-218.71959438870508
-103.11959438870636
391.480405611295
510.88040561129503
-27.91959438870444
-327.9195943887037
-177.11959438870397
88.28040561129879
-462.91959438870254
-353.3195943887018
254.28040561129723
-94.11959438870122
-288.11959438870815
17.680405611296692
300.280405611296
218.6804056112961
774.0804056112985
633.880405611296
138.28040561129515
-299.7195943887078
-743.7195943887103
-2057.3195943886785
-2824.7195943887045
-2334.5195943887124
-1666.7195943887082
-1306.3195943886858
-883.9195943887034
-1101.5195943887156
-1076.3195943887051
-593.9195943887013
-66.71959438870277
68.48040561129326
10.680405611295383
-159.91959438870057
-348.31959438870837
92.6804056112968
-126.91959438870316
-532.7195943887053
-816.719594388708
-425.91959438870464
-269.3195943887054
-272.1195943887032
-16.119594388704567
-257.11959438870605
-82.31959438870192
-145.11959438870497
-102.71959438870549
-315.5195943887056
-83.31959438870359
-36.91959438870182
-123.1195943887029
-656.3195943887029
-1376.9195943887082
-2108.3195943887076
-2410.1195943886955
-2337.9195943886957
-2080.319594388701
-1240.3195943887151
-813.319594388711
-1157.1195943887126
-1003.71959438871
-759.7195943886989
-376.5195943887053
-45.91959438870419
-48.31959438870749
-670.3195943887046
-1371.3195943887058
-689.3195943887041
-250.31959438870376
-52.919594388703715
108.88040561129603
188.680405611299
533.4804056112981
649.4804056112972
347.6804056112965
-102.9195943887047
-213.31959438870598
-407.3195943887011
-514.9195943887021
-771.7195943887058
-601.3195943887072
-422.31959438870877
-776.719594388702
-1344.9195943887137
-1775.3195943887042
-2055.3195943887076
-2258.1195943887
-2408.519594388705
-2219.3195943887217
-1674.119594388702
-1196.1195943886912
-1455.7195943887066
-1089.119594388714
-1002.9195943887123
-1222.3195943887129
-818.7195943887043
-543.3195943887076
-712.7195943887142
-1054.3195943887074
-710.7195943887031
-653.9195943887111
-1016.9195943887173
-892.9195943887065
-341.31959438870024
-740.7195943887012
-961.5195943886952
-1162.5195943887052
-1806.9195943887178
-1802.719594388699
-1598.5195943887077
-1316.319594388709
-1754.1195943887096
-1729.9195943887291
-1675.1195943887092
-2090.919594388697
-2336.7195943887073
-2563.719594388715
-2389.3195943887017
-2435.7195943886954
769.0804056112934
-37.11959438870342
-280.7195943887039
-4.319594388703379
-634.9195943887015
-636.9195943887049
-195.31959438870177
-21.719594388703015
-680.1195943887052
-534.3195943887044
-369.51959438870387
-501.3195943887049
-562.9195943887069
-651.3195943887049
-322.91959438870396
84.08040561129725
0.28040561129719066
-483.5195943887065
-807.519594388708
-787.3195943887066
-404.51959438870676
-286.31959438870297
-139.11959438870377
-83.71959438870527
-176.5195943887048
-145.71959438870803
-104.71959438870454
-88.51959438870685
-274.3195943887064
-375.1195943886998
241.08040561130008
1495.8804056113058
323.2804056112953
-507.9195943887039
-135.71959438870473
12.280405611298356
-369.1195943887046
-669.7195943887081
-77.11959438870363
75.0804056112949
-348.11959438870355
-250.91959438870043
147.4804056112967
-176.7195943887042
-418.31959438870814
-271.91959438870316
-132.91959438870413
286.48040561129784
190.8804056112949
-331.7195943887017
-561.3195943887036
-298.9195943887038
-237.71959438870454
-283.1195943887045
-353.7195943887051
359.48040561129756
373.6804056112968
-60.11959438870254
-66.51959438870166
229.48040561129795
-82.51959438870551
-671.319594388701
-268.7195943887044
976.0804056112946
-117.51959438870284
-920.7195943887069
-451.51959438870387
-76.71959438870441
-78.919594388706
-154.7195943887001
177.08040561129587
436.6804056112974
-563.719594388705
-478.5195943887013
35.68040561129398
-13.31959438870257
136.88040561129645
276.6804056112969
-125.51959438870182
-27.51959438870346
-275.919594388704
-906.9195943887082
-341.31959438870354
382.8804056112969
124.68040561129695
-96.11959438870386
-638.3195943887025
144.2804056112964
-159.5195943887028
-598.3195943887021
-420.31959438869944
-77.7195943887036
-481.5195943887028
-769.3195943887009
-691.1195943887012
260.48040561129505
-225.91959438870586
-706.9195943887038
-384.1195943886978
-125.11959438870511
-254.11959438870372
-514.3195943887016
-417.1195943887001
49.28040561129832
-243.7195943887039
-153.31959438870356
187.0804056112976
130.6804056112962
323.8804056112983
476.28040561129967
178.68040561129814
446.6804056113023
97.2804056112997
-679.519594388701
234.48040561129758
713.680405611297
210.6804056112972
-374.9195943887032
-829.119594388705
-301.5195943887036
-355.1195943887012
-562.9195943887055
-838.1195943887017
-753.5195943887026
-542.9195943887037
83.28040561129612
-151.11959438870434
-9.919594388701086
-182.31959438870228
-189.71959438870886
287.8804056112966
248.6804056112974
12.48040561129607
-125.51959438870804
102.68040561129715
434.28040561129717
233.48040561129915
-147.11959438870366
-20.919594388706514
-505.7195943887068
-237.91959438870435
69.68040561129828
-625.9195943887029
-294.51959438870364
201.88040561129736
-34.11959438870347
-341.3195943887047
-155.9195943887025
479.4804056112959
-95.51959438870342
-218.91959438870444
281.68040561129794
91.0804056112958
-214.31959438870237
-700.5195943887021
-282.9195943887049
130.6804056112999
65.48040561129613
-122.51959438870428
-263.719594388703
-545.3195943887032
52.080405611295426
430.68040561129527
269.48040561129756
190.8804056112971
132.88040561129688
479.6804056112973
582.880405611297
327.0804056112983
-100.51959438870665
-1.7195943887021983
-114.91959438870441
42.080405611297465
-93.31959438870312
-882.7195943887036
-358.7195943887049
251.48040561129613
430.08040561129786
93.28040561129615
5.880405611296922
-30.319594388705305
-421.51959438869994
-514.3195943887026
335.08040561129616
-15.119594388702318
-372.5195943887026
-246.7195943887033
-87.71959438870581
-144.71959438870294
-472.5195943887011
-260.9195943887031
49.08040561129809
-316.1195943887004
-29.719594388704962
128.080405611298
-284.51959438870455
-488.31959438870405
-15.31959438870436
655.4804056112948
435.6804056112979
546.2804056113016
551.480405611305
-247.51959438870313
-379.1195943886992
-228.71959438870425
-95.11959438870262
257.48040561129585
535.2804056113015
593.8804056112976
220.2804056112966
354.680405611296
349.6804056112962
-285.1195943887025
-28.319594388699542
-298.11959438870485
-224.3195943887015
-557.7195943887078
-1026.9195943887053
-603.9195943886972
-556.5195943887038
-956.3195943886972
-1014.7195943887101
-541.7195943886943
-40.11959438870364
-687.7195943887049
-423.91959438870464
-32.319594388704246
-174.71959438870377
-386.91959438870316
-2.319594388703848
234.08040561129678
-41.51959438870371
252.2804056112973
22.48040561129754
150.8804056112977
256.680405611299
283.080405611299
717.4804056112933
209.28040561129802
498.08040561129536
540.4804056112926
214.88040561129742
426.2804056112986
548.4804056112991
686.6804056112942
464.88040561129736
-52.31959438870445
-376.31959438870325
133.08040561129525
36.480405611297044
-134.91959438870106
-215.91959438870413
-777.7195943887059
-400.11959438870787
-171.71959438870627
205.48040561129508
-692.5195943887062
-503.71959438870323
264.8804056112988
346.4804056112955
349.6804056112969
-146.31959438870305
-245.51959438870415
-264.91959438870543
404.6804056112957
293.6804056112952
461.8804056112966
691.6804056112954
442.0804056112965
356.280405611296
-59.71959438870277
403.6804056112955
237.88040561129674
271.8804056113015
450.2804056112962
557.2804056112946
627.2804056112938
791.2804056112997
406.88040561129725
118.08040561129724
356.08040561129974
325.0804056112988
541.2804056112968
-473.1195943887047
-427.51959438870097
-251.11959438870528
-450.1195943887051
-275.91959438870566
-159.3195943887041
-193.91959438870597
223.28040561129606
216.28040561129708
660.8804056112954
318.4804056112954
-360.11959438870525
491.68040561129783
1130.8804056113004
953.6804056112987
675.2804056112999
1026.8804056112865
383.8804056112956
535.480405611297
953.4804056112974
794.6804056112909
543.8804056112964
592.8804056112978
543.2804056112994
26.880405611298677
267.48040561129767
338.48040561129716
100.28040561129542
423.48040561130216
288.28040561129234
-249.31959438870325
434.68040561129726
-343.31959438870416
-170.9195943887034
146.08040561129667
-394.9195943887074
26.88040561129721
3.6804056112973385
-239.7195943887041
355.8804056112973
310.88040561129645
-91.31959438870341
-322.7195943887049
-976.9195943887012
-286.319594388704
368.68040561129425
685.4804056112946
620.2804056112977
1031.280405611297
920.8804056113004
948.6804056112943
524.480405611297
-16.31959438870208
807.0804056112964
550.2804056113005
464.28040561130035
295.08040561129684
490.2804056112956
61.480405611296106
-349.11959438870224
92.88040561129746
617.8804056112967
35.08040561129693
350.8804056112983
-575.9195943887046
-142.51959438870236
275.08040561129997
-331.519594388706
-424.31959438870547
250.08040561129818
-226.11959438870423
620.0804056112986
423.4804056112977
463.2804056112949
-200.3195943887015
-752.9195943887044
-168.91959438870086
-83.919594388702
417.8804056112989
866.280405611296
944.480405611298
959.2804056112925
837.0804056112994
-25.7195943887034
-94.51959438870372
182.68040561129592
595.480405611298
1294.080405611294
522.8804056112975
283.48040561129835
446.48040561129847
8.880405611297185
-15.31959438870203
1223.6804056112958
1186.080405611299
1127.4804056112966
208.88040561129705
605.4804056112945
1093.2804056112914
-134.91959438870433
-133.31959438870535
-175.31959438870547
-689.1195943887026
429.08040561129565
144.68040561129666
724.4804056112971
26.480405611294554
-574.3195943887032
4.880405611298549
184.08040561129746
289.6804056112975
576.0804056112997
-39.119594388703035
728.2804056112985
521.2804056112996
-161.11959438870264
55.08040561130041
-477.91959438870447
297.4804056112956
1033.2804056113032
830.4804056112977
513.6804056112954
-250.71959438870522
454.2804056112978
558.0804056112951
432.4804056112969
882.0804056112959
1292.2804056112946
935.2804056113005
184.48040561129682
546.0804056112989
95.2804056112945
348.280405611298
-503.9195943887035
-447.71959438870226
603.6804056112979
-107.51959438870685
112.6804056112965
375.08040561129746
-342.5195943887026
9.48040561129627
444.28040561129944
94.68040561129655
-490.5195943887044
-147.719594388701
484.880405611295
131.8804056112963
1090.8804056112933
661.0804056112978
169.68040561129942
1313.680405611295
1320.2804056112918
500.68040561129646
270.4804056113006
-510.91959438870333
409.68040561129936
1667.280405611294
510.6804056112975
570.0804056112952
939.4804056112936
634.4804056112962
-79.11959438870392
-22.919594388703757
-282.71959438870266
184.280405611299
-114.91959438870356
287.68040561129806
242.48040561129807
-52.919594388701555
-700.1195943887001
-534.9195943887033
-351.719594388705
-90.9195943887049
777.0804056112955
469.08040561129735
-807.7195943887069
1138.6804056112876
911.4804056112956
-638.719594388706
840.880405611297
234.68040561130036
-624.5195943887043
431.88040561129907
83.48040561129913
-119.51959438870568
176.0804056112953
564.0804056113008
290.8804056112981
812.4804056113021
689.0804056112974
1140.6804056112999
1069.0804056112959
637.6804056112973
528.080405611303
608.880405611296
265.6804056112952
559.880405611294
136.08040561129422
-175.11959438870312
96.28040561129639
-81.71959438870618
-246.51959438870512
-662.1195943887016
-28.11959438870531
-375.9195943887039
507.6804056112966
417.880405611296
235.8804056112936
887.6804056113014
57.880405611296155
-680.1195943887091
-138.91959438870364
-79.11959438870596
-98.91959438870299
214.08040561129548
336.4804056112964
507.8804056112966
447.08040561129457
743.0804056112947
362.48040561129784
886.2804056112982
1202.6804056112865
1175.4804056112996
1751.6804056112942
919.6804056112977
60.28040561129615
31.080405611293116
414.88040561129657
435.8804056112976
-256.1195943887026
-1080.1195943887078
-272.31959438870905
-37.31959438870352
215.6804056112971
22.08040561129586
-375.719594388704
-338.9195943887057
-177.91959438870586
-562.119594388704
68.8804056112966
-175.3195943887044
-992.7195943887057
-300.1195943887055
-104.31959438870334
-152.91959438870217
294.68040561129595
-106.519594388699
342.08040561129303
356.2804056112967
-260.7195943887032
155.28040561129538
482.48040561129716
1134.8804056113001
957.8804056112929
609.4804056112957
779.6804056112991
386.48040561129574
-522.7195943886952
-363.3195943887006
-289.91959438870515
-460.51959438870495
-276.51959438870165
-1486.3195943887008
-1051.919594388699
-1226.5195943886952
-668.1195943887021
-574.519594388702
60.08040561129561
239.68040561129604
-233.91959438870558
-361.5195943887044
931.4804056112932
701.2804056112954
74.48040561129923
658.0804056112976
-352.71959438870175
-559.9195943887072
-56.31959438870195
-560.5195943886994
-240.51959438870276
-200.91959438870225
17.88040561129617
906.0804056112976
870.2804056112958
243.68040561129732
272.2804056112981
368.6804056112974
536.4804056112964
-85.71959438870662
-336.11959438870895
1160.8804056112974
747.0804056112949
143.48040561129767
338.88040561129515
-493.11959438870406
-616.9195943887036
-575.7195943887059
8.880405611296695
158.08040561129718
1209.6804056112996
1144.4804056112894
752.0804056112989
871.2804056112973
1509.280405611293
102.28040561129761
-178.7195943887036
313.2804056112983
-971.719594388702
-721.9195943887064
775.2804056112966
-12.519594388703519
-389.51959438870307
-411.3195943887034
9.280405611295253
-120.31959438870288
288.6804056112975
-382.71959438870414
-409.91959438870623
-272.31959438870217
946.8804056112942
166.48040561129602
264.28040561129615
955.8804056112955
438.2804056112963
378.4804056112947
-157.7195943887024
-320.11959438870286
-244.31959438870365
-15.91959438870203
243.28040561129782
175.48040561129838
180.68040561129482
-140.919594388704
343.8804056112981
293.68040561129504
-63.119594388701884
-929.7195943887031
4.480405611296454
493.88040561129634
-654.1195943887005
-619.9195943887021
546.880405611294
87.48040561129523
174.0804056113008
-182.91959438870293
-23.919594388705228
-288.91959438870015
-61.519594388706324
110.28040561129792
18.880405611298052
190.48040561129352
220.0804056113019
-298.1195943887055
474.68040561129703
-131.31959438870294
-635.319594388703
-115.31959438870246
-542.3195943887041
24.68040561129658
-58.11959438870188
-110.51959438870435
-115.31959438870548
477.2804056112957
383.8804056112986
-994.9195943887007
-82.9195943887025
526.4804056112973
-330.71959438870226
-503.1195943887071
-190.3195943887014
-120.71959438870424
41.680405611297786
-506.7195943887032
39.08040561129819
-260.7195943887049
-375.71959438870164
248.0804056112992
252.68040561129544
-484.31959438870376
-522.1195943887047
-4.519594388702732
-320.519594388704
321.2804056112974
168.48040561129667
342.680405611296
747.4804056112947
-557.119594388703
-737.3195943887058
-306.11959438869974
-762.119594388708
-536.9195943887013
-431.71959438870437
37.48040561129405
-619.9195943887039
-255.91959438870154
-153.91959438870367
-482.3195943887056
-65.31959438870564
487.08040561129724
64.28040561129718
44.48040561129736
53.28040561129742
-574.9195943887005
-297.7195943887052
36.880405611295046
-361.31959438870604
-569.119594388705
-70.5195943887026
78.28040561129707
-201.51959438870082
-81.7195943887035
-280.31959438870473
-24.319594388705305
-435.91959438870475
-324.91959438870373
-561.5195943887067
-2.1195943887015005
16.280405611296537
-369.71959438870454
-591.9195943887012
-663.5195943887054
-115.51959438870406
-15.119594388704229
57.28040561129819
26.28040561129614
-1427.7195943886957
-1129.519594388704
-609.5195943887038
-110.71959438870685
-137.3195943887024
-15.71959438870509
-569.5195943887037
-224.31959438870462
492.880405611299
-218.91959438871612
-818.1195943886999
358.280405611297
-390.3195943887055
-392.31959438870257
77.48040561129667
-371.31959438870524
-351.71959438870425
484.2804056112947
855.2804056112985
272.4804056112962
-263.9195943887111
-337.1195943886993
75.68040561129746
300.88040561129566
-489.11959438870576
-592.5195943887053
-595.1195943887061
-637.9195943887087
-105.11959438870487
-13.319594388703777
69.88040561129728
315.28040561129444
-508.91959438870026
-52.71959438870445
-351.9195943887024
-270.5195943887022
344.6804056112967
29.080405611292925
-109.11959438870359
411.0804056113032
533.4804056113021
329.88040561130043
-499.7195943887026
-140.91959438870566
-78.31959438870467
-121.91959438870296
-344.5195943887076
-753.319594388708
-727.3195943887042
-447.3195943887057
177.68040561129848
326.6804056112972
229.48040561129474
11.68040561129577
87.08040561129597
157.48040561129517
-70.7195943887046
-433.91959438870254
-491.91959438870344
153.08040561129738
-1251.3195943887101
-270.119594388704
-246.91959438870222
845.0804056112974
785.2804056112976
-23.119594388702886
-286.11959438870423
-634.7195943887056
-172.51959438870244
-717.7195943887074
-649.1195943887033
-362.9195943887026
-113.11959438870382
67.68040561129727
-506.3195943887032
-702.1195943887079
-112.11959438870213
83.08040561129584
42.480405611299645
-508.3195943887048
-125.51959438870517
-162.31959438870484
-606.1195943887041
-115.11959438870397
33.88040561129621
-635.119594388705
-798.1195943887034
-504.9195943887046
-317.71959438870283
-398.71959438870294
-400.91959438870447
182.2804056112965
-245.91959438870555
458.68040561129783
-571.1195943887024
-1082.319594388706
-407.3195943887053
-719.7195943887006
-217.71959438870468
-427.3195943887023
-642.3195943887046
-582.9195943887056
-679.9195943887078
227.28040561129464
144.4804056112991
-256.11959438870514
-328.71959438870556
-381.1195943887034
317.6804056112974
215.4804056112974
115.68040561129624
-407.71959438870687
-5.119594388705714
120.68040561129858
196.28040561129583
-261.7195943887037
-650.7195943886996
-694.9195943887017
-263.71959438870556
-129.31959438870348
-202.11959438870366
-135.11959438870284
-259.71959438870397
2.88040561129543
-722.7195943887014
-246.3195943887023
-596.9195943887022
-710.1195943887049
-597.1195943887028
-57.9195943887037
217.88040561129813
-105.31959438870308
89.08040561129539
-86.7195943887043
-403.5195943887059
255.8804056112962
130.88040561129517
-421.5195943887027
-274.91959438870373
145.6804056112966
46.48040561129532
-707.5195943887055
-239.71959438870417
-675.5195943886998
-569.1195943887029
245.88040561129677
-67.11959438870305
-591.119594388703
-719.3195943887059
-223.51959438870244
-198.1195943887042
-241.71959438870155
-50.919594388703196
4.28040561129589
-409.1195943887084
-335.31959438870246
-1093.5195943887097
-476.31959438870126
131.28040561129546
425.6804056113003
-269.9195943887029
102.48040561129505
239.88040561129733
-534.319594388704
276.480405611296
442.2804056112964
-169.51959438870367
27.28040561129709
204.68040561129675
232.48040561129721
359.48040561129534
943.6804056112882
651.280405611296
-29.119594388703916
441.0804056112977
290.2804056112985
133.08040561129596
-254.7195943887051
-570.3195943887036
-435.31959438870433
-279.51959438870404
-40.51959438870006
-262.9195943887026
-312.519594388702
-63.51959438870321
-127.51959438870767
-581.1195943887071
-843.919594388707
-374.3195943887063
326.88040561129804
536.4804056112962
224.08040561129678
-384.9195943887026
-367.71959438870385
-172.519594388705
-421.71959438870505
-57.9195943887024
-92.3195943887059
15.680405611297882
406.28040561129563
573.880405611296
312.8804056112974
-91.91959438870457
104.68040561129622
454.6804056112977
16.28040561129517
100.08040561129643
563.8804056112975
271.0804056112948
-3.1195943887028577
115.280405611295
-13.319594388703724
-471.7195943887027
186.48040561129795
288.2804056112964
179.4804056112975
260.48040561129824
366.48040561129807
-448.51959438870654
-1075.91959438871
269.8804056112978
697.2804056112958
420.8804056112952
372.6804056112996
-86.91959438870461
-132.5195943887034
126.88040561129608
399.68040561129766
444.2804056112959
365.48040561129596
202.88040561129492
-18.31959438870498
375.680405611295
370.88040561129765
52.28040561129539
-276.91959438870333
89.88040561129654
312.88040561129594
313.48040561129807
445.68040561129493
324.2804056112954
557.080405611296
325.68040561129607
26.280405611296917
-293.9195943887021
70.48040561129612
270.080405611298
326.68040561129544
-15.919594388701853
-32.3195943887011
-211.91959438870384
-454.71959438870374
411.6804056112969
488.08040561129366
832.2804056112927
720.480405611294
134.28040561129677
282.4804056112965
223.88040561129569
238.2804056112972
474.6804056112977
598.8804056112963
-23.719594388704557
-744.919594388706
-21.119594388704478
634.0804056113008
833.0804056112944
826.6804056112921
732.0804056112927
1143.880405611302
1360.6804056113044
1133.0804056113016
952.8804056112967
892.4804056112972
569.8804056112983
295.28040561129455
40.68040561129703
221.68040561129786
373.28040561130024
172.2804056112975
-339.7195943887031
-287.319594388703
-96.31959438870459
-220.11959438870343
378.48040561129693
394.0804056113002
535.2804056112967
578.8804056112981
90.28040561129599
360.2804056112932
337.88040561129736
-39.91959438870269
295.8804056112974
648.4804056112956
387.6804056112963
-46.519594388701776
184.48040561129517
355.8804056112967
-60.31959438870366
-46.519594388704206
260.68040561129664
-143.11959438870056
-328.5195943887045
-255.7195943887016
-594.7195943887045
-619.1195943887017
-398.7195943887016
-230.11959438870136
-770.5195943887078
-727.9195943887094
-633.5195943886999
-893.3195943886997
-990.7195943887132
-839.9195943887148
-347.7195943887021
-340.31959438870183
881.0804056112894
262.68040561129754
74.48040561129785
421.8804056113012
-272.11959438870406
-266.91959438870526
180.08040561129798
491.8804056112988
-275.7195943887018
-118.11959438870551
183.8804056112978
-15.319594388703678
55.280405611296615
-81.11959438870102
17.280405611298633
258.68040561129936
100.28040561129679
-325.519594388704
-596.9195943887041
-570.719594388703
-142.5195943887033
-12.519594388704697
205.28040561129671
437.8804056112965
295.2804056112942
257.280405611294
236.88040561129648
100.68040561129365
24.480405611296135
2.880405611297583
402.4804056112988
1469.680405611307
249.08040561129846
-412.51959438870244
105.48040561129888
639.0804056112994
138.4804056112995
-360.9195943887074
235.480405611299
482.08040561129934
-6.9195943887018885
170.4804056112967
623.4804056112974
206.28040561129484
99.48040561129642
146.6804056112978
157.88040561129617
379.88040561129765
339.0804056112953
-79.319594388702
-332.7195943887046
-56.31959438870541
167.08040561129465
169.68040561129862
93.88040561129702
810.8804056112941
736.080405611297
272.0804056112957
360.08040561129656
515.6804056112971
254.48040561129875
-293.91959438870487
-162.91959438870347
729.4804056112972
-310.3195943887037
-1007.9195943887033
-310.71959438870715
555.8804056112996
404.08040561130014
278.88040561129714
752.480405611301
896.2804056112998
-248.71959438870456
-30.519594388703645
467.28040561129814
327.6804056112962
531.0804056112984
616.0804056112939
95.48040561129702
63.080405611296996
-140.31959438870314
-585.519594388707
-99.11959438870228
659.6804056112976
622.4804056112955
419.68040561129646
-106.51959438870492
674.8804056112973
478.8804056112982
191.88040561129537
343.8804056112972
496.28040561129717
116.28040561129696
-141.919594388703
-506.7195943887025
131.68040561129672
-519.3195943887027
-992.5195943887046
-402.3195943887043
365.68040561129925
224.88040561129733
2.880405611297114
212.68040561130135
409.28040561129956
-210.71959438870385
75.28040561129765
564.280405611296
323.6804056112987
529.0804056112977
841.680405611291
398.8804056112995
456.2804056112955
192.48040561129793
-534.7195943887031
246.88040561129864
742.2804056113004
371.2804056112995
-7.11959438870214
-267.11959438870446
413.880405611297
523.6804056112979
492.080405611297
153.08040561129678
-1.3195943887027397
65.28040561129806
670.480405611302
189.68040561129988
-110.3195943887035
-515.5195943887048
-448.5195943887028
330.88040561129776
697.6804056112977
492.880405611299
430.4804056113012
657.8804056112992
607.8804056112984
-40.71959438869875
-143.9195943887043
222.68040561129703
-242.31959438870484
-0.5195943887045118
387.48040561129903
-405.3195943887047
-208.91959438870083
206.68040561129845
-125.11959438870474
-567.5195943886982
-373.71959438870175
441.8804056112964
119.08040561129755
160.88040561129932
869.6804056112967
903.8804056112986
813.2804056112957
465.28040561130035
563.4804056112972
835.480405611293
747.0804056112974
320.0804056112992
-313.11959438870304
-1165.519594388708
-379.1195943887034
328.2804056112995
482.48040561129613
570.0804056112978
486.0804056112956
751.6804056112995
607.2804056113017
-26.519594388701975
-35.71959438870152
274.8804056112962
158.68040561130059
234.68040561130047
40.88040561129586
-691.7195943887041
-152.3195943887035
448.4804056112961
371.0804056112957
-301.91959438870157
-250.71959438870482
34.48040561129778
-220.51959438870406
-343.71959438870067
689.8804056112983
515.8804056112975
325.2804056112976
791.4804056113019
1018.680405611294
771.2804056113008
318.680405611298
201.88040561129873
-68.31959438870264
-985.7195943887004
-424.7195943887032
-93.9195943887049
-326.51959438870483
-518.519594388702
18.880405611296702
574.8804056112979
174.28040561129683
105.08040561129496
651.4804056112974
12.280405611301362
-290.3195943887018
-154.719594388703
17.880405611296514
260.6804056112938
497.28040561129814
673.680405611296
208.08040561129812
34.88040561129675
103.68040561129447
-86.5195943887034
44.480405611294614
-196.91959438870504
-12.319594388703589
-190.91959438870313
-399.9195943887052
340.6804056112952
468.680405611296
-134.71959438870198
-307.5195943887043
-457.719594388702
-533.9195943887046
-1217.3195943887017
-561.9195943887024
43.28040561129684
-79.71959438870167
-513.3195943887042
-101.51959438870188
129.28040561129305
-251.31959438870217
-148.9195943887011
-96.11959438870457
227.08040561129985
343.8804056112933
272.6804056112992
782.4804056113
27.68040561129787
101.88040561129864
326.88040561129833
-144.31959438870544
59.08040561129592
222.88040561130074
647.2804056112972
409.48040561130296
-151.71959438870252
-367.91959438870504
440.2804056112952
684.0804056112954
650.4804056112994
644.0804056112955
26.880405611295075
365.8804056112944
-138.11959438870525
-383.51959438870637
-1386.3195943887042
-894.719594388705
286.88040561129964
468.280405611297
114.48040561129882
-321.7195943887047
-221.71959438870385
-98.91959438870317
403.4804056112971
312.2804056112974
488.88040561129833
665.2804056112941
407.6804056112975
294.08040561129906
-531.5195943887016
-67.71959438870115
-216.11959438870159
-289.51959438870233
-129.91959438870379
-1.5195943887050731
275.0804056112973
351.88040561129884
75.08040561129607
-29.119594388702524
376.2804056112985
453.88040561129964
894.0804056112989
169.88040561129787
187.8804056112975
237.88040561129714
-488.71959438870226
-837.9195943887006
-771.7195943887045
-612.1195943887021
127.28040561129475
274.4804056112945
520.6804056112894
255.2804056112961
-137.11959438870394
921.6804056112941
1448.4804056112976
1109.280405611296
795.0804056112935
1137.280405611301
545.2804056112951
504.28040561129706
346.4804056112999
267.6804056113008
-31.319594388702328
-21.71959438870485
-179.3195943887029
-583.1195943887028
-34.71959438870367
-159.71959438870425
-204.9195943887035
304.48040561129744
117.08040561129755
-426.119594388702
523.4804056112964
22.880405611295817
228.48040561129594
359.08040561129405
-368.119594388702
-311.31959438869956
-220.51959438870193
-375.91959438870737
141.4804056112957
286.0804056112995
28.68040561129595
-202.31959438870524
-803.7195943887027
3.8804056112977605
653.8804056112937
858.8804056112992
801.0804056113045
1136.6804056112974
818.4804056112959
459.68040561129766
-186.71959438870317
-547.719594388705
158.28040561129652
-33.51959438870412
-335.11959438870457
-570.9195943887064
27.88040561129631
-343.9195943887023
-485.11959438870656
139.88040561129793
213.48040561129935
-490.71959438870294
140.28040561129748
-422.919594388702
-56.519594388705414
396.0804056112953
-219.51959438870264
-671.3195943887016
69.2804056112974
-389.71959438870925
317.48040561129716
36.4804056112964
232.28040561129745
-326.31959438870376
-839.1195943887053
-278.9195943887011
-180.3195943887066
331.6804056112968
760.2804056112972
591.0804056112969
455.8804056112972
-22.51959438870345
-817.9195943887045
-649.9195943887015
-677.1195943887064
-305.7195943887039
107.88040561129716
-890.3195943887043
-726.7195943887053
-87.3195943887033
-274.71959438870124
-339.119594388704
201.080405611297
-94.31959438870513
418.48040561129875
81.08040561129742
340.68040561129567
1099.0804056112902
-247.51959438870446
-558.3195943887046
-307.91959438870333
-945.3195943887043
134.28040561129524
-211.9195943887034
428.68040561129925
-143.91959438870578
-647.119594388703
-124.11959438870429
4.080405611296911
-12.11959438870327
131.88040561129893
-584.1195943887034
420.4804056113002
15.880405611296315
-866.3195943887057
-609.9195943887044
-1489.5195943887113
-721.5195943887027
-78.11959438870689
-207.31959438870388
-319.31959438870507
-870.3195943887075
-222.51959438870347
-238.31959438870226
-830.9195943887039
-443.7195943887035
569.8804056112958
689.0804056112958
-109.51959438870361
345.28040561129734
-254.71959438870144
-232.71959438870496
-279.1195943887033
-543.3195943887
745.8804056112994
225.68040561129715
267.4804056112935
431.080405611302
-189.31959438870138
-50.11959438870496
368.08040561129917
-93.71959438870218
-854.7195943887002
-662.9195943887058
71.08040561129984
-335.91959438870373
245.6804056112977
-329.7195943887038
-724.7195943887054
484.6804056112976
451.4804056112979
-8.91959438870063
-266.5195943887033
-1163.7195943887139
-485.11959438870286
625.8804056112917
-493.9195943887032
-438.7195943887072
198.68040561129862
165.6804056112959
-474.11959438870343
-412.11959438870434
-776.3195943886998
-228.51959438870293
347.0804056112946
274.88040561130197
634.8804056112967
672.4804056112985
3.880405611299807
-12.919594388703239
-37.11959438870397
-204.51959438870318
376.48040561129596
185.28040561129706
-1083.1195943887071
668.0804056113022
519.6804056112987
-814.1195943887066
152.08040561129604
-554.5195943887054
-990.319594388705
335.2804056112975
-187.11959438870082
-30.719594388704284
320.48040561129574
318.88040561129884
-491.7195943887051
-259.51959438870364
-207.119594388706
247.2804056112977
212.8804056112971
-160.51959438870463
-83.31959438870291
393.2804056112996
143.2804056112952
481.48040561129073
438.88040561129463
-224.3195943887037
418.8804056112947
714.2804056112973
664.8804056112969
-9.11959438870366
210.08040561129695
-602.3195943887073
152.48040561129514
166.28040561129637
-26.119594388702545
607.8804056112974
-27.919594388704866
-410.1195943887078
-5.919594388702375
-65.51959438870486
-279.5195943887046
351.2804056112969
352.4804056112974
739.680405611296
722.6804056112949
664.2804056112984
-352.31959438870126
-162.11959438870434
285.4804056112967
472.0804056112975
799.8804056112983
-80.11959438870025
-616.7195943887073
-143.31959438870427
376.0804056112979
508.8804056112935
333.2804056112984
-842.5195943886997
128.08040561129675
849.2804056112889
1068.8804056113001
550.6804056112926
-303.1195943887029
-552.1195943887009
-349.7195943887055
-706.9195943887017
-79.11959438870056
-338.7195943887046
-910.5195943887043
-117.11959438870379
330.4804056112939
361.8804056112958
766.2804056112972
596.8804056112973
904.4804056112962
522.0804056112974
-405.51959438870585
-64.71959438870398
-34.5195943887026
197.88040561129586
86.28040561129637
145.4804056112978
105.88040561129532
-431.1195943887079
-1102.319594388706
-540.7195943887078
-146.11959438870446
-17.519594388702938
657.880405611295
-843.9195943887058
-594.7195943887058
-619.9195943887063
-229.51959438870117
-464.3195943887015
-207.91959438870657
-156.3195943887025
-562.9195943887057
-579.7195943887025
524.2804056112984
375.6804056112999
-48.31959438870411
732.6804056112934
168.6804056112913
206.08040561129678
633.4804056112959
384.4804056112951
405.880405611296
-117.51959438870296
-446.31959438870365
381.68040561129664
201.2804056112949
-495.91959438870407
-466.31959438870314
-329.91959438870595
-371.1195943887031
-1026.7195943887061
-1042.119594388702
934.0804056112946
927.4804056112924
767.0804056112929
1578.2804056113036
221.88040561129046
-339.91959438870447
-607.9195943887034
-290.7195943887018
-407.5195943887032
344.48040561129756
437.6804056112954
392.08040561129906
630.2804056112934
839.0804056112955
-550.9195943887038
-476.31959438870416
484.88040561129355
-379.3195943887011
-203.31959438870456
756.8804056112828
152.68040561129783
-128.11959438870406
-487.9195943887035
-677.519594388704
-862.3195943887048
-612.3195943887035
-1086.3195943887056
-1110.719594388697
-1000.7195943887043
-61.71959438870179
-713.1195943887102
-333.31959438870456
768.680405611297
720.680405611298
1226.0804056113102
1420.2804056112986
602.080405611297
136.88040561130055
-36.91959438870221
-235.51959438870307
-649.5195943887032
-951.9195943887006
-1150.3195943887006
-237.5195943887042
140.08040561129897
-263.71959438870203
-1246.1195943887094
-86.31959438870301
754.4804056112977
-12.319594388698619
51.08040561129455
987.6804056113026
546.8804056112871
598.2804056112957
-41.31959438870254
-383.91959438870396
-908.9195943887007
-669.5195943887039
-170.51959438870423
-201.51959438870293
-110.11959438870275
-490.31959438870683
-1038.519594388702
110.68040561129676
-291.1195943887035
-508.51959438870415
931.6804056112983
1123.4804056112912
986.6804056112901
509.08040561129604
243.28040561129723
-186.71959438870613
-42.51959438870468
-391.7195943887027
-1773.9195943887094
-410.31959438870103
574.8804056112972
163.0804056112959
-19.719594388702408
210.28040561129345
422.8804056112931
604.6804056112875
555.6804056112965
1203.2804056112973
625.0804056112912
388.48040561129335
944.2804056112992
671.6804056112958
-502.91959438870623
-553.119594388699
439.88040561129566
55.6804056113
233.2804056112951
-600.1195943886995
-399.3195943887017
290.48040561129574
-714.5195943887015
-472.3195943887046
982.880405611286
951.880405611293
423.08040561129826
125.88040561129817
513.6804056112957
-374.31959438870206
-427.1195943887069
-502.31959438870547
-905.1195943887054
-506.51959438870404
25.880405611294037
145.0804056112953
421.6804056112991
359.0804056112974
-114.51959438870685
157.68040561129612
710.880405611299
267.88040561129577
30.48040561129513
623.0804056113014
927.0804056112926
353.68040561129857
17.480405611297176
6.88040561129575
484.080405611294
-249.91959438870526
-505.71959438870425
-1264.5195943886956
-602.9195943887154
-409.5195943887022
-229.51959438870213
27.680405611296788
807.4804056112866
1610.880405611294
739.0804056112972
366.48040561128886
128.6804056112946
-1431.7195943887025
-1420.3195943887006
-1285.9195943887053
-906.519594388704
-830.1195943887037
-769.319594388703
-1124.3195943887001
-531.9195943887065
279.4804056112995
-128.3195943887148
-553.9195943887036
644.2804056112954
-180.31959438870365
-285.7195943887058
412.08040561129314
178.68040561129783
-84.91959438870407
628.2804056112979
1073.4804056113012
300.68040561129703
-324.7195943887002
-443.9195943887017
-228.31959438870126
82.68040561129588
-419.51959438870426
-134.31959438870246
275.0804056113001
746.4804056113034
1578.680405611303
827.6804056112912
422.8804056112928
335.2804056112968
-742.3195943887108
-452.31959438869984
-1091.1195943887071
-1269.3195943887029
-446.1195943887074
-585.919594388699
-651.5195943887071
73.48040561129615
206.88040561129625
256.0804056112963
-394.71959438869897
164.08040561130068
-66.91959438870394
-322.1195943887036
-386.71959438870397
-567.5195943887061
-564.7195943887031
-386.7195943887077
240.88040561129728
421.28040561129626
55.08040561129781
-315.7195943887009
-217.71959438870357
118.28040561129471
325.6804056112977
309.88040561129895
704.480405611294
1578.2804056113023
539.8804056112932
831.4804056112906
404.48040561129943
1140.2804056112982
845.0804056112976
60.88040561129861
-509.71959438870556
-1137.519594388703
-490.1195943887054
-944.7195943886991
-823.7195943887041
-332.1195943886998
-259.51959438870415
56.48040561129588
-420.1195943887064
-513.1195943887026
-305.31959438870564
-361.91959438870134
-340.919594388702
-540.9195943887029
-220.71959438870562
-328.31959438870416
-640.3195943887023
-104.91959438870458
-154.51959438870378
-995.9195943887057
-1061.9195943886994
-664.1195943887019
-28.51959438870579
719.2804056112977
1131.280405611301
1782.6804056112858
1498.4804056112757
1585.080405611291
209.4804056112929
-535.9195943887029
-112.51959438869892
-437.3195943887021
-100.51959438870293
-385.1195943887036
-410.51959438870347
-496.51959438870307
-629.3195943887062
297.6804056112986
43.08040561129625
-233.31959438870558
-200.51959438870372
-150.71959438870377
400.28040561129455
-8.31959438870319
-99.91959438870376
-381.11959438870247
-132.31959438870499
-137.71959438870442
82.2804056112961
-187.91959438870362
-529.1195943887021
-692.5195943887035
-347.5195943887032
-158.71959438870087
159.88040561129387
1016.8804056113025
1396.080405611281
1891.4804056113085
1206.2804056112923
1270.8804056112947
616.6804056113018
132.68040561129519
25.08040561129782
539.0804056112933
639.880405611296
115.2804056112966
184.08040561129462
-109.9195943887053
-517.9195943887001
186.4804056112955
-51.71959438870673
-584.1195943887067
-495.9195943887065
-96.31959438870314
-49.91959438870434
-898.3195943887055
-511.7195943887049
-733.3195943887049
-691.7195943887091
282.2804056112971
-25.71959438870295
-487.7195943887048
-663.3195943887082
-117.31959438870551
40.680405611298475
104.8804056112998
728.4804056112932
1371.4804056112966
1525.8804056112895
1848.880405611304
787.4804056112869
1112.080405611295
1338.0804056112845
1069.0804056112895
234.280405611294
536.8804056112981
310.68040561129794
-570.3195943887042
125.08040561129653
364.28040561129495
-349.9195943887044
-284.7195943887072
-147.91959438870424
-95.31959438870611
-82.1195943887021
310.0804056112967
49.280405611297205
-498.1195943887047
-69.71959438870427
-12.719594388703769
-84.31959438870426
-267.7195943887055
-555.5195943886995
-632.3195943887044
-601.919594388703
-230.11959438870704
-214.119594388706
-77.11959438870403
767.6804056112951
1400.6804056112887
1339.680405611295
1298.0804056112872
1341.8804056113022
1660.0804056113054
1589.4804056112914
789.680405611294
19.480405611297734
-133.31959438870962
-441.71959438870414
-841.7195943887017
-460.91959438870543
-309.7195943887033
-225.5195943887091
-4.719594388708051
102.48040561129707
-149.51959438870367
-433.1195943887023
-455.119594388703
-142.9195943887045
-495.31959438870683
-194.51959438870395
410.48040561129784
-0.7195943887031646
-172.71959438870334
64.88040561129638
-265.91959438870174
-748.7195943887017
-72.71959438870435
352.6804056112975
511.2804056112991
1187.0804056112975
1910.0804056112947
1489.4804056112985
1101.4804056112907
2040.280405611294
2060.480405611305
1615.4804056112885
1259.4804056112891
434.8804056112929
-147.71959438870175
-438.3195943887006
-411.11959438870497
-418.51959438870256
-238.51959438870352
-521.9195943887032
-820.5195943887032
-231.11959438870403
-16.119594388701216
-427.51959438870443
-916.1195943887033
-610.1195943887067
-490.1195943887043
-218.51959438870392
157.48040561129528
-25.31959438870433
252.28040561129757
191.88040561129526
-105.5195943887027
-385.1195943887025
-113.51959438870435
276.8804056112983
746.6804056112894
1031.2804056112975
1401.280405611284
1618.2804056112943
1604.8804056112838
2223.680405611295
1784.880405611283
1842.080405611303
1559.0804056112988
614.8804056112979
161.88040561129603
-534.519594388705
-793.3195943887064
-576.5195943887028
-313.1195943887036
-888.119594388709
-1600.919594388715
-655.9195943887048
260.08040561129405
351.4804056112983
-3.319594388705653
-246.71959438870292
97.4804056112981
529.4804056112961
701.6804056112893
702.0804056112969
659.0804056112937
435.2804056112968
308.4804056112996
87.48040561129407
160.68040561129737
401.2804056112944
684.880405611298
672.2804056112936
1122.8804056113
1585.6804056112846
1593.4804056112928
2209.280405611294
1712.4804056112907
1670.880405611297
1345.6804056112883
277.88040561129725
89.68040561129791
-317.51959438870466
-860.3195943887032
-502.71959438870414
-160.31959438870382
-350.51959438870307
-828.719594388708
-483.11959438870304
-111.71959438870405
-623.3195943887054
-974.9195943887077
-793.9195943887061
-1233.5195943887054
-1220.3195943886985
-830.7195943887066
-935.3195943887043
-922.519594388704
-738.519594388704
-369.91959438870407
-630.3195943887046
-521.7195943887045
-388.1195943887062
-235.31959438870194
84.48040561129288
597.2804056112972
1298.0804056112909
1388.280405611304
