-101.24643424352266
245.15356575647854
-4.446434243523058
41.15356575647979
366.95356575647963
172.95356575647872
-27.44643424352138
-120.84643424352035
-114.44643424352232
-404.6464342435217
-697.0464342435193
-561.4464342435225
-0.44643424352296535
207.75356575647868
114.55356575647895
-167.8464342435226
-238.84643424352225
-315.6464342435216
-18.84643424352139
15.153565756477526
-326.4464342435221
-425.4464342435233
-606.8464342435215
-434.8464342435206
-253.246434243522
-178.44643424352077
-289.84643424352237
-146.64643424352082
-10.846434243521209
-80.04643424352099
-133.64643424352312
-23.4464342435212
274.55356575647863
465.7535657564779
335.35356575647825
153.75356575647973
612.9535657564784
679.1535657564759
275.55356575647886
209.35356575647575
206.95356575647867
-86.44643424352199
-233.64643424352067
-137.8464342435227
392.95356575647855
413.35356575647666
492.75356575647913
353.3535657564795
101.35356575647829
-32.24643424352182
251.3535657564799
437.3535657564781
119.55356575647778
-221.04643424352292
-462.0464342435219
-196.8464342435218
-155.64643424352113
-211.64643424352107
-259.04643424352065
-216.8464342435216
-86.2464342435219
220.7535657564773
-18.646434243521504
54.55356575647818
459.35356575647927
160.35356575647936
2.953565756478355
-168.84643424352146
-23.646434243521767
450.55356575648045
180.3535657564791
88.55356575648065
36.95356575647931
2.3535657564772805
-209.24643424352104
-409.0464342435208
-37.246434243522074
-325.84643424352305
-295.8464342435208
-102.64643424352286
-324.84643424352214
-300.8464342435204
-263.8464342435207
-197.4464342435225
-430.64643424352323
-564.0464342435242
-778.046434243523
-322.046434243521
-170.24643424352138
-286.2464342435211
-552.8464342435219
-257.0464342435206
110.3535657564815
-92.84643424351927
-356.44643424352216
-248.64643424351988
484.35356575647836
52.353565756477714
-7.446434243521139
-194.6464342435228
-19.846434243522467
291.9535657564793
418.5535657564792
398.7535657564782
257.7535657564799
132.15356575647743
-55.84643424352089
-72.4464342435223
-39.84643424352211
-415.6464342435223
-196.44643424352194
104.75356575647851
-187.84643424352043
-301.0464342435247
-324.64643424352437
-414.64643424352226
-707.6464342435228
-384.0464342435229
25.353565756478574
65.1535657564794
-123.04643424352193
-242.84643424352222
-578.0464342435215
-372.8464342435216
-116.64643424351993
-512.4464342435216
-774.4464342435249
-414.4464342435216
458.5535657564788
293.95356575648054
182.15356575647945
67.55356575647843
307.1535657564801
675.1535657564771
521.1535657564821
19.35356575647876
53.15356575647959
166.75356575647888
111.15356575647917
22.75356575647777
176.35356575647882
-0.2464342435208593
249.95356575647784
429.7535657564783
-308.6464342435236
-719.6464342435212
-541.0464342435255
-408.6464342435212
-243.04643424352224
-12.446434243521285
3.353565756477934
385.15356575647996
241.35356575647785
115.9535657564782
-45.84643424352156
-82.44643424352145
8.55356575648046
-363.84643424352174
-416.44643424352086
-8.846434243520974
331.9535657564798
404.95356575647946
224.15356575647928
189.15356575647948
368.3535657564783
451.9535657564785
221.95356575647753
63.55356575647884
53.15356575647934
-239.04643424352054
288.75356575647805
196.35356575647873
555.1535657564779
410.55356575647824
189.35356575647938
142.15356575647832
-390.0464342435207
-700.4464342435257
-499.0464342435214
-382.24643424352234
-353.6464342435215
57.353565756479185
-337.84643424352214
-52.64643424352217
-57.446434243521566
-248.0464342435219
71.15356575647922
116.95356575647935
-76.04643424352187
-148.44643424352122
-288.8464342435217
74.95356575647943
320.9535657564783
382.1535657564808
163.5535657564782
-29.846434243520463
228.55356575648057
296.5535657564784
280.7535657564795
483.95356575647844
449.9535657564788
37.1535657564785
377.353565756479
77.35356575647967
378.35356575647876
455.15356575648013
114.95356575647781
-416.24643424352075
-739.64643424353
-260.6464342435216
-134.0464342435207
-73.44643424352165
-10.246434243519754
224.55356575647681
-321.8464342435216
-669.6464342435211
-678.8464342435221
-445.0464342435209
175.95356575648012
96.9535657564788
-73.24643424352118
-217.4464342435217
-315.84643424352146
-41.64643424352136
277.55356575647954
496.95356575647855
96.55356575647804
1.7535657564784444
-314.64643424352215
151.35356575647907
455.35356575647893
605.1535657564788
846.1535657564807
364.95356575648015
169.55356575647983
-480.0464342435214
-227.0464342435198
227.15356575648178
-76.2464342435211
-171.84643424352285
-511.2464342435192
-667.2464342435194
-530.6464342435225
106.15356575647785
450.5535657564798
350.35356575647916
-557.8464342435209
-859.8464342435208
-716.4464342435231
-286.4464342435216
180.9535657564782
225.95356575647946
-2.846434243522232
-590.8464342435219
-410.0464342435227
-72.84643424352151
498.3535657564777
306.15356575647866
21.953565756479655
-184.8464342435223
-651.6464342435194
-36.44643424352228
243.15356575647843
200.55356575647778
659.9535657564768
589.553565756478
174.15356575647814
-551.0464342435221
-506.246434243522
-113.84643424352183
-117.44643424352108
-18.446434243520706
-422.0464342435204
-976.6464342435235
-876.2464342435229
-411.0464342435215
-214.04643424352284
-70.64643424352138
-655.4464342435206
-591.84643424352
-343.4464342435224
-48.24643424352203
-122.04643424352358
-57.24643424352216
176.35356575647833
-113.64643424352289
-244.84643424352262
50.15356575647707
740.5535657564793
372.55356575647977
390.1535657564797
130.95356575647781
-76.84643424352268
-83.44643424352034
18.553565756478406
-37.64643424352121
44.35356575647705
121.75356575647817
200.753565756477
-239.04643424352034
-679.8464342435221
-571.2464342435204
-399.24643424352416
-558.4464342435206
-524.4464342435242
-553.2464342435205
-846.046434243521
-1508.0464342435123
-1369.046434243515
-667.0464342435241
-752.4464342435217
-521.2464342435222
-361.0464342435229
-470.4464342435216
64.15356575647756
496.15356575647877
613.5535657564797
304.35356575647893
35.75356575647808
169.55356575647912
544.5535657564786
350.1535657564787
221.7535657564781
232.15356575648013
311.5535657564778
-126.0464342435223
290.9535657564786
817.3535657564765
327.95356575647844
278.5535657564795
351.95356575647827
-458.8464342435223
-534.4464342435217
-399.04643424352395
-604.046434243521
-558.646434243521
-481.04643424352577
-369.24643424352286
-370.446434243518
-1030.446434243521
-1302.6464342435129
-1137.8464342435261
-843.4464342435209
111.35356575647761
141.95356575647867
-530.6464342435197
85.95356575647835
705.9535657564813
596.3535657564792
421.35356575647904
-75.04643424352128
49.95356575647788
371.7535657564799
105.15356575647914
-231.84643424352168
-160.84643424352151
137.95356575647855
-295.04643424352247
-154.44643424352176
433.5535657564782
206.35356575647927
268.9535657564794
-102.84643424352225
-812.0464342435254
-761.6464342435238
-864.846434243518
-1021.2464342435223
-722.4464342435232
-498.846434243528
-1178.4464342435306
-1361.846434243527
-571.2464342435187
-531.6464342435237
-1084.6464342435213
-581.846434243523
492.7535657564765
441.1535657564774
90.75356575647861
123.75356575647712
607.953565756481
693.1535657564765
378.35356575647796
-309.446434243521
469.15356575647917
683.5535657564795
92.35356575647964
53.55356575647852
158.75356575647857
622.1535657564804
353.7535657564798
-161.44643424352168
-383.04643424352435
-391.0464342435233
83.35356575647803
173.95356575647804
-640.0464342435214
-482.04643424352224
-844.2464342435246
-1614.4464342435251
-1146.8464342435213
-930.8464342435228
-1377.6464342435227
-1530.4464342435213
-676.6464342435214
-748.6464342435233
-284.4464342435212
-138.44643424352066
248.95356575647924
357.15356575647814
295.1535657564803
-24.046434243522455
788.3535657564773
953.7535657564782
235.55356575647795
-25.846434243521344
835.9535657564783
779.9535657564791
134.15356575647792
121.75356575647754
390.9535657564792
627.7535657564802
497.55356575647875
234.15356575647763
-658.8464342435186
-698.0464342435199
-492.2464342435189
21.75356575647789
-619.4464342435219
-875.2464342435193
-1025.6464342435272
-1587.646434243523
-1883.0464342435253
-1362.4464342435213
-1132.446434243523
-1037.2464342435205
-1064.0464342435218
-846.0464342435197
-405.0464342435221
-719.4464342435214
-294.84643424352146
-495.84643424352237
-590.6464342435212
-127.84643424352181
646.7535657564797
1006.9535657564779
423.1535657564768
390.7535657564787
940.153565756477
909.9535657564795
374.1535657564812
-62.446434243521544
478.5535657564774
630.9535657564795
427.5535657564773
539.3535657564819
-12.046434243521329
-28.24643424352049
-324.64643424352147
-535.6464342435208
-335.44643424352233
-941.246434243517
-911.8464342435221
-279.44643424352336
-1064.6464342435245
-1275.04643424352
-785.4464342435177
-318.84643424352254
-206.84643424352078
-616.046434243524
-393.4464342435194
-170.44643424352103
71.35356575647833
-393.8464342435226
-693.2464342435217
291.3535657564774
779.3535657564813
441.5535657564786
397.9535657564794
515.1535657564742
116.75356575647825
64.55356575647909
-40.64643424352133
-543.4464342435231
77.75356575647677
287.55356575647943
240.9535657564808
550.5535657564809
270.5535657564781
47.75356575647744
-183.64643424352212
-700.6464342435199
-663.4464342435216
-1143.8464342435232
-1083.246434243523
63.35356575647724
-397.4464342435214
-1246.6464342435172
-1159.2464342435171
-904.0464342435171
-164.24643424352084
-99.04643424351913
101.55356575647772
134.3535657564816
-182.846434243521
-400.04643424351923
-555.6464342435207
19.75356575647871
58.353565756477906
-263.84643424352265
253.55356575647716
827.1535657564759
-49.64643424352125
-375.8464342435186
-463.4464342435251
-735.8464342435207
-207.84643424352112
236.35356575647705
746.5535657564831
948.5535657564791
492.95356575647776
-105.84643424352221
-158.846434243522
-143.6464342435218
-373.6464342435211
-558.0464342435204
-609.4464342435214
-259.6464342435205
-727.6464342435198
-1121.6464342435236
-1192.8464342435213
-1377.8464342435313
-786.0464342435217
-374.0464342435239
-412.84643424352106
-334.6464342435198
-108.64643424352167
-479.84643424352095
-513.8464342435232
-252.24643424351925
-435.4464342435217
160.95356575648026
1090.1535657564796
1262.9535657564818
421.95356575648054
62.75356575647823
-201.64643424352238
-296.4464342435204
-108.84643424352204
396.35356575647927
759.1535657564812
979.5535657564794
763.3535657564768
156.95356575647722
-183.84643424352103
-169.24643424352146
-668.6464342435223
-780.446434243523
-677.44643424352
-544.2464342435219
-544.0464342435191
-607.6464342435248
-1160.0464342435228
-1315.4464342435233
-1223.2464342435214
-1039.046434243522
-594.2464342435205
-28.646434243522215
150.35356575647734
-504.6464342435201
-494.4464342435215
-326.4464342435219
-241.64643424352266
570.1535657564793
872.1535657564806
363.3535657564783
34.953565756476934
-142.64643424352136
28.953565756478568
215.15356575648295
-47.446434243522155
-113.44643424352157
-186.64643424352394
99.55356575647744
332.9535657564794
113.7535657564766
-364.44643424352313
-352.64643424352045
-234.64643424352099
-587.046434243523
-568.446434243521
-462.44643424352364
-499.2464342435248
-890.046434243517
-1045.4464342435226
-875.846434243516
-971.4464342435217
-749.2464342435208
-415.64643424352084
-17.446434243520653
-178.4464342435204
-487.44643424352125
-322.04643424352076
-14.646434243521867
-244.8464342435221
13.753565756478295
320.9535657564785
13.753565756477572
31.553565756478086
-297.44643424352097
10.953565756477733
551.9535657564763
262.5535657564804
-81.24643424352219
-507.64643424352084
-137.8464342435225
-104.64643424352272
-394.446434243522
-1313.446434243527
-1222.04643424352
-307.8464342435212
-250.04643424352204
16.753565756476036
-320.4464342435204
-655.0464342435208
-843.0464342435193
-930.2464342435202
-718.0464342435309
-709.6464342435245
-420.24643424352575
-519.0464342435222
-318.64643424352045
-223.84643424352126
52.353565756477884
224.35356575647847
379.35356575647756
262.9535657564792
137.953565756479
197.15356575647823
323.7535657564788
456.1535657564765
-156.64643424352204
-126.64643424352276
366.95356575647884
390.55356575647926
-47.64643424352106
-713.6464342435248
-510.0464342435218
-389.24643424352223
-227.04643424352298
-771.6464342435212
-1027.846434243522
-1282.2464342435223
-805.6464342435183
-390.04643424352145
-997.6464342435236
-1330.2464342435248
-1369.4464342435278
-1085.2464342435167
-846.4464342435223
-794.6464342435236
-439.04643424352594
-339.4464342435234
-370.04643424352236
-95.44643424352232
487.1535657564768
352.75356575647777
257.3535657564785
-10.646434243522837
-167.24643424352314
77.55356575647815
283.75356575647794
322.7535657564779
208.95356575647844
325.153565756477
1055.5535657564797
1172.753565756482
481.95356575648134
35.75356575647699
390.7535657564793
225.1535657564787
-131.4464342435212
-426.64643424352147
-697.446434243523
-1318.2464342435208
-1431.6464342435247
-793.04643424352
-756.2464342435217
-874.2464342435227
-1287.646434243521
-1028.64643424352
-1006.2464342435231
-1679.64643424352
-753.8464342435219
-485.646434243523
-564.2464342435196
-225.6464342435273
-26.4464342435198
-558.0464342435191
-571.0464342435235
-107.4464342435223
61.553565756479045
401.35356575647836
298.55356575647824
160.55356575647804
176.35356575647955
38.15356575647883
501.3535657564788
1371.953565756476
1146.95356575648
894.1535657564791
871.5535657564778
-199.04643424352025
-618.8464342435215
-627.8464342435213
-690.0464342435224
-868.0464342435218
-461.24643424352206
-536.4464342435205
-506.44643424352216
-413.84643424352373
-759.8464342435215
-1021.6464342435255
-1101.446434243524
-1380.8464342435252
-784.2464342435226
-780.8464342435223
-1039.0464342435225
-605.8464342435216
-103.84643424352312
-482.8464342435216
-950.246434243523
-261.8464342435199
-56.24643424352235
351.9535657564807
267.15356575647917
-143.24643424352183
-188.44643424352074
239.55356575647778
217.1535657564773
1008.3535657564789
703.9535657564771
391.953565756477
71.95356575647929
-695.2464342435209
-606.6464342435221
-456.0464342435218
-513.646434243522
-119.8464342435208
214.7535657564767
-87.24643424352226
-364.64643424352124
-260.44643424352165
-485.8464342435246
-761.0464342435234
-693.4464342435216
-709.6464342435205
-476.04643424352076
-554.6464342435212
-902.4464342435213
-507.8464342435195
-321.84643424352
-358.44643424352313
-538.8464342435236
-54.64643424352159
54.95356575647841
54.15356575647824
111.55356575647816
-2.646434243520158
-148.44643424352162
508.5535657564784
237.95356575647853
476.55356575647824
298.9535657564789
-88.44643424352255
-157.046434243522
-593.0464342435217
-423.84643424352043
-72.84643424352186
-298.44643424351875
-341.84643424352106
-23.046434243522565
-547.846434243524
-777.0464342435201
-480.64643424352386
-274.6464342435225
-423.4464342435202
-322.84643424352146
-751.846434243522
-656.2464342435223
-336.4464342435231
-593.4464342435197
-195.64643424352147
136.35356575647867
-283.84643424352413
-102.04643424352129
-70.84643424352197
-97.24643424352357
225.15356575647823
353.15356575648025
485.3535657564752
129.75356575647868
2.953565756478575
-325.64643424352
187.95356575647838
496.3535657564785
-112.44643424352135
-247.84643424352222
-180.04643424352304
-39.246434243521165
18.55356575647849
-604.8464342435191
-640.2464342435188
-312.6464342435209
-576.8464342435176
-844.2464342435214
-360.44643424352194
-145.04643424352216
94.35356575647907
-74.84643424352437
-707.046434243517
-419.24643424352047
-140.2464342435231
-267.04643424352116
-297.44643424352086
157.95356575647816
-3.0464342435226595
356.75356575647817
407.1535657564778
200.15356575648167
420.5535657564728
512.1535657564793
396.5535657564798
-5.2464342435209055
315.7535657564772
391.753565756479
810.5535657564775
718.1535657564773
100.953565756479
-294.8464342435218
68.35356575647867
338.3535657564786
295.15356575647843
-473.0464342435218
-452.04643424352264
-93.44643424352303
-370.2464342435215
-325.2464342435218
56.75356575647861
-337.84643424352146
-234.2464342435198
-221.84643424352294
-149.24643424352237
-194.84643424352103
-633.846434243521
-669.8464342435211
-458.2464342435224
-480.8464342435215
-359.8464342435209
-6.046434243523139
465.5535657564788
76.95356575648039
383.353565756478
258.55356575647926
-190.64643424352187
-521.8464342435235
777.5535657564812
668.7535657564769
625.9535657564807
494.55356575647914
-38.24643424352157
-108.04643424352062
366.95356575647963
517.9535657564794
270.95356575647907
-416.4464342435211
-279.8464342435228
-16.846434243521752
81.75356575647882
5.753565756479144
37.553565756479856
-433.2464342435209
-369.046434243521
-107.44643424352157
157.35356575647748
-66.04643424352095
-414.6464342435223
-369.0464342435222
-302.84643424352146
-471.6464342435204
-381.8464342435214
-387.2464342435219
3.1535657564789794
51.553565756477894
229.3535657564795
3.9535657564776336
-137.84643424352132
-127.44643424352114
546.3535657564795
417.553565756479
552.9535657564786
247.3535657564796
128.75356575647865
187.9535657564777
288.35356575647927
-4.4464342435223045
31.35356575647843
-116.84643424352133
82.95356575647958
23.153565756478557
314.7535657564772
293.553565756478
1.153565756478315
-444.24643424352087
-124.44643424351952
100.153565756479
335.3535657564788
-58.24643424352094
-258.446434243523
-203.84643424352188
-498.2464342435213
-662.2464342435221
-754.2464342435196
-794.4464342435223
-390.24643424352234
26.15356575647849
-202.04643424352147
-487.0464342435228
-346.6464342435228
192.3535657564792
20.153565756478862
188.95356575647745
710.9535657564791
542.5535657564775
543.9535657564784
112.15356575647812
37.753565756478324
-252.64643424352062
20.753565756478714
190.95356575647793
-28.846434243521948
54.353565756478204
262.9535657564784
335.7535657564792
-48.046434243520366
-164.4464342435213
120.55356575647943
-20.24643424352101
325.1535657564786
-16.246434243522167
-490.0464342435214
-123.24643424352172
-129.24643424352226
-70.04643424352318
-186.44643424352293
-146.44643424352162
316.75356575647976
185.55356575647926
-125.246434243523
-229.6464342435242
-266.04643424352037
171.15356575647806
15.753565756478416
122.15356575647814
514.553565756479
904.3535657564798
733.9535657564777
172.7535657564785
133.75356575647982
-42.44643424352246
-150.44643424352216
-59.84643424352202
-190.0464342435236
74.5535657564791
82.5535657564788
-96.84643424352106
-67.64643424352177
65.5535657564771
253.35356575647842
134.3535657564772
418.553565756479
316.5535657564785
188.35356575647785
461.5535657564798
241.3535657564786
426.5535657564785
126.55356575647929
263.95356575647816
589.5535657564799
198.75356575647803
95.75356575647704
119.35356575647779
40.55356575647747
302.3535657564793
334.55356575647875
532.7535657564786
572.5535657564791
778.953565756478
537.5535657564803
260.3535657564793
167.95356575648012
-37.846434243520754
-142.44643424352137
-158.24643424352135
-226.04643424352022
-237.646434243521
-444.846434243522
-542.8464342435234
-160.44643424352304
-151.0464342435212
15.753565756477968
7.353565756478062
-73.24643424352135
-152.44643424351966
139.55356575647744
134.3535657564789
-232.64643424352158
-79.4464342435225
-256.0464342435209
-194.24643424352163
-92.24643424352212
156.35356575647882
528.7535657564787
138.95356575647727
-133.64643424352016
55.553565756478804
-228.84643424352174
-575.2464342435171
-523.2464342435226
-207.6464342435225
-378.4464342435215
-540.2464342435228
-529.2464342435197
-541.8464342435187
-780.0464342435193
-881.846434243523
-872.8464342435176
-405.8464342435182
-194.04643424352165
-340.04643424352133
-723.4464342435194
-760.6464342435211
-718.846434243521
-322.44643424352125
-261.8464342435215
-688.6464342435191
-836.2464342435192
-975.4464342435205
-804.6464342435212
-665.046434243522
-510.04643424352275
-627.2464342435193
-623.6464342435203
-519.2464342435194
-457.6464342435188
-499.8464342435179
-417.6464342435205
-180.84643424352055
-7.046434243521986
-319.8464342435218
-603.8464342435212
-189.24643424352297
-122.24643424352232
-380.4464342435233
-182.0464342435227
-160.44643424352256
-386.44643424352176
-286.44643424352387
-352.446434243519
55.55356575647735
179.7535657564787
252.35356575647816
-14.646434243522108
-295.44643424352154
-361.8464342435211
74.75356575647987
327.1535657564784
-107.24643424352121
-525.8464342435204
-785.246434243521
-481.24643424352246
-425.84643424352083
-362.8464342435214
-399.2464342435217
-438.04643424352304
-449.8464342435206
-136.6464342435218
-384.24643424352206
-324.8464342435213
5.153565756478443
-328.64643424352005
-685.646434243524
-992.646434243524
-905.0464342435229
-345.04643424352327
-466.04643424352076
-223.04643424352236
-112.24643424352236
-135.24643424351981
-168.8464342435229
-473.04643424351985
-251.04643424352025
-367.8464342435202
-236.04643424352292
-154.04643424352213
-327.24643424352223
-235.84643424352205
-82.44643424352043
6.953565756478824
-457.44643424352137
-707.8464342435229
-1042.6464342435202
-484.0464342435215
-269.24643424352246
-280.446434243521
-560.4464342435226
-311.2464342435222
-180.64643424352136
-403.6464342435216
-662.8464342435183
-637.2464342435208
18.35356575647873
-354.6464342435243
-565.2464342435198
-849.0464342435245
-765.2464342435219
-404.4464342435207
-136.04643424352213
97.95356575647905
138.15356575647897
96.5535657564799
-23.046434243521496
-212.2464342435224
-395.04643424352116
-602.8464342435235
-190.84643424352063
98.35356575647796
-1.0464342435213325
34.353565756478076
59.35356575647936
-89.04643424352238
-658.446434243521
-521.2464342435203
-313.24643424352166
-128.2464342435229
-186.84643424352174
-204.0464342435212
-620.4464342435194
-440.44643424352034
-322.84643424352294
-686.0464342435215
-971.4464342435232
-738.4464342435208
37.153565756478145
-58.64643424352312
-314.8464342435232
-483.6464342435215
-279.4464342435216
139.3535657564783
139.95356575647781
-232.44643424352205
-97.04643424352159
133.55356575647875
112.15356575647911
-152.8464342435226
-292.0464342435202
-426.6464342435223
61.35356575647745
456.3535657564798
-20.246434243520348
-252.8464342435208
-59.046434243521176
-32.246434243520895
-92.84643424352319
-82.84643424352213
-232.44643424352032
323.3535657564787
213.95356575647776
119.55356575647782
-180.04643424352287
-300.646434243522
-219.04643424352258
-429.04643424352366
-442.24643424352274
-119.04643424352179
124.553565756479
101.15356575647942
-302.24643424352297
-391.64643424352084
-222.04643424352065
-40.646434243522705
-217.44643424352017
-200.24643424352067
-134.44643424352122
-387.84643424352214
117.15356575647925
-119.4464342435235
84.9535657564775
-32.24643424352086
5.353565756478346
288.753565756478
-34.64643424352049
-249.44643424351978
-22.846434243520154
39.553565756478214
-106.24643424352192
141.35356575647955
-165.44643424352205
164.5535657564782
188.1535657564786
-94.6464342435218
18.953565756478604
-115.44643424352194
-271.4464342435234
-185.84643424352262
-368.6464342435225
0.15356575647776793
228.15356575647877
64.35356575647765
-321.2464342435216
-562.846434243522
-433.64643424352136
-294.2464342435226
-231.44643424352216
184.753565756478
242.75356575647814
-214.24643424352152
182.35356575647785
-253.84643424352245
-2.0464342435211123
208.75356575647842
155.75356575647822
-217.8464342435206
-364.846434243525
100.55356575647895
241.95356575647844
308.1535657564776
277.75356575648084
439.15356575647536
43.153565756478734
-286.6464342435233
-320.64643424352397
-212.0464342435221
173.5535657564784
-156.84643424352188
-391.44643424352154
-386.64643424352164
-643.2464342435226
-314.4464342435236
87.35356575647842
77.15356575647657
-384.04643424352287
-561.0464342435228
-939.0464342435207
-452.2464342435207
-94.44643424352148
262.1535657564756
551.1535657564787
100.15356575647866
55.95356575647781
-544.4464342435206
-231.84643424352168
184.15356575647888
-29.446434243521903
-21.246434243522245
-140.44643424352122
-222.84643424352197
-113.44643424352239
498.95356575647827
785.553565756481
711.1535657564797
-90.84643424352126
-467.0464342435215
-485.24643424352206
-22.446434243521757
230.55356575647733
7.153565756477661
-360.0464342435227
-908.6464342435214
-825.4464342435177
-473.4464342435215
198.35356575647816
-219.64643424352337
-613.2464342435169
-881.0464342435228
-1321.6464342435158
-622.6464342435204
-230.44643424352122
-48.846434243520996
506.95356575647804
531.5535657564781
250.7535657564785
-306.04643424351934
-85.84643424352129
194.15356575648028
237.55356575648022
382.55356575647966
41.753565756479695
-354.0464342435239
-227.0464342435227
197.55356575647903
360.3535657564792
494.95356575648054
-146.4464342435232
-147.44643424352387
46.35356575647887
325.3535657564785
-3.8464342435210312
-251.6464342435232
-162.84643424352177
-543.6464342435216
-769.646434243522
-425.84643424352237
391.5535657564786
-206.64643424352167
-357.64643424352323
-712.6464342435214
-924.8464342435208
-809.0464342435226
-545.0464342435184
-321.6464342435218
-24.44643424352207
340.7535657564785
563.1535657564779
129.55356575647795
-148.04643424352193
40.35356575648034
352.3535657564789
133.15356575647888
214.55356575648017
333.1535657564793
163.35356575647845
-561.8464342435221
-478.6464342435216
24.55356575647849
-176.84643424352183
100.95356575647764
205.953565756479
-78.0464342435219
-34.24643424352204
6.353565756478446
38.9535657564784
-364.0464342435222
-689.4464342435216
-309.2464342435227
245.95356575647799
-189.64643424352312
-605.4464342435233
-725.0464342435196
-666.8464342435203
-1005.4464342435252
-508.84643424352004
332.9535657564779
232.1535657564786
445.55356575648
772.35356575648
31.95356575647667
70.55356575647889
338.35356575648024
342.35356575647944
475.35356575647785
639.3535657564786
791.5535657564766
807.3535657564837
150.3535657564804
-206.24643424352155
-350.8464342435232
-181.64643424352062
746.9535657564797
579.7535657564791
-352.8464342435215
-220.44643424352094
-140.84643424352274
-383.84643424352123
-523.8464342435212
-951.2464342435238
-570.4464342435214
22.153565756478443
-294.44643424352364
-892.2464342435206
-1106.44643424352
-955.2464342435188
-1305.2464342435228
-1011.8464342435238
-20.846434243522076
213.95356575647884
515.7535657564787
482.9535657564764
-69.44643424352088
14.753565756480903
41.753565756478636
150.75356575647828
501.7535657564779
754.353565756478
125.75356575647918
-100.84643424352191
595.1535657564777
550.5535657564744
-249.24643424352112
-5.246434243520561
892.9535657564771
515.1535657564779
-203.64643424352286
-630.2464342435215
-632.0464342435249
-664.8464342435232
-821.6464342435179
-1226.6464342435268
-174.84643424352393
341.35356575647904
-117.64643424352056
-440.24643424352075
-666.0464342435212
-547.446434243521
-811.6464342435203
-1024.8464342435198
-711.6464342435211
-179.2464342435223
582.1535657564791
905.753565756478
245.15356575647718
506.95356575647855
368.75356575647936
-245.64643424352317
312.35356575647774
455.7535657564781
59.353565756478595
-86.44643424352095
597.5535657564784
273.95356575647656
408.55356575647767
415.7535657564799
507.55356575647716
213.95356575647716
-248.04643424352082
-943.4464342435225
-518.2464342435215
-396.4464342435218
-890.2464342435218
-887.6464342435206
329.35356575647785
629.7535657564775
14.553565756477603
-227.04643424352258
-204.24643424352166
-447.04643424352105
-605.446434243523
-488.4464342435234
-909.6464342435182
-552.2464342435227
-89.24643424352104
625.3535657564787
279.15356575647803
310.5535657564802
379.953565756479
-142.44643424352202
-283.2464342435224
348.15356575648207
703.95356575648
704.1535657564806
337.35356575648086
290.353565756478
411.7535657564769
18.753565756478416
355.75356575648016
-199.8464342435204
-857.0464342435213
-700.0464342435231
-428.046434243525
-127.64643424351966
-455.4464342435212
-464.4464342435246
426.35356575647995
847.9535657564794
218.5535657564789
-381.4464342435231
-11.846434243519695
-256.6464342435212
-524.6464342435235
-109.24643424352071
-268.6464342435224
-2.0464342435210012
-54.64643424352126
-16.646434243520858
574.3535657564782
313.7535657564784
516.7535657564763
1206.7535657564772
655.5535657564772
694.7535657564803
1197.1535657564839
1326.9535657564763
1321.1535657564748
842.1535657564771
642.5535657564765
730.5535657564801
945.5535657564756
203.15356575647758
-658.4464342435213
-209.6464342435214
-117.44643424352056
-587.2464342435184
-590.2464342435206
-391.8464342435223
-505.84643424352157
-92.0464342435223
-275.4464342435222
-863.6464342435235
-275.6464342435211
-419.8464342435216
-645.0464342435207
-256.4464342435232
-141.44643424352233
224.55356575647755
206.35356575647896
-217.84643424352245
103.15356575647802
-133.04643424352128
173.95356575647838
1351.1535657564723
1173.9535657564782
580.7535657564799
789.353565756481
531.1535657564799
1193.7535657564772
1066.353565756483
891.753565756479
857.7535657564778
587.1535657564783
203.95356575647773
-431.6464342435216
-165.6464342435213
-320.8464342435203
-960.8464342435217
-531.8464342435229
41.153565756478905
-625.4464342435216
-499.4464342435199
-869.0464342435216
-1234.4464342435217
-666.0464342435217
-475.2464342435216
-232.84643424352168
-4.846434243520612
-152.84643424352114
-138.0464342435216
-2.4464342435209794
197.95356575647847
289.9535657564804
322.9535657564781
253.15356575647834
721.7535657564779
459.55356575647767
319.553565756479
488.9535657564789
-69.44643424352148
373.5535657564771
687.1535657564792
233.75356575647663
83.55356575648031
413.9535657564776
-40.6464342435205
-357.04643424352184
-188.04643424352213
-432.8464342435215
-79.4464342435202
613.7535657564808
681.3535657564773
-82.84643424352176
-118.64643424352133
-730.2464342435276
-762.8464342435203
-566.8464342435204
-122.64643424352197
232.9535657564791
446.1535657564771
235.35356575647694
-85.0464342435224
-246.04643424351733
49.153565756479594
-52.64643424352047
130.55356575647875
327.95356575648
525.9535657564788
582.353565756477
863.1535657564799
554.9535657564795
247.55356575647914
188.35356575647793
150.35356575647893
144.15356575647988
452.75356575647805
592.5535657564767
-17.246434243520987
-127.8464342435209
31.553565756477276
14.153565756479026
567.7535657564779
701.5535657564761
159.9535657564775
-194.4464342435209
-225.84643424352132
-527.6464342435223
-189.84643424352134
-447.64643424352215
-376.4464342435215
-149.4464342435209
122.1535657564783
214.9535657564794
83.15356575647871
-58.64643424352339
143.9535657564789
354.9535657564784
356.9535657564794
465.9535657564775
569.1535657564789
801.7535657564791
518.35356575648
406.15356575647814
589.7535657564778
407.9535657564796
184.5535657564776
206.75356575647743
374.9535657564791
81.75356575647906
21.753565756477528
102.55356575647863
265.7535657564775
-106.84643424352204
72.75356575647832
279.5535657564807
-105.64643424352137
-254.04643424352207
-530.8464342435241
-740.2464342435248
-111.44643424352172
-255.44643424352236
-329.24643424352314
-362.2464342435228
170.55356575647565
262.35356575647984
113.35356575647842
-565.6464342435223
-187.24643424352135
634.1535657564824
893.3535657564778
1214.953565756481
872.5535657564768
715.7535657564767
449.15356575647786
387.95356575648
745.3535657564801
648.5535657564775
553.553565756477
224.9535657564784
155.35356575647964
-19.64643424352112
276.1535657564773
312.15356575647854
453.7535657564794
321.3535657564782
180.55356575647872
41.35356575647774
16.153565756479026
33.753565756477855
-562.8464342435233
-996.8464342435234
-392.8464342435203
-139.64643424352175
-259.84643424352123
-580.6464342435241
-143.4464342435207
137.75356575647683
421.3535657564768
-94.64643424352076
-215.04643424352136
-276.0464342435215
390.553565756479
809.953565756477
62.15356575647937
-376.2464342435209
-477.4464342435221
-56.04643424352056
315.7535657564787
300.35356575647916
491.7535657564797
349.35356575647916
98.15356575647952
218.15356575647795
618.5535657564773
348.1535657564769
431.75356575647896
102.15356575647814
-171.84643424352154
-157.44643424352418
-87.24643424352163
-167.2464342435203
-411.04643424352173
-649.4464342435232
250.95356575647847
615.95356575648
267.75356575647777
84.95356575647874
573.9535657564805
455.35356575647984
114.35356575647855
56.55356575647731
3.953565756478458
-496.2464342435194
-500.64643424352136
120.75356575647713
82.15356575647796
-101.646434243521
-428.246434243522
101.95356575647959
292.75356575647777
-498.4464342435208
136.95356575647827
201.95356575647943
74.9535657564791
346.3535657564779
427.75356575647885
-125.64643424352079
-99.24643424352213
269.75356575648027
308.9535657564794
444.9535657564789
232.1535657564793
-248.8464342435205
-477.0464342435224
-1029.8464342435236
-294.8464342435246
812.3535657564778
802.5535657564772
717.9535657564761
823.3535657564759
-164.8464342435199
-578.8464342435205
-219.04643424352142
30.353565756479938
-123.64643424352181
344.3535657564786
157.55356575647772
169.55356575647946
335.75356575647794
248.95356575647924
220.55356575647855
110.35356575647721
-253.04643424352008
65.55356575647878
-56.44643424352142
-209.44643424352208
211.75356575647774
653.5535657564758
268.353565756476
-157.6464342435215
402.5535657564788
438.1535657564793
713.7535657564814
304.753565756478
-527.646434243522
-805.0464342435225
-806.4464342435225
-573.8464342435219
417.5535657564787
326.3535657564777
183.1535657564796
55.75356575647824
-583.2464342435204
-418.8464342435217
-168.44643424352188
31.353565756477217
529.9535657564775
948.3535657564815
606.1535657564793
311.7535657564794
473.9535657564802
681.1535657564762
508.5535657564817
393.55356575648017
254.55356575647954
288.1535657564788
40.75356575647807
-347.2464342435221
150.55356575647824
413.95356575647907
428.75356575647817
291.1535657564807
636.953565756479
535.9535657564793
424.15356575647576
32.753565756477585
-428.6464342435211
-744.6464342435224
-489.24643424351984
-484.8464342435226
-133.84643424352294
-140.04643424352292
-268.2464342435209
-59.64643424352266
-563.846434243521
-402.84643424351947
-42.646434243521114
-81.84643424352242
24.35356575647726
334.953565756479
-6.246434243522671
-83.646434243523
311.15356575647945
838.3535657564803
761.1535657564807
664.75356575648
40.55356575647899
-27.046434243523162
128.9535657564799
-268.0464342435218
171.9535657564809
575.3535657564788
205.953565756479
434.9535657564796
517.1535657564783
214.15356575647849
246.15356575647678
49.55356575647924
-109.4464342435222
-606.4464342435227
-928.6464342435215
-969.446434243516
-324.8464342435214
176.15356575647695
-178.8464342435223
-150.04643424352253
-231.64643424352064
-58.246434243522884
165.35356575647828
-342.24643424351825
-349.24643424352195
-46.24643424352122
-114.4464342435219
-145.2464342435205
432.5535657564799
771.3535657564828
978.1535657564804
726.5535657564786
-57.84643424352139
120.15356575648079
268.15356575647786
50.15356575647768
-6.646434243519604
424.7535657564806
264.3535657564789
682.5535657564817
840.9535657564787
390.9535657564802
286.75356575647714
82.75356575647925
-262.2464342435219
-704.6464342435206
-559.4464342435218
-249.8464342435212
339.9535657564775
410.55356575647954
68.95356575647807
-113.24643424352215
202.35356575648012
448.95356575647804
515.7535657564808
-110.44643424352009
-49.04643424352392
234.95356575647946
17.953565756478383
185.95356575647847
564.5535657564825
267.35356575647813
391.75356575647874
421.75356575647857
460.35356575647944
318.95356575647895
-157.84643424352177
-226.24643424352217
-80.84643424351943
-36.64643424351985
61.95356575647864
398.5535657564807
808.7535657564781
248.75356575647805
325.1535657564767
-105.04643424352349
-655.0464342435226
-1023.2464342435228
-9.446434243521118
136.1535657564797
299.3535657564773
233.15356575647832
-121.646434243521
2.7535657564808247
513.9535657564825
694.7535657564794
520.5535657564832
-155.04643424352204
38.153565756477946
270.1535657564815
389.15356575648025
295.9535657564794
419.5535657564783
64.75356575647858
96.5535657564791
488.1535657564775
810.9535657564779
536.5535657564789
107.55356575647961
3.353565756478279
73.75356575647842
32.753565756480086
142.95356575647747
3.1535657564786312
264.5535657564785
240.75356575647697
234.75356575647805
-235.0464342435232
-449.04643424351923
-593.4464342435217
-194.6464342435222
-84.44643424352181
230.3535657564781
-8.84643424352118
-74.64643424352266
79.7535657564785
257.5535657564801
154.75356575647885
278.15356575647894
75.15356575647893
260.35356575648007
99.953565756478
415.75356575647976
407.55356575648085
202.55356575647897
-168.04643424352128
82.15356575647819
427.55356575647727
776.1535657564733
396.153565756481
177.75356575647942
59.353565756479014
-170.04643424352128
-157.04643424352264
-249.64643424352352
-479.44643424352324
-212.44643424352216
149.75356575647942
-193.84643424352112
-748.6464342435216
-768.2464342435212
-436.6464342435218
-712.2464342435244
-274.64643424352244
356.35356575647955
131.35356575647788
231.5535657564779
-117.04643424352156
-60.04643424352186
-130.84643424352143
136.9535657564789
244.55356575647747
-24.44643424352227
10.753565756479052
262.7535657564793
414.3535657564765
25.95356575647851
-80.04643424352136
181.75356575648036
103.35356575647933
496.3535657564784
194.95356575647762
-239.84643424352194
-2.4464342435205424
16.55356575647842
262.15356575647945
102.75356575647886
-75.44643424352147
289.5535657564788
121.55356575647751
-248.8464342435215
-573.2464342435225
-763.4464342435202
-498.8464342435214
-778.8464342435261
-562.2464342435262
-14.246434243521435
408.15356575647746
294.5535657564784
-156.2464342435219
-81.64643424352259
-79.44643424352266
-175.24643424352203
-53.4464342435215
-227.0464342435249
30.353565756477742
51.15356575647799
-21.44643424352179
38.753565756477485
215.15356575647894
426.9535657564783
269.1535657564782
498.15356575648053
299.15356575647917
162.1535657564799
392.7535657564782
232.15356575647795
436.5535657564792
89.7535657564785
132.35356575647856
373.7535657564787
-42.246434243522145
-187.84643424352072
-267.4464342435217
-453.8464342435213
-323.44643424352256
-490.24643424352143
-257.24643424352234
-123.04643424352244
241.9535657564777
103.95356575647781
-59.44643424352141
-187.2464342435217
-378.84643424352186
-441.44643424352
-364.84643424352055
-416.04643424352173
-333.64643424352187
-524.646434243522
-536.4464342435247
-130.24643424352223
-114.8464342435216
161.75356575647768
173.55356575647767
140.5535657564793
-130.64643424352124
30.153565756477125
62.35356575647821
-288.04643424352065
-144.24643424351922
-354.6464342435213
-412.24643424352035
-314.6464342435209
-152.2464342435183
164.3535657564771
-199.8464342435216
-556.6464342435239
-479.6464342435223
644.5535657564767
271.75356575648016
280.75356575647834
547.5535657564791
399.5535657564801
317.1535657564783
277.75356575648004
233.55356575647946
38.75356575647875
-4.646434243522094
-23.246434243521932
346.9535657564786
532.3535657564773
407.5535657564767
28.953565756478312
13.353565756478588
59.35356575648085
518.1535657564804
448.95356575647844
3.5535657564801895
-27.84643424352127
-185.24643424352115
-128.2464342435211
-3.046434243519215
245.9535657564827
-4.046434243520046
-235.0464342435214
-114.64643424352147
128.95356575647926
275.7535657564774
418.3535657564797
612.3535657564805
732.5535657564791
286.1535657564804
-96.84643424352369
242.1535657564782
447.5535657564793
278.75356575647925
415.5535657564759
382.5535657564776
156.15356575647982
277.3535657564792
194.95356575647875
512.553565756478
622.7535657564757
705.7535657564746
419.15356575647604
128.35356575647833
85.35356575647629
541.7535657564766
697.353565756477
342.1535657564778
37.75356575647889
-151.8464342435204
130.55356575648
135.55356575648221
185.35356575647688
146.3535657564813
-66.0464342435202
-111.84643424352134
359.5535657564783
374.9535657564805
547.7535657564781
845.3535657564742
286.15356575648093
-262.6464342435213
-673.8464342435211
-650.8464342435203
-5.446434243520315
110.95356575647753
374.95356575648
402.7535657564788
363.3535657564797
341.35356575648007
-95.04643424352128
44.553565756479884
-7.246434243521115
58.55356575647882
164.95356575648063
32.95356575647958
190.15356575648212
305.35356575647904
332.55356575647465
-45.64643424352127
-159.0464342435208
-476.64643424352244
-17.24643424352071
147.75356575647848
113.55356575648095
-155.64643424352252
81.95356575647963
138.35356575647955
-21.84643424352072
-30.0464342435206
254.95356575647833
875.753565756478
172.55356575647914
-144.64643424352124
-472.04643424352025
-519.0464342435214
-177.84643424352234
322.9535657564783
566.3535657564815
545.7535657564786
565.1535657564779
463.75356575647925
58.75356575647792
-229.24643424352178
-357.24643424352234
-19.24643424352177
302.95356575647895
302.15356575647786
485.55356575647977
533.9535657564778
326.153565756478
-297.6464342435208
-126.24643424352061
43.153565756479615
93.15356575648028
-126.04643424352113
-135.84643424351975
-489.6464342435216
-244.24643424352195
-82.24643424352135
-344.2464342435223
-385.0464342435222
145.55356575647838
924.9535657564775
494.3535657564768
177.95356575647875
32.95356575647841
115.5535657564777
430.55356575647875
496.15356575648144
216.15356575647965
309.5535657564781
583.7535657564767
589.5535657564793
160.15356575648033
-105.64643424352144
-255.64643424352153
178.75356575647987
530.5535657564827
113.75356575647803
8.553565756478768
362.9535657564781
416.3535657564812
166.15356575648
73.15356575647874
-68.84643424352146
420.3535657564802
194.95356575647892
178.35356575647938
-140.04643424352173
-278.84643424352265
14.753565756480128
-30.446434243521665
197.7535657564799
810.5535657564797
1095.7535657564792
670.3535657564748
259.75356575648027
303.55356575647704
359.15356575647866
200.75356575647794
-119.0464342435214
-16.446434243521722
243.15356575647868
21.1535657564784
469.75356575647913
137.15356575647982
270.7535657564797
145.35356575647972
153.9535657564795
310.9535657564788
57.353565756480194
-47.246434243521826
244.35356575647614
282.3535657564795
-97.24643424352092
180.3535657564801
-30.446434243521786
181.75356575647925
110.95356575647958
-37.04643424352185
51.953565756479705
-102.04643424352079
82.95356575647901
273.7535657564779
238.5535657564794
790.55356575648
1040.9535657564754
569.5535657564767
122.75356575647865
19.95356575647846
52.553565756480715
-107.64643424352164
-234.4464342435225
81.35356575647856
300.5535657564807
-1.4464342435208195
444.5535657564799
10.553565756478655
288.5535657564787
585.9535657564779
498.5535657564816
22.153565756478216
-121.6464342435192
416.9535657564813
482.153565756476
448.3535657564769
285.7535657564776
537.1535657564775
285.75356575647896
-169.84643424352012
-297.0464342435208
-10.046434243521702
291.7535657564784
2.753565756480171
80.15356575647908
212.35356575647944
91.55356575647953
485.1535657564832
857.5535657564797
605.9535657564785
118.35356575647785
34.95356575647827
-463.04643424352
-117.44643424352054
189.35356575647785
285.55356575647727
393.15356575647957
76.95356575647949
247.5535657564785
-189.84643424352126
221.1535657564779
726.1535657564834
368.55356575647875
275.7535657564809
104.35356575647852
-41.046434243520295
63.9535657564799
628.1535657564785
827.7535657564829
849.7535657564795
155.55356575647977
-330.4464342435214
-414.84643424352214
85.75356575647967
288.7535657564777
171.5535657564793
20.75356575648155
-390.64643424352215
-24.246434243521545
395.9535657564825
1089.7535657564772
397.9535657564805
68.15356575647841
-158.84643424352294
-750.6464342435239
-255.24643424352215
158.55356575647906
148.75356575647686
339.15356575647843
242.55356575647815
262.35356575647995
-61.04643424352219
312.9535657564776
645.7535657564792
635.9535657564793
717.1535657564809
244.95356575647725
-249.2464342435223
-88.4464342435208
345.5535657564793
399.55356575647903
659.1535657564798
159.3535657564785
57.55356575647883
134.35356575647884
478.75356575647817
188.75356575648385
-80.24643424352124
74.35356575647978
-229.24643424352132
-180.04643424352236
392.1535657564794
1277.5535657564835
555.5535657564798
425.9535657564803
22.95356575647731
-423.6464342435214
-469.84643424351975
-248.44643424352233
-194.04643424352176
-251.4464342435209
-32.84643424352219
376.55356575647875
260.15356575647985
128.35356575647532
354.55356575647687
751.9535657564799
535.7535657564769
423.7535657564796
348.3535657564799
215.9535657564805
-401.2464342435216
-327.04643424352156
152.7535657564789
35.153565756478585
259.7535657564784
379.95356575647924
304.5535657564783
474.75356575647754
349.15356575647957
350.3535657564805
-14.646434243521163
-48.44643424352107
369.9535657564775
1001.1535657564775
688.3535657564838
240.753565756478
-65.44643424352157
-257.04643424352554
-555.8464342435208
-139.04643424352042
412.55356575647806
-0.046434243522860186
124.1535657564781
486.5535657564783
29.353565756479306
97.35356575647475
552.9535657564794
734.9535657564794
788.1535657564734
757.1535657564759
889.9535657564821
944.9535657564817
372.5535657564785
88.95356575647993
-251.04643424352147
-122.44643424352066
714.3535657564792
560.1535657564802
-61.246434243522266
362.5535657564806
317.95356575647804
23.353565756477387
-69.04643424352102
-273.6464342435214
95.55356575647872
809.153565756476
643.7535657564821
-88.4464342435223
-528.2464342435211
-671.4464342435242
-1010.446434243518
-625.2464342435228
95.15356575647884
93.15356575647836
245.9535657564793
147.15356575648275
-261.04643424352093
-200.84643424351825
37.95356575647986
385.9535657564797
620.9535657564796
598.353565756476
53.353565756482666
-172.44643424352068
579.7535657564794
591.7535657564807
-391.0464342435204
-287.4464342435212
568.9535657564795
274.353565756479
-183.44643424352088
-351.64643424352084
-287.846434243522
-188.8464342435221
-265.24643424352234
-595.246434243517
554.9535657564795
1361.7535657564783
942.5535657564822
400.753565756478
-101.64643424352535
-375.44643424352034
-682.4464342435199
-625.6464342435197
-473.8464342435206
-308.64643424352005
327.15356575648013
556.353565756475
-147.6464342435214
93.95356575648202
122.35356575647785
-334.246434243521
118.75356575647777
85.75356575647781
-332.6464342435199
-511.2464342435212
182.95356575647997
-21.046434243519656
54.15356575647945
-183.0464342435209
-100.44643424351996
-195.44643424352088
-440.44643424352034
-948.2464342435193
-373.0464342435205
-25.446434243521622
-358.84643424352123
-370.24643424352274
1008.7535657564775
1720.9535657564732
1209.5535657564767
684.9535657564724
264.3535657564793
-516.6464342435216
-674.6464342435235
-266.6464342435215
-813.4464342435215
-764.2464342435226
-345.0464342435221
243.35356575647842
-190.84643424352188
-242.24643424352237
-22.046434243519833
-461.84643424352225
-776.2464342435226
-260.6464342435198
93.35356575647945
60.153565756479125
-390.8464342435217
-340.8464342435238
-175.64643424352195
-602.8464342435213
-266.24643424351996
-647.2464342435226
-1097.0464342435216
-859.6464342435233
-624.6464342435211
-148.24643424352132
-226.8464342435223
-131.246434243522
900.1535657564774
1673.5535657564753
1268.9535657564734
435.7535657564773
359.75356575648027
-375.4464342435227
-808.2464342435212
-222.44643424352165
-517.8464342435219
-580.4464342435224
-523.4464342435223
-527.6464342435215
8.553565756478847
-274.4464342435216
135.75356575647973
823.1535657564796
50.15356575647922
-41.64643424352043
425.1535657564778
511.95356575647776
442.95356575648054
-44.04643424352313
-291.44643424352364
-46.44643424352222
313.9535657564777
-226.84643424352257
-1002.2464342435201
-618.8464342435211
-603.24643424352
-877.4464342435165
-746.2464342435258
-487.0464342435218
-427.24643424351905
410.5535657564774
762.153565756482
-48.84643424352135
146.1535657564787
-446.6464342435228
-975.0464342435209
-727.8464342435216
-880.4464342435215
-559.2464342435221
-229.04643424352295
-646.6464342435261
-422.64643424352164
-618.8464342435216
-324.446434243523
751.153565756475
401.1535657564786
-265.6464342435211
145.35356575648052
-85.64643424352201
445.55356575647835
310.5535657564778
70.15356575647768
186.5535657564791
-0.04643424352091685
-206.64643424352286
-724.6464342435215
-637.0464342435199
-812.446434243522
-1338.2464342435198
-938.4464342435206
-278.24643424352126
-629.4464342435205
-56.04643424352483
107.55356575647816
-504.6464342435213
-499.84643424352225
-698.4464342435202
-559.0464342435213
-597.6464342435214
-932.8464342435249
-764.8464342435232
-275.6464342435219
2.7535657564781353
-10.646434243520083
-79.64643424352118
-317.6464342435224
53.753565756477904
-301.8464342435216
-465.0464342435206
-134.8464342435221
-682.646434243521
-297.24643424352035
278.75356575647925
-326.8464342435215
-467.24643424352126
-144.44643424352125
-410.04643424352383
-583.0464342435209
-540.0464342435216
-703.4464342435226
-220.4464342435216
492.75356575647976
553.5535657564807
45.153565756479054
407.5535657564792
138.15356575647849
-113.84643424352197
-371.6464342435218
-201.64643424352155
97.75356575647743
-45.846434243521244
-407.24643424352377
-651.8464342435234
-575.84643424352
-111.44643424352384
-278.84643424352214
-132.84643424352183
-113.44643424352174
-146.8464342435227
-294.4464342435231
54.95356575647623
-64.44643424352013
-361.4464342435212
-287.64643424352187
-106.64643424352107
-242.84643424352237
103.75356575647925
208.75356575647822
-382.4464342435234
-357.0464342435223
-141.84643424352063
-20.646434243521018
704.1535657564764
884.7535657564785
359.7535657564786
80.55356575647718
283.7535657564795
333.35356575648177
505.3535657564792
-112.84643424351987
-144.64643424352224
54.35356575647799
-120.04643424352156
-225.44643424352103
-251.04643424352167
-259.2464342435214
-1.846434243522971
42.553565756479344
92.55356575647815
135.95356575647875
-58.6464342435182
-115.84643424352132
-151.0464342435205
-105.44643424352215
59.55356575647661
-26.64643424352326
-151.24643424352058
-84.64643424352245
253.15356575647957
105.35356575647799
-11.446434243522003
29.953565756479268
200.75356575647777
24.55356575647662
485.3535657564783
703.153565756477
366.55356575648057
282.95356575647884
118.55356575647902
-8.246434243520948
380.7535657564752
-75.64643424352273
-238.64643424352076
-116.64643424352082
314.9535657564793
133.55356575648025
-61.446434243523264
-648.2464342435231
-257.04643424352116
395.1535657564818
575.55356575648
873.7535657564796
444.9535657564817
87.75356575647692
-131.44643424352077
-188.04643424352332
143.55356575647656
128.95356575647818
156.15356575647888
-61.04643424352169
175.95356575647693
115.95356575647878
346.553565756481
415.1535657564774
458.9535657564799
488.55356575647943
670.953565756479
544.9535657564783
649.5535657564776
643.9535657564807
54.15356575647803
-483.64643424352033
-108.04643424352028
-152.44643424352094
-404.44643424352216
-594.0464342435233
-5.846434243522207
121.55356575647693
197.95356575647838
-292.44643424352057
-378.4464342435215
-527.2464342435215
140.55356575647886
615.5535657564795
-201.2464342435211
-827.6464342435215
-1082.2464342435198
-707.44643424353
-313.246434243523
-257.84643424352026
-50.4464342435227
63.35356575647951
126.95356575647759
296.9535657564793
636.7535657564781
393.95356575647963
554.9535657564801
371.1535657564783
193.9535657564788
213.75356575647737
335.5535657564793
104.55356575647752
-89.84643424352132
-313.24643424351905
451.75356575648016
591.5535657564795
123.9535657564769
88.55356575647787
614.9535657564797
299.7535657564825
-98.84643424352147
-181.84643424352222
-226.24643424352166
-757.0464342435234
-698.6464342435179
16.353565756478147
-145.84643424352186
-545.4464342435219
-901.2464342435225
-455.64643424352323
-390.4464342435204
-1041.2464342435178
-404.64643424352204
-127.84643424352127
-19.84643424352218
171.3535657564785
211.35356575647816
-153.0464342435206
37.55356575647815
533.5535657564768
511.353565756479
679.5535657564799
332.35356575647745
-203.04643424352267
-393.8464342435224
-905.6464342435215
-186.64643424352136
806.7535657564766
816.5535657564831
939.1535657564782
1027.1535657564827
-112.04643424352199
-584.6464342435219
-262.8464342435219
-50.04643424352183
-232.44643424352122
180.15356575647863
-31.84643424352246
-45.64643424352214
94.55356575647768
-86.44643424352115
-189.64643424352187
-333.64643424352164
-531.0464342435209
-184.04643424352008
-250.84643424352134
-277.2464342435227
83.15356575647724
511.7535657564787
304.1535657564828
52.75356575647952
754.553565756476
757.5535657564786
1043.7535657564808
542.3535657564788
-479.44643424352205
-776.8464342435211
-857.446434243522
-545.2464342435217
404.95356575647975
417.5535657564781
473.95356575647776
483.353565756481
-165.44643424352168
-50.04643424352041
205.55356575648034
294.1535657564794
619.1535657564771
889.9535657564778
516.3535657564809
229.75356575647794
345.3535657564785
509.7535657564795
337.3535657564771
241.3535657564786
265.55356575647926
285.1535657564804
81.55356575647998
-334.04643424352093
112.35356575648075
344.15356575648
380.15356575647974
419.75356575647703
855.5535657564772
772.9535657564811
718.9535657564769
259.75356575647874
-469.04643424352145
-876.0464342435212
-689.046434243523
-571.4464342435209
-90.2464342435209
-2.446434243522127
44.7535657564802
382.55356575647875
-220.84643424352143
-43.64643424352174
326.35356575647967
216.95356575647895
184.95356575647867
262.9535657564793
1.1535657564781197
-67.84643424352129
191.15356575647954
683.5535657564795
651.5535657564742
546.1535657564793
-0.6464342435220818
-105.64643424351982
111.35356575647833
-406.84643424352095
22.153565756479736
506.95356575648134
177.15356575647914
459.9535657564803
525.7535657564782
244.75356575647822
207.15356575647658
-109.64643424352019
-369.6464342435208
-951.6464342435233
-1242.8464342435213
-1111.846434243525
-299.6464342435207
269.15356575647957
27.15356575647862
91.35356575647756
-191.8464342435205
-40.046434243520565
197.5535657564799
-225.24643424352195
-240.24643424352303
-16.84643424352117
46.753565756477734
-86.64643424352118
334.1535657564772
590.7535657564757
812.7535657564806
561.3535657564797
-226.64643424352158
62.953565756479
311.9535657564779
-106.24643424352135
-170.0464342435207
297.7535657564762
116.55356575647865
495.15356575647644
628.5535657564803
114.35356575647914
8.1535657564825
-205.84643424352117
-547.6464342435222
-988.2464342435183
-915.2464342435198
-486.84643424352487
272.3535657564788
511.35356575647904
279.7535657564802
71.55356575647872
95.35356575647901
308.9535657564782
478.35356575647955
-50.04643424352008
-8.44643424352066
353.95356575647884
282.153565756479
420.15356575648184
632.1535657564767
267.15356575647866
377.1535657564788
452.55356575647943
440.153565756479
498.9535657564813
113.75356575647771
-263.6464342435213
-196.04643424352122
-147.6464342435216
-119.8464342435217
202.15356575647897
586.9535657564803
-10.446434243518077
48.95356575647926
-373.84643424352197
-942.0464342435238
-1262.8464342435238
-357.2464342435219
-76.64643424352076
251.35356575647822
380.7535657564785
123.1535657564787
216.15356575648298
502.75356575647766
601.5535657564785
462.1535657564809
-103.64643424352192
154.5535657564803
420.7535657564776
666.5535657564748
552.5535657564799
559.1535657564826
225.95356575647844
124.75356575647778
453.7535657564795
841.553565756479
816.7535657564798
421.5535657564787
55.15356575647853
34.95356575647932
-96.24643424352155
-39.84643424352244
-167.6464342435213
162.75356575647942
80.9535657564808
54.153565756478756
-403.24643424352115
-671.2464342435202
-927.6464342435195
-574.0464342435213
-326.0464342435209
133.75356575647743
-19.44643424352102
-36.04643424352163
78.55356575647909
154.1535657564794
-19.646434243521707
105.95356575647861
109.3535657564802
459.9535657564795
352.95356575648105
674.3535657564807
561.3535657564769
263.1535657564776
11.953565756478575
89.75356575647908
354.35356575647904
811.753565756478
574.5535657564794
388.95356575647895
105.1535657564774
-176.64643424352118
-200.4464342435227
-309.8464342435218
-593.2464342435223
-205.44643424352108
62.553565756479756
-424.44643424352194
-802.4464342435172
-847.24643424352
-720.8464342435196
-1078.2464342435235
-648.4464342435249
26.553565756478907
-172.04643424352116
-30.246434243521954
-319.2464342435215
-287.4464342435227
-377.8464342435216
-78.24643424352192
194.15356575647857
137.353565756479
217.95356575647932
512.5535657564789
579.1535657564732
107.35356575647775
96.15356575647772
234.1535657564791
47.95356575647881
427.5535657564804
147.35356575647995
-252.04643424352204
-64.04643424352143
-9.846434243521069
237.9535657564796
34.75356575647807
-177.24643424352126
265.55356575647994
26.15356575647836
-416.04643424352224
-633.0464342435231
-821.6464342435258
-653.0464342435223
-1057.246434243519
-952.4464342435214
-484.0464342435234
3.3535657564782397
53.15356575647866
-269.64643424352136
-225.6464342435216
-226.44643424352137
-289.64643424352045
-56.646434243521234
-6.64643424352159
261.1535657564794
218.15356575647976
127.15356575647797
155.75356575647922
360.5535657564786
555.7535657564773
339.35356575647927
520.7535657564788
373.9535657564809
205.75356575647857
296.55356575647966
170.35356575647964
452.7535657564775
102.55356575647824
87.35356575647805
377.9535657564792
-74.64643424352059
-268.4464342435206
-324.04643424352344
-467.04643424352224
-321.2464342435213
-787.0464342435228
-625.2464342435237
-530.8464342435229
-48.04643424351967
9.753565756478288
6.953565756479129
-157.44643424352174
-366.64643424352056
-385.4464342435205
-235.0464342435203
-180.64643424352172
-154.84643424352055
-499.6464342435238
-514.6464342435218
-19.04643424352196
121.95356575647855
445.9535657564788
453.7535657564787
358.9535657564792
131.1535657564782
298.35356575647893
202.95356575647793
-150.44643424352216
73.55356575647833
-169.84643424352222
-370.446434243521
-246.6464342435223
-144.4464342435221
93.75356575647817
-249.0464342435213
-596.2464342435226
-622.0464342435187
