-85.3775538018421
932.4224461981551
-278.97755380183764
-78.57755380183949
-100.17755380184283
-384.37755380184217
197.22244619815817
-336.97755380183924
-629.5775538018501
-1196.1775538018562
-1176.3775538018458
-509.1775538018428
500.0224461981585
-265.57755380184256
-1438.577553801846
-668.9775538018419
-906.3775538018484
-599.5775538018477
-82.5775538018363
-74.77755380184345
33.02244619816028
-582.3775538018397
-506.37755380183887
-511.1775538018335
-459.9775538018392
-84.17755380184043
575.2224461981599
23.622446198158496
-1515.7775538018511
-955.9775538018426
142.62244619815974
-46.17755380183906
1344.4224461981582
-200.5775538018382
-451.37755380183785
-146.37755380184078
-469.1775538018451
-615.1775538018334
401.0224461981611
-736.5775538018412
-849.3775538018396
-809.5775538018381
-1233.9775538018498
-1163.5775538018413
62.22244619815912
151.42244619815918
-574.7775538018398
-306.97755380184
-925.1775538018486
-1548.7775538018532
-1144.57755380185
-1054.7775538018423
-184.17755380183812
-271.1775538018366
-282.9775538018414
-905.5775538018579
-1374.1775538018587
-579.1775538018501
-561.7775538018437
-1188.7775538018568
-1738.9775538018662
-1159.1775538018687
-571.177553801843
-1123.377553801838
265.022446198159
649.2224461981602
555.0224461981593
407.4224461981579
192.82244619815964
-102.5775538018396
358.22244619815706
-24.577553801842225
406.0224461981596
-587.1775538018453
-1185.177553801846
-1478.3775538018522
-341.57755380184415
-804.7775538018465
-237.17755380183883
567.4224461981622
487.42244619816074
-519.1775538018413
-1024.5775538018504
-950.3775538018518
-428.17755380183644
-312.9775538018414
-920.177553801842
-1571.7775538018489
-1017.3775538018433
0.22244619816104105
137.0224461981618
-46.17755380184284
-494.37755380184285
-557.7775538018522
-112.17755380184617
-148.57755380184162
358.2224461981552
-25.377553801839596
61.022446198158306
10.822446198160252
361.0224461981577
553.8224461981629
722.4224461981607
892.0224461981554
503.42244619815744
-931.3775538018468
-422.9775538018398
46.422446198160614
-643.1775538018447
-1113.3775538018504
-846.1775538018552
229.62244619815814
1491.8224461981495
623.6224461981546
622.0224461981562
-133.1775538018425
-471.97755380184304
-882.577553801842
-1075.1775538018462
-1530.9775538018605
-610.9775538018397
38.22244619815723
-195.37755380184348
197.02244619815812
239.22244619816342
-35.377553801840385
373.82244619815816
-162.57755380184165
-684.5775538018441
-851.7775538018409
-1182.9775538018441
-246.3775538018402
-215.97755380184137
-254.9775538018468
693.6224461981645
922.8224461981561
408.62244619815783
-282.9775538018423
-889.1775538018419
-321.1775538018402
-573.5775538018394
-856.1775538018336
-1147.3775538018442
-203.37755380184075
153.42244619815736
855.2224461981589
1602.222446198161
322.4224461981598
-1102.7775538018448
-1679.1775538018514
-1246.577553801838
-1302.977553801842
-702.1775538018414
-512.5775538018473
-901.1775538018461
446.6224461981606
518.4224461981632
253.82244619816163
1004.8224461981544
401.0224461981595
-269.57755380184244
-256.7775538018455
-1039.9775538018498
-729.7775538018395
-670.5775538018406
755.6224461981561
983.4224461981484
167.42244619815565
944.0224461981531
1206.2224461981493
571.6224461981611
105.02244619815511
412.02244619815855
-59.977553801843314
-120.77755380184058
521.2224461981548
-866.9775538018366
-305.1775538018425
169.22244619816024
30.022446198163777
-851.5775538018399
-1372.1775538018435
-745.5775538018397
-109.3775538018399
-61.77755380184067
291.42244619815904
-58.77755380184111
727.2224461981489
1035.622446198146
835.4224461981481
1123.8224461981522
400.622446198156
-1218.9775538018414
-221.57755380184318
-564.5775538018407
-896.5775538018408
-864.3775538018433
1142.2224461981439
-4.577553801840935
-301.377553801842
1477.0224461981604
779.422446198158
721.4224461981603
338.6224461981587
-689.3775538018455
-683.7775538018417
-554.1775538018431
65.42244619815915
11.222446198158178
-537.5775538018488
-755.1775538018406
645.0224461981628
76.62244619815755
-484.57755380183596
115.22244619815775
519.6224461981515
737.8224461981603
578.8224461981614
616.8224461981605
958.0224461981668
958.0224461981603
801.8224461981538
739.0224461981579
588.4224461981623
-1374.3775538018276
231.62244619815834
262.6224461981592
255.0224461981522
-366.9775538018403
224.2224461981586
80.62244619816205
-211.57755380184258
911.62244619816
1181.222446198166
1272.2224461981648
723.422446198154
-655.1775538018442
231.22244619816138
1208.2224461981584
89.0224461981611
-128.1775538018411
-428.3775538018421
-794.3775538018369
-974.3775538018407
-1035.9775538018419
-355.17755380184525
76.02244619815554
1106.6224461981592
900.4224461981642
780.6224461981602
918.0224461981642
353.62244619815857
638.6224461981618
409.2224461981571
926.6224461981609
535.8224461981582
-485.17755380184803
-403.3775538018382
-672.7775538018367
-1541.3775538018413
-1170.5775538018502
56.82244619816273
516.0224461981568
-376.9775538018371
429.4224461981629
737.8224461981515
197.2224461981635
205.22244619816271
821.4224461981527
1614.2224461981582
1353.6224461981642
426.02244619815707
1418.6224461981649
615.6224461981542
220.2224461981569
98.22244619815038
864.4224461981564
1434.2224461981564
1388.8224461981565
1257.822446198168
453.22244619816456
-506.5775538018391
414.42244619815324
705.8224461981625
868.022446198164
31.222446198155048
-50.577553801841404
228.02244619815852
610.6224461981585
-1188.9775538018423
-1223.3775538018365
-2149.1775538018533
-1274.5775538018413
-106.57755380183818
-332.9775538018412
59.02244619815508
159.62244619815928
149.0224461981583
908.4224461981581
789.0224461981564
1033.0224461981286
536.622446198164
411.02244619815684
414.4224461981538
1081.422446198159
1087.422446198152
1741.4224461981503
2066.2224461981587
2268.0224461981634
1566.8224461981406
1658.6224461981735
1994.4224461981385
2586.4224461981535
152.62244619815505
299.4224461981602
1003.222446198155
36.62244619816108
-127.37755380184137
-386.9775538018414
206.22244619815947
862.4224461981577
-956.9775538018421
-389.3775538018403
-475.9775538018431
-462.17755380184013
-78.97755380184273
-63.9775538018437
299.42244619816336
827.4224461981541
78.2224461981639
1535.4224461981391
2370.822446198166
1508.0224461981481
773.0224461981513
1298.6224461981565
1785.2224461981755
809.2224461981477
585.2224461981704
1840.2224461981643
822.0224461981677
1547.4224461981607
1671.6224461981453
1978.8224461981583
1351.4224461981578
1197.0224461981545
583.6224461981636
-787.3775538018334
-503.57755380183755
-1118.777553801843
-1284.577553801835
-400.97755380183946
-87.17755380184454
-164.5775538018433
-1636.3775538018297
-788.9775538018486
-771.3775538018524
-633.9775538018323
-351.57755380184256
-461.777553801837
-275.97755380184077
814.0224461981642
-191.9775538018417
536.4224461981606
1816.8224461981613
1721.422446198144
1562.8224461981426
1292.0224461981563
1390.0224461981659
394.22244619814796
-400.77755380183805
584.0224461981658
-411.377553801839
840.0224461981562
2367.0224461981693
2320.4224461981617
1382.2224461981637
995.8224461981596
894.2224461981592
-255.97755380183835
-818.7775538018408
-902.9775538018348
-1401.5775538018465
-275.9775538018419
369.22244619815683
-338.1775538018423
-782.3775538018455
-432.77755380184374
-5.777553801841776
-398.3775538018405
-875.1775538018443
-619.377553801841
-613.3775538018417
-218.37755380184186
352.8224461981584
411.0224461981599
1051.4224461981548
1677.6224461981626
1087.2224461981582
1136.0224461981568
749.6224461981684
836.4224461981465
-97.77755380184055
397.822446198165
-54.37755380183898
1560.4224461981657
1698.422446198161
1014.6224461981574
776.4224461981562
810.222446198158
713.6224461981602
26.622446198158663
-194.57755380184022
-832.1775538018516
-982.7775538018465
-579.1775538018373
-565.3775538018471
-633.7775538018388
-489.7775538018444
-87.57755380184027
841.4224461981553
-268.7775538018412
-1610.3775538018447
-242.17755380184116
205.62244619816062
-1438.977553801844
-458.7775538018451
584.0224461981599
1275.2224461981682
1325.2224461981461
1537.8224461981583
885.8224461981558
364.8224461981597
883.6224461981634
-3.1775538018357237
686.2224461981514
-46.77755380183669
627.8224461981431
-94.57755380183698
856.2224461981556
1097.822446198159
191.8224461981572
-72.5775538018436
395.82244619816095
95.6224461981576
-762.777553801839
-1385.1775538018435
-605.37755380184
-92.57755380184321
155.22244619815777
-611.177553801839
-472.7775538018406
651.4224461981548
-776.9775538018434
-1652.977553801827
-773.7775538018458
-294.57755380184153
-1709.5775538018431
-180.37755380184174
1284.8224461981576
365.8224461981652
484.22244619816263
2101.2224461981514
596.2224461981591
629.2224461981529
988.8224461981448
-283.3775538018412
-115.37755380184151
522.8224461981567
-65.57755380184044
286.62244619815635
872.8224461981587
474.62244619815976
1148.6224461981617
217.02244619815977
219.4224461981602
-1172.1775538018387
-1865.1775538018574
-1171.7775538018325
-333.9775538018396
249.82244619816151
257.02244619815997
687.6224461981675
320.42244619815983
764.0224461981555
-502.9775538018483
-1046.9775538018314
-664.9775538018448
-1601.1775538018492
-980.1775538018403
-217.7775538018449
581.022446198162
-163.37755380184134
933.6224461981647
1451.2224461981762
1041.4224461981642
849.2224461981568
484.2224461981619
-550.5775538018405
-1013.1775538018402
-1128.5775538018424
-131.17755380184323
658.2224461981641
-451.7775538018426
-874.7775538018374
614.6224461981633
-771.177553801841
-231.17755380184127
-850.1775538018417
-1064.177553801843
-940.3775538018401
-886.9775538018359
-736.1775538018455
-278.97755380184486
267.2224461981577
-508.97755380184424
-227.17755380184133
-331.37755380184205
-811.9775538018379
-1394.3775538018392
-2240.5775538018493
-820.1775538018373
-79.97755380184445
-36.97755380184243
-492.9775538018408
1033.6224461981521
1616.2224461981587
585.6224461981637
187.02244619816082
7.022446198160477
-352.17755380184394
-882.1775538018388
-1606.7775538018511
581.2224461981583
867.8224461981619
-390.37755380184484
318.22244619816064
11.222446198160004
-916.1775538018431
-607.977553801846
-154.37755380184137
395.82244619815896
-352.9775538018435
-615.1775538018424
-608.57755380184
548.022446198163
109.42244619815597
-314.77755380184243
373.02244619815855
502.0224461981592
-127.77755380184213
-635.3775538018411
-713.7775538018437
-684.9775538018448
-495.7775538018371
-779.5775538018443
-117.97755380184341
-345.97755380184196
364.82244619815594
-230.777553801843
-519.9775538018392
-960.1775538018364
98.02244619815528
-33.37755380184008
-966.9775538018421
-126.77755380184114
304.02244619816014
232.62244619815897
-3.7775538018398276
-100.9775538018414
-728.7775538018396
-523.3775538018372
-294.37755380183927
-191.5775538018443
357.82244619815856
309.62244619815704
53.622446198160176
1322.6224461981535
783.6224461981548
1205.8224461981545
489.02244619816156
-257.3775538018404
-271.97755380184265
-633.5775538018437
-475.7775538018433
-1109.77755380184
-1176.1775538018414
-1060.377553801834
-130.17755380183962
749.0224461981591
-390.577553801842
-996.5775538018355
-979.7775538018344
-1546.3775538018413
-1147.5775538018443
-1173.9775538018657
-642.7775538018443
-889.7775538018338
-603.9775538018437
280.4224461981577
121.8224461981578
-454.1775538018475
-986.3775538018537
-623.3775538018401
454.4224461981569
79.62244619816335
194.2224461981606
446.2224461981631
-332.17755380183905
384.8224461981596
521.2224461981625
1020.4224461981613
866.0224461981544
501.8224461981578
-26.377553801838356
-640.17755380184
-99.97755380184074
-770.3775538018403
-468.9775538018413
-1680.377553801825
-1713.7775538018334
445.8224461981577
-1074.7775538018427
-2216.5775538018224
-1309.577553801857
-555.57755380184
-1009.7775538018398
-1203.5775538018424
-145.77755380184186
-1067.1775538018494
-910.5775538018488
160.02244619815832
152.02244619816042
-537.9775538018446
-914.7775538018477
-210.5775538018424
582.222446198158
-211.3775538018419
-804.3775538018432
-296.1775538018445
-234.37755380183958
816.222446198158
106.42244619816394
896.0224461981599
226.02244619816167
-137.37755380183933
-266.3775538018417
-282.17755380184246
127.02244619815741
-1170.577553801851
434.42244619816216
-946.5775538018405
-2406.5775538018324
-556.9775538018378
-1382.7775538018486
-1755.577553801848
-1247.7775538018398
-714.7775538018432
-1331.9775538018312
-1214.3775538018485
-1248.3775538018342
-1264.5775538018402
-688.3775538018451
-1121.9775538018393
-343.3775538018406
-256.77755380184254
-1393.7775538018539
-954.5775538018376
-153.57755380184207
117.62244619816103
-750.7775538018419
-975.9775538018459
364.0224461981627
693.0224461981593
338.02244619816133
1135.0224461981536
209.62244619815795
-2.3775538018402997
322.62244619816056
442.22244619815973
596.8224461981595
-412.77755380184095
-638.3775538018439
-742.9775538018424
-263.77755380183953
-60.37755380184042
-1424.7775538018507
-609.1775538018385
-789.9775538018417
6.222446198161741
-1005.5775538018439
-663.777553801838
-573.1775538018392
-938.577553801841
-1050.3775538018328
-809.5775538018383
-767.5775538018411
-353.37755380184257
-1020.5775538018476
-723.7775538018382
-102.97755380184265
1019.6224461981606
478.82244619816026
-461.3775538018448
98.02244619815787
-55.177553801842684
383.8224461981568
65.6224461981589
263.02244619815724
-137.37755380184186
-70.17755380184201
-496.377553801844
-68.37755380184213
92.82244619815644
214.02244619816318
-883.7775538018462
530.0224461981594
-950.1775538018442
-987.377553801846
-433.37755380184234
-1199.3775538018378
216.42244619815943
-41.77755380184013
423.2224461981586
-823.3775538018426
-162.5775538018444
-393.9775538018399
-251.377553801842
-589.1775538018387
-704.7775538018366
-573.1775538018426
289.22244619815996
17.82244619815748
528.4224461981576
836.2224461981605
947.2224461981593
751.02244619815
207.22244619815558
1008.6224461981677
567.8224461981499
1228.4224461981657
758.6224461981625
111.42244619815548
268.822446198159
-1.177553801842631
-525.9775538018413
416.0224461981655
-645.7775538018466
256.4224461981574
-884.1775538018305
-913.7775538018474
158.62244619815803
-1183.1775538018424
-989.9775538018404
-1228.3775538018415
-440.777553801836
-1339.3775538018424
132.4224461981573
-257.17755380184053
768.4224461981603
805.0224461981617
-397.97755380184617
-85.57755380184214
875.2224461981581
764.8224461981571
439.8224461981583
178.42244619815523
-52.97755380183747
661.0224461981638
-285.97755380184185
734.0224461981584
335.62244619815476
789.2224461981618
236.42244619816137
699.6224461981637
1400.4224461981619
-103.977553801841
-998.3775538018532
-213.3775538018407
-35.77755380184075
92.22244619815639
-620.3775538018308
-984.3775538018383
170.02244619816008
-1114.377553801839
-453.77755380184493
-96.17755380184467
356.22244619815825
-1471.7775538018368
-239.37755380184586
-388.9775538018432
519.2224461981568
-99.17755380184344
-583.377553801852
-500.7775538018429
298.0224461981596
799.2224461981548
1020.4224461981688
712.8224461981617
321.4224461981549
709.8224461981581
512.6224461981609
960.6224461981567
745.8224461981514
923.0224461981659
353.62244619816005
1202.0224461981618
1546.6224461981624
-242.3775538018451
-1106.7775538018504
134.0224461981597
736.8224461981587
-298.77755380184533
-559.1775538018452
-587.3775538018458
-306.177553801843
-1080.7775538018368
32.82244619816245
320.0224461981585
1147.4224461981576
6.822446198164432
88.62244619815874
74.6224461981585
205.22244619815848
-633.7775538018426
201.82244619815887
201.42244619815506
26.42244619815756
416.4224461981614
540.4224461981556
782.8224461981625
779.6224461981643
1452.4224461981555
1073.4224461981607
520.2224461981525
466.2224461981573
78.82244619815997
-40.1775538018371
631.2224461981746
660.2224461981496
-129.37755380184436
-643.3775538018493
-156.9775538018408
401.0224461981606
-111.77755380184365
-282.9775538018536
51.622446198156126
-594.7775538018393
-485.97755380184503
-770.3775538018386
-359.3775538018457
521.4224461981586
560.0224461981571
-103.9775538018399
-554.5775538018429
-417.1775538018411
310.62244619816084
574.4224461981576
-96.17755380183988
-601.9775538018384
280.62244619815834
-110.97755380184364
-149.9775538018421
750.8224461981523
1007.2224461981516
267.62244619815965
619.4224461981568
553.6224461981636
248.42244619816262
-352.77755380184
148.6224461981548
58.62244619816152
-107.77755380183686
-333.1775538018407
-340.5775538018424
-47.97755380183948
104.82244619815788
-13.377553801838776
93.42244619815528
282.6224461981608
343.82244619815646
127.62244619816067
-614.9775538018445
-603.5775538018406
-511.37755380183313
-192.5775538018417
-541.5775538018477
65.42244619815949
-141.9775538018429
-406.97755380183906
-614.3775538018407
-564.1775538018378
113.42244619815921
499.82244619815776
324.4224461981586
963.0224461981626
572.2224461981555
635.0224461981554
311.4224461981621
1356.4224461981553
925.6224461981551
-474.5775538018428
1096.6224461981542
55.422446198157026
-150.7775538018396
6.022446198154604
31.222446198158416
511.4224461981655
635.4224461981552
254.62244619815897
-59.977553801842774
755.2224461981552
493.02244619816076
755.822446198161
-749.777553801833
-381.17755380184303
512.4224461981564
148.42244619815915
-485.57755380184506
269.62244619815976
-353.1775538018396
-906.5775538018457
-78.97755380184034
-316.77755380184414
-517.1775538018436
-70.3775538018389
-10.777553801840092
587.8224461981581
852.6224461981598
1388.6224461981687
635.622446198158
1096.222446198156
586.0224461981501
-439.3775538018396
644.622446198155
-21.777553801839503
-346.5775538018409
-158.17755380184082
280.6224461981575
840.6224461981625
-13.977553801839267
-441.7775538018383
-269.1775538018419
372.62244619815675
-295.57755380184057
631.8224461981607
-303.1775538018414
-73.57755380184207
896.4224461981628
-268.3775538018409
-166.77755380184388
127.22244619815979
381.0224461981585
-191.17755380184667
-132.17755380184047
20.82244619815824
-252.37755380183916
-524.7775538018475
683.2224461981615
1180.2224461981439
1621.6224461981726
1169.02244619815
1188.6224461981565
592.8224461981647
649.222446198164
339.622446198161
888.0224461981584
435.0224461981636
181.22244619816132
-108.97755380184367
181.0224461981609
547.6224461981602
430.8224461981581
62.02244619815999
-251.37755380184407
282.42244619815835
675.2224461981591
1763.222446198162
426.4224461981601
451.02244619816014
511.22244619816183
-505.7775538018376
558.2224461981581
41.02244619816117
71.62244619815908
523.0224461981579
1061.0224461981597
845.8224461981613
184.422446198157
-355.57755380184256
735.4224461981581
999.8224461981604
1388.0224461981597
1137.0224461981522
2461.222446198166
1235.6224461981476
1081.2224461981632
1220.622446198154
2008.4224461981535
1028.0224461981566
1209.222446198151
960.4224461981562
-113.17755380183957
564.6224461981558
1285.422446198154
-172.97755380184128
-323.577553801841
-500.9775538018393
-78.37755380183685
1188.822446198166
681.4224461981581
261.8224461981578
-307.3775538018406
533.8224461981632
1370.8224461981586
311.42244619816245
-484.9775538018409
-422.17755380184286
522.2224461981531
711.022446198159
210.62244619815948
-137.97755380183983
-167.3775538018403
527.2224461981617
766.2224461981453
1501.2224461981484
851.8224461981572
-656.9775538018434
-336.97755380183855
-422.9775538018421
-646.1775538018347
516.0224461981579
545.0224461981614
427.6224461981603
-188.3775538018407
-486.17755380184406
-102.37755380184264
740.0224461981568
-173.57755380184093
-1247.1775538018474
-197.3775538018489
-429.37755380184893
-232.17755380184525
385.8224461981579
286.82244619815924
446.6224461981537
-90.17755380184045
32.62244619816235
82.62244619815904
326.2224461981587
684.0224461981616
1383.4224461981496
922.4224461981538
-452.57755380184807
93.82244619816244
561.0224461981609
201.8224461981576
1585.422446198166
-569.1775538018475
-940.9775538018413
-531.3775538018382
-1169.7775538018413
-1330.1775538018476
182.8224461981602
-182.97755380183943
226.6224461981586
575.622446198151
56.822446198159
-38.777553801839304
726.422446198157
436.8224461981598
-70.977553801836
280.6224461981578
-611.977553801841
-1238.177553801841
-660.3775538018342
-458.17755380184303
687.6224461981576
867.2224461981534
947.222446198158
284.22244619816036
-208.77755380183845
327.4224461981609
244.02244619816062
-456.7775538018397
-996.7775538018496
-287.7775538018368
-17.77755380184246
-773.1775538018392
557.8224461981556
139.62244619815812
205.42244619815952
132.22244619815697
-296.37755380184404
-907.9775538018409
-353.57755380184256
-108.3775538018376
765.8224461981548
246.62244619816016
-83.77755380184132
-121.17755380184096
752.4224461981612
-163.17755380184164
341.42244619815546
983.8224461981621
424.0224461981648
-601.3775538018416
-779.1775538018417
-51.37755380184125
1159.6224461981526
1463.6224461981517
629.2224461981587
-397.7775538018409
-43.377553801840506
762.2224461981548
490.42244619815744
-77.37755380184022
-405.5775538018404
-179.97755380184142
358.22244619815643
284.62244619816056
588.022446198156
154.022446198162
359.82244619815964
232.62244619816124
337.22244619816377
-74.17755380184101
-101.97755380184238
444.4224461981572
125.82244619815552
-782.7775538018425
481.02244619816304
1244.622446198151
695.0224461981529
-116.17755380184475
-362.9775538018411
255.02244619815718
1147.0224461981559
110.02244619815846
462.0224461981621
744.8224461981549
1005.4224461981585
760.0224461981621
321.82244619815947
-547.1775538018429
144.2224461981583
321.62244619815885
-254.7775538018429
-197.5775538018444
-168.7775538018467
-93.37755380183484
808.4224461981606
280.22244619816075
-558.7775538018401
-15.777553801839662
-77.17755380183993
589.2224461981635
-18.977553801842173
-739.3775538018454
-132.77755380183797
-34.977553801841765
-870.1775538018343
-1162.97755380184
-519.7775538018411
668.2224461981746
610.2224461981563
513.0224461981522
-455.97755380184526
-557.7775538018443
-524.7775538018441
131.22244619815856
1362.022446198159
915.6224461981654
200.42244619815995
-403.57755380184136
140.6224461981583
-56.57755380184183
33.822446198156925
-372.77755380184004
-1022.9775538018457
-24.177553801842
-257.17755380184417
-42.177553801841356
1051.822446198162
582.0224461981597
-282.77755380184
723.6224461981622
284.22244619815825
86.02244619815724
-573.7775538018437
306.6224461981593
276.2224461981568
-964.7775538018474
-640.1775538018553
-458.9775538018429
-19.177553801841196
561.4224461981541
970.822446198161
708.8224461981537
414.6224461981629
523.6224461981589
-1157.5775538018459
-417.17755380184167
451.4224461981634
599.2224461981627
220.22244619815822
-510.37755380184706
97.22244619816313
283.82244619816123
-502.9775538018426
-243.37755380184595
-631.1775538018517
-298.5775538018449
-293.1775538018456
-35.37755380183904
711.622446198152
59.8224461981594
-1296.377553801841
1377.022446198173
752.6224461981584
-121.97755380184029
-1013.9775538018391
489.4224461981609
-991.1775538018414
-1682.7775538018536
-405.1775538018401
-1182.5775538018338
-386.97755380183906
320.62244619815823
-539.5775538018502
-517.9775538018412
-543.5775538018357
-416.1775538018433
-436.5775538018402
-449.77755380184516
-543.3775538018394
930.4224461981494
405.02244619815804
-517.3775538018259
-261.57755380183454
-665.9775538018421
-1045.5775538018427
-742.7775538018424
-278.577553801842
-201.97755380184478
-578.9775538018363
-210.77755380183916
351.2224461981587
71.02244619815845
-1698.3775538018467
1802.62244619815
1546.0224461981645
1002.6224461981564
-671.1775538018394
-541.1775538018439
-1186.7775538018395
-1883.7775538018284
-1239.1775538018312
-1050.177553801843
-246.57755380184364
324.422446198161
-833.5775538018431
-543.5775538018421
93.6224461981579
-1138.7775538018357
-1329.777553801841
-1365.577553801833
-1312.177553801841
-1390.1775538018398
-1882.1775538018244
-1355.7775538018275
-1248.9775538018482
-1203.7775538018227
-1511.7775538018188
-822.7775538018368
-372.3775538018403
-811.9775538018334
-715.97755380184
-315.7775538018417
796.2224461981634
443.2224461981576
-738.1775538018378
481.0224461981571
404.4224461981602
-944.9775538018399
-1373.5775538018406
-353.3775538018457
-60.5775538018422
-1505.577553801843
-1333.7775538018402
-1213.9775538018223
-1654.3775538018335
-1051.7775538018382
-670.1775538018371
-255.37755380184285
-484.577553801831
-1470.577553801836
-650.5775538018436
-1442.5775538018318
-1826.3775538018463
-2238.577553801833
-1929.7775538018236
-1127.9775538018248
-1455.7775538018568
-2093.1775538018314
-2714.377553801814
-2808.177553801834
-1200.577553801843
-596.3775538018359
-333.77755380184317
-797.5775538018548
-267.5775538018408
63.22244619816041
203.6224461981613
-174.77755380183768
192.6224461981606
-1352.9775538018419
-1196.1775538018446
-305.97755380183867
-371.37755380184086
-178.37755380184322
-873.1775538018422
-1213.3775538018456
-1030.777553801842
-1379.1775538018387
-1086.7775538018366
-1406.7775538018452
-2054.1775538018414
-2389.777553801822
-1897.5775538018588
-2186.777553801852
-1733.7775538018375
-1540.5775538018331
-1394.7775538018152
-1850.3775538018333
-1684.9775538018725
-1212.5775538018254
-493.7775538018425
-2341.9775538018544
-968.5775538018385
32.222446198158885
-696.3775538018521
-296.3775538018385
-191.9775538018412
111.62244619815787
669.4224461981597
346.6224461981607
1250.0224461981593
463.22244619816087
-250.97755380183997
-153.37755380184097
109.62244619816049
556.8224461981583
25.6224461981592
-1537.9775538018453
-1129.9775538018541
-723.3775538018285
-1287.3775538018463
-1598.7775538018452
-1477.1775538018467
-1641.7775538018159
-2577.7775538018395
-3114.1775538018464
-1583.9775538018364
-2418.577553801859
-2269.9775538018284
-1892.9775538018403
-1083.7775538018427
-1747.1775538018564
-1688.9775538018446
-906.5775538018422
-775.1775538018491
-265.3775538018424
-908.7775538018452
-582.177553801843
419.82244619816237
-13.577553801841532
-348.3775538018408
-469.17755380183297
880.2224461981523
77.42244619815938
-386.3775538018389
65.22244619815957
640.2224461981577
570.8224461981572
365.4224461981586
-1516.9775538018464
-2168.777553801832
-1619.5775538018504
-1394.9775538018423
-1227.577553801824
-1461.5775538018252
-1555.5775538018445
-2329.9775538018225
-2935.17755380182
-1571.377553801853
-2660.3775538018267
-2414.9775538018866
-1168.9775538018118
-1197.3775538018608
-2188.3775538018376
-1775.7775538018407
-86.57755380184031
289.6224461981587
123.2224461981612
126.22244619815834
-299.7775538018442
909.6224461981517
868.8224461981579
-519.9775538018417
327.2224461981584
978.0224461981508
842.4224461981528
-53.17755380184241
-27.377553801844325
1339.422446198151
1053.0224461981609
19.22244619816028
-393.37755380184205
-1812.5775538018195
-1802.3775538018267
-1176.177553801841
-1392.577553801845
-1460.1775538018499
-1751.7775538018413
-1390.3775538018476
-2244.177553801853
-1477.1775538018453
-2304.17755380185
-1385.7775538018336
-1452.5775538018286
-2250.3775538018426
-2397.7775538018464
-1772.9775538018444
-430.1775538018434
57.022446198159926
474.42244619815835
159.0224461981577
339.62244619815897
972.8224461981575
98.82244619816151
-812.5775538018436
242.02244619816017
968.4224461981577
1579.6224461981717
474.22244619815535
-354.97755380183764
1585.02244619816
2003.0224461981659
-765.3775538018399
-1153.7775538018354
-1394.1775538018414
-1179.977553801835
-1430.7775538018468
-967.9775538018439
-1140.3775538018401
-1723.777553801837
-1144.7775538018282
-1838.7775538018677
-740.3775538018522
-1660.1775538018292
-1769.1775538018394
-2569.5775538018584
-1381.5775538018465
-708.3775538018342
-1300.7775538018518
-550.7775538018476
392.6224461981571
597.22244619816
514.6224461981569
387.42244619815386
1272.02244619814
997.4224461981628
760.8224461981669
-216.57755380184017
532.4224461981588
1624.8224461981554
523.8224461981567
234.02244619816042
1582.8224461981429
2055.2224461981755
-315.1775538018431
-489.97755380184424
-482.9775538018419
-1711.377553801848
-1993.7775538018475
-813.9775538018408
-1580.3775538018494
-1355.3775538018626
-940.1775538018384
-1584.3775538018726
-1032.7775538018304
-348.7775538018453
-1831.5775538018408
-1844.5775538018406
-714.7775538018416
-641.5775538018376
386.42244619815756
790.8224461981599
891.2224461981617
-168.57755380184253
-88.17755380184227
1337.0224461981577
1744.0224461981554
1716.422446198158
1201.4224461981648
1422.4224461981441
1342.4224461981375
1890.6224461981692
560.4224461981593
556.622446198156
1468.6224461981599
574.8224461981632
242.0224461981586
-194.97755380184248
-257.97755380184117
-1725.3775538018517
-1182.7775538018425
-1509.3775538018353
-1529.5775538018486
-938.9775538018332
-1130.1775538018458
-1653.9775538018218
-1181.977553801844
-1232.1775538018605
-1136.177553801845
-581.5775538018455
-1025.3775538018485
-1224.9775538018293
289.02244619815605
171.42244619815983
496.0224461981636
-82.97755380184178
315.422446198161
1133.622446198158
1042.6224461981615
541.8224461981572
655.0224461981586
957.8224461981574
694.8224461981554
1163.4224461981582
667.4224461981589
398.8224461981606
553.0224461981568
-203.17755380184116
606.822446198161
779.6224461981493
374.22244619815854
-1279.9775538018332
-762.1775538018433
-727.3775538018359
-1734.777553801852
-1352.5775538018336
-1047.577553801839
-1377.9775538018353
-1203.3775538018485
-1900.1775538018665
-362.57755380184005
-63.57755380184266
-485.7775538018493
711.0224461981604
638.6224461981589
150.62244619816212
-129.5775538018392
37.82244619815985
1029.8224461981513
718.0224461981583
748.6224461981624
483.0224461981601
1115.022446198151
690.8224461981471
731.6224461981701
1564.2224461981577
1319.022446198167
1140.022446198159
1285.222446198158
1175.8224461981615
830.8224461981597
1138.4224461981416
476.02244619815934
283.0224461981591
-1206.7775538018384
-1211.777553801837
-1664.777553801834
-1476.977553801828
-1092.1775538018424
-107.97755380184182
-159.9775538018419
-1456.977553801842
-1298.7775538018404
-598.9775538018368
-72.97755380184357
298.0224461981574
654.0224461981555
287.2224461981512
-379.57755380184346
-481.17755380184263
291.0224461981623
1344.822446198145
1551.022446198166
920.2224461981548
1658.0224461981682
907.4224461981626
1430.6224461981533
1038.8224461981433
172.82244619815765
588.8224461981565
374.0224461981608
367.82244619815935
-269.9775538018409
498.2224461981596
788.4224461981612
686.0224461981649
563.4224461981561
-958.577553801842
-1380.3775538018301
-716.5775538018447
-655.9775538018422
-504.3775538018363
-613.7775538018418
-577.3775538018424
-1124.5775538018431
-637.9775538018465
536.6224461981553
650.622446198154
644.8224461981597
467.82244619816277
-131.17755380184178
60.62244619816061
378.02244619816844
1361.4224461981596
1373.0224461981443
33.82244619815867
482.82244619816464
459.02244619815997
833.4224461981563
989.6224461981664
868.4224461981479
565.0224461981551
-27.17755380184245
395.0224461981685
310.62244619815453
1738.2224461981696
670.422446198163
-216.57755380183974
1158.8224461981551
-422.57755380184193
-899.3775538018448
721.8224461981614
1552.4224461981657
688.8224461981607
264.82244619816
1152.2224461981548
-185.97755380184265
42.42244619815738
1157.0224461981693
1195.022446198157
615.6224461981581
787.2224461981546
718.0224461981547
199.42244619816015
-150.97755380184134
-139.77755380184124
-71.57755380184211
2.8224461981679987
1075.2224461981764
-192.9775538018414
550.0224461981596
245.8224461981562
90.22244619815733
-94.97755380183978
-91.9775538018378
409.8224461981625
-246.1775538018415
2318.022446198176
1234.6224461981762
-613.7775538018396
809.6224461981526
-314.77755380184186
326.4224461981574
2086.42244619818
2312.0224461981675
1537.6224461981449
1619.422446198145
1333.022446198159
525.2224461981565
1006.8224461981576
450.0224461981621
1207.022446198151
1047.6224461981462
-65.7775538018399
-153.37755380184103
-572.1775538018426
-26.777553801837534
-724.977553801844
-1137.5775538018472
469.0224461981556
1158.822446198173
24.02244619815963
579.4224461981594
-86.77755380184121
47.62244619816031
152.42244619815702
-54.37755380184688
506.42244619815756
-90.17755380184063
403.2224461981655
580.4224461981587
802.6224461981491
974.2224461981506
-86.1775538018434
1878.4224461981757
3043.822446198174
3681.4224461981667
2115.8224461981513
2373.822446198172
2054.0224461981584
768.8224461981548
469.6224461981612
601.6224461981591
681.2224461981571
1040.2224461981575
-7.377553801841149
-721.1775538018397
-856.5775538018507
137.22244619815848
-608.7775538018374
-1225.3775538018401
-197.5775538018358
-26.377553801841106
109.22244619815956
-535.1775538018388
-255.37755380184504
-155.9775538018432
-384.77755380183953
-1189.3775538018454
-263.7775538018406
333.222446198157
913.2224461981551
132.02244619816142
1756.6224461981676
187.42244619816086
561.0224461981537
1920.222446198167
2532.8224461981454
4141.022446198177
3144.4224461981735
3359.0224461981434
1814.4224461981562
1508.4224461981355
591.422446198157
647.2224461981695
906.6224461981554
653.2224461981491
76.62244619815992
-202.97755380184182
-1020.3775538018481
-492.3775538018414
-387.7775538018405
-74.97755380184377
252.6224461981563
39.82244619816093
1036.0224461981547
169.42244619815992
819.6224461981583
654.2224461981571
-193.7775538018405
-460.7775538018452
49.622446198154634
266.4224461981553
1780.4224461981592
841.6224461981707
1841.0224461981586
684.822446198158
458.6224461981584
1795.8224461981592
1524.2224461981552
2183.4224461981566
1547.6224461981433
2455.4224461981657
1258.822446198154
1624.622446198146
396.0224461981445
1422.0224461981672
1989.4224461981662
407.22244619816763
-243.7775538018429
77.82244619815798
-386.57755380184545
-595.3775538018424
-928.777553801842
-1181.1775538018383
-68.57755380183836
-662.1775538018397
685.2224461981588
-140.37755380184217
79.4224461981584
-118.17755380184317
7.622446198159892
303.02244619815303
-351.9775538018361
-132.37755380184322
1332.0224461981475
1475.0224461981493
1347.822446198141
463.4224461981588
97.42244619815898
1386.4224461981662
732.6224461981648
1496.8224461981586
1700.6224461981417
2426.8224461981636
197.42244619816032
803.8224461981607
25.42244619815642
621.0224461981626
362.6224461981559
-155.57755380183715
-727.7775538018366
-510.1775538018491
-331.177553801836
-317.1775538018413
-691.5775538018453
-947.9775538018356
-227.3775538018417
79.02244619815916
253.8224461981634
-294.9775538018418
-474.1775538018426
-779.7775538018418
46.2224461981569
307.22244619816075
-683.9775538018405
-702.9775538018376
951.4224461981585
1590.0224461981595
196.22244619816033
-332.57755380183943
245.0224461981665
893.2224461981613
411.82244619814446
1294.6224461981656
1383.0224461981786
2258.2224461981596
825.8224461981571
706.2224461981577
323.8224461981705
240.22244619815572
-443.7775538018387
541.8224461981551
356.82244619815765
-50.57755380184027
-254.5775538018445
-778.3775538018438
-600.5775538018422
-567.3775538018422
485.2224461981589
640.4224461981541
-679.7775538018371
-959.3775538018514
-1797.577553801839
-1606.17755380183
-459.3775538018396
-195.77755380183882
-567.1775538018406
-618.9775538018403
119.82244619816032
1024.4224461981769
170.2224461981583
-120.5775538018433
592.6224461981612
172.8224461981553
301.82244619815634
-25.377553801841234
286.62244619815414
1121.822446198156
940.4224461981647
81.02244619816524
-513.3775538018434
-382.5775538018433
220.4224461981602
763.0224461981624
391.6224461981558
-316.577553801844
3.2224461981613786
-1068.577553801843
-1326.3775538018547
-667.9775538018453
-78.1775538018414
-145.37755380183836
-326.1775538018385
-513.97755380184
-1098.7775538018316
-1743.5775538018406
-731.377553801843
-413.5775538018391
-258.3775538018418
-471.3775538018363
-439.37755380183955
124.22244619815709
-101.77755380184088
-119.77755380184082
258.2224461981593
468.62244619814913
733.0224461981579
554.2224461981682
-103.5775538018435
-50.57755380183939
-224.57755380184642
-220.5775538018407
-634.9775538018444
-5.37755380183944
-208.1775538018415
-78.1775538018422
28.222446198157385
-11.577553801840434
461.0224461981612
258.22244619815683
-588.1775538018479
-409.97755380184134
-356.1775538018419
425.2224461981586
-488.17755380183945
456.82244619816146
-106.77755380183949
-1841.1775538018421
172.0224461981606
-264.77755380184186
-227.97755380185254
-275.9775538018397
-388.37755380184393
418.622446198163
304.8224461981587
-132.77755380184058
-177.77755380184047
535.4224461981653
394.0224461981589
944.4224461981473
-176.97755380183852
199.82244619815978
525.8224461981644
-293.1775538018416
-842.5775538018362
326.8224461981569
-158.17755380183968
-408.97755380184185
335.0224461981625
-206.577553801842
-396.5775538018418
-474.7775538018413
-1002.9775538018471
-786.7775538018406
-2.777553801839524
977.222446198165
-367.377553801842
-55.577553801840835
-749.977553801842
-1898.7775538018425
-603.7775538018417
-740.5775538018419
-970.3775538018359
-908.3775538018441
-447.57755380184364
475.02244619816065
-379.7775538018477
-919.5775538018386
-174.37755380184296
270.02244619816025
-469.3775538018456
455.6224461981593
15.422446198160362
277.2224461981617
515.8224461981522
-991.1775538018322
-519.1775538018459
148.6224461981601
758.4224461981606
257.02244619815826
-300.7775538018404
-697.9775538018447
-772.3775538018429
-1507.5775538018318
-721.7775538018433
-351.5775538018413
458.4224461981592
503.6224461981561
105.02244619815879
-602.1775538018414
-894.3775538018416
-1133.1775538018376
-621.177553801835
-766.5775538018449
-724.7775538018408
-778.5775538018468
-243.77755380183947
178.62244619815996
237.62244619815877
30.02244619815608
110.62244619815887
359.8224461981547
424.0224461981614
1185.0224461981597
248.62244619815965
500.02244619815724
186.02244619815784
-880.977553801838
465.4224461981628
333.8224461981595
442.82244619815697
819.0224461981611
700.4224461981602
-45.777553801843936
-377.57755380184267
-1205.3775538018483
-411.57755380184653
-340.37755380184456
307.6224461981618
689.022446198161
1307.0224461981563
159.62244619816053
-291.7775538018419
-111.57755380184022
912.0224461981645
117.02244619815957
621.8224461981597
860.8224461981586
-69.17755380184002
487.6224461981657
1286.022446198161
284.6224461981573
229.42244619816194
-76.17755380184276
-13.177553801842897
869.6224461981556
449.82244619816385
306.4224461981579
-284.7775538018397
480.4224461981628
1556.422446198163
833.6224461981666
66.22244619816095
-67.1775538018429
511.6224461981609
671.4224461981556
431.2224461981584
-44.17755380183809
-331.77755380184107
48.42244619816184
413.22244619815575
1537.4224461981694
1950.0224461981456
582.8224461981458
458.222446198162
143.82244619816493
173.02244619816202
1198.6224461981449
1310.622446198156
1344.4224461981623
654.422446198158
313.422446198156
863.022446198147
1893.0224461981534
779.0224461981494
-104.37755380184194
1515.6224461981578
1143.4224461981491
1058.2224461981475
1286.2224461981418
459.82244619815975
290.62244619815294
114.22244619814745
252.82244619815197
91.42244619815455
455.0224461981619
904.6224461981559
1611.0224461981409
1412.4224461981396
212.0224461981506
731.8224461981612
649.222446198167
258.4224461981577
1969.8224461981788
93.0224461981621
-125.37755380184103
119.62244619815735
-577.3775538018411
-601.9775538018409
995.02244619816
632.2224461981543
880.2224461981542
868.222446198153
176.82244619815862
490.02244619816
1698.4224461981453
1318.2224461981534
641.4224461981539
1216.8224461981408
225.6224461981626
-673.3775538018414
-271.5775538018428
-571.1775538018416
220.82244619815702
574.6224461981473
917.0224461981485
264.0224461981607
-190.17755380183942
580.6224461981546
407.8224461981517
128.62244619815377
-147.77755380184036
413.22244619815683
26.42244619815664
-752.9775538018449
793.0224461981728
350.62244619815647
596.22244619816
271.22244619815774
-358.3775538018405
-884.9775538018376
-230.37755380183847
-78.5775538018407
847.0224461981578
138.62244619815985
-506.97755380183986
-262.57755380184005
1057.2224461981698
-104.97755380183987
-13.777553801843158
659.8224461981602
-25.37755380184115
-1428.777553801839
-1527.3775538018483
-719.177553801842
123.62244619816012
348.62244619815084
68.62244619815421
-706.3775538018372
-345.977553801848
716.0224461981476
260.4224461981477
-15.377553801842236
-45.377553801842915
22.62244619815678
177.62244619816158
26.422446198159648
533.8224461981632
218.82244619816368
385.2224461981541
133.42244619816077
305.02244619816037
89.02244619816442
-117.97755380184208
253.82244619816117
305.62244619815795
-852.9775538018432
-22.577553801845085
787.8224461981548
628.4224461981574
-461.177553801837
-865.5775538018456
-267.97755380183986
268.2224461981624
-1094.5775538018454
-717.3775538018431
-204.57755380184156
-43.97755380183885
-271.3775538018438
119.0224461981554
-475.577553801842
21.82244619815934
295.4224461981605
-395.3775538018451
-58.977553801842106
-175.57755380185068
-254.97755380183605
677.6224461981577
186.42244619815943
-419.37755380184046
-136.57755380183977
-343.1775538018429
485.02244619815735
223.42244619815943
-488.97755380183867
44.8224461981584
23.62244619815531
-504.57755380183784
-1029.777553801836
-891.5775538018465
289.0224461981537
432.8224461981567
-40.377553801841316
-1052.1775538018446
-989.5775538018299
-1216.9775538018428
-1023.1775538018386
367.8224461981617
213.6224461981619
-721.9775538018453
-768.1775538018395
597.8224461981632
276.022446198153
412.2224461981591
367.6224461981589
-669.5775538018322
10.822446198158897
-628.7775538018454
-433.97755380183696
679.6224461981576
457.22244619815575
-46.17755380184069
450.2224461981587
24.82244619815758
181.22244619815848
-132.57755380184236
663.0224461981575
710.8224461981602
-405.1775538018405
151.22244619815757
85.42244619815894
239.42244619816
644.6224461981659
1056.822446198156
494.8224461981557
242.42244619816006
791.4224461981643
-650.5775538018432
-440.37755380184143
174.02244619815687
362.02244619816634
-141.3775538018398
-368.7775538018419
785.4224461981556
1025.8224461981465
394.0224461981585
655.0224461981584
-131.57755380184136
-345.5775538018426
-487.9775538018425
-530.177553801841
-44.57755380184193
-510.97755380184356
-1147.7775538018457
626.2224461981596
325.62244619815624
-72.377553801841
-432.77755380184055
594.2224461981579
-840.3775538018393
-1075.9775538018419
548.0224461981568
-211.3775538018412
209.0224461981586
559.4224461981584
-317.37755380183995
-351.77755380183737
-254.37755380184117
789.0224461981685
886.4224461981607
661.6224461981558
418.82244619815094
1706.622446198166
1128.2224461981596
458.62244619816045
831.0224461981672
360.822446198155
-324.9775538018426
-45.9775538018416
85.02244619815879
-181.97755380183997
-772.5775538018461
-813.5775538018365
-598.1775538018468
-507.97755380183054
-1568.5775538018408
365.4224461981569
632.4224461981586
723.622446198141
-333.37755380184376
-514.5775538018419
-1277.5775538018431
-1390.9775538018407
-260.37755380184075
-126.57755380184575
518.4224461981601
848.2224461981618
-422.9775538018412
105.2224461981562
1034.0224461981518
593.2224461981527
416.2224461981565
709.0224461981602
697.2224461981498
299.4224461981581
-416.37755380184007
360.022446198158
625.422446198155
281.62244619816113
-526.9775538018396
-210.57755380184133
-100.17755380184128
-759.9775538018414
-796.9775538018438
-677.1775538018393
171.62244619815735
19.822446198157692
-991.5775538018328
-918.5775538018352
-200.3775538018451
-928.7775538018441
-1192.7775538018423
-162.57755380184366
-108.37755380184106
-914.5775538018413
-279.37755380184285
-224.97755380184304
-498.57755380184227
-184.77755380183947
-41.977553801841246
754.6224461981626
1238.2224461981618
531.2224461981563
1484.222446198155
1217.2224461981523
420.22244619816723
-439.7775538018397
-155.3775538018383
509.0224461981594
93.42244619815682
-291.5775538018425
-1185.577553801843
-1846.9775538018425
-647.377553801842
112.82244619815921
323.2224461981601
-590.5775538018336
-251.37755380183998
10.62244619815813
-56.977553801839875
-1232.9775538018282
-17.577553801838885
-1030.9775538018368
-778.7775538018386
138.42244619815267
-137.17755380184158
231.4224461981587
0.622446198156581
35.02244619815779
289.2224461981601
93.0224461981591
311.82244619816294
256.4224461981531
119.2224461981601
-211.57755380184284
321.4224461981593
505.2224461981623
558.8224461981653
723.0224461981473
473.02244619815195
-319.57755380183954
-343.977553801841
533.2224461981517
1123.822446198166
-1082.5775538018413
261.6224461981589
1573.4224461981617
691.0224461981604
616.8224461981591
599.622446198165
574.2224461981672
570.0224461981593
-745.777553801838
603.0224461981584
138.22244619816067
-287.17755380184474
46.022446198153546
268.6224461981573
696.6224461981616
542.4224461981562
-333.77755380183646
183.62244619815567
963.822446198158
816.8224461981663
434.422446198163
388.82244619815765
353.0224461981591
-36.17755380184538
-459.17755380184224
884.2224461981596
117.422446198161
36.42244619815776
129.2224461981619
594.4224461981594
-123.97755380183969
-371.57755380183966
-32.17755380184225
427.2224461981601
1312.0224461981613
354.4224461981553
36.82244619815891
548.8224461981611
-134.7775538018411
-774.1775538018488
-1872.7775538018418
-460.5775538018356
-924.7775538018392
-729.1775538018402
-66.57755380183886
285.0224461981618
363.0224461981623
666.0224461981567
-682.7775538018345
-813.37755380183
540.4224461981528
939.222446198153
886.2224461981552
713.0224461981633
909.8224461981479
764.0224461981601
273.02244619816327
1496.8224461981472
515.2224461981572
655.2224461981571
1613.2224461981552
1110.8224461981479
-563.3775538018432
-792.9775538018434
489.22244619816723
1093.6224461981565
926.0224461981603
831.8224461981555
-284.17755380184474
-12.57755380183912
-359.57755380183875
-1660.1775538018403
-1126.5775538018354
-558.7775538018336
56.62244619815928
2.822446198158982
201.42244619815617
444.62244619816056
419.0224461981549
362.6224461981583
590.8224461981612
-163.577553801839
702.0224461981569
1642.6224461981428
1200.8224461981738
1104.4224461981673
1088.2224461981555
1583.422446198153
828.4224461981717
1534.8224461981663
1129.6224461981526
1790.0224461981488
1245.6224461981644
376.42244619816114
-691.9775538018448
-1101.977553801844
9.422446198157836
671.8224461981531
802.8224461981633
414.422446198158
-322.7775538018416
-624.9775538018497
-1847.5775538018452
-2517.5775538018493
-684.5775538018333
-335.97755380184014
835.4224461981553
384.6224461981643
-496.97755380184304
116.02244619815943
891.6224461981492
-407.5775538018423
23.62244619816196
263.42244619815943
1439.6224461981608
1704.6224461981485
1828.222446198152
1444.222446198153
886.4224461981644
1448.2224461981582
799.0224461981646
1685.422446198152
1071.02244619816
724.0224461981621
-378.77755380183856
582.6224461981523
287.42244619815705
-1281.5775538018402
-998.3775538018426
55.22244619815751
292.42244619815744
322.0224461981673
-625.7775538018416
-135.9775538018427
-572.7775538018387
-844.9775538018337
-968.7775538018456
-989.5775538018388
357.62244619816045
-462.57755380183653
-798.3775538018463
-273.17755380183894
572.0224461981619
-265.7775538018449
422.62244619815215
914.8224461981702
790.4224461981571
926.0224461981646
1423.4224461981726
324.6224461981586
573.4224461981546
961.0224461981545
524.0224461981652
1042.0224461981647
1705.0224461981556
177.02244619815758
-89.77755380184227
552.0224461981632
-119.1775538018383
202.02244619816048
84.02244619816275
484.8224461981632
-155.177553801842
77.02244619815788
537.0224461981611
507.8224461981603
232.82244619815816
-376.37755380184484
957.8224461981586
61.022446198159166
250.62244619816022
-683.7775538018323
-576.5775538018393
-212.57755380184312
-644.9775538018431
-157.57755380184236
-236.77755380183922
366.8224461981637
-62.177553801841206
898.622446198158
404.42244619816597
-246.9775538018415
437.4224461981618
382.22244619816473
-31.177553801841913
580.2224461981627
619.4224461981569
809.0224461981583
877.8224461981589
-302.9775538018419
-1244.977553801848
488.22244619815865
82.02244619815896
377.22244619815524
212.42244619816188
449.2224461981537
140.6224461981591
-152.37755380184126
-899.9775538018449
-1019.7775538018376
171.22244619816
-748.9775538018479
-787.5775538018395
-927.5775538018336
-1016.1775538018355
-571.5775538018436
-1039.977553801846
-416.1775538018415
71.6224461981636
188.82244619816453
-630.3775538018418
260.6224461981572
216.4224461981604
-703.3775538018435
-154.77755380183606
151.8224461981594
-51.37755380184287
136.02244619816253
-592.977553801844
1178.2224461981548
1116.4224461981603
-186.7775538018459
431.42244619815733
645.2224461981618
163.42244619815412
-477.5775538018428
-333.17755380184303
325.22244619815723
-643.5775538018519
-707.9775538018451
-982.5775538018403
-579.3775538018456
-415.1775538018401
-625.3775538018369
-305.9775538018433
-698.7775538018478
-562.1775538018412
184.6224461981586
40.82244619815943
-410.3775538018437
565.4224461981646
92.82244619816015
317.02244619815883
-709.777553801846
-506.57755380184875
-574.1775538018443
-216.17755380183578
-415.1775538018427
524.4224461981642
587.8224461981566
-788.5775538018439
-268.1775538018392
183.0224461981612
-131.17755380184025
-281.1775538018479
190.4224461981596
208.82244619815916
-679.177553801847
-1164.1775538018367
-633.7775538018416
-43.37755380184194
-117.37755380183725
-625.5775538018423
-290.3775538018379
113.02244619815875
35.22244619816074
-1258.1775538018426
-1995.9775538018382
-952.7775538018383
-678.9775538018414
-501.977553801842
-1278.5775538018486
-282.77755380184146
149.82244619815944
427.02244619816224
566.8224461981564
-301.9775538018419
-442.9775538018336
-6.5775538018455055
-593.7775538018437
-625.9775538018442
-515.7775538018475
-329.9775538018399
-786.977553801838
-332.3775538018357
202.82244619815864
-509.37755380184154
-137.77755380183945
295.82244619816066
-505.57755380184267
-436.57755380183795
-157.777553801841
500.42244619815864
222.62244619815687
-1518.1775538018335
-1446.1775538018426
139.22244619815933
-420.1775538018386
-923.577553801853
-756.1775538018347
-252.17755380184323
-470.7775538018416
69.02244619815943
-558.3775538018431
734.6224461981565
15.422446198157463
-596.9775538018463
1034.6224461981537
-117.77755380184277
-867.1775538018346
215.82244619815847
413.82244619816055
-951.3775538018391
-721.177553801839
823.2224461981616
-394.3775538018408
-152.7775538018437
754.4224461981602
175.62244619815772
-203.97755380184245
414.02244619815974
387.02244619815804
181.82244619816112
296.4224461981624
102.02244619815657
-389.9775538018443
-1033.777553801834
-69.17755380184418
-327.97755380184105
-106.97755380184621
-700.5775538018408
-537.3775538018466
-12.377553801839685
333.22244619816036
498.4224461981621
-810.5775538018444
1021.022446198155
362.02244619816076
-1386.177553801845
15.422446198156855
-947.7775538018429
-784.577553801845
186.4224461981578
-304.777553801841
-1565.5775538018445
-962.7775538018403
-134.57755380184082
-537.1775538018393
-76.57755380184072
-254.37755380184151
469.22244619815746
497.4224461981588
-425.77755380184107
55.42244619815864
-167.37755380184112
846.4224461981581
333.22244619816064
-850.5775538018428
-75.37755380184231
605.8224461981586
-353.37755380183796
-6.977553801834716
-779.9775538018383
-494.5775538018446
494.02244619816156
795.4224461981529
549.2224461981609
-958.5775538018438
-1178.7775538018343
-819.977553801843
-606.3775538018444
-604.977553801841
-1991.9775538018478
-768.1775538018383
-670.5775538018448
-478.5775538018451
-1969.5775538018513
-1230.5775538018443
-257.5775538018424
-758.9775538018391
-1010.9775538018489
-639.5775538018444
-22.17755380184162
498.8224461981588
-111.57755380184634
-175.37755380184095
-66.9775538018432
1283.4224461981582
731.8224461981554
-1008.3775538018521
-663.1775538018342
-593.7775538018336
-517.1775538018514
-1223.777553801836
-764.3775538018328
-443.1775538018387
86.82244619815793
-417.9775538018414
-159.97755380183486
-618.5775538018452
-753.777553801837
-1270.3775538018326
200.02244619815724
-1428.177553801848
-1683.377553801841
-1249.5775538018377
-1646.9775538018403
-430.17755380184377
-1327.9775538018396
-458.5775538018439
-858.7775538018403
-405.57755380184585
-875.977553801832
-736.977553801844
-35.57755380184153
218.62244619816155
153.222446198159
482.6224461981585
-160.17755380183797
590.0224461981585
688.6224461981628
-61.177553801842095
-255.5775538018428
-729.5775538018598
-193.17755380184434
-1049.377553801842
70.82244619815314
506.822446198159
309.62244619816045
253.42244619815764
100.62244619815706
-534.9775538018396
354.6224461981598
-598.1775538018462
349.82244619815543
-891.7775538018375
-1686.7775538018425
-868.5775538018429
-1910.7775538018504
-1513.777553801844
-2341.177553801847
-962.9775538018334
-939.3775538018416
-111.57755380184025
-1056.7775538018425
-18.777553801839215
1167.022446198167
26.822446198159735
-16.977553801841438
900.6224461981576
404.4224461981612
339.6224461981607
-183.377553801842
-1161.1775538018253
-506.77755380183964
-1117.1775538018458
-269.5775538018441
-1236.977553801838
-464.1775538018371
644.6224461981574
1113.4224461981596
1336.8224461981558
144.8224461981593
-516.9775538018428
628.422446198161
416.8224461981603
307.22244619816183
-371.3775538018435
-1258.7775538018368
-760.5775538018386
-1867.9775538018487
-1348.3775538018538
-1943.5775538018443
-548.5775538018379
-1447.1775538018526
-594.9775538018431
-1258.777553801844
-388.57755380184176
-105.77755380184057
-682.9775538018471
-779.977553801849
80.4224461981557
410.2224461981577
671.8224461981575
-11.177553801847218
-957.1775538018397
-583.577553801857
-352.5775538018415
-264.57755380184165
-1067.5775538018377
-575.1775538018377
516.8224461981581
1494.6224461981724
1281.2224461981416
-76.77755380184104
-811.7775538018451
779.8224461981542
1085.6224461981574
-473.17755380184127
-565.5775538018408
-605.7775538018419
-710.17755380184
-1466.7775538018386
-389.3775538018408
-1190.1775538018437
155.02244619815986
-222.977553801843
-27.17755380184039
-34.9775538018422
474.222446198155
-280.7775538018408
185.62244619816246
-144.77755380184252
-179.57755380184196
216.42244619815858
250.02244619815633
7.222446198156515
-795.7775538018467
-326.7775538018407
-162.57755380185117
-1142.9775538018318
-1399.57755380185
-1279.177553801852
-111.37755380183876
1228.8224461981538
999.4224461981579
177.42244619815813
-335.7775538018406
233.2224461981575
772.0224461981675
-133.17755380184016
-40.777553801840696
41.0224461981596
-730.1775538018464
-1006.377553801847
-1090.9775538018396
-1197.3775538018403
-163.5775538018389
381.62244619816056
-160.1775538018422
-335.57755380184136
157.42244619815878
533.4224461981595
796.0224461981533
80.02244619815875
-361.97755380184196
536.8224461981562
102.42244619815779
-309.5775538018341
-568.3775538018407
-709.7775538018429
-714.3775538018358
-713.7775538018465
-826.3775538018413
-330.5775538018381
-93.3775538018449
1102.4224461981596
1061.222446198156
778.2224461981561
100.4224461981613
-255.5775538018417
82.42244619815935
206.82244619815918
352.22244619815837
212.4224461981592
133.02244619816037
-110.7775538018429
85.42244619815472
-514.7775538018486
-444.1775538018353
-147.7775538018368
74.02244619815858
49.82244619815747
649.0224461981588
-36.77755380184164
63.8224461981627
-8.777553801837303
518.4224461981617
1517.6224461981512
1662.0224461981575
751.4224461981609
210.62244619815553
-425.17755380183894
103.82244619815918
-485.3775538018518
269.6224461981587
664.0224461981585
-120.5775538018435
1755.2224461981432
1151.0224461981536
852.6224461981622
436.0224461981574
-62.57755380184069
615.4224461981593
1006.4224461981626
754.6224461981558
138.62244619815843
529.8224461981545
216.02244619815772
1035.6224461981667
36.422446198154965
305.8224461981583
806.6224461981607
360.62244619815283
196.62244619815834
1255.4224461981564
146.42244619815742
-221.97755380184316
549.8224461981603
636.2224461981563
938.4224461981585
1075.622446198152
321.822446198159
-313.7775538018435
-317.377553801847
513.4224461981565
-654.3775538018418
-285.5775538018406
-238.77755380184192
-731.577553801844
756.8224461981561
585.2224461981601
-88.7775538018456
-314.97755380183384
-346.5775538018413
518.4224461981593
167.6224461981554
-103.77755380184438
-158.37755380184197
-328.97755380184145
-828.3775538018439
344.62244619815687
91.42244619816077
105.22244619815818
235.62244619816013
-762.3775538018476
78.0224461981589
839.42244619816
760.22244619816
224.6224461981559
-31.977553801841687
217.82244619816015
316.6224461981621
-487.5775538018357
-104.97755380184073
-499.9775538018428
-150.7775538018433
-186.97755380183995
-1439.5775538018447
-1726.3775538018356
-1297.977553801842
-868.9775538018349
94.82244619815845
184.42244619816157
-234.17755380183405
-508.97755380183776
-492.5775538018347
-259.77755380184783
70.22244619815628
41.22244619815482
-102.37755380184892
-517.9775538018421
-576.3775538018467
176.62244619815965
-603.5775538018453
-396.77755380184493
-801.1775538018395
-1550.7775538018511
-102.57755380184486
-25.977553801846458
-177.77755380183703
67.62244619815971
306.6224461981622
-46.57755380183841
-397.37755380184734
-1229.777553801846
-987.9775538018401
-1292.977553801852
-900.3775538018408
-695.7775538018489
-1212.3775538018178
-1961.9775538018541
-1624.1775538018492
-667.9775538018374
344.622446198158
-370.1775538018385
-62.97755380184098
1.822446198156845
-1281.1775538018353
-1030.1775538018446
-28.777553801847205
-773.9775538018404
-690.7775538018445
-1256.5775538018509
-1234.9775538018382
-493.5775538018376
-816.5775538018386
-969.7775538018353
-1568.577553801854
-569.3775538018429
385.82244619815964
-225.97755380184236
-1022.3775538018413
-1229.7775538018352
-325.9775538018414
73.42244619815978
-488.9775538018348
-1083.1775538018371
-1651.977553801836
-1360.977553801849
-1590.977553801838
-910.9775538018376
