-200.87887921737723
110.72112078261878
-38.87887921738013
-145.67887921737986
273.92112078262016
182.72112078262103
-103.07887921737796
-289.4788792173801
-274.8788792173816
-685.2788792173794
-1270.4788792173842
-1209.4788792173765
-344.0788792173794
-104.4788792173795
-91.47887921737924
-396.4788792173805
-922.2788792173765
-404.078879217381
198.72112078262168
224.3211207826189
-333.2788792173792
-453.0788792173826
-624.6788792173834
-392.2788792173773
-134.67887921737923
-214.67887921738088
-367.8788792173802
-63.678879217379574
323.5211207826211
182.52112078261982
-22.07887921737988
430.321120782625
961.5211207826221
792.1211207826218
614.7211207826226
327.9211207826216
1071.1211207826213
1123.7211207826174
284.7211207826219
68.72112078262077
17.121120782620203
27.12112078262045
-110.2788792173798
-157.47887921738038
495.92112078262016
674.1211207826212
764.9211207826187
603.3211207826182
-68.47887921738086
186.9211207826195
685.7211207826206
989.7211207826209
374.7211207826208
165.32112078262077
-205.47887921738027
107.52112078262238
171.72112078262364
-19.87887921737802
-317.8788792173798
-365.4788792173799
154.72112078262143
472.521120782622
-21.478879217377425
391.52112078261956
1077.9211207826183
85.12112078262082
152.72112078262117
-70.2788792173812
342.32112078262185
951.7211207826191
149.12112078262075
-76.67887921737986
-349.6788792173787
21.521120782618198
-433.2788792173824
-725.0788792173848
-121.4788792173787
-298.6788792173823
-268.8788792173761
-44.878879217381524
-247.67887921738023
-247.07887921738038
-200.67887921737753
39.32112078262253
-538.2788792173824
-558.4788792173839
-755.4788792173803
96.5211207826209
279.92112078262227
-353.0788792173787
-705.6788792173802
-342.2788792173786
387.9211207826253
-94.67887921738021
-659.4788792173779
-383.278879217379
685.1211207826175
-286.8788792173822
115.52112078262127
81.52112078262064
309.52112078262303
359.92112078262136
378.92112078262295
572.9211207826173
250.3211207826211
290.92112078262056
-300.27887921738125
-295.8788792173819
61.52112078261914
-58.67887921738083
-124.07887921738075
3.3211207826181948
120.92112078262069
164.9211207826208
644.1211207826221
53.921120782619326
-663.4788792173811
-249.2788792173815
553.3211207826208
759.521120782623
340.1211207826241
-71.47887921737825
-611.0788792173757
-211.67887921737946
8.521120782622205
-671.478879217375
-911.6788792173834
-393.47887921737913
730.5211207826213
-148.27887921737994
-153.0788792173787
255.72112078262043
668.5211207826221
1153.3211207826187
509.92112078262153
-128.07887921737978
-63.2788792173805
253.72112078261958
-129.87887921738033
-274.278879217377
259.52112078262047
368.9211207826216
248.3211207826214
363.72112078262336
-123.67887921738361
-523.2788792173802
-93.8788792173838
-613.6788792173764
-81.27887921737886
222.5211207826205
200.52112078262059
906.9211207826158
759.1211207826126
791.321120782615
351.9211207826228
205.12112078262334
201.12112078262376
-700.4788792173806
-552.0788792173827
-69.27887921738017
125.72112078262103
-204.87887921737914
-312.0788792173795
-103.27887921738095
471.52112078262127
1277.3211207826268
676.721120782621
45.52112078261939
-80.27887921737664
-415.2788792173749
413.1211207826193
-179.07887921737938
233.52112078261894
581.1211207826227
227.92112078262014
91.32112078262017
-350.07887921737847
-390.2788792173762
-436.67887921737776
-845.4788792173771
-939.4788792173753
-390.27887921738005
-448.67887921738134
275.521120782623
-11.678879217378832
-339.07887921737995
35.12112078262289
345.72112078261887
155.92112078262232
-331.87887921738064
-563.8788792173816
-158.87887921737953
-75.47887921737953
-113.27887921738098
-5.678879217377556
-498.07887921738273
146.52112078262135
765.5211207826227
767.9211207826241
405.3211207826241
8.321120782620248
-549.0788792173746
229.12112078261686
139.5211207826217
589.7211207826222
656.7211207826181
128.52112078262076
-527.0788792173793
-932.2788792173834
311.1211207826206
479.72112078261955
-282.4788792173801
-461.87887921738144
-211.27887921737903
-364.87887921738013
-656.4788792173798
-984.0788792173836
-787.2788792173803
-31.87887921737731
51.32112078262106
-23.87887921738018
-436.27887921737903
-590.0788792173829
-344.0788792173805
-321.67887921738327
250.3211207826212
-55.878879217378966
58.32112078262006
-410.6788792173777
385.12112078262203
918.1211207826199
646.321120782619
735.3211207826223
-7.878879217378746
-312.07887921738126
-429.47887921737805
-152.8788792173795
471.9211207826242
23.521120782620002
-152.27887921737997
-450.6788792173763
-686.4788792173712
-440.07887921738296
333.32112078261997
656.3211207826188
306.7211207826223
-594.8788792173806
-762.6788792173812
-877.8788792173857
-424.0788792173806
120.92112078262207
154.72112078262091
409.7211207826233
-481.0788792173776
-405.07887921737813
-139.07887921737822
418.52112078262184
41.72112078261926
-496.2788792173795
-456.67887921738225
-891.0788792173728
-86.07887921738067
102.52112078262046
244.5211207826207
771.1211207826233
705.1211207826192
70.12112078261919
-412.67887921737963
-502.6788792173787
306.9211207826212
153.72112078262083
29.121120782620714
37.12112078262079
-1065.6788792173827
-1219.0788792173823
-134.67887921737585
-38.27887921738221
-133.8788792173772
-933.8788792173737
-724.8788792173738
-439.27887921737704
20.921120782620356
-122.87887921737979
40.72112078261761
435.921120782619
-81.07887921738168
37.321120782619296
163.72112078262074
1059.9211207826231
-69.67887921737824
-53.47887921737923
-36.478879217380005
12.12112078261621
239.3211207826236
-171.47887921737703
-204.07887921738086
-295.47887921737936
322.3211207826205
544.1211207826175
-318.87887921738104
-959.4788792173849
-710.4788792173838
-424.0788792173833
-910.0788792173779
-537.8788792173917
-516.878879217375
-929.0788792173761
-1529.478879217373
-1727.878879217373
-925.2788792173809
-764.6788792173778
-420.6788792173795
-462.87887921737996
-362.87887921737826
446.72112078262177
762.5211207826152
779.9211207826163
144.12112078262027
61.32112078262025
34.921120782620044
666.3211207826173
-5.27887921737792
276.3211207826221
474.72112078262074
765.9211207826227
515.9211207826216
630.3211207826222
873.5211207826197
52.12112078262097
716.3211207826203
754.9211207826224
-735.2788792173818
-261.67887921737895
-290.678879217386
-726.0788792173885
-761.2788792173698
-560.2788792173825
-468.07887921737813
-366.6788792173783
-967.2788792173803
-1108.6788792173782
-1255.4788792173933
-901.6788792173769
665.9211207826203
393.5211207826225
-815.478879217384
316.52112078262127
1304.521120782616
869.5211207826201
235.7211207826225
-315.0788792173837
-353.6788792173786
235.5211207826166
-132.07887921737893
-105.07887921737725
-43.87887921738017
450.5211207826217
-19.87887921737974
-459.0788792173768
343.52112078261905
366.52112078262167
442.1211207826218
-255.278879217379
-793.678879217382
-92.47887921738166
-557.8788792173789
-1181.8788792173864
-688.2788792173817
-181.87887921738286
-758.4788792173842
-1111.0788792173807
-379.0788792173802
77.52112078262113
-1135.278879217383
-604.0788792173851
1101.7211207826213
815.92112078262
175.7211207826205
307.12112078261725
726.921120782626
809.3211207826241
113.3211207826196
-897.6788792173769
143.52112078261985
247.1211207826223
-138.4788792173824
287.3211207826175
48.32112078262129
840.9211207826226
692.1211207826195
-476.27887921738073
-579.8788792173824
-189.67887921738068
366.92112078261925
415.52112078262525
-522.278879217379
-77.47887921737768
-434.07887921738217
-2094.6788792173793
-1458.6788792173777
-980.0788792173813
-1154.478879217374
-1460.0788792173773
-735.478879217381
-535.8788792173815
-86.67887921737952
66.52112078261919
492.72112078261944
728.3211207826198
1017.5211207826189
393.3211207826189
1301.3211207826228
1263.7211207826167
407.92112078262136
-146.27887921738056
571.9211207826216
152.92112078262213
-325.2788792173808
58.521120782622155
533.121120782617
660.5211207826214
551.5211207826213
-10.878879217379708
-1122.878879217377
-945.6788792173788
-703.8788792173791
87.52112078262272
-1139.4788792173767
-1438.8788792173789
-1628.2788792173844
-2202.678879217378
-3011.0788792173853
-1815.878879217382
-1012.278879217381
-1567.478879217377
-1834.0788792173785
-965.2788792173776
-701.8788792173799
-983.0788792173832
-365.6788792173789
-110.47887921737869
42.32112078262109
489.72112078262023
1584.7211207826108
1810.5211207826214
1156.921120782618
782.5211207826153
871.3211207826204
253.72112078262194
-193.4788792173758
-352.8788792173796
655.5211207826204
852.7211207826209
499.3211207826223
539.9211207826237
-111.27887921737977
-117.27887921737977
-606.6788792173811
-822.2788792173765
-559.0788792173832
-1526.8788792173773
-1975.4788792173815
-446.07887921738325
-1940.8788792173775
-1464.6788792173877
-65.67887921737912
-230.8788792173798
-219.07887921737867
-629.2788792173775
-638.4788792173799
-238.2788792173806
169.9211207826204
-140.47887921737774
-850.8788792173779
627.7211207826215
1338.5211207826205
924.921120782617
713.5211207826142
657.3211207826156
-341.07887921737955
-811.2788792173789
-321.8788792173812
-807.0788792173781
222.52112078262078
626.7211207826234
424.5211207826216
879.7211207826225
291.72112078261904
76.12112078261922
-210.07887921737898
-1463.2788792173915
-1148.278879217386
-1468.478879217384
-1511.6788792173825
408.3211207826181
-414.078879217376
-1232.8788792173773
-889.4788792173806
-1081.8788792173775
52.32112078262018
55.72112078262205
300.721120782618
142.92112078262073
-449.27887921737806
-538.6788792173777
-548.4788792173791
680.3211207826245
487.72112078261745
-31.278879217379334
715.5211207826192
1388.3211207826098
-221.67887921737793
-926.4788792173791
-345.07887921738103
-728.8788792173817
46.921120782622125
259.5211207826175
796.5211207826178
1275.5211207826137
664.921120782624
143.12112078261973
-45.67887921738327
-616.8788792173768
-563.4788792173778
-544.6788792173776
-514.0788792173846
136.92112078262286
-1094.2788792173783
-1951.0788792173707
-1352.678879217377
-1985.0788792173914
-824.8788792173758
-332.2788792173846
-470.07887921737523
-420.47887921737725
-541.478879217381
-677.6788792173861
-230.078879217379
-82.6788792173777
-495.2788792173799
455.9211207826239
1879.1211207826148
2262.9211207825942
958.9211207826211
-138.87887921737908
-192.87887921737877
-224.27887921737724
395.32112078262315
675.721120782621
896.72112078262
1386.7211207826276
1539.3211207826193
556.9211207826219
143.72112078261924
-6.678879217378473
-998.0788792173817
-968.478879217377
-781.4788792173697
-456.078879217384
-769.0788792173804
-1379.2788792173744
-1431.2788792173874
-1611.6788792173834
-1315.8788792173714
-953.8788792173723
-1052.4788792173852
-77.6788792173799
449.12112078262027
-448.87887921737126
-437.078879217378
-608.8788792173817
-464.87887921737985
819.9211207826224
886.1211207826206
583.1211207826207
-119.67887921738087
-906.0788792173835
70.1211207826209
526.9211207826241
359.3211207826255
289.92112078262073
-405.67887921737685
7.12112078262038
907.7211207826228
392.12112078262055
-254.47887921737572
-295.478879217382
-394.4788792173786
-1110.0788792173826
-1095.6788792173854
-442.4788792173835
-249.87887921738383
-1072.878879217385
-1048.8788792173827
-869.6788792173852
-1036.8788792173807
-695.8788792173876
-879.2788792173855
-232.47887921737842
149.12112078262084
-752.8788792173773
-563.6788792173811
-230.2788792173776
4.521120782620155
223.5211207826206
-362.07887921737694
280.9211207826235
-40.87887921737952
-728.6788792173777
78.12112078261887
873.1211207826159
610.3211207826199
239.9211207826201
-643.0788792173789
-39.87887921737967
596.5211207826229
-93.67887921737929
-1640.6788792173752
-1744.8788792173823
-86.0788792173824
-451.6788792173812
-310.27887921738244
-657.4788792173792
-534.8788792173793
-837.078879217379
-1132.878879217384
-948.2788792173911
-1079.6788792173847
-386.2788792173879
-612.0788792173802
-241.27887921737698
-197.07887921738052
-358.0788792173809
72.72112078262109
-78.47887921737944
753.9211207826212
454.1211207826216
115.9211207826198
824.7211207826251
876.3211207826198
52.72112078261959
-56.67887921738116
590.1211207826249
879.1211207826237
84.32112078261741
-1214.4788792173765
-807.4788792173763
-105.47887921737956
84.52112078261834
-649.4788792173794
-1017.8788792173832
-1320.878879217383
-1315.4788792173754
-642.6788792173782
-1379.8788792173827
-1454.0788792173817
-1585.878879217385
-1269.878879217386
-885.078879217381
-793.2788792173844
-152.07887921738202
3.321120782621996
-342.07887921737927
-101.4788792173803
486.32112078262105
830.3211207826215
352.5211207826214
123.72112078262072
-208.87887921737996
-48.278879217381686
561.9211207826204
553.3211207826196
666.7211207826181
533.5211207826201
1533.7211207826124
1223.5211207826142
32.721120782625476
-560.4788792173797
-252.27887921737798
144.32112078262364
-98.07887921738168
-208.47887921737768
-566.4788792173813
-1576.2788792173747
-2198.0788792173817
-906.4788792173783
-702.8788792173789
-572.2788792173768
-1322.2788792173812
-599.2788792173775
-676.4788792173774
-1911.8788792173707
-224.27887921738164
-425.6788792173834
-676.6788792173784
-291.6788792173859
-252.27887921737533
-659.6788792173704
-638.2788792173811
-84.47887921738149
124.12112078262106
209.72112078262364
96.9211207826206
-2.8788792173791293
299.9211207826212
135.72112078262052
786.1211207826232
1268.721120782629
1002.721120782632
813.9211207826272
821.9211207826168
-316.67887921737906
-1069.8788792173777
-124.47887921737957
-659.6788792173792
-968.478879217384
-822.4788792173788
-571.0788792173788
-472.27887921738204
-448.6788792173806
-1130.4788792173779
-1428.6788792173727
-1230.278879217382
-1695.078879217382
-585.0788792173797
-629.078879217386
-1131.6788792173834
-864.0788792173795
-428.27887921738187
-875.0788792173761
-1110.4788792173792
28.92112078262167
-79.07887921738
31.521120782621104
214.92112078261854
-278.8788792173798
-66.07887921737898
893.9211207826222
613.3211207826171
977.9211207826205
663.5211207826187
367.5211207826197
221.12112078261805
-923.4788792173814
-814.8788792173812
-412.8788792173809
-972.6788792173805
-195.87887921737757
122.72112078261901
6.521120782621566
-549.0788792173756
-519.4788792173792
-907.0788792173796
-828.0788792173915
-625.8788792173759
-559.8788792173747
66.92112078262056
65.3211207826191
-235.07887921737708
-80.07887921737853
-25.07887921737747
-296.6788792173809
-381.2788792173757
464.72112078262006
-67.27887921737836
-191.87887921738022
204.9211207826231
404.7211207826223
479.5211207826217
781.1211207826195
450.1211207826193
483.32112078261895
297.3211207826195
-177.87887921738
-61.27887921737987
-462.27887921738085
-105.27887921738032
81.32112078262169
-543.2788792173753
-718.0788792173803
-274.8788792173743
-631.2788792173732
-745.8788792173789
-488.67887921738287
-600.8788792173776
-492.0788792173809
-322.2788792173803
-899.2788792173926
-625.6788792173859
-226.67887921737653
-324.0788792173808
119.5211207826195
442.7211207826213
-740.8788792173855
-754.6788792173805
-425.87887921738366
-184.8788792173813
621.3211207826135
746.9211207826213
1027.5211207826258
645.3211207826203
-321.2788792173824
-552.6788792173804
20.52112078262041
516.3211207826199
-299.4788792173787
-573.6788792173837
-228.27887921737826
-11.678879217378567
262.12112078261777
-570.6788792173786
-707.2788792173778
-505.47887921737964
-624.478879217371
-805.6788792173803
-659.2788792173867
-880.878879217384
-84.8788792173817
112.92112078261786
-815.6788792173708
-351.4788792173752
-283.4788792173814
-258.67887921737963
-139.47887921737959
399.7211207826185
-412.27887921737903
3.521120782618535
35.72112078262009
211.52112078262067
698.9211207826232
615.7211207826275
632.7211207826194
138.52112078262076
131.3211207826195
200.12112078262197
752.7211207826164
710.5211207826201
-46.87887921738082
-642.2788792173812
90.72112078262063
25.321120782618756
347.1211207826192
-514.078879217379
-695.478879217383
-297.0788792173819
-461.87887921738
-416.47887921737964
107.72112078262228
-621.4788792173787
-320.8788792173752
-315.27887921737954
-493.0788792173779
-273.8788792173818
-879.2788792173856
-963.2788792173816
-181.6788792173785
-625.4788792173879
-631.2788792173828
-279.27887921738017
531.9211207826191
-136.2788792173789
352.52112078261945
180.7211207826205
-215.0788792173805
-653.4788792173839
1000.321120782622
748.9211207826174
854.7211207826199
571.7211207826216
-255.8788792173782
-181.8788792173787
667.1211207826169
375.9211207826198
242.32112078262034
-270.8788792173789
-153.0788792173796
118.92112078261798
459.3211207826192
186.12112078261882
364.3211207826234
-329.8788792173813
-288.4788792173828
-5.078879217380262
-41.47887921737945
-286.6788792173821
-508.0788792173806
-246.87887921738033
-202.87887921738064
-607.6788792173808
-239.07887921737964
-638.478879217385
-74.67887921737928
5.321120782619859
302.92112078262096
127.12112078261966
180.72112078262165
374.7211207826215
660.3211207826179
99.72112078262084
474.12112078262
60.121120782617915
-167.47887921738197
340.9211207826196
398.3211207826169
-449.6788792173834
-202.27887921738093
77.52112078262125
74.32112078262344
-347.278879217378
180.52112078261948
378.32112078261895
26.92112078262025
-949.0788792173805
-31.678879217376846
364.1211207826188
214.12112078262152
-276.27887921738034
-578.8788792173806
-251.07887921738114
-637.8788792173808
-989.0788792173795
-917.4788792173792
-949.2788792173812
-687.6788792173795
-213.27887921738014
-142.0788792173806
-600.6788792173809
-332.078879217385
635.3211207826228
-293.07887921737887
-229.27887921737866
130.9211207826207
310.5211207826208
823.1211207826159
261.32112078262276
-14.87887921737802
-688.278879217372
-39.878879217379016
653.32112078262
173.521120782621
74.52112078261949
164.32112078261918
115.52112078261935
-78.67887921737903
-619.4788792173788
254.9211207826198
-188.87887921737914
-119.47887921737922
-350.678879217381
-979.878879217379
-145.87887921737786
-30.678879217382153
64.92112078262076
46.52112078261942
145.5211207826222
68.72112078262313
-264.47887921737794
-243.4788792173807
-117.67887921738185
8.32112078262012
633.921120782622
-460.6788792173834
57.921120782620065
139.32112078262202
754.1211207826208
737.3211207826205
117.92112078262065
336.721120782619
12.521120782618636
26.12112078261952
286.92112078261994
-127.87887921737989
235.5211207826208
96.92112078262
-270.0788792173773
135.92112078261954
159.72112078261995
582.3211207826193
231.52112078261885
401.3211207826241
206.921120782622
277.3211207826207
870.121120782627
268.5211207826206
656.3211207826178
120.1211207826202
267.12112078262106
326.5211207826205
-296.07887921737887
55.72112078262033
302.5211207826223
368.1211207826245
545.121120782622
-188.47887921737797
369.7211207826218
338.7211207826211
153.72112078262242
-331.2788792173819
-479.0788792173773
-104.07887921738053
-6.878879217378552
-3.0788792173814485
84.32112078262013
-212.0788792173819
-349.07887921737665
-515.2788792173842
-900.4788792173782
-289.8788792173774
-441.67887921738196
-376.07887921737887
-176.67887921738054
-106.47887921738112
-691.8788792173729
-284.47887921737964
46.121120782619826
-690.2788792173745
-192.47887921737646
-442.078879217378
-571.6788792173744
-750.6788792173805
-311.4788792173738
763.1211207826212
-25.87887921738108
-444.47887921737913
-89.07887921738032
-48.87887921738109
-345.87887921737814
-461.2788792173848
-52.07887921738218
-95.67887921738011
-282.67887921738
-415.07887921737824
-567.0788792173774
-961.0788792173812
-1207.4788792173863
-1214.6788792173827
-569.0788792173782
-432.87887921738275
-568.67887921738
-1031.8788792173696
-1481.8788792173855
-820.8788792173774
-8.27887921738047
80.32112078261984
-618.678879217379
-802.2788792173773
-965.4788792173836
-757.2788792173794
-420.0788792173803
-285.07887921738165
-551.878879217381
-386.4788792173802
-117.07887921738089
-162.27887921737874
-414.27887921737886
-122.27887921737857
311.12112078262254
651.1211207826218
148.32112078261915
-226.67887921737906
322.12112078261873
318.721120782622
-261.07887921737904
-255.67887921737918
-438.8788792173792
-280.67887921738105
77.92112078261657
-170.07887921737915
193.12112078262027
402.12112078261885
444.9211207826212
105.52112078262023
-618.4788792173827
-369.27887921738335
468.1211207826208
920.3211207826199
118.12112078262068
-225.07887921737907
-692.6788792173774
-329.4788792173798
-66.8788792173793
28.52112078262057
-327.67887921738185
-358.67887921737616
-7.878879217381403
233.32112078261963
-391.8788792173765
-155.8788792173831
371.321120782622
-68.2788792173802
-378.67887921737537
-818.4788792173849
-602.0788792173846
42.521120782619654
-514.8788792173805
-372.4788792173821
-457.47887921738396
87.52112078262003
49.721120782619586
-505.07887921737796
-298.8788792173761
-423.678879217379
-222.67887921737693
-119.27887921738083
-285.8788792173782
-350.8788792173789
-115.07887921738107
152.92112078262159
-724.4788792173817
-890.6788792173786
-1255.0788792173837
-199.2788792173802
168.3211207826218
-221.87887921738138
-590.4788792173829
-156.07887921738237
274.72112078262097
-325.6788792173791
-1027.278879217381
-1067.2788792173794
-167.8788792173809
-235.27887921738142
-157.07887921738072
-523.0788792173812
-575.4788792173865
-470.07887921737904
-206.27887921737977
293.9211207826215
132.72112078262117
401.1211207826185
74.72112078261864
-142.67887921738
-228.6788792173791
-376.6788792173805
-154.07887921737847
24.12112078262055
424.5211207826197
495.1211207826228
1011.9211207826147
304.72112078261955
-769.8788792173859
-541.6788792173769
-18.27887921738018
384.32112078262236
203.72112078262
74.72112078261944
-596.6788792173779
-125.0788792173809
24.921120782620285
-597.4788792173855
-1125.278879217386
-1003.4788792173839
35.52112078261944
16.121120782616885
-294.67887921738185
-171.07887921737702
-37.478879217381134
469.7211207826187
64.12112078261798
-355.07887921738177
-226.2788792173809
278.92112078262016
122.72112078262064
-231.47887921738246
-77.07887921738134
-212.47887921738
-16.47887921738123
582.3211207826218
498.92112078262016
223.32112078261963
604.3211207826205
-134.4788792173807
171.92112078261832
171.1211207826194
-177.678879217376
619.721120782621
567.7211207826193
791.721120782619
147.12112078261828
-126.27887921737958
7.9211207826207115
-645.6788792173799
-659.4788792173857
-477.0788792173847
-268.0788792173799
10.321120782620035
-510.4788792173782
-537.0788792173819
-50.67887921738047
702.7211207826207
39.12112078261892
-187.87887921737422
-119.27887921738649
-422.47887921737816
395.3211207826207
-379.2788792173815
-108.67887921738335
151.32112078262423
133.3211207826205
509.12112078262015
425.92112078262227
514.32112078262
489.12112078262305
-62.67887921738182
-265.0788792173795
-4.678879217378061
-73.47887921738135
480.32112078262105
248.12112078262035
-73.47887921738229
-99.27887921738112
-79.87887921738172
-127.87887921738249
-380.07887921737955
-696.0788792173787
-357.4788792173849
-282.2788792173801
82.52112078261962
-62.67887921738238
-671.0788792173787
-283.0788792173787
165.12112078261845
158.9211207826187
287.9211207826206
200.9211207826208
-494.67887921738065
176.7211207826207
-288.2788792173789
61.721120782622506
383.9211207826238
385.9211207826202
-168.87887921737695
-350.67887921738117
856.92112078262
1230.321120782615
523.9211207826208
198.32112078262043
318.7211207826184
311.9211207826229
-136.87887921738042
-452.2788792173816
-311.07887921738137
5.721120782622471
-317.2788792173798
-491.6788792173805
-570.6788792173775
-808.6788792173811
-449.2788792173814
-417.27887921738017
234.92112078261988
-79.27887921737752
-174.4788792173773
-1044.4788792173824
-363.8788792173812
365.3211207826207
458.1211207826189
769.3211207826199
-69.0788792173793
-478.87887921737837
-690.0788792173801
-492.4788792173797
61.52112078261809
-12.078879217376969
22.121120782620984
-34.87887921737894
-48.47887921738008
316.7211207826195
1016.1211207826211
1175.3211207826128
921.7211207826198
31.32112078261862
-435.27887921737863
-650.0788792173798
24.321120782621477
262.9211207826187
-185.87887921738013
-122.67887921738114
-881.6788792173734
-739.2788792173807
-429.87887921737723
150.52112078262098
-147.27887921738017
-774.8788792173735
-943.2788792173828
-1553.2788792173696
-682.6788792173782
-335.0788792173783
46.721120782619494
726.5211207826234
596.1211207826183
-74.47887921737951
-313.6788792173784
-377.6788792173782
149.5211207826247
280.72112078262273
514.7211207826222
629.3211207826209
-185.67887921737844
-256.07887921737967
680.9211207826233
762.5211207826252
732.3211207826236
-313.27887921737926
-290.4788792173778
70.32112078261812
614.7211207826191
16.92112078262162
-401.87887921737854
-55.878879217380494
-624.878879217374
-669.4788792173805
-350.278879217383
678.3211207826199
-284.07887921737404
-479.478879217383
-723.8788792173797
-796.2788792173826
-528.8788792173742
-871.2788792173797
-621.2788792173784
-364.4788792173798
347.7211207826188
579.7211207826208
-235.07887921737904
-794.0788792173777
-338.07887921737876
266.3211207826214
-199.4788792173798
290.32112078261974
539.1211207826194
349.121120782622
-394.07887921738035
-670.6788792173822
31.321120782620262
65.52112078262209
364.9211207826184
285.72112078262097
177.32112078262014
224.72112078262313
-61.27887921737969
-3.8788792173810123
-626.8788792173822
-913.0788792173887
-366.6788792173761
486.12112078261936
-138.07887921738114
-343.47887921738106
-411.0788792173811
-174.67887921738088
-438.27887921738443
-354.0788792173781
227.5211207826208
-35.87887921738147
758.321120782626
924.1211207826211
-498.4788792173836
76.72112078262035
354.52112078262223
320.9211207826204
379.32112078261974
650.1211207826216
978.7211207826155
1254.7211207826285
461.3211207826239
93.12112078261876
-305.27887921737744
14.72112078262245
1372.521120782627
905.3211207826208
-635.678879217378
-110.47887921738003
41.921120782622104
-423.67887921738225
-795.8788792173796
-1393.6788792173775
-770.8788792173798
151.92112078262127
-142.27887921738167
-625.4788792173755
-948.8788792173821
-677.2788792173784
-1109.4788792173854
-1449.8788792173787
-172.4788792173804
457.321120782621
619.121120782624
255.5211207826214
-30.878879217379477
659.5211207826227
312.72112078262444
116.92112078261836
667.1211207826202
952.5211207826292
726.1211207826119
610.5211207826242
830.1211207826238
1215.3211207826216
-143.87887921737894
132.32112078262242
1410.1211207826116
649.5211207826243
-509.47887921737913
-1021.678879217382
-1340.4788792173867
-1147.078879217373
-1397.678879217375
-1975.4788792173777
-331.27887921738346
211.32112078262125
-17.078879217378613
-288.0788792173803
-898.0788792173809
-539.0788792173809
-773.2788792173766
-1618.8788792173843
-972.6788792173784
182.1211207826204
944.9211207826161
1162.1211207826263
405.3211207826199
910.9211207826208
965.7211207826206
-316.07887921738114
421.32112078262554
368.3211207826187
286.72112078262046
191.12112078261973
612.921120782616
589.1211207826167
688.9211207826239
666.921120782623
383.5211207826243
-24.07887921737983
-188.27887921738062
-1382.8788792173796
-949.478879217376
-715.6788792173809
-1224.2788792173765
-1172.6788792173863
302.52112078262115
448.3211207826222
-313.87887921738024
-555.67887921738
-178.2788792173804
-630.478879217377
-745.678879217377
-802.0788792173786
-1333.2788792173783
-538.0788792173809
68.1211207826199
1092.1211207826132
35.52112078261993
12.121120782621375
238.52112078262468
-113.27887921737644
-645.6788792173817
330.7211207826243
1197.921120782623
629.7211207826249
12.12112078262232
465.321120782622
344.72112078262086
-60.478879217378086
171.52112078261922
-119.27887921737903
-677.8788792173802
-667.2788792173785
-227.6788792173797
2.7211207826216466
-370.8788792173798
-357.27887921738443
520.7211207826205
614.7211207826166
-278.47887921737777
-890.8788792173815
156.12112078262155
-229.0788792173787
-533.6788792173814
-8.478879217380289
-239.27887921738238
46.92112078262154
81.32112078262475
313.32112078262173
769.7211207826258
167.7211207826224
38.121120782620004
1726.3211207826064
563.1211207826223
1001.5211207826214
2342.121120782629
1632.3211207826107
1690.7211207826167
1158.9211207826188
594.7211207826199
808.3211207826175
1100.1211207826145
354.1211207826197
-1157.678879217381
-467.4788792173816
-436.878879217384
-1019.2788792173828
-1039.2788792173817
-650.0788792173795
-1098.478879217386
-661.6788792173822
-490.2788792173795
-1306.0788792173691
-129.47887921738098
-231.27887921737894
-501.87887921738127
88.32112078262467
-168.27887921738142
179.52112078261993
434.5211207826224
-654.4788792173792
-255.87887921737882
-299.27887921738034
221.7211207826198
2186.9211207826097
1689.9211207826215
916.921120782626
1371.521120782623
354.3211207826221
1640.1211207826261
1518.5211207826196
1394.3211207826212
1194.1211207826232
604.3211207826199
152.52112078262064
-686.6788792173808
130.52112078262263
-348.2788792173792
-1498.8788792173777
-731.8788792173801
155.52112078262047
-1094.6788792173807
-785.8788792173809
-659.4788792173819
-1353.478879217382
-559.8788792173783
-672.0788792173771
-363.2788792173814
81.72112078262164
-298.47887921737754
-128.8788792173788
179.3211207826197
-120.87887921737887
356.921120782626
596.3211207826213
685.7211207826172
1426.52112078262
331.9211207826185
-362.87887921737934
594.7211207826216
-635.278879217383
464.1211207826193
901.3211207826154
406.32112078261565
269.1211207826221
319.7211207826234
-235.87887921737862
-252.8788792173801
63.72112078261875
-368.0788792173789
-34.2788792173796
1010.5211207826223
1320.5211207826146
172.92112078262005
-160.2788792173768
-739.2788792173818
-841.2788792173735
-245.67887921737892
87.32112078262196
404.921120782619
686.9211207826173
644.5211207826164
-29.078879217380454
-47.67887921737921
311.3211207826215
-32.07887921737818
318.32112078261804
659.7211207826226
1035.5211207826208
575.721120782621
354.92112078262096
743.1211207826206
378.52112078262195
606.1211207826186
567.7211207826201
-121.47887921738034
767.9211207826212
1295.9211207826206
235.1211207826186
108.92112078262001
175.52112078261945
16.72112078261923
777.1211207826212
531.9211207826193
18.321120782619023
-618.6788792173786
-848.2788792173804
-698.6788792173777
-218.4788792173814
-365.2788792173811
-140.4788792173793
-277.0788792173784
15.92112078261988
515.121120782615
-68.87887921737988
-156.6788792173822
201.52112078262252
197.5211207826192
13.921120782620598
200.52112078261962
730.7211207826206
1300.7211207826183
763.5211207826229
820.1211207826212
943.5211207826209
841.7211207826184
258.1211207826184
-373.07887921738285
149.72112078262268
394.7211207826228
-189.07887921737915
0.7211207826208472
213.7211207826204
18.321120782621342
-60.878879217379094
-687.4788792173731
-259.07887921738086
-691.4788792173839
-1011.0788792173842
-969.4788792173827
-295.27887921738255
-373.4788792173798
-370.2788792173815
-595.2788792173843
113.92112078262093
572.3211207826255
90.72112078261972
-960.2788792173781
-640.6788792173828
805.1211207826244
861.5211207826251
1135.5211207826233
747.9211207826156
1185.3211207826228
879.1211207826201
547.321120782621
819.1211207826232
533.3211207826197
503.3211207826196
10.921120782621351
203.1211207826218
-133.07887921737978
-352.47887921737805
25.52112078262114
-39.878879217381524
681.1211207826206
227.3211207826206
-378.87887921737916
132.32112078261937
69.72112078262003
-511.0788792173811
-1139.278879217385
-485.6788792173766
162.92112078261928
-193.87887921737993
-1018.4788792173902
-473.0788792173826
56.92112078261699
420.32112078261673
-90.67887921737967
-173.87887921737808
-178.2788792173802
189.72112078262327
1011.1211207826176
-51.678879217375965
-341.6788792173827
-457.67887921738094
82.9211207826166
467.5211207826213
383.32112078262526
618.3211207826201
432.9211207826207
4.321120782619936
36.521120782620436
367.3211207826206
622.1211207826183
575.3211207826201
214.92112078262164
-244.07887921738075
-415.47887921737936
0.32112078261880583
-162.87887921737502
-141.27887921738315
-636.0788792173698
436.12112078262123
553.9211207826239
-96.4788792173814
-249.07887921737972
104.12112078262122
229.12112078262234
-145.27887921737852
83.72112078261902
130.3211207826179
-634.47887921738
-926.2788792173793
308.3211207826202
219.92112078261695
301.5211207826228
-232.0788792173796
778.1211207826196
925.3211207826208
-535.4788792173803
513.121120782621
79.92112078262451
3.5211207826196826
340.12112078262055
261.3211207826193
-121.67887921737778
-12.678879217379581
381.52112078262604
442.9211207826225
288.92112078262255
76.12112078262135
-555.4788792173791
-619.278879217382
-1229.678879217373
-266.07887921738273
741.321120782621
787.3211207826174
760.9211207826182
798.3211207826184
-634.278879217378
-1464.4788792173777
155.92112078262437
168.12112078262086
-165.67887921738105
19.121120782618917
-53.8788792173793
75.32112078262315
427.3211207826204
346.7211207826196
172.92112078262227
78.12112078261703
-489.8788792173781
209.92112078262295
109.32112078261981
-96.27887921738156
133.52112078261936
509.5211207826171
34.92112078261867
-193.67887921737764
777.3211207826196
366.9211207826244
373.3211207826229
249.52112078262135
-844.4788792173799
-1001.0788792173765
-474.27887921738454
-433.2788792173814
439.92112078261994
501.5211207826202
216.1211207826226
150.7211207826205
-1034.6788792173782
-885.8788792173807
-243.27887921738028
-350.87887921738
409.5211207826176
671.9211207826247
276.72112078262154
-71.0788792173775
498.9211207826203
855.9211207826214
838.5211207826233
323.3211207826227
208.3211207826188
604.3211207826213
291.1211207826182
48.1211207826213
373.1211207826169
546.3211207826187
411.12112078261896
347.52112078262013
971.5211207826284
110.72112078262174
-14.078879217381076
-150.27887921737874
-408.27887921738215
-551.6788792173812
-368.8788792173783
-371.47887921738055
-67.07887921738188
22.321120782620163
-321.678879217378
18.121120782619485
-626.0788792173798
-305.47887921738095
-45.8788792173789
-368.47887921737566
-620.0788792173838
-316.47887921737765
-392.6788792173846
31.7211207826211
731.9211207826143
1116.321120782627
1108.3211207826241
709.7211207826207
-150.87887921738
-128.0788792173816
-72.07887921737954
-322.6788792173792
256.7211207826198
626.7211207826226
-435.6788792173805
-448.87887921737894
-109.87887921737965
-322.67887921737906
91.52112078261922
-159.8788792173777
-142.87887921737996
-698.2788792173849
-1256.878879217374
-1202.6788792173766
-337.4788792173804
574.1211207826225
-149.47887921737973
-397.0788792173808
-429.4788792173767
-276.4788792173802
389.7211207826218
-365.87887921737774
-786.6788792173772
-601.2788792173783
-302.4788792173799
29.12112078261918
560.7211207826202
558.5211207826326
1111.7211207826156
1014.7211207826231
-47.278879217379014
361.12112078262135
180.32112078261963
90.32112078261994
257.92112078262
684.1211207826196
-104.67887921738048
401.92112078261925
545.3211207826223
194.52112078262877
198.1211207826124
-253.67887921737912
-542.6788792173794
-1218.2788792173803
-781.6788792173849
-448.8788792173808
513.3211207826198
850.7211207826196
259.1211207826214
-294.27887921737806
279.3211207826216
114.72112078261972
663.3211207826197
-54.27887921737771
-383.07887921737984
-8.478879217379863
-109.47887921737959
140.12112078262197
983.7211207826292
343.72112078262114
389.12112078261873
256.32112078261895
153.32112078261997
367.52112078262184
-313.8788792173791
-415.0788792173815
369.72112078262404
-3.678879217377439
-42.87887921737974
363.1211207826232
1091.521120782626
30.121120782618696
328.72112078261927
-275.478879217381
-887.0788792173803
-1583.2788792173812
100.72112078262363
192.7211207826195
755.1211207826185
710.5211207826216
-21.678879217381514
166.5211207826215
1020.9211207826257
734.3211207826199
722.9211207826248
216.32112078262125
333.7211207826196
542.121120782623
775.52112078262
378.52112078261973
868.9211207826245
245.52112078262138
67.52112078262093
421.12112078262186
556.1211207826186
316.721120782625
60.92112078261838
71.52112078262289
177.32112078262102
26.121120782621695
518.321120782623
83.12112078261946
557.5211207826212
390.1211207826216
515.5211207826219
-81.27887921738139
-258.07887921737813
-438.8788792173808
-247.27887921738122
-489.4788792173772
349.52112078262087
254.12112078262098
38.12112078262054
556.5211207826219
650.5211207826217
-22.878879217381574
184.52112078262033
381.7211207826205
344.72112078262177
-192.6788792173816
249.72112078262293
375.7211207826185
138.72112078262
-806.6788792173795
-79.47887921737937
480.32112078261923
620.7211207826199
166.7211207826233
-102.67887921737822
-66.67887921737866
-378.47887921737924
-443.87887921737973
-247.878879217384
-332.47887921737924
-100.47887921738095
250.92112078261977
103.52112078262039
-877.8788792173855
-871.2788792173775
-295.47887921738095
-1026.678879217382
-639.0788792173817
41.52112078262175
318.12112078261936
968.5211207826203
367.721120782623
171.92112078262178
-259.4788792173834
195.921120782621
838.9211207826221
333.3211207826195
202.3211207826218
257.9211207826204
254.72112078261904
28.12112078261915
-543.0788792173789
255.1211207826216
-68.27887921737792
134.72112078262037
-65.67887921737857
-668.0788792173785
30.92112078262096
148.72112078262163
501.7211207826204
504.52112078261996
392.52112078262184
327.7211207826223
-33.27887921737821
-105.6788792173821
-394.2788792173811
-536.4788792173789
-270.4788792173832
-884.078879217391
-333.27887921737874
-3.0788792173790505
715.9211207826231
867.5211207826209
258.5211207826197
362.32112078262185
181.12112078261947
178.3211207826203
617.3211207826195
219.1211207826197
612.321120782618
362.12112078261697
78.32112078262054
510.92112078262085
547.5211207826246
943.1211207826142
461.9211207826218
530.9211207826191
285.52112078262013
339.12112078262385
897.7211207826156
340.12112078262123
804.321120782621
270.92112078262033
154.32112078262003
191.92112078262016
-402.8788792173794
-59.67887921737956
25.521120782618652
-111.87887921738175
-241.27887921738056
-478.07887921738063
20.121120782622917
9.121120782622445
-5.278879217379341
-317.878879217378
-424.6788792173802
-276.8788792173813
-221.0788792173815
-189.47887921738086
78.52112078261771
-164.67887921737764
-159.07887921738214
-305.8788792173804
-555.6788792173843
106.72112078261844
-122.4788792173791
-3.678879217382393
60.321120782619545
145.72112078262074
-646.6788792173767
-383.87887921738064
104.92112078262038
-623.0788792173796
-160.2788792173797
-509.67887921738117
-844.6788792173792
-869.2788792173848
-459.47887921737123
515.7211207826198
-256.2788792173798
-755.6788792173814
-550.2788792173799
878.5211207826194
317.1211207826244
112.72112078262086
429.32112078262037
542.7211207826194
676.5211207826268
468.921120782619
241.72112078262
-45.27887921738024
-190.07887921738094
-290.6788792173825
159.32112078262134
163.92112078262878
-50.67887921737612
-615.8788792173859
-918.6788792173803
-220.27887921737982
818.5211207826227
821.7211207826218
203.5211207826212
218.12112078262126
25.321120782623503
-54.678879217378224
194.32112078262594
439.5211207826254
-97.07887921737725
-374.47887921737896
-133.07887921737822
61.921120782621216
-134.27887921737684
343.92112078262295
938.92112078263
1213.7211207826217
386.32112078262287
-218.47887921738078
271.12112078262095
674.3211207826186
459.92112078262153
388.72112078261625
79.52112078262402
162.72112078262214
529.1211207826232
303.52112078262337
559.321120782624
604.7211207826164
627.7211207826156
248.5211207826192
-490.2788792173777
-288.6788792173811
664.521120782616
1071.9211207826222
553.5211207826205
457.92112078262284
54.121120782624345
250.32112078262085
353.7211207826225
496.32112078261724
104.12112078262308
-256.67887921737963
34.12112078262223
456.5211207826201
43.721120782619295
426.1211207826196
1090.9211207826202
378.9211207826228
-334.87887921738036
-959.8788792173749
-856.8788792173766
70.32112078262233
78.92112078262204
216.5211207826223
-13.478879217379095
383.72112078261955
272.5211207826199
-443.2788792173784
-316.47887921738027
-443.2788792173785
-302.2788792173807
-68.47887921737956
-175.47887921737862
-260.0788792173774
-99.27887921737889
170.52112078262076
-455.4788792173815
-360.8788792173804
-700.0788792173812
79.72112078262023
328.9211207826248
87.12112078262527
-312.87887921737985
69.52112078262309
455.1211207826184
0.121120782621702
-468.47887921737754
-268.07887921737995
636.9211207826188
400.9211207826219
203.1211207826208
-327.2788792173813
-570.6788792173759
-470.47887921738106
274.5211207826163
770.121120782625
470.5211207826266
729.3211207826187
470.5211207826179
-123.07887921737809
-489.4788792173812
-655.4788792173799
-408.47887921738135
-65.27887921737984
487.7211207826174
724.5211207826217
1175.7211207826224
427.3211207826205
-575.8788792173802
-315.078879217378
-1.2788792173790355
163.32112078262216
-166.67887921738188
-146.07887921738018
-769.8788792173823
-275.2788792173809
145.12112078262132
-159.8788792173803
-384.6788792173826
67.92112078262227
1008.7211207826196
859.121120782619
285.3211207826222
364.32112078262037
273.52112078262104
615.1211207826204
366.7211207826215
125.12112078262486
101.72112078262194
615.5211207826194
548.3211207826233
-137.87887921737752
-225.07887921737938
-430.0788792173808
-101.07887921737928
459.72112078262404
365.121120782619
170.12112078262322
743.1211207826235
128.72112078262094
210.72112078261924
55.12112078262125
-438.27887921738153
213.72112078261998
95.32112078261824
613.9211207826216
-129.27887921737783
-507.4788792173822
77.52112078262358
-151.47887921737924
192.72112078262268
774.1211207826248
958.1211207826135
879.1211207826155
170.72112078262137
270.5211207826196
539.7211207826214
752.1211207826232
-171.0788792173808
-305.87887921737905
37.121120782620764
-209.27887921737818
506.7211207826184
-356.4788792173799
-132.87887921737857
103.12112078262308
39.72112078262048
138.3211207826218
176.921120782621
407.92112078261613
548.9211207826127
151.92112078262028
-438.6788792173785
-107.27887921737602
-81.07887921737935
145.72112078262145
-272.8788792173781
-225.07887921737995
-375.6788792173787
-468.478879217377
123.12112078262226
194.52112078262203
77.32112078262222
603.5211207826281
671.7211207826206
832.9211207826186
514.3211207826172
-22.278879217377618
136.92112078262144
203.32112078262242
-112.87887921737851
-276.87887921737615
-18.67887921737738
-401.678879217381
368.921120782616
-80.67887921737896
292.32112078261684
710.3211207826215
580.5211207826218
-303.27887921738073
-419.2788792173767
989.7211207826283
1428.5211207826264
742.7211207826224
216.121120782625
529.7211207826196
670.5211207826218
-183.47887921737927
-739.2788792173741
-288.07887921738114
-293.8788792173793
-483.27887921737556
-51.278879217379
45.92112078262101
13.721120782622194
407.32112078261963
402.1211207826216
1140.1211207826273
609.5211207826248
478.7211207826195
-584.0788792173747
52.32112078262166
756.5211207826236
363.52112078262036
416.3211207826181
-212.87887921738096
-98.47887921738001
-20.878879217378845
206.5211207826237
837.9211207826334
436.92112078261954
125.72112078262259
-84.27887921737683
-153.4788792173789
280.12112078262254
997.3211207826203
1300.5211207826185
1330.7211207826233
381.9211207826238
-419.4788792173881
-778.0788792173857
-62.67887921737669
-80.47887921737339
-274.078879217378
85.72112078262359
-514.0788792173809
122.32112078262256
502.72112078262177
1286.521120782616
1011.5211207826187
240.52112078262238
6.721120782621988
-897.0788792173789
-93.47887921737949
385.12112078262106
384.7211207826214
534.5211207826239
148.72112078262182
-4.478879217376118
228.72112078261907
291.7211207826168
802.1211207826158
862.3211207826168
796.7211207826158
463.1211207826178
-534.4788792173806
-444.6788792173794
663.1211207826235
1013.1211207826175
1254.7211207826176
164.32112078262094
-181.27887921737934
-34.47887921737971
714.7211207826207
192.92112078262772
-298.47887921737896
162.32112078262057
-252.67887921738168
116.52112078261973
592.5211207826236
1900.5211207826221
997.9211207826227
511.9211207826224
98.52112078261962
-263.07887921738063
25.321120782618692
-281.2788792173786
-248.47887921737964
-568.678879217378
-257.4788792173797
208.12112078262132
-75.2788792173786
-421.67887921738384
132.52112078262118
1009.9211207826231
267.3211207826205
197.72112078261927
127.92112078262159
81.52112078262199
-409.47887921738095
-396.0788792173776
454.3211207826232
569.9211207826273
516.3211207826223
370.1211207826214
706.5211207826173
1078.9211207826206
460.9211207826197
510.72112078262097
155.72112078261998
216.52112078262087
491.9211207826192
1581.7211207826213
1100.9211207826277
534.5211207826189
76.32112078262159
170.12112078261802
289.7211207826219
298.9211207826191
544.5211207826193
-218.67887921737895
137.52112078262303
248.3211207826184
-718.0788792173817
-134.27887921737843
735.9211207826223
1186.7211207826203
805.7211207826155
577.3211207826232
684.5211207826254
1069.5211207826153
464.1211207826228
236.32112078262054
-336.8788792173796
16.7211207826211
1159.321120782623
746.121120782626
-266.87887921737945
802.1211207826185
772.5211207826205
235.3211207826193
92.92112078262247
-275.8788792173802
202.12112078262055
1390.5211207826314
1131.9211207826295
229.72112078261966
-534.2788792173781
-496.8788792173782
-581.6788792173775
-675.2788792173862
313.52112078262473
465.92112078261965
90.52112078262599
-530.478879217378
-651.4788792173791
-45.87887921737558
46.1211207826225
405.3211207826217
651.12112078262
315.9211207826162
122.3211207826296
192.9211207826164
390.52112078262064
710.1211207826248
-800.2788792173826
-623.8788792173835
633.1211207826203
67.52112078262302
-614.478879217379
-689.2788792173784
-867.4788792173831
-455.6788792173813
-458.0788792173796
-945.0788792173685
935.3211207826264
2016.7211207826276
1562.9211207826154
731.3211207826147
-360.27887921737965
-526.0788792173798
-502.0788792173767
-738.2788792173781
-434.6788792173792
57.321120782621186
597.5211207826222
513.5211207826143
-348.47887921737845
26.321120782625286
345.9211207826211
-522.6788792173827
19.121120782621844
-556.8788792173771
-644.2788792173765
-613.278879217379
-361.0788792173789
-279.47887921737856
-89.27887921737944
-498.6788792173803
-886.0788792173768
-923.4788792173833
-588.6788792173794
-1502.2788792173876
-774.8788792173798
-152.87887921738178
-310.47887921737964
-205.07887921738066
1634.3211207826237
2539.9211207826193
1662.3211207826116
779.5211207826205
519.1211207826221
-756.6788792173787
-738.2788792173808
-228.67887921738256
-1041.478879217379
-654.4788792173783
23.721120782622016
736.5211207826263
-512.2788792173792
-701.6788792173836
-218.67887921737764
-417.27887921737863
-1295.2788792173826
-734.4788792173805
28.721120782620687
-418.2788792173791
-1305.0788792173828
-765.6788792173759
-573.4788792173807
-1006.078879217386
-899.0788792173822
-949.2788792173794
-1054.67887921738
-845.4788792173817
-334.8788792173795
155.52112078261945
128.92112078262306
308.5211207826226
1538.72112078262
2397.9211207826365
1472.7211207826144
421.3211207826176
976.7211207826231
-266.0788792173814
-810.6788792173786
-16.2788792173802
-514.67887921738
-615.8788792173788
-343.67887921737946
-219.87887921738135
166.7211207826224
-473.07887921737876
-190.07887921737992
1411.7211207826208
-282.8788792173802
-202.87887921737823
1023.9211207826243
470.7211207826215
318.5211207826217
-352.278879217382
-690.2788792173827
-218.47887921738075
278.72112078261796
-192.47887921737862
-1460.4788792173772
-767.8788792173798
-828.8788792173854
-1285.8788792173918
-1234.678879217383
-641.0788792173818
-734.4788792173761
559.5211207826198
1113.321120782623
-97.07887921737887
744.9211207826191
-45.47887921738229
-852.8788792173793
-614.6788792173786
-1259.4788792173936
-870.4788792173841
-110.67887921737822
-1197.2788792173776
-957.4788792173822
-1147.8788792173784
-565.2788792173793
1240.5211207826167
286.1211207826207
-737.8788792173821
246.5211207826201
-402.07887921737984
589.5211207826209
294.1211207826208
219.52112078262044
302.1211207826176
25.72112078262053
-196.6788792173801
-877.478879217379
-349.27887921737977
-904.8788792173782
-2163.4788792174013
-1588.2788792173815
-338.8788792173818
-992.0788792173744
183.92112078261965
794.1211207826179
-315.47887921738027
-179.4788792173785
-829.4788792173775
-736.0788792173805
-741.6788792173799
-1384.2788792173756
-930.4788792173774
24.521120782621516
-50.478879217381014
68.92112078262176
54.5211207826222
-95.47887921738081
451.92112078262016
-1002.8788792173846
-1975.2788792173844
-659.2788792173822
-1471.6788792173704
-500.8788792173786
140.92112078261954
-404.6788792173797
-329.8788792173796
-235.6788792173796
-587.2788792173826
-547.478879217379
-414.8788792173817
-781.4788792173792
-503.87887921738087
472.3211207826206
1023.5211207826239
411.32112078262253
857.3211207826213
801.3211207826274
266.1211207826239
197.12112078261936
183.92112078262085
463.52112078261865
185.5211207826186
-172.27887921737874
-678.2788792173835
-344.07887921737677
322.92112078261977
-186.87887921737996
147.3211207826216
195.52112078262007
86.12112078261946
-839.4788792173724
-963.2788792173824
-340.2788792173813
-577.2788792173764
-149.4788792173793
65.92112078262141
-621.0788792173771
400.92112078261977
841.9211207826237
-192.478879217383
-342.87887921738064
-229.8788792173794
-289.07887921738046
630.721120782621
512.9211207826203
230.72112078262035
-182.87887921738258
147.52112078262337
836.121120782623
999.5211207826127
338.721120782622
565.921120782623
461.5211207826229
46.72112078261982
81.52112078262238
-383.27887921737977
-335.6788792173832
87.521120782621
-132.0788792173805
-282.6788792173775
-264.4788792173793
-231.87887921737806
-163.67887921737997
-276.0788792173779
-30.278879217381544
114.12112078261946
180.32112078261994
-269.4788792173803
-839.4788792173803
-56.67887921737901
565.3211207826274
-104.47887921738061
-214.2788792173807
-3.8788792173803266
78.12112078262037
244.72112078261864
-280.47887921737913
454.52112078262155
171.72112078262103
227.52112078262365
204.92112078262028
435.1211207826171
235.32112078262605
292.9211207826222
183.32112078261954
739.1211207826182
627.721120782624
-6.278879217379192
-936.8788792173824
-625.4788792173755
529.7211207826242
453.32112078261946
533.3211207826192
-95.6788792173796
-44.878879217376934
-273.67887921737747
-433.6788792173807
-109.07887921738121
-201.67887921737815
-38.27887921737792
-440.0788792173801
128.72112078262012
234.52112078261888
82.1211207826226
340.5211207826206
113.7211207826213
1001.3211207826232
721.9211207826232
64.1211207826195
1106.1211207826204
1024.921120782623
609.72112078262
-352.6788792173775
-66.67887921737987
559.9211207826213
107.92112078262255
-709.6788792173805
59.52112078262135
200.5211207826198
113.32112078262472
-276.07887921738075
-347.0788792173794
-408.4788792173789
-30.07887921737916
507.1211207826269
-841.6788792173745
-1433.4788792173822
-1678.8788792173873
-980.8788792173857
-383.27887921737204
-441.6788792173776
-310.67887921738316
-116.27887921737907
16.721120782618094
308.9211207826236
840.9211207826156
930.9211207826205
941.3211207826189
691.1211207826207
32.92112078262156
-203.27887921738193
547.92112078262
239.12112078261924
510.9211207826206
-273.878879217379
610.5211207826237
686.7211207826214
-35.4788792173805
11.32112078262012
461.52112078261825
73.32112078262331
-460.4788792173786
-302.4788792173796
-201.0788792173801
-887.0788792173802
-1082.6788792173784
-6.478879217376139
-354.2788792173786
-435.6788792173794
-923.8788792173832
-126.67887921738264
-33.07887921737937
-1376.2788792173772
-514.2788792173804
-681.6788792173785
-149.2788792173802
106.32112078261933
45.52112078261948
-75.67887921738031
219.3211207826203
755.1211207826216
600.9211207826226
401.72112078261875
1.921120782619191
-533.0788792173798
-297.47887921737833
-1261.8788792173832
-311.0788792173782
655.9211207826178
828.3211207826363
1181.1211207826123
1258.921120782627
-539.87887921738
-1319.278879217378
212.52112078262257
243.12112078262305
-20.878879217379318
39.32112078262236
-272.6788792173806
-258.2788792173799
196.52112078261874
69.92112078261931
-463.6788792173791
-518.6788792173822
-869.0788792173798
-253.47887921737876
-426.4788792173778
-215.27887921737977
-45.87887921738139
302.7211207826228
150.521120782621
195.12112078262487
1381.1211207826182
883.9211207826204
769.9211207826191
455.9211207826189
-896.8788792173789
-842.078879217382
-602.0788792173742
-487.87887921738024
405.9211207826192
648.3211207826218
663.9211207826169
935.7211207826211
-271.8788792173783
-62.27887921737414
784.7211207826196
588.9211207826266
985.3211207826199
819.3211207826175
296.1211207826224
-146.87887921738098
482.7211207826205
917.9211207826168
655.9211207826175
157.32112078262202
148.12112078261507
542.9211207826214
261.921120782621
31.721120782622478
463.5211207826188
590.1211207826209
494.3211207826107
683.1211207826152
1413.7211207826222
537.3211207826226
408.52112078261155
55.72112078262706
-692.6788792173777
-846.4788792173798
-577.4788792173782
-452.2788792173751
126.52112078261987
307.7211207826202
184.721120782622
796.921120782625
24.921120782620502
405.92112078262295
887.921120782627
547.1211207826229
-29.278879217377547
-193.27887921737803
-323.278879217379
-43.47887921738014
599.7211207826189
1059.321120782623
1098.721120782616
563.321120782619
-416.47887921738317
-545.0788792173785
-287.8788792173795
-486.47887921737845
295.1211207826208
740.5211207826245
-328.4788792173786
-293.87887921737996
-94.47887921737845
-271.07887921737995
-29.078879217381623
-587.678879217379
-821.2788792173799
-1401.278879217378
-1806.4788792173824
-1473.2788792173912
-225.07887921737725
759.7211207826256
110.32112078262162
3.5211207826184285
-372.47887921737924
-309.8788792173807
494.92112078262073
-70.67887921737854
-468.8788792173789
-502.27887921738215
-248.27887921737707
-134.07887921737876
258.5211207826204
222.72112078262222
859.7211207826219
735.7211207826208
-504.87887921737524
-98.0788792173796
0.12112078262146397
-73.27887921738136
323.52112078262553
794.5211207826143
-124.47887921738047
256.7211207826155
263.52112078262627
-52.2788792173818
-168.6788792173739
-812.07887921738
-1171.4788792173802
-1778.4788792173797
-1466.8788792173816
-983.2788792173794
189.32112078262028
874.9211207826183
422.92112078262494
-97.87887921737982
49.52112078262054
-299.6788792173763
371.1211207826221
-207.47887921737865
-463.6788792173761
-2.8788792173812006
-2.0788792173810897
160.12112078262658
836.3211207826231
133.72112078262336
311.1211207826175
350.52112078261996
176.72112078261964
560.7211207826174
6.721120782620423
-400.47887921738055
478.1211207826144
171.12112078262302
-108.27887921737877
118.32112078262058
870.9211207826173
-124.67887921737885
6.321120782622325
-684.0788792173797
-1399.27887921738
-2043.4788792173865
-542.2788792173803
-290.87887921737854
420.52112078261837
798.3211207826222
247.92112078262056
333.5211207826222
844.5211207826209
385.52112078262195
371.921120782621
46.521120782620315
312.121120782621
591.321120782618
873.5211207826169
449.92112078262545
848.1211207826258
282.3211207826199
-6.078879217380045
342.7211207826226
667.9211207826206
732.1211207826196
520.1211207826153
260.7211207826205
318.7211207826225
27.52112078262138
334.1211207826193
-95.07887921737824
441.5211207826188
316.7211207826236
369.921120782623
-310.0788792173769
-618.2788792173851
-1009.4788792173725
-876.2788792173808
-801.8788792173762
196.72112078261873
207.92112078262042
141.92112078262107
507.32112078262287
426.12112078262084
-325.0788792173785
-189.2788792173791
276.5211207826204
492.1211207826186
8.121120782621432
387.1211207826244
455.12112078262055
157.32112078262065
-630.4788792173798
-217.27887921738008
259.9211207826215
704.5211207826236
446.7211207826238
214.32112078262335
46.521120782617814
-336.47887921738254
-529.8788792173796
-462.2788792173824
-658.4788792173799
-167.6788792173794
162.72112078262427
-204.2788792173803
-1031.8788792173762
-1031.6788792173777
-788.2788792173737
-1578.0788792173857
-1016.8788792173806
-307.078879217378
-105.87887921738044
630.1211207826208
1.7211207826199164
-284.87887921738013
-664.4788792173805
-243.07887921738055
561.1211207826207
416.5211207826219
467.32112078261935
491.3211207826239
389.52112078262087
122.52112078262269
-348.4788792173808
239.12112078262038
-231.67887921737977
124.92112078262544
-39.47887921737836
-647.0788792173772
44.72112078262028
276.5211207826246
543.1211207826204
358.52112078261985
192.1211207826211
326.32112078261935
-62.87887921738021
-264.47887921738
-488.67887921738014
-646.4788792173803
-548.8788792173787
-1409.2788792173787
-943.2788792173795
-737.078879217379
5.521120782620477
454.52112078262195
-43.47887921738263
-37.07887921737932
-169.87887921737882
-134.87887921737993
449.3211207826192
475.5211207826249
923.72112078262
390.1211207826206
84.52112078262111
497.92112078261954
710.1211207826203
1121.921120782628
545.1211207826187
615.3211207826243
363.72112078262495
272.72112078262273
730.9211207826194
367.52112078262263
929.3211207826158
327.1211207826215
144.92112078262028
186.52112078261933
-454.278879217378
-152.6788792173802
-100.07887921738082
-296.07887921737915
-379.2788792173815
-1056.4788792173736
-686.0788792173761
-789.8788792173872
-625.4788792173771
-563.2788792173809
-492.2788792173788
-432.2788792173805
-395.4788792173803
-345.67887921737747
38.72112078262089
111.32112078262051
82.1211207826195
-471.0788792173803
-707.6788792173809
103.72112078262002
171.5211207826209
420.3211207826208
473.3211207826203
533.3211207826237
-292.27887921738295
-72.47887921738187
195.32112078262097
-470.4788792173764
80.52112078262059
-271.67887921737986
-864.2788792173801
-959.878879217381
-713.4788792173817
209.9211207826207
-467.8788792173775
-972.6788792173726
-930.4788792173786
