-173.84287542906102
447.9571245709403
-237.24287542906342
267.15712457093696
307.1571245709394
61.35712457093925
-66.04287542906218
91.75712457093711
422.7571245709382
-89.2428754290612
250.95712457093808
783.3571245709327
300.5571245709383
-245.64287542906192
-247.6428754290605
-450.0428754290612
-736.8428754290743
-1205.2428754290536
-350.84287542906463
-905.8428754290679
-449.44287542906153
500.9571245709334
447.3571245709384
150.35712457093717
-275.04287542905973
-107.24287542906688
-537.442875429062
-42.842875429063604
15.157124570938699
401.35712457094166
724.7571245709414
258.5571245709416
-780.842875429059
195.9571245709372
-822.2428754290642
-597.042875429059
-360.04287542906366
319.55712457093716
30.95712457093682
-217.64287542906095
142.35712457093928
38.357124570944556
-611.2428754290623
413.3571245709345
564.9571245709354
653.1571245709426
-34.242875429060156
-157.44287542906187
482.5571245709356
392.75712457094
371.9571245709375
12.357124570937884
579.7571245709374
1399.557124570927
187.15712457093665
-532.8428754290609
-625.4428754290618
81.35712457093655
-180.44287542906267
616.3571245709389
817.1571245709396
413.5571245709398
1047.5571245709352
438.35712457093535
239.55712457093802
-358.44287542906034
-596.0428754290637
-593.0428754290581
-607.8428754290586
1002.3571245709313
927.9571245709424
-383.0428754290622
-67.4428754290634
36.957124570940245
-269.6428754290616
526.7571245709343
-140.04287542906195
542.9571245709409
322.75712457093397
578.3571245709398
696.1571245709362
35.5571245709366
635.957124570939
213.55712457093668
747.5571245709464
721.3571245709373
-809.0428754290607
-555.8428754290602
-665.642875429058
-383.4428754290617
-554.4428754290653
111.35712457093845
175.95712457093805
-17.64287542906105
189.3571245709364
-192.04287542906164
273.95712457093737
894.7571245709365
187.35712457093928
570.7571245709402
434.75712457093925
755.7571245709353
910.1571245709385
-355.8428754290627
-475.64287542906425
-259.44287542906244
-351.8428754290662
44.157124570941875
14.7571245709403
487.15712457094327
631.7571245709443
877.3571245709362
396.3571245709407
-227.84287542905977
381.75712457094136
349.3571245709423
881.757124570942
402.3571245709379
-1010.4428754290643
-1197.4428754290627
-892.4428754290653
-309.4428754290624
173.35712457094087
53.35712457093928
-510.842875429062
505.3571245709359
523.3571245709343
-372.842875429064
137.75712457094033
978.1571245709321
63.957124570940884
-186.64287542906422
634.357124570936
28.95712457093665
95.75712457094002
-36.44287542905988
-223.6428754290563
-132.24287542906242
738.5571245709373
240.55712457094268
418.5571245709406
1493.7571245709364
1065.5571245709361
448.5571245709438
898.7571245709396
608.7571245709366
183.95712457093416
259.95712457093794
965.3571245709361
360.9571245709367
-336.64287542906135
-224.04287542906232
-443.4428754290612
-207.2428754290603
1207.9571245709435
-402.64287542906476
-1432.242875429075
804.9571245709394
1124.5571245709343
478.3571245709371
339.3571245709396
-606.0428754290606
-1159.6428754290662
-1322.2428754290538
169.157124570936
-103.4428754290638
-377.6428754290606
492.3571245709411
-367.2428754290615
-249.2428754290601
533.75712457094
154.95712457093995
-667.2428754290601
84.75712457093859
1399.7571245709257
988.9571245709329
891.9571245709371
791.7571245709341
-209.64287542905936
-595.6428754290628
334.9571245709401
762.1571245709349
398.95712457094015
-517.6428754290619
-173.8428754290666
-39.04287542906185
647.3571245709393
62.957124570939435
-978.8428754290628
-113.44287542906332
718.5571245709267
567.3571245709423
676.7571245709388
294.15712457093866
118.75712457094016
-62.642875429063
64.55712457094006
-188.0428754290603
-447.84287542905815
184.35712457093877
-643.2428754290652
-602.842875429062
349.75712457094056
469.75712457093914
1008.9571245709445
995.1571245709388
557.9571245709384
877.7571245709315
154.55712457093327
551.3571245709493
592.1571245709298
-317.2428754290593
475.3571245709387
839.1571245709424
144.15712457094293
47.95712457093884
185.95712457094012
69.55712457093956
83.95712457093632
356.5571245709376
-475.0428754290632
69.55712457094009
141.15712457093784
-180.2428754290636
180.35712457093751
169.1571245709389
-175.84287542906208
122.1571245709391
-488.84287542906355
-842.6428754290582
649.9571245709376
648.5571245709375
-1112.0428754290635
-526.0428754290642
632.5571245709385
1450.157124570933
1120.9571245709406
691.3571245709419
170.95712457094814
194.7571245709409
30.75712457093925
369.7571245709387
438.75712457094926
-556.8428754290591
54.557124570945646
783.5571245709281
429.95712457093924
741.9571245709425
-411.84287542906316
-169.04287542906036
-41.84287542905831
898.9571245709365
-246.24287542906202
433.15712457093895
-162.44287542905968
-1090.8428754290576
359.5571245709383
-43.84287542906132
-438.2428754290638
280.757124570938
-812.6428754290577
-875.2428754290655
980.5571245709369
932.3571245709372
382.1571245709386
-187.04287542906286
73.3571245709401
1389.157124570939
-195.0428754290656
-150.64287542906615
583.3571245709359
468.3571245709404
654.3571245709326
775.9571245709391
873.557124570937
404.95712457093776
-612.6428754290632
1198.1571245709383
1491.757124570944
732.1571245709382
70.55712457093944
125.75712457093898
238.95712457093927
881.9571245709394
16.557124570938026
85.75712457093758
-221.8428754290626
-1007.8428754290675
24.357124570941235
393.95712457094083
224.35712457093945
453.7571245709437
-335.64287542906493
-185.04287542906079
273.7571245709378
388.7571245709385
707.3571245709384
503.95712457094623
539.1571245709398
880.3571245709425
-9.442875429061228
805.3571245709435
1028.5571245709343
417.1571245709366
342.1571245709371
835.1571245709355
425.95712457093987
293.5571245709355
-812.4428754290578
809.1571245709358
1594.9571245709471
1019.3571245709413
560.3571245709385
1459.7571245709426
954.7571245709416
419.35712457093496
-249.6428754290635
-1116.2428754290654
-587.6428754290619
-807.4428754290583
-550.642875429061
-305.84287542905884
24.757124570939155
426.55712457093705
378.3571245709396
384.9571245709387
842.3571245709462
601.1571245709379
-264.04287542905377
623.1571245709382
1087.157124570938
350.95712457094083
664.1571245709398
107.55712457093786
-431.64287542906027
723.357124570945
419.1571245709383
169.35712457094107
-464.24287542906575
626.7571245709324
274.35712457094
541.9571245709362
-151.84287542906452
215.55712457093782
527.5571245709403
1133.7571245709335
485.95712457093845
94.75712457093724
253.15712457093764
-1007.4428754290559
-437.0428754290607
-59.24287542906156
249.7571245709399
-816.8428754290642
-276.84287542906327
-115.04287542905726
208.35712457093712
130.3571245709375
263.15712457093764
87.35712457094098
-46.642875429063466
688.3571245709364
241.35712457093555
-38.24287542906057
1149.1571245709388
709.9571245709338
-564.8428754290642
634.9571245709387
802.9571245709408
682.9571245709377
-52.24287542906394
1136.5571245709334
1126.5571245709289
1844.1571245709226
394.15712457093974
325.35712457094127
307.55712457094165
17.35712457094122
-100.44287542906983
300.7571245709391
577.5571245709417
56.157124570937526
-410.0428754290586
-1171.4428754290655
-458.6428754290632
-328.24287542906245
568.9571245709369
81.55712457094043
425.7571245709392
-43.84287542905804
691.1571245709388
643.5571245709343
523.9571245709426
272.15712457093537
-463.84287542906037
340.7571245709373
854.5571245709308
476.55712457093574
-840.8428754290646
-428.4428754290629
224.15712457094503
157.75712457094102
-243.2428754290605
-50.242875429062565
1416.9571245709276
1450.9571245709494
214.15712457094574
809.9571245709463
93.75712457093528
188.9571245709364
563.5571245709449
138.75712457093735
331.9571245709405
408.15712457093963
215.9571245709396
-1118.6428754290628
142.75712457093968
884.1571245709366
1410.9571245709344
-133.64287542906027
238.15712457094085
-105.04287542906292
174.75712457093852
334.1571245709406
119.75712457093853
-653.8428754290596
-361.64287542905805
751.3571245709356
271.7571245709355
-573.8428754290674
319.3571245709373
-111.64287542906277
-435.04287542906314
-719.0428754290557
-1036.6428754290682
-771.2428754290654
1915.7571245709407
514.3571245709416
-738.4428754290609
795.5571245709356
-54.24287542906218
583.757124570937
1236.9571245709344
80.35712457093334
466.9571245709403
903.3571245709389
121.75712457094205
-906.242875429065
-216.64287542906172
383.15712457093645
771.3571245709419
-223.64287542906214
286.7571245709356
297.9571245709384
673.7571245709418
194.3571245709401
-235.04287542906326
-993.4428754290598
-35.04287542906091
892.3571245709455
-155.24287542906183
-401.6428754290541
505.15712457093935
69.95712457093873
150.157124570937
-420.6428754290577
-443.44287542906494
-223.84287542906048
862.357124570942
455.35712457094616
-661.042875429062
606.1571245709436
-401.44287542906335
33.15712457093963
727.1571245709415
474.15712457093883
667.9571245709383
220.55712457093819
-420.8428754290672
314.9571245709405
474.5571245709348
6.3571245709374224
748.157124570938
-262.2428754290636
-174.64287542906362
-63.2428754290617
-410.04287542906184
-658.0428754290555
353.1571245709389
192.95712457093748
52.95712457094011
-646.4428754290623
-830.8428754290684
-28.24287542905738
718.9571245709337
10.757124570939121
298.7571245709371
-859.4428754290512
-785.2428754290582
-125.84287542906482
-726.8428754290522
-756.4428754290504
-276.2428754290607
37.757124570938345
179.7571245709406
74.35712457093975
-309.64287542906305
-42.842875429059156
536.9571245709377
290.3571245709411
-1175.0428754290729
388.75712457094016
1116.7571245709346
115.15712457094155
-54.24287542906046
-1748.442875429069
-357.44287542906625
-289.0428754290667
-1001.6428754290658
-685.8428754290597
1000.9571245709386
1091.5571245709366
299.55712457094006
352.9571245709394
-324.0428754290619
101.1571245709357
585.5571245709389
-864.2428754290552
-674.0428754290624
-1832.8428754290499
-1130.8428754290626
-119.0428754290598
-989.2428754290554
-747.4428754290551
240.35712457094033
-268.44287542905664
-354.6428754290634
435.95712457093464
-317.04287542906
-325.2428754290575
-216.44287542906227
268.1571245709404
-1318.0428754290663
-28.642875429061686
1420.3571245709468
732.5571245709386
901.9571245709402
-787.0428754290596
-467.04287542905826
-306.04287542906076
249.95712457093663
195.357124570937
-431.44287542905954
380.55712457093915
104.15712457094
-88.6428754290599
47.55712457093928
681.5571245709325
428.15712457092815
-740.242875429063
-464.84287542905975
-1368.0428754290606
-357.64287542906084
197.9571245709381
-671.6428754290647
-322.0428754290638
779.7571245709503
592.5571245709375
-226.64287542906294
973.3571245709328
204.3571245709367
-190.242875429065
-1049.0428754290672
-462.6428754290609
-1555.2428754290697
-707.2428754290686
764.7571245709403
-820.6428754290672
-691.2428754290638
-984.0428754290667
-572.8428754290727
308.5571245709388
627.9571245709375
-29.64287542906505
-1568.8428754290585
-611.4428754290624
74.95712457093866
257.5571245709362
164.75712457094264
-194.64287542906126
254.75712457094264
185.35712457093874
306.757124570941
-1406.242875429069
-463.0428754290576
848.1571245709424
-54.04287542906166
-1014.6428754290683
320.5571245709392
659.9571245709396
-256.24287542906313
-1.8428754290617952
-238.24287542905893
-51.44287542906767
-622.6428754290722
-463.8428754290627
-976.0428754290587
-843.4428754290607
762.3571245709433
-986.842875429058
-342.24287542905654
-453.24287542906063
-563.6428754290579
-225.44287542906207
55.957124570937765
74.95712457093869
452.15712457093184
-443.2428754290599
-386.64287542906214
434.5571245709431
603.3571245709358
-140.2428754290619
660.9571245709415
-10.64287542906246
-831.0428754290828
-1495.0428754290588
-172.64287542906396
-52.442875429064514
20.95712457093688
687.3571245709411
346.1571245709388
376.15712457093645
249.75712457094028
390.1571245709412
195.35712457093717
-1.2428754290607174
115.55712457093647
56.9571245709383
206.157124570939
-216.04287542906295
233.1571245709375
-130.44287542906534
1352.5571245709411
648.3571245709376
-327.4428754290615
-143.24287542905955
-271.4428754290601
368.9571245709362
614.3571245709466
-906.4428754290632
-653.0428754290604
390.3571245709367
-366.2428754290609
-441.0428754290603
659.3571245709376
-807.042875429067
-1175.042875429065
217.95712457093757
566.7571245709407
351.15712457093787
667.3571245709397
2079.9571245709267
1742.357124570923
1752.5571245709286
579.357124570945
-500.0428754290626
-58.24287542905989
229.9571245709396
-172.2428754290569
-388.4428754290733
-215.2428754290597
-283.64287542905595
-716.4428754290636
81.15712457093865
885.5571245709355
184.15712457093642
-687.0428754290632
-534.442875429061
0.3571245709366977
-212.84287542906156
-245.84287542906117
-1524.6428754290687
-896.0428754290556
-26.242875429064917
-280.8428754290601
187.55712457093554
156.75712457094036
-834.2428754290681
-1051.24287542906
-24.642875429060563
629.1571245709337
494.1571245709392
220.1571245709369
472.15712457094077
798.3571245709405
367.1571245709407
-538.8428754290582
-190.6428754290589
-685.6428754290615
-139.6428754290628
-496.0428754290649
-1038.842875429065
-204.2428754290648
-576.0428754290654
-1021.8428754290644
-967.2428754290618
303.5571245709374
179.95712457094027
67.75712457093705
-284.84287542906765
289.7571245709371
171.15712457093605
745.3571245709338
-104.44287542906162
-23.842875429059795
-664.4428754290637
433.7571245709314
783.7571245709421
449.7571245709412
-99.84287542906236
-435.4428754290583
216.7571245709372
1474.5571245709457
785.75712457094
-58.04287542906384
-123.44287542906213
-280.24287542906103
-386.8428754290647
179.35712457094084
1259.3571245709309
326.55712457094273
186.9571245709372
468.557124570939
-1019.2428754290655
-54.242875429064654
-452.04287542906326
-1145.0428754290601
-1168.0428754290529
-330.24287542906114
-409.24287542905915
-248.44287542906415
-163.44287542906125
430.1571245709387
352.5571245709369
687.7571245709353
49.35712457093928
284.5571245709387
237.1571245709362
142.35712457093604
241.55712457093884
618.5571245709376
501.1571245709395
-53.64287542905939
49.757124570940206
385.3571245709406
785.5571245709398
-144.6428754290602
828.95712457094
-243.84287542906208
-228.44287542906298
615.5571245709356
1049.3571245709338
596.5571245709414
42.15712457093999
554.1571245709417
-867.8428754290575
223.357124570936
78.15712457093828
-673.2428754290663
-388.84287542905525
-743.8428754290645
-654.2428754290553
-322.6428754290615
246.9571245709374
244.95712457093617
-518.24287542906
207.5571245709404
-574.0428754290598
24.55712457093911
940.1571245709305
-79.04287542905814
695.1571245709387
1066.1571245709401
996.1571245709409
569.3571245709381
72.9571245709358
-718.2428754290619
367.7571245709415
-650.2428754290609
64.55712457094182
-22.84287542906392
-50.242875429054294
-543.2428754290613
16.957124570941733
839.9571245709388
-249.24287542906262
-441.4428754290651
-1316.8428754290542
-655.642875429064
-929.4428754290706
-463.44287542906375
-306.4428754290737
-1117.8428754290721
-516.6428754290613
923.7571245709373
66.15712457093811
-454.4428754290661
447.7571245709374
266.1571245709414
-196.8428754290629
50.1571245709366
-289.44287542906267
-846.2428754290587
533.3571245709413
1438.5571245709493
945.7571245709396
631.9571245709409
846.3571245709436
-381.04287542906195
-410.4428754290622
-1480.2428754290634
-755.0428754290627
-108.04287542906211
54.75712457093466
299.7571245709379
84.1571245709361
-222.04287542906053
-212.64287542906163
992.7571245709387
874.3571245709371
-4.442875429060841
-1083.2428754290643
-1005.4428754290536
-1027.2428754290659
-1411.4428754290802
-393.8428754290605
344.75712457093584
258.35712457093433
-265.0428754290602
99.35712457093862
647.9571245709442
400.95712457094015
853.3571245709395
251.15712457093898
417.75712457094147
930.9571245709399
1778.9571245709517
739.957124570934
159.7571245709389
743.7571245709408
123.75712457093996
97.95712457094328
210.75712457094022
549.3571245709356
273.3571245709383
-125.0428754290607
1077.3571245709363
40.55712457094306
-677.442875429062
-123.04287542906329
293.1571245709373
157.55712457093833
-128.84287542906213
-1024.8428754290644
-422.84287542905884
-758.4428754290602
-1268.242875429067
-453.0428754290622
396.35712457094246
660.9571245709466
279.557124570936
-183.24287542906225
113.95712457094001
154.3571245709375
923.9571245709407
1541.9571245709344
1268.1571245709356
1187.1571245709351
1700.9571245709303
234.5571245709345
-1.0428754290611302
686.75712457094
505.75712457093783
296.7571245709445
-171.4428754290627
598.1571245709351
187.9571245709409
-438.2428754290617
928.9571245709354
290.15712457093827
135.15712457093773
559.3571245709397
816.9571245709387
590.3571245709373
446.75712457093994
-369.84287542906077
-914.642875429069
-1124.8428754290564
-931.242875429069
-243.44287542906218
415.95712457093913
879.5571245709384
936.1571245709382
559.3571245709405
453.55712457093887
411.35712457094286
788.3571245709501
496.3571245709414
314.9571245709394
886.5571245709393
754.3571245709408
897.7571245709416
511.55712457093927
1094.1571245709397
561.757124570938
208.75712457093937
-252.04287542905976
250.35712457093777
187.95712457093563
430.3571245709399
832.3571245709315
229.35712457094112
10.357124570940435
464.15712457093565
336.3571245709393
367.75712457093357
747.3571245709276
188.55712457093767
-850.8428754290672
-1352.4428754290516
-1114.4428754290686
-355.04287542905377
-44.64287542906308
-220.0428754290609
191.15712457094
870.9571245709375
529.3571245709296
550.3571245709331
51.35712457093814
-450.8428754290625
-139.6428754290617
-296.6428754290617
216.35712457094252
1558.9571245709378
1180.1571245709347
1038.1571245709338
622.5571245709411
678.7571245709418
521.1571245709374
59.357124570938836
479.15712457094247
-42.84287542905618
-222.24287542906035
-82.04287542905992
731.1571245709384
692.757124570941
-723.6428754290705
-375.84287542906344
249.55712457093875
-935.0428754290627
-956.042875429067
-812.2428754290627
-708.8428754290677
-190.64287542906223
-69.24287542906464
-1.8428754290602924
-444.8428754290625
569.5571245709364
610.3571245709356
625.9571245709359
135.15712457093719
612.9571245709511
1245.1571245709256
358.357124570937
464.357124570941
813.3571245709431
560.9571245709341
-105.64287542906594
-257.64287542906527
-110.64287542906192
374.3571245709357
641.757124570941
394.3571245709368
-419.2428754290632
-29.44287542906297
-223.44287542906395
212.15712457094003
647.3571245709313
-532.0428754290656
-562.4428754290597
199.9571245709398
-674.0428754290625
-31.64287542906161
-853.0428754290803
394.7571245709403
625.957124570936
43.95712457093789
-124.64287542906156
-592.842875429069
231.15712457094014
339.957124570937
14.757124570937773
-591.442875429062
-558.2428754290626
-111.04287542905766
-522.0428754290623
-445.0428754290617
-594.8428754290628
-380.64287542906095
-498.0428754290667
-935.0428754290699
-876.2428754290638
-248.2428754290603
-219.8428754290637
-64.24287542906083
-48.24287542906194
-332.6428754290598
-296.8428754290611
-980.4428754290622
-476.4428754290617
-604.442875429063
-918.642875429063
-754.4428754290637
-354.64287542906317
927.3571245709344
476.9571245709385
-216.24287542906512
414.3571245709376
743.5571245709372
582.1571245709404
-137.44287542906085
-377.4428754290604
191.55712457093617
-466.8428754290598
-380.4428754290634
305.1571245709365
129.75712457094153
-609.64287542907
-279.8428754290608
-334.0428754290611
-182.04287542906383
-750.0428754290624
-279.84287542906196
-992.2428754290745
-998.4428754290583
-216.44287542906358
-56.44287542906266
185.15712457093912
219.55712457094137
199.5571245709489
-1133.4428754290632
-1038.242875429057
-812.0428754290762
239.15712457093534
848.7571245709289
-13.84287542906172
-977.4428754290644
433.75712457093897
-674.6428754290631
-525.242875429064
-144.84287542906117
610.3571245709345
-76.44287542906184
-447.44287542906216
131.35712457093848
-219.04287542906297
-910.6428754290645
211.15712457093073
260.5571245709335
-156.04287542906343
-824.6428754290612
-647.0428754290632
486.3571245709417
506.75712457093766
459.9571245709368
-144.64287542906055
78.75712457093859
973.9571245709417
221.35712457093962
-34.84287542905993
303.3571245709356
615.7571245709471
-694.8428754290647
-144.24287542906393
463.15712457093855
389.55712457093824
1087.9571245709449
160.157124570937
213.55712457093867
289.95712457093873
-129.64287542906072
-378.0428754290619
-581.0428754290645
919.3571245709394
729.1571245709404
-608.4428754290647
-248.64287542906007
-244.84287542906304
-456.44287542906056
417.5571245709367
-382.8428754290617
-512.8428754290626
-1066.6428754290584
-446.2428754290684
64.35712457093582
-124.44287542905958
562.3571245709422
-188.04287542905834
134.15712457093522
609.9571245709387
-354.04287542906
51.55712457093753
165.75712457094028
201.75712457093687
-553.0428754290542
132.75712457093897
563.3571245709378
375.7571245709349
287.9571245709378
-228.44287542906184
912.5571245709351
1400.9571245709292
456.1571245709408
449.35712457093905
200.35712457094087
368.1571245709356
524.1571245709376
-779.6428754290594
-726.8428754290603
-200.04287542906565
-413.04287542906434
3.757124570938821
-99.6428754290616
-414.64287542906754
-765.0428754290574
-704.2428754290652
-866.2428754290598
-686.2428754290606
308.55712457093847
-140.84287542906117
201.95712457093862
93.95712457093708
-441.44287542906096
-647.0428754290634
-533.6428754290604
-35.44287542906215
423.3571245709398
588.5571245709409
227.957124570936
971.3571245709368
756.9571245709333
-215.84287542905946
938.1571245709412
1230.157124570929
319.757124570937
-239.0428754290649
341.7571245709377
-365.2428754290617
-443.24287542906126
-713.2428754290715
-588.4428754290635
122.55712457094036
702.3571245709371
64.95712457093832
203.9571245709394
512.5571245709325
-345.0428754290616
-1119.8428754290703
-627.4428754290594
-189.442875429065
143.5571245709395
-23.64287542906272
324.357124570939
-343.2428754290592
-405.24287542905927
-205.64287542906604
-681.6428754290629
-409.4428754290634
1141.7571245709405
-165.84287542906316
-1080.242875429054
979.9571245709404
854.1571245709371
141.35712457093808
542.5571245709374
-310.2428754290619
-842.4428754290661
-1043.0428754290604
118.75712457093664
-125.84287542906554
-618.4428754290702
-226.8428754290618
-900.4428754290602
-305.242875429061
116.95712457093826
-550.8428754290644
-1485.842875429063
-908.042875429063
304.7571245709382
-77.44287542906372
-252.84287542906173
-217.4428754290613
-571.8428754290646
-921.4428754290706
-201.04287542905843
75.5571245709398
114.75712457094205
-767.8428754290583
-486.84287542906173
-378.2428754290623
331.3571245709372
-109.64287542906173
-655.4428754290567
228.35712457094053
462.15712457093963
333.95712457093816
933.1571245709343
318.157124570941
312.1571245709369
237.957124570941
161.7571245709379
104.95712457093882
-419.0428754290644
-586.4428754290641
-1372.0428754290583
-1012.4428754290616
-498.84287542906037
-537.8428754290607
-47.24287542906257
67.757124570938
-400.64287542906084
-94.04287542906383
-715.8428754290538
-590.6428754290615
33.55712457093442
-313.04287542906036
130.75712457093928
243.15712457093696
-157.8428754290608
-280.24287542906393
18.557124570940328
-153.64287542906038
-265.0428754290637
113.95712457093944
-162.6428754290621
522.75712457094
492.95712457093964
343.7571245709392
763.7571245709404
291.957124570937
66.15712457093728
348.5571245709376
-97.84287542906122
-575.4428754290637
624.3571245709406
8.15712457093801
-1648.242875429059
-970.64287542906
-406.4428754290653
91.95712457093967
-352.6428754290607
-313.4428754290598
-294.0428754290613
-393.0428754290615
-724.2428754290654
-707.0428754290594
-417.8428754290637
-568.4428754290606
-171.24287542906313
-3.6428754290612577
-276.2428754290613
41.157124570938606
-766.442875429063
-858.6428754290607
-931.2428754290601
407.35712457093763
-238.44287542906252
828.7571245709388
575.9571245709407
-17.44287542906303
1289.7571245709344
-56.84287542906115
-451.84287542906003
626.5571245709427
-345.84287542906236
-717.8428754290625
781.9571245709452
264.95712457094095
-313.2428754290658
-769.6428754290607
-886.0428754290562
40.75712457093657
-1857.4428754290595
-1350.8428754290617
476.3571245709466
361.9571245709387
-6.042875429060883
-436.04287542905877
-116.84287542906307
14.957124570935564
-979.4428754290664
246.3571245709408
543.5571245709408
-321.44287542906375
-657.8428754290615
-984.4428754290648
-1065.84287542906
143.35712457093567
146.1571245709381
746.7571245709306
643.7571245709324
-23.04287542906367
1050.157124570929
45.15712457093611
-205.4428754290623
481.95712457094254
-95.04287542906354
-68.04287542906329
197.35712457094027
-192.44287542906295
340.5571245709406
120.75712457093874
-200.84287542905807
-193.84287542906335
-1742.0428754290708
-770.2428754290681
388.75712457094
106.75712457094173
-178.64287542906186
-297.24287542906023
-583.8428754290608
-214.04287542906079
-1119.2428754290609
90.75712457093756
683.5571245709385
-257.64287542905737
-222.84287542906205
427.35712457093774
-305.84287542906225
-227.84287542906216
-252.2428754290644
-711.6428754290645
84.55712457093769
65.75712457093888
407.75712457094005
-202.04287542906255
-108.44287542906439
257.7571245709376
90.55712457093813
174.9571245709362
670.1571245709366
117.35712457093453
-433.842875429057
341.9571245709389
491.95712457093583
-534.8428754290599
-974.442875429065
-1661.6428754290603
-1289.042875429052
139.75712457094122
-102.04287542906272
-824.6428754290694
-1560.0428754290617
-62.842875429060626
-504.84287542906293
-717.842875429061
-1172.8428754290533
-1151.0428754290558
-570.2428754290638
138.35712457093544
-524.842875429064
-355.8428754290626
55.757124570940384
-1003.8428754290628
-72.24287542906104
1030.5571245709384
1438.3571245709331
-292.64287542906
-34.04287542905864
-146.2428754290586
-141.84287542905955
-120.04287542905985
-190.84287542906193
-493.64287542906396
-682.4428754290652
31.957124570938692
-88.64287542906469
-692.6428754290572
144.55712457093875
-518.0428754290618
-1130.4428754290643
-68.4428754290623
312.35712457094206
46.15712457093976
-886.6428754290589
281.75712457093965
-189.84287542906304
40.95712457093997
-887.8428754290676
-1023.8428754290601
-677.2428754290761
-729.6428754290744
-693.6428754290667
-184.4428754290584
537.5571245709413
299.55712457093694
139.95712457093688
-56.04287542906005
661.7571245709362
81.15712457093983
693.7571245709292
-56.24287542906536
123.95712457093796
-283.6428754290606
268.35712457093723
6.157124570937267
-1.8428754290608396
129.35712457094095
-172.24287542906208
-12.242875429066256
443.5571245709395
41.55712457094126
-1049.642875429063
-948.2428754290723
-204.642875429061
-171.24287542906427
-564.2428754290602
-685.4428754290639
370.3571245709382
30.757124570936153
-737.6428754290631
357.95712457093623
-256.8428754290641
-263.442875429067
304.75712457093994
-152.04287542906414
228.5571245709394
507.9571245709309
595.957124570935
-519.0428754290641
578.75712457094
944.9571245709401
1472.157124570947
-153.0428754290662
87.55712457094202
-502.6428754290678
-180.64287542906152
-47.04287542906119
-233.0428754290649
-114.44287542906174
46.95712457093597
330.357124570937
-84.24287542906278
-616.6428754290699
102.75712457093995
-446.0428754290666
-356.44287542906443
-449.64287542906186
-910.6428754290631
-1199.042875429062
1018.75712457094
-554.8428754290704
-1557.2428754290593
458.95712457093794
-579.2428754290582
204.15712457094068
1139.5571245709348
87.95712457093761
254.75712457093908
604.3571245709369
-10.44287542906188
-766.6428754290616
-150.64287542905993
173.55712457093853
742.157124570939
-37.842875429059426
445.9571245709376
436.3571245709378
570.357124570936
-182.24287542906418
-629.8428754290624
-447.44287542906426
133.95712457093526
732.5571245709344
61.35712457093682
-106.2428754290656
368.35712457093547
-49.44287542906275
803.1571245709384
671.1571245709366
569.3571245709387
195.95712457093705
547.1571245709436
167.15712457093827
-1019.4428754290666
-17.64287542905974
-817.2428754290604
-207.042875429063
677.7571245709386
709.1571245709387
692.3571245709364
-58.44287542906137
-606.0428754290555
542.3571245709368
694.157124570932
-113.64287542906334
896.5571245709377
352.55712457093904
363.9571245709392
487.1571245709393
-340.442875429066
-818.6428754290597
178.7571245709369
387.9571245709375
15.75712457093506
-666.442875429056
-143.84287542906355
455.5571245709397
700.5571245709326
349.35712457093797
1026.3571245709322
460.7571245709393
583.3571245709401
947.9571245709392
-180.24287542906941
-495.44287542905823
-514.2428754290594
-580.042875429063
236.55712457093952
280.3571245709385
-311.2428754290626
469.5571245709371
850.3571245709347
386.9571245709316
-680.4428754290614
897.3571245709269
1220.557124570936
-382.6428754290616
-156.0428754290617
-1053.4428754290657
325.157124570941
369.3571245709399
-1102.6428754290657
-622.4428754290633
841.7571245709429
714.7571245709381
37.95712457093814
287.35712457093933
67.75712457093715
320.5571245709383
248.95712457093745
-620.0428754290645
170.35712457093862
-543.8428754290572
519.9571245709366
1550.3571245709327
402.9571245709389
-73.64287542906152
392.1571245709394
-641.4428754290623
-339.0428754290631
730.9571245709457
83.35712457093791
331.3571245709427
280.7571245709375
373.1571245709362
-791.4428754290627
358.9571245709335
1046.557124570932
550.5571245709531
1040.5571245709466
-235.2428754290614
373.75712457093687
497.1571245709359
258.95712457093794
157.75712457094687
-437.4428754290621
103.75712457093692
21.157124570936254
-109.64287542906271
-157.64287542906231
210.15712457093755
-456.44287542906017
-811.442875429067
262.15712457094304
-260.2428754290596
1310.9571245709255
1815.9571245709378
454.7571245709339
162.15712457093983
1336.7571245709253
773.9571245709303
-289.2428754290604
1245.957124570932
689.557124570938
342.35712457093956
-375.04287542906275
-11.84287542906084
-852.8428754290574
-555.0428754290597
95.55712457093838
-523.8428754290619
-147.64287542906007
-199.0428754290627
130.75712457093832
926.1571245709325
703.1571245709355
91.75712457093498
-1029.0428754290638
-356.8428754290631
34.157124570937
115.1571245709377
-124.0428754290597
-662.2428754290676
-635.8428754290578
251.95712457093694
1081.1571245709333
-533.2428754290644
474.9571245709388
1716.9571245709394
499.75712457093823
-747.0428754290551
687.7571245709395
852.7571245709398
-443.04287542906104
63.75712457094019
19.35712457094004
398.5571245709389
253.35712457094186
557.1571245709333
257.957124570941
-115.04287542906172
609.1571245709406
-1007.0428754290651
-75.24287542906256
125.15712457094085
121.35712457094039
404.5571245709388
16.157124570937373
119.5571245709393
805.7571245709429
42.95712457093887
-46.64287542905924
132.1571245709397
333.1571245709406
-631.0428754290597
-91.64287542905811
48.557124570935926
-36.042875429068516
-810.2428754290576
110.35712457093867
118.757124570933
38.15712457093828
142.15712457093667
-337.4428754290575
-301.44287542906386
-585.4428754290676
125.75712457093924
100.95712457093857
301.35712457093763
708.3571245709378
1048.157124570941
1256.3571245709256
536.5571245709347
401.3571245709365
-163.8428754290595
1384.957124570939
1049.7571245709337
741.557124570936
1035.9571245709271
121.35712457094019
520.9571245709365
947.1571245709399
-452.04287542906275
-87.84287542906138
195.75712457093883
-448.0428754290652
-402.64287542906044
216.75712457094153
-539.2428754290611
-460.24287542905597
487.55712457093745
150.3571245709356
-246.44287542906108
131.15712457093815
1047.5571245709427
430.55712457093904
633.95712457094
-133.4428754290634
-489.0428754290628
176.7571245709396
623.1571245709359
484.5571245709364
601.957124570937
386.9571245709396
185.55712457093858
-280.2428754290639
-93.84287542906355
698.5571245709349
238.5571245709402
-0.6428754290592309
539.7571245709419
702.5571245709389
325.957124570935
286.5571245709435
-1558.8428754290726
-710.0428754290601
-187.64287542906447
-468.8428754290636
73.75712457093763
-218.24287542906373
-676.2428754290635
-591.242875429059
-35.84287542906347
-246.24287542906455
-418.04287542906116
-97.04287542907277
-30.242875429065155
255.35712457093862
-206.842875429063
-1087.242875429066
-307.2428754290609
-406.4428754290675
148.35712457093703
239.3571245709389
-213.64287542905996
38.957124570938376
-170.84287542906188
-464.2428754290613
-1023.8428754290611
171.1571245709363
-57.44287542906308
-160.04287542906127
-150.8428754290628
408.9571245709395
280.9571245709413
718.1571245709349
-715.6428754290588
-682.0428754290597
-1421.2428754290588
-260.2428754290568
9.357124570940005
-719.242875429065
-776.4428754290565
-659.2428754290603
-138.64287542906175
464.35712457093774
-8.642875429063508
-432.2428754290558
-318.242875429061
-224.8428754290591
-782.0428754290657
-646.0428754290579
879.9571245709429
314.1571245709391
128.3571245709395
827.7571245709399
-227.04287542906167
369.55712457094234
-99.04287542906238
-735.0428754290648
-687.8428754290522
153.55712457093762
-281.4428754290598
-674.4428754290595
-235.84287542906355
474.9571245709391
55.557124570938676
109.95712457093681
-889.0428754290581
-378.24287542906364
-665.6428754290635
-974.6428754290681
-660.0428754290699
-760.2428754290692
-906.6428754290648
-778.0428754290632
-440.8428754290571
-454.4428754290605
200.95712457094456
-465.44287542906534
511.7571245709392
32.95712457094044
-434.842875429059
-153.24287542906228
390.35712457094945
414.1571245709396
-134.64287542906388
473.95712457093424
-333.6428754290643
913.1571245709355
650.957124570938
-180.24287542906166
535.7571245709368
338.7571245709394
-142.2428754290622
-620.2428754290631
12.55712457093874
433.35712457093905
-197.64287542906143
265.5571245709437
-983.4428754290626
-206.84287542905986
171.15712457094045
-1015.0428754290625
-158.24287542906382
-160.442875429063
-536.6428754290595
-354.44287542906073
-633.642875429073
-1326.4428754290634
166.15712457093528
-691.0428754290597
-87.84287542906218
304.3571245709384
330.3571245709395
-255.84287542906014
54.55712457093465
990.1571245709365
184.35712457093808
-266.4428754290656
-1054.2428754290559
121.1571245709386
-65.44287542906275
380.3571245709381
775.3571245709388
-38.04287542905803
39.757124570932355
853.3571245709346
-105.64287542906263
-419.64287542906516
723.1571245709398
419.5571245709384
-867.6428754290608
-309.04287542906496
-753.2428754290597
-1388.0428754290708
-515.8428754290605
261.1571245709358
-48.24287542906196
125.35712457094
441.3571245709389
-500.84287542906173
-430.44287542905863
-1584.2428754290622
-962.2428754290745
24.95712457094141
547.9571245709352
967.9571245709401
441.15712457093935
95.95712457093731
187.9571245709409
1066.557124570941
747.957124570942
444.557124570936
-359.04287542906394
-383.8428754290693
-132.44287542906238
-569.4428754290615
39.15712457094263
71.75712457093167
-237.0428754290616
-749.8428754290643
-327.442875429063
458.9571245709362
-613.8428754290652
-85.44287542906206
-395.4428754290616
-449.64287542905754
-633.4428754290684
158.35712457093467
-114.44287542906277
-171.84287542905977
686.5571245709372
223.15712457093665
100.95712457093694
43.35712457093815
107.35712457093632
45.35712457093807
-203.24287542905944
1036.3571245709338
44.55712457093765
-753.0428754290634
-240.64287542906243
3.35712457093868
-216.24287542906163
145.1571245709383
-469.44287542906943
52.55712457093931
-112.44287542906312
-487.6428754290582
-118.24287542906389
-67.24287542906075
-127.64287542906382
-489.4428754290657
-792.0428754290596
-207.8428754290632
-740.4428754290617
-3.442875429063003
752.3571245709356
69.55712457093912
-536.0428754290632
0.7571245709358125
-524.0428754290626
-430.4428754290577
395.55712457093813
713.5571245709365
544.5571245709374
-194.8428754290628
344.9571245709412
-70.24287542906222
-565.2428754290628
497.3571245709371
-285.84287542906316
-382.6428754290598
112.55712457093583
145.95712457093657
-35.442875429057985
335.5571245709421
-227.84287542906532
-664.0428754290771
-301.64287542906106
-341.84287542906327
-45.64287542905834
-300.0428754290564
-145.04287542906295
105.15712457093883
125.55712457093992
83.55712457093857
-390.4428754290575
-152.04287542906138
-301.0428754290516
-425.8428754290455
-431.0428754290613
-328.0428754290656
383.3571245709357
-100.44287542906689
172.15712457093807
44.957124570937296
272.95712457093884
-424.64287542906834
-309.04287542906854
-462.2428754290639
251.35712457094104
302.95712457093947
-590.642875429059
-650.8428754290637
46.957124570937765
-263.04287542906076
-346.84287542906253
258.15712457093935
-433.24287542905887
-1000.0428754290663
-156.04287542906204
-349.2428754290637
-123.64287542906185
-597.2428754290621
-1038.8428754290612
-577.8428754290637
59.15712457093963
-293.04287542906275
-563.642875429062
-1065.842875429057
-1239.8428754290667
-741.4428754290637
-1260.4428754290684
-542.8428754290612
765.3571245709409
-98.6428754290658
-520.2428754290632
-652.8428754290713
134.75712457093803
121.75712457093978
-623.8428754290593
-409.44287542906284
-235.24287542906333
-549.4428754290585
-738.8428754290585
82.75712457094158
344.7571245709357
-1070.8428754290637
-782.0428754290563
-302.6428754290629
-1526.8428754290696
-959.0428754290679
264.9571245709349
207.35712457093808
131.75712457093832
-235.2428754290616
-315.2428754290634
-855.2428754290697
-251.0428754290598
-490.6428754290625
-522.042875429064
-791.8428754290593
-34.04287542905995
778.9571245709376
-175.44287542906218
-213.64287542906067
211.75712457094016
-241.04287542905968
-1039.4428754290605
-1035.2428754290622
-538.4428754290634
98.95712457093784
188.5571245709372
-374.2428754290619
-656.8428754290621
-262.84287542906304
-690.8428754290542
-160.64287542906374
338.75712457094045
-702.4428754290595
-495.44287542905954
-17.442875429062685
-625.4428754290643
258.95712457093754
-85.84287542906273
840.7571245709274
553.55712457094
15.757124570939242
-98.44287542906278
-1010.2428754290494
-813.6428754290522
-876.2428754290673
-968.4428754290622
-1062.642875429059
-581.4428754290615
-260.44287542905926
-1002.8428754290599
-842.8428754290699
-415.8428754290615
135.75712457093695
21.15712457093719
-729.6428754290598
-885.8428754290593
-367.0428754290635
-630.0428754290632
-769.4428754290611
-555.2428754290702
-640.0428754290585
-771.2428754290632
-1246.442875429062
-564.4428754290618
-511.4428754290571
-554.2428754290627
-444.2428754290584
107.55712457093983
1239.7571245709228
-164.04287542907875
-849.042875429074
-706.8428754290811
-780.0428754290762
-1061.8428754290592
-1466.0428754290554
-1204.0428754290708
147.75712457093712
-357.4428754290702
-143.8428754290621
867.7571245709347
721.3571245709294
101.75712457094144
506.3571245709414
532.757124570936
427.5571245709354
-311.842875429068
-355.6428754290654
-1288.0428754290763
-1216.8428754290644
-845.2428754290744
-1087.042875429057
-510.64287542907095
16.357124570933745
-365.64287542906305
-1319.4428754290461
-916.8428754290612
-1149.2428754290536
-543.4428754290566
-143.64287542905828
-934.0428754290663
-1894.6428754290648
-182.6428754290692
-1801.8428754291022
-2208.042875429061
-1814.4428754290896
-1204.4428754290795
-1543.842875429066
-1438.0428754290538
-273.442875429061
-444.24287542906467
-988.0428754290646
133.9571245709395
32.75712457093353
5.35712457093268
-181.2428754290602
-224.0428754290628
591.3571245709378
894.3571245709386
781.757124570933
86.55712457093924
-4.842875429060413
734.5571245709365
-240.84287542906088
-664.042875429065
-73.04287542906187
-114.04287542905843
-1349.4428754290545
-740.0428754290529
-419.64287542905834
-543.0428754290588
258.95712457094015
-637.4428754290627
-870.8428754290591
-208.44287542905977
-921.8428754290619
-1171.0428754290533
-980.6428754290646
207.95712457093964
-41.042875429062576
-743.4428754290615
-167.84287542905997
-518.2428754290644
-747.0428754290607
29.35712457093427
-943.2428754290613
-746.8428754290557
-783.442875429066
-301.24287542906717
342.15712457093827
809.9571245709391
1612.7571245709469
452.9571245709341
153.15712457093608
707.157124570954
-89.2428754290608
123.75712457093842
262.15712457093593
159.957124570939
-792.2428754290597
-598.442875429065
-68.44287542906484
42.157124570931856
52.7571245709356
-558.6428754290619
5.3571245709362
1097.357124570925
169.15712457093935
417.1571245709394
358.1571245709368
-61.04287542906338
325.95712457093543
-223.0428754290603
-262.04287542906184
-379.2428754290612
-1047.0428754290708
-441.4428754290609
-294.0428754290636
-321.84287542906395
-398.8428754290623
-280.04287542906354
-429.04287542906275
182.3571245709396
1383.5571245709298
407.95712457094106
83.7571245709369
72.35712457093967
-259.2428754290634
-294.0428754290605
-128.24287542906217
11.757124570938988
140.35712457094255
-107.04287542906158
-470.24287542906677
471.7571245709371
501.7571245709383
-487.24287542906944
321.75712457093704
1100.3571245709356
492.35712457093837
137.5571245709404
425.1571245709365
-957.8428754290626
-715.842875429069
-337.6428754290612
-22.442875429062795
256.55712457093244
349.75712457094124
-84.64287542906285
481.1571245709416
1035.7571245709287
335.3571245709375
-448.04287542906195
-91.24287542906454
714.1571245709429
1121.3571245709404
337.5571245709402
381.9571245709415
-276.2428754290585
-346.242875429062
-23.042875429061407
-779.4428754290567
-775.4428754290615
501.9571245709364
-616.2428754290542
-1484.2428754290622
-56.442875429062
184.35712457093817
-354.4428754290634
-68.24287542906086
-162.84287542905946
-343.2428754290609
-496.64287542905794
267.757124570937
-485.0428754290596
-904.0428754290616
57.157124570938464
-386.24287542906046
52.957124570941446
221.557124570938
-433.64287542906186
-920.6428754290665
-375.24287542906234
1073.7571245709412
503.557124570941
-100.24287542906256
463.55712457094154
54.75712457093709
-965.6428754290542
-259.8428754290627
-64.642875429065
51.75712457093975
-769.6428754290615
-644.2428754290648
-463.64287542906254
269.3571245709384
249.95712457093813
-758.6428754290594
-516.2428754290622
-73.24287542906504
-246.84287542906245
126.9571245709332
879.157124570935
745.3571245709356
497.75712457093783
346.55712457094194
20.357124570936158
-796.2428754290677
-281.2428754290598
-698.2428754290584
-513.2428754290642
-25.842875429062488
-37.84287542906315
595.3571245709384
531.7571245709393
-69.04287542905993
331.5571245709395
-729.0428754290588
-334.44287542906227
347.3571245709343
-374.84287542906026
-287.44287542906267
-12.44287542906315
23.957124570941104
-145.84287542906247
223.35712457094212
342.9571245709326
411.9571245709371
832.1571245709371
-44.24287542906316
523.7571245709379
415.157124570939
-257.8428754290649
-183.04287542906678
448.9571245709354
-66.44287542905934
214.7571245709433
79.35712457093874
-443.0428754290614
137.3571245709395
-69.44287542905792
-1280.0428754290735
-607.8428754290636
-114.0428754290604
354.5571245709363
176.95712457093882
-354.84287542906264
-811.8428754290661
-765.4428754290631
-1164.0428754290547
-1038.2428754290625
-400.04287542906224
-535.042875429064
-632.0428754290617
-414.2428754290609
73.1571245709375
489.75712457093505
-174.84287542905952
185.55712457093514
12.757124570934192
968.9571245709409
-86.64287542906942
979.9571245709376
410.5571245709369
-545.8428754290643
312.7571245709406
-372.64287542906317
-977.842875429063
397.1571245709381
-147.64287542906118
-687.8428754290637
268.75712457093596
26.75712457093848
-378.4428754290633
-597.0428754290566
-773.8428754290705
358.75712457093607
-1535.8428754290792
-1842.4428754290673
-610.6428754290622
-546.4428754290628
-444.84287542906515
-431.8428754290622
216.75712457093945
176.1571245709366
-1040.4428754290605
43.15712457093933
688.157124570941
-111.04287542906388
76.75712457093829
143.15712457093474
-164.6428754290623
765.5571245709359
214.5571245709397
647.1571245709376
534.5571245709388
-468.2428754290692
292.35712457093945
-128.4428754290606
-561.2428754290593
282.9571245709363
-164.64287542906118
-325.4428754290626
-495.8428754290601
-831.042875429061
-139.0428754290614
49.75712457093913
-45.04287542906161
40.95712457093214
-1368.042875429053
-909.6428754290577
-98.24287542906356
-129.24287542906146
-93.44287542906181
217.95712457093794
129.35712457093888
72.15712457093653
-747.2428754290657
519.3571245709416
1181.3571245709404
31.357124570939135
212.15712457093906
1001.9571245709411
433.75712457093385
723.1571245709354
452.95712457093896
-415.24287542906467
64.3571245709391
-91.84287542906193
317.95712457094066
-503.04287542906957
-437.44287542906153
255.1571245709397
266.75712457093744
-16.8428754290645
334.1571245709396
-163.84287542906645
-578.2428754290607
464.55712457093745
1019.9571245709374
-35.24287542906302
-621.4428754290628
-1179.8428754290626
-948.2428754290672
282.75712457093994
143.75712457093599
-422.04287542905263
-1018.2428754290662
690.1571245709463
285.15712457093736
120.1571245709383
-390.6428754290626
-427.0428754290605
102.95712457093893
282.9571245709363
-414.6428754290572
262.95712457093754
1223.357124570938
-122.4428754290588
-41.44287542906125
897.1571245709339
1745.5571245709395
-472.44287542907347
-343.84287542906713
121.35712457093871
268.35712457094047
44.75712457093793
-12.842875429060015
-229.8428754290622
-400.04287542906286
565.957124570935
1032.1571245709306
-333.0428754290588
131.15712457093576
199.35712457093624
-528.6428754290599
346.95712457093833
877.1571245709351
608.957124570934
-150.84287542906242
1363.5571245709425
718.7571245709393
841.7571245709368
-29.042875429062256
-286.04287542905973
6.357124570932937
-822.4428754290772
-979.2428754290728
-131.44287542906434
1024.7571245709414
687.157124570936
-196.24287542906185
-307.0428754290581
1034.9571245709396
-190.64287542906328
212.95712457093828
-128.8428754290635
378.95712457093805
-94.642875429063
306.757124570941
140.55712457093884
-142.24287542906094
609.3571245709416
838.3571245709336
50.757124570938274
598.7571245709378
1125.557124570929
-353.2428754290597
-333.8428754290605
363.7571245709322
33.55712457093874
-293.6428754290595
-261.64287542906465
238.15712457093582
-3.4428754290615338
57.15712457093526
1098.7571245709335
82.1571245709389
-227.04287542906488
236.35712457093877
-401.24287542906217
-98.04287542906309
178.95712457094075
-112.64287542905981
-1138.042875429068
389.5571245709392
1074.957124570935
1348.9571245709521
-108.84287542906236
464.95712457093765
-525.4428754290698
-755.6428754290642
-476.4428754290604
-403.6428754290676
315.7571245709397
518.5571245709405
467.9571245709407
302.95712457094004
220.35712457093672
639.3571245709437
-211.64287542906237
-506.84287542906327
-639.842875429065
-1043.0428754290665
-1349.8428754290558
735.9571245709406
-924.8428754290638
-1352.642875429067
938.3571245709317
-314.0428754290603
10.357124570939932
677.557124570941
-448.8428754290591
-394.0428754290589
-165.44287542906557
-681.6428754290681
-1201.042875429074
-314.8428754290644
555.1571245709401
697.757124570941
-185.44287542905963
746.1571245709389
252.95712457093836
-142.04287542906167
-428.2428754290617
-680.2428754290643
-86.24287542906191
182.95712457093782
411.3571245709375
82.15712457094023
-105.84287542906338
118.1571245709348
-257.24287542906234
275.157124570937
322.5571245709396
463.95712457093714
30.557124570940278
416.9571245709386
-232.64287542906402
-1155.0428754290685
272.95712457093424
-661.0428754290629
-417.2428754290676
7.957124570937705
-79.64287542906276
-295.24287542906296
-822.4428754290637
-1024.0428754290672
239.95712457093873
938.1571245709454
64.75712457094161
372.35712457093695
-30.842875429063298
400.15712457093963
367.3571245709416
-265.242875429061
-410.2428754290628
-80.84287542906041
224.75712457094096
-223.44287542905994
-1390.2428754290697
-775.6428754290649
21.75712457093792
14.557124570938411
-12.842875429061658
793.3571245709367
567.9571245709417
570.9571245709313
460.15712457093747
-446.04287542906775
-365.64287542906044
-400.64287542906413
-529.0428754290599
21.957124570943733
-23.642875429064958
-897.4428754290595
-231.04287542906303
-78.84287542905949
-178.84287542906134
-830.4428754290632
577.9571245709313
1582.3571245709425
-124.242875429061
-424.84287542906463
-1391.6428754290735
235.55712457094026
496.75712457093874
-743.8428754290651
-418.8428754290603
691.357124570935
242.95712457093765
-433.24287542906177
-211.44287542906386
-392.24287542906046
230.95712457093572
184.95712457094066
-350.2428754290625
711.9571245709382
229.5571245709369
577.9571245709342
1067.7571245709487
408.1571245709376
46.157124570938535
60.95712457093922
-861.0428754290641
-517.0428754290588
523.1571245709381
-113.44287542906085
-9.642875429062972
-459.8428754290602
-173.44287542906036
-1110.6428754290644
-42.04287542906346
1093.9571245709371
764.7571245709439
960.1571245709272
-735.6428754290595
-67.84287542905949
330.5571245709328
31.757124570940853
-34.642875429060894
-307.6428754290607
-98.44287542906015
-316.84287542906526
-272.64287542906345
0.9571245709398397
743.3571245709426
184.35712457093288
-30.842875429061287
1148.9571245709478
715.7571245709344
1648.9571245709237
1751.5571245709436
509.75712457093834
21.35712457093713
1070.3571245709304
626.7571245709315
-422.44287542906
1287.557124570939
625.5571245709401
195.15712457094045
-667.842875429065
-527.0428754290629
-1460.6428754290616
-904.6428754290675
349.15712457093855
-337.44287542906204
-343.6428754290614
-677.0428754290679
-222.0428754290632
542.3571245709393
-115.4428754290609
-129.44287542906247
-902.6428754290606
-772.0428754290638
-519.4428754290619
-206.44287542906278
-66.84287542906283
-371.44287542906636
95.55712457093823
1154.957124570939
2270.557124570932
887.5571245709373
1410.3571245709168
2184.9571245709412
819.5571245709378
-727.4428754290583
689.7571245709426
1019.5571245709369
-567.4428754290624
4.157124570938112
-149.24287542906166
-40.44287542905925
-279.0428754290613
62.95712457093717
-401.04287542906127
-712.2428754290637
711.357124570941
-941.0428754290608
-585.2428754290615
-943.4428754290618
-495.8428754290607
-79.24287542906154
-803.6428754290689
-64.04287542905921
1057.7571245709282
-407.4428754290622
-652.2428754290621
-63.84287542906274
287.55712457094
-421.6428754290658
555.3571245709395
1257.5571245709382
1257.7571245709444
560.5571245709398
1028.957124570937
620.157124570936
469.9571245709407
243.75712457093863
-318.64287542905805
-79.64287542906524
-514.8428754290645
-134.04287542906258
-524.442875429061
-585.0428754290634
-269.64287542905896
435.15712457093707
736.7571245709374
-154.242875429065
157.7571245709389
-386.8428754290634
553.1571245709376
-368.8428754290639
-368.2428754290634
208.9571245709393
-626.4428754290587
164.5571245709384
1157.7571245709314
-486.24287542906
-253.64287542906283
264.5571245709394
9.357124570938044
87.75712457094369
985.9571245709359
710.7571245709456
426.15712457094014
1266.157124570942
653.3571245709302
-62.842875429059845
435.95712457093896
1011.9571245709399
335.55712457094296
691.9571245709361
-161.6428754290648
-644.6428754290664
-500.8428754290632
-303.4428754290608
-97.64287542906138
398.35712457093956
161.1571245709378
-462.64287542905726
-374.64287542906595
-944.8428754290618
-496.24287542906325
-1005.0428754290651
-951.6428754290664
-201.042875429062
293.75712457093255
144.55712457092955
603.7571245709419
-1009.242875429061
-343.0428754290654
281.95712457093646
151.15712457095177
901.3571245709425
745.9571245709387
488.1571245709295
125.95712457093887
502.9571245709386
-10.84287542906253
-124.8428754290583
218.55712457093628
-275.8428754290613
53.757124570937926
-95.44287542906015
-927.2428754290614
-360.4428754290625
-638.2428754290597
-254.6428754290631
-168.04287542906437
-190.04287542906374
-255.4428754290622
-762.6428754290728
-555.0428754290689
-1772.2428754290593
-950.8428754290676
-926.2428754290625
-680.2428754290632
-904.642875429061
-259.0428754290617
235.55712457093784
1133.5571245709532
-72.84287542906304
-10.442875429065651
-721.6428754290611
426.55712457094023
688.5571245709464
-72.04287542906026
23.157124570938848
46.3571245709407
256.5571245709377
627.9571245709408
416.1571245709388
77.55712457093782
-204.2428754290646
-170.24287542906035
-888.8428754290547
-873.0428754290663
837.9571245709452
576.3571245709393
159.15712457094338
441.75712457093664
-409.2428754290632
-74.84287542906168
-426.6428754290616
-504.24287542906274
-1258.24287542907
-452.8428754290651
-670.4428754290627
-956.0428754290543
-892.0428754290705
-357.04287542906445
-151.2428754290608
336.55712457093375
-230.24287542906325
410.55712457094495
31.757124570938625
-243.0428754290629
266.15712457093963
-10.042875429061903
-104.24287542906052
-134.44287542906224
204.55712457093605
252.9571245709382
979.557124570951
325.3571245709419
1060.5571245709323
344.9571245709288
-407.242875429065
-381.8428754290646
632.357124570944
1089.757124570921
283.95712457094186
622.5571245709314
-536.4428754290611
564.757124570941
649.9571245709363
273.9571245709369
323.5571245709403
210.35712457093607
-396.84287542906435
-694.6428754290646
-283.4428754290589
-385.4428754290656
-423.24287542906063
610.9571245709362
-74.64287542906278
610.9571245709367
878.3571245709338
-283.2428754290621
712.7571245709352
675.5571245709367
141.55712457093887
377.95712457093987
339.15712457093804
-284.8428754290624
1227.957124570943
570.7571245709347
782.3571245709272
452.9571245709367
97.75712457093815
-637.2428754290625
201.55712457093813
1797.9571245709503
771.9571245709373
32.35712457093852
-936.4428754290668
80.55712457093827
-262.64287542906555
657.1571245709371
822.357124570937
197.5571245709358
305.95712457093595
753.5571245709395
-272.64287542906163
-527.2428754290587
1146.5571245709427
1390.5571245709384
191.15712457093764
713.3571245709375
446.15712457093736
-284.24287542906285
423.7571245709355
849.9571245709348
290.75712457093664
783.3571245709421
1315.9571245709371
192.35712457093916
364.35712457093666
-502.2428754290651
-93.64287542905987
176.75712457094028
238.5571245709387
447.3571245709403
471.95712457093805
698.7571245709352
301.75712457094
732.9571245709358
634.15712457094
293.9571245709415
-616.4428754290631
-100.64287542906268
149.15712457093798
37.75712457093759
704.357124570932
424.55712457093125
-28.842875429063213
-170.04287542906206
826.1571245709378
1746.1571245709486
346.5571245709373
767.7571245709431
511.1571245709419
438.7571245709445
269.75712457093647
652.5571245709402
-136.8428754290609
-10.442875429056759
665.5571245709443
371.55712457094216
639.1571245709367
723.9571245709326
549.7571245709345
108.75712457094296
-359.8428754290658
560.1571245709367
251.95712457093725
-120.84287542905903
-162.44287542906275
-592.4428754290651
-693.4428754290636
-362.64287542906703
-905.2428754290576
-26.042875429065937
383.1571245709405
83.55712457093856
388.35712457093655
361.157124570946
167.95712457093896
292.15712457093844
360.5571245709399
1109.9571245709435
255.9571245709372
639.7571245709357
1345.1571245709274
655.5571245709399
71.75712457093384
470.1571245709386
-434.24287542906455
-569.6428754290587
77.55712457093938
891.1571245709322
1288.3571245709504
444.5571245709412
1012.7571245709378
223.7571245709397
-467.6428754290645
316.1571245709403
-56.44287542906489
165.15712457093775
186.55712457093802
-152.8428754290622
-134.0428754290615
263.9571245709326
-334.84287542905963
-575.6428754290649
69.55712457093841
-120.04287542905831
131.95712457093694
443.75712457094204
538.157124570941
617.1571245709393
730.9571245709387
1122.5571245709427
643.357124570953
538.9571245709359
404.95712457094015
191.15712457093915
-89.04287542906079
-370.04287542906127
157.35712457094195
-276.4428754290653
-10.042875429060473
92.55712457094053
812.7571245709361
-45.04287542906427
-42.44287542906156
-73.44287542906255
507.7571245709399
444.7571245709389
-395.2428754290598
-204.04287542905848
342.15712457094224
27.557124570936157
81.55712457093776
832.9571245709312
61.35712457094104
-512.8428754290586
298.55712457094035
-306.84287542906173
-245.84287542906202
-249.24287542906222
-660.0428754290583
-737.8428754290625
110.95712457093464
377.95712457093754
153.35712457094075
-596.8428754290594
-693.2428754290694
-267.6428754290637
-1148.0428754290665
-1127.6428754290682
111.3571245709368
-522.6428754290625
-876.4428754290634
-597.642875429059
379.95712457094135
197.75712457094156
-796.6428754290629
0.15712457093876253
211.55712457093617
32.357124570940506
-89.4428754290632
751.5571245709375
870.7571245709435
-328.6428754290649
-270.442875429066
267.7571245709324
-1131.6428754290587
-537.8428754290632
585.1571245709392
140.35712457094172
-248.2428754290619
-281.84287542905975
-239.4428754290629
-1051.8428754290596
-152.44287542906136
-27.242875429059303
-231.64287542905913
-625.6428754290596
240.75712457093897
1149.357124570942
-179.64287542905916
-808.4428754290572
-136.2428754290637
-246.64287542906266
-754.6428754290531
-294.2428754290634
48.35712457093808
537.7571245709307
232.15712457093932
-212.0428754290602
-222.6428754290626
423.5571245709388
-87.64287542906108
672.7571245709369
1082.157124570941
-144.44287542906252
-167.24287542906336
419.157124570937
-402.0428754290595
396.75712457094113
425.7571245709384
1281.3571245709359
949.1571245709348
751.5571245709392
718.7571245709396
-328.44287542906306
166.35712457093518
319.9571245709391
-254.04287542906604
-523.4428754290578
142.7571245709367
470.9571245709418
-368.04287542905973
-424.24287542906706
-71.64287542906476
781.9571245709292
1252.1571245709322
966.557124570942
615.3571245709364
815.1571245709382
290.7571245709378
-127.04287542906164
422.7571245709317
604.9571245709482
277.3571245709397
24.557124570939656
696.9571245709293
422.35712457093325
54.157124570939104
194.357124570939
604.7571245709344
1633.7571245709426
