-702.0464342435445
-756.6464342435272
-580.2464342435176
-925.8464342435248
479.7535657564838
445.15356575647843
80.55356575648061
9.353565756480329
234.953565756481
-1012.8464342435249
-2554.0464342435193
-2152.846434243519
-89.44643424351972
120.953565756486
120.35356575648265
-432.84643424351333
-1126.8464342435157
-537.8464342435155
228.75356575648377
286.55356575647585
-543.0464342435022
-516.6464342435365
-980.6464342435389
-467.8464342435236
85.35356575647586
-26.84643424351888
-543.6464342435179
201.95356575649194
1366.5535657564924
461.753565756482
319.75356575647504
769.353565756472
1617.9535657564343
946.1535657564855
906.9535657564611
-67.84643424351677
1792.7535657564804
2381.3535657565035
256.55356575648983
24.953565756476934
251.1535657564858
-464.44643424352114
-825.4464342435152
-828.6464342435353
1303.1535657564727
1088.9535657564938
1306.5535657565001
2037.553565756485
1042.353565756476
867.5535657564809
949.7535657564831
1432.1535657564782
569.5535657564806
545.1535657564808
-228.64643424352937
450.9535657564713
337.15356575649133
-438.24643424352354
-677.4464342435222
-1404.6464342435129
-211.24643424352283
1569.9535657564838
479.15356575647866
628.5535657564751
1703.3535657564794
-642.6464342435241
419.95356575647946
194.15356575648056
710.9535657564791
2269.3535657564976
28.55356575648579
-770.2464342435131
-1389.84643424352
-256.6464342435201
-1081.8464342435177
-1981.0464342435118
-176.6464342435188
-1041.8464342435173
-1386.0464342435475
257.75356575648004
-188.24643424352794
-585.0464342435207
-1172.8464342435261
-15.246434243520646
-799.8464342435362
-1031.0464342435153
-2436.446434243522
-320.64643424352516
22.753565756481393
-1255.0464342435278
-1844.0464342435303
-606.8464342435167
1140.5535657564546
186.75356575648664
-944.0464342435143
-765.4464342435349
1379.7535657565052
-1546.2464342435137
547.1535657564856
691.1535657564824
764.1535657564848
380.55356575647966
534.9535657564878
1478.3535657564764
690.7535657564725
177.753565756479
-1306.846434243514
-610.6464342435215
462.3535657564872
-74.84643424352242
122.153565756481
269.3535657564831
179.55356575647824
14.553565756473255
450.3535657564804
581.1535657564818
-1103.4464342435228
-236.64643424352545
1145.3535657564814
912.1535657564842
-142.4464342435178
-1075.0464342435328
-1922.2464342435303
-626.4464342435177
178.55356575648446
-1879.0464342434998
-1873.8464342434797
-763.846434243511
1368.1535657564846
-705.8464342435085
-413.24643424352354
412.3535657564871
973.1535657565059
1982.9535657565025
114.35356575648609
-1139.0464342435157
-334.84643424351896
-440.0464342435193
-1545.4464342435242
-865.446434243515
1013.1535657564868
923.3535657564809
1404.3535657564712
1041.9535657564916
-1147.6464342435015
-2021.8464342435248
-1403.0464342434807
-1098.846434243529
421.55356575648466
1144.7535657564838
570.5535657564886
1629.9535657564718
805.9535657564676
357.55356575646965
424.3535657564844
773.1535657564804
794.153565756488
-1247.0464342435107
-595.2464342435267
-83.44643424352145
91.95356575648492
-484.64643424351897
-1000.2464342435267
-243.64643424352036
555.9535657564671
1662.3535657565064
209.95356575648188
-994.4464342435097
-639.04643424352
-1653.4464342435042
538.7535657564778
-401.4464342435155
1512.353565756486
1649.1535657564705
1121.3535657564817
518.1535657564822
-1201.0464342434982
-1272.8464342435277
-941.6464342435515
-1322.2464342435662
-1697.2464342435367
533.7535657564974
-603.0464342435137
597.7535657564746
-392.646434243519
-1710.0464342435398
473.55356575648295
1598.3535657564792
262.5535657564845
129.3535657564854
-370.4464342435276
207.95356575648026
-2.2464342435162195
-25.846434243519457
484.3535657564762
-920.8464342435213
544.5535657564849
1506.3535657564814
1001.3535657564929
853.7535657564797
140.35356575648086
-1172.2464342435187
1034.7535657564729
-54.246434243522884
1211.153565756462
1724.5535657564876
264.7535657564812
-821.8464342435151
-1661.646434243529
1655.7535657564658
1176.1535657564887
-643.4464342435416
-959.2464342435211
31.953565756480373
-204.84643424352228
-661.0464342435212
-1706.0464342435318
-1485.8464342435334
681.9535657564799
896.1535657564849
662.7535657564787
-491.846434243524
-436.4464342435199
-18.446434243518052
-1069.4464342435185
722.1535657564773
453.95356575647554
506.5535657564843
-638.4464342435195
1018.5535657564648
1463.9535657564634
744.3535657564737
1326.7535657565127
-261.2464342435161
110.75356575648249
-1455.6464342435336
-1016.4464342435245
323.9535657564922
-657.0464342435176
-19.24643424351715
-130.0464342435216
-295.84643424349196
-1000.4464342435429
34.95356575647854
904.3535657564613
688.3535657564802
-1467.2464342435032
-1401.8464342435445
-1489.0464342435166
-226.84643424352345
1307.5535657564913
988.1535657564643
1025.1535657564834
-1615.646434243513
-269.8464342435311
-29.046434243519148
119.75356575647851
422.35356575647893
-759.8464342435321
-786.0464342435255
-1772.4464342435053
453.3535657564763
216.553565756482
-80.84643424352112
1274.7535657564958
1749.3535657564946
629.1535657564762
-1592.8464342435227
-899.0464342435322
481.55356575647636
685.1535657564721
765.1535657564899
652.3535657564818
-1085.6464342435486
-1466.8464342435234
-158.8464342435154
-492.2464342435272
-71.24643424352112
-2031.0464342435664
-1189.24643424354
-1344.8464342435243
-336.2464342435188
-1099.8464342435218
-871.8464342435201
694.353565756488
-37.44643424352437
423.15356575647826
-189.84643424352174
1521.5535657564753
40.15356575648319
268.1535657564839
484.7535657564796
660.1535657564748
739.753565756485
-744.0464342435175
-1114.6464342435108
-1013.4464342435305
-162.64643424351752
731.153565756467
-761.2464342435253
-1222.846434243541
-1443.0464342435298
-172.24643424353434
-1040.0464342435098
72.95356575646342
535.9535657564795
-542.2464342435062
-2219.4464342434408
-2425.046434243513
-659.4464342435305
-868.4464342435126
-812.2464342435353
-2339.2464342435296
-2010.2464342435258
294.553565756476
621.9535657564555
1072.5535657564722
131.75356575647973
517.5535657564856
-565.4464342435194
395.9535657564926
-62.246434243522465
440.5535657564817
1737.9535657564868
2254.553565756458
575.1535657564838
1460.5535657564922
2461.9535657564834
193.15356575648178
545.5535657564706
1641.7535657564888
-1373.0464342435002
214.75356575648513
-106.6464342435271
-908.6464342435352
-1063.846434243522
-271.4464342435224
-52.44643424352192
-16.24643424351451
-1519.646434243525
-1147.84643424352
-1494.4464342435829
-1077.646434243487
1255.1535657564696
-149.446434243513
-2538.6464342434906
296.553565756485
2550.553565756429
1316.3535657564762
456.3535657564859
192.95356575647745
-902.2464342435259
-205.84643424352237
-781.4464342435205
-935.2464342435292
-58.4464342435212
1536.953565756483
-431.44643424352705
-867.6464342435147
1211.9535657564707
647.9535657564867
532.7535657564753
-502.64643424352425
-1551.6464342434688
-99.64643424352496
-539.4464342435056
-558.8464342435379
-336.4464342435256
376.9535657564752
-1539.6464342435738
-2169.8464342435805
-725.246434243522
151.95356575647318
-1815.046434243502
-286.4464342435589
2175.753565756502
933.153565756477
34.95356575647891
150.15356575647905
1589.5535657564967
2034.7535657564829
833.553565756485
-1272.046434243503
826.7535657564783
108.15356575648374
-808.4464342435194
61.35356575647988
68.75356575648227
2873.1535657564846
2355.153565756503
-491.4464342435169
-788.8464342435269
-729.2464342435303
123.55356575648038
747.1535657564939
-940.646434243506
1067.9535657564854
153.75356575647413
-2512.446434243508
-570.2464342435172
-255.64643424353102
-963.2464342435234
-1102.6464342435602
-41.846434243521344
-794.8464342435302
1811.1535657564743
1468.3535657564755
1246.7535657564613
1163.753565756517
2430.153565756513
213.95356575647912
2615.353565756484
2969.153565756519
-46.24643424352031
-1237.4464342435328
489.75356575648465
-1486.246434243533
-1792.846434243519
-1165.2464342435242
-54.646434243517184
1195.1535657564586
1573.953565756507
501.95356575648253
-2881.0464342435457
-2397.4464342435494
-1981.4464342435626
161.95356575648125
-1801.2464342435205
-1136.0464342434923
-2037.8464342435532
-3271.6464342435306
-4074.44643424353
-2130.4464342435153
-1189.046434243546
-2311.846434243532
-2513.446434243522
-593.4464342435401
-80.84643424351894
-1591.8464342435248
-246.44643424352026
-816.2464342435296
529.5535657564841
708.7535657564853
1980.3535657564416
2620.353565756476
404.9535657564951
399.1535657564689
1234.9535657564816
-350.6464342435146
-312.84643424350526
-1029.8464342435245
1121.9535657564816
1922.7535657564886
937.9535657564454
688.3535657564446
-573.2464342435225
-117.446434243524
-1447.0464342435316
-806.6464342435025
564.9535657564775
-2031.8464342435102
-2796.446434243499
254.75356575647766
-3565.046434243513
-3212.446434243463
-464.64643424351243
-123.8464342435169
-157.646434243515
-1705.446434243501
-1102.8464342435327
-821.4464342435101
-39.246434243519666
-349.6464342435229
-1329.646434243528
1596.5535657564794
2161.7535657565018
276.3535657564785
889.9535657564812
1915.1535657564905
-1175.8464342435116
-2270.0464342435293
-626.4464342435325
-1540.4464342435144
473.1535657564798
1152.1535657564723
238.9535657564778
1105.55356575648
626.5535657565077
-215.64643424352312
-827.2464342435235
-2202.846434243542
-1122.4464342435294
-2338.246434243539
-3461.246434243559
627.9535657564834
-608.0464342435178
-1808.4464342434937
-1678.846434243507
-2153.2464342435514
698.7535657564777
-273.0464342435178
987.753565756496
734.1535657564835
-1567.8464342435368
-1470.0464342434918
-1301.0464342435075
930.3535657564772
376.5535657564492
-930.4464342435261
159.9535657564767
2177.3535657564166
-1633.0464342435125
-2520.046434243571
-927.6464342435261
-1484.446434243511
-369.44643424352535
-118.04643424352898
1220.1535657565237
2391.9535657565275
912.553565756439
115.75356575648969
327.95356575647577
-150.2464342435223
534.9535657564938
27.753565756475453
-300.446434243517
1203.7535657564724
-1085.6464342434983
-1522.8464342435027
-568.0464342434959
-2370.046434243533
326.9535657564869
452.55356575648
-215.44643424350468
-500.84643424351884
-1311.846434243516
-1255.2464342435164
836.9535657564762
133.55356575649378
-1884.0464342435066
31.153565756496803
2422.353565756461
3414.353565756382
1145.5535657564756
-11.446434243526916
-209.046434243529
-332.8464342435197
104.55356575648136
1021.5535657564809
1051.7535657564622
2042.9535657565261
2846.3535657565326
1214.353565756475
328.553565756481
268.95356575648776
-874.2464342435331
-1514.0464342435405
-874.6464342435069
438.15356575647706
686.9535657564828
-368.24643424350904
-1809.0464342435575
-2002.4464342435433
-1347.0464342434962
-1773.0464342435423
-2094.8464342435445
593.9535657564741
1005.1535657564751
-747.0464342435052
-186.24643424351638
-737.4464342435218
-1076.2464342435276
1607.553565756471
518.3535657564967
-709.8464342435265
-884.8464342435137
-2032.046434243497
236.35356575647708
1146.3535657564667
-246.0464342435221
-478.8464342435185
-2314.24643424357
-1478.0464342435305
1432.1535657564955
894.5535657564802
409.95356575648043
431.95356575648555
677.3535657564848
-2184.0464342435257
-2368.646434243529
-175.2464342435318
140.55356575646852
-1727.8464342435338
-1298.0464342435184
-689.046434243521
-1308.2464342435183
-893.4464342435255
-1102.2464342435385
1083.1535657564723
858.1535657564884
-790.8464342435157
-613.8464342435238
351.153565756479
248.75356575647774
499.55356575648204
-691.6464342435117
-115.04643424352456
-393.2464342435111
-1466.6464342435331
759.7535657564744
1875.9535657564663
1035.5535657564762
588.7535657564775
-1324.6464342434992
112.55356575648581
812.3535657564803
-650.2464342435024
-3264.046434243483
-3016.2464342435565
1005.9535657564793
-928.2464342435111
-398.2464342435284
-248.04643424352022
-540.2464342435093
-666.6464342434942
-480.4464342435236
-683.0464342435541
-1812.646434243561
-8.646434243529889
-704.2464342435551
-112.64643424350476
-98.84643424352289
334.9535657564778
1314.3535657564776
787.5535657564857
1579.9535657564718
1220.3535657564682
447.7535657564804
633.7535657564908
1194.9535657564816
-359.04643424352366
786.7535657564769
985.7535657564894
1167.5535657564715
1050.5535657564724
-1199.0464342435007
-1691.0464342435334
-1178.8464342435182
22.553565756474576
-226.6464342435165
-1045.0464342435168
-2418.4464342435035
-1709.2464342435119
-368.0464342435165
-1968.2464342435276
-1826.2464342435214
-1871.0464342435505
-1448.4464342435253
-1035.6464342435272
-546.4464342435274
559.1535657564813
-39.44643424352004
-722.4464342435236
51.153565756480354
1860.1535657564705
2063.7535657564545
974.7535657564658
-293.6464342435268
-1164.4464342435128
-124.24643424352094
559.9535657564822
1340.7535657564808
1710.1535657565164
1983.153565756496
2852.15356575647
736.1535657564714
-197.64643424351308
-375.0464342435204
74.75356575647199
1090.7535657564654
555.1535657564732
329.1535657564743
-190.04643424351576
-2233.4464342435094
-3537.846434243513
-1109.4464342435335
-1119.446434243525
472.15356575647473
-1452.0464342435378
-603.446434243506
-769.0464342435288
-2483.8464342435213
746.9535657564833
-279.84643424352436
-563.8464342435194
229.95356575647529
-538.8464342435205
-1718.4464342435379
-1791.8464342434697
-252.04643424351642
-88.64643424352214
1038.7535657564918
-165.64643424352045
-20.44643424352178
1219.353565756463
271.9535657564748
240.75356575648553
714.5535657564848
1115.7535657565159
1746.153565756506
2037.7535657564522
-284.84643424351526
-1183.646434243527
208.3535657564839
-654.8464342435238
-717.8464342435343
324.753565756474
-51.64643424351889
-368.04643424352594
-84.84643424352078
-1643.846434243545
-2570.0464342434516
-2196.246434243496
-2591.4464342435163
-872.8464342435229
-476.84643424352964
-2016.8464342434693
-986.2464342435318
-35.04643424351512
-999.2464342435014
-2843.6464342434706
-469.4464342435214
-1233.4464342435188
-380.04643424351923
-330.04643424352327
-1224.6464342435102
135.5535657564801
2447.3535657564817
149.55356575647718
1296.5535657564676
701.7535657564748
31.95356575647626
-351.24643424352206
-1640.2464342435212
-880.2464342435247
-673.4464342435346
-1232.246434243535
184.15356575647547
1004.9535657564678
1130.7535657564915
-301.64643424352107
-156.24643424351356
-1238.8464342435293
-1301.6464342435447
-720.6464342435141
327.1535657564881
523.1535657564788
551.7535657564694
-220.84643424352575
-2.246434243511347
-694.8464342435159
-382.2464342435149
-1172.6464342435308
809.9535657564842
-349.6464342435208
-1153.046434243528
-372.246434243517
-20.846434243512086
807.1535657564813
2447.5535657564856
945.9535657564779
852.1535657564823
244.55356575648477
-1310.046434243537
-326.4464342435195
-551.6464342435183
696.9535657564824
892.1535657564662
-687.846434243517
-799.8464342435044
987.9535657564808
-770.4464342434957
-1324.6464342435318
-952.0464342435556
-1045.846434243524
-1475.6464342435281
-567.8464342435133
-711.6464342435196
-1087.8464342435354
-0.8464342435254544
-89.24643424351353
172.7535657564845
812.3535657564759
-1886.8464342435382
-1292.0464342435548
-1277.2464342435196
-1239.8464342435332
757.9535657564754
848.9535657564742
1664.1535657565157
1275.3535657564732
-172.24643424352064
-1560.6464342435604
-534.8464342435262
881.5535657564714
-1398.6464342435215
-1070.2464342435212
951.5535657564797
1306.9535657564907
1390.953565756509
-1603.6464342434874
-750.2464342435201
366.7535657564806
-241.8464342434944
-487.8464342435343
-449.44643424353495
-1648.6464342435422
-248.24643424352246
368.9535657564762
-1192.6464342435045
-13.246434243517957
573.3535657564778
356.15356575648144
-615.646434243521
1228.5535657564824
-420.04643424351576
761.1535657564771
116.1535657564797
20.753565756483194
1415.153565756478
1456.3535657564344
2279.753565756472
1092.7535657564956
691.9535657564832
603.353565756486
1147.5535657564694
431.5535657564821
-751.0464342435209
-1638.6464342435042
376.3535657564813
459.7535657564772
1650.9535657564843
-900.0464342435196
-513.0464342435208
46.35356575647731
-1266.4464342435192
-715.4464342435223
1513.9535657564948
-681.446434243517
-432.64643424350305
-198.84643424352927
-258.4464342435262
-64.04643424351548
-1752.4464342435392
-1697.446434243502
-646.4464342435258
-2171.646434243535
-1671.6464342434945
-439.2464342435211
1621.153565756446
-870.0464342435212
819.7535657564871
998.3535657564877
-308.0464342435266
-1397.8464342435186
2268.953565756488
1086.753565756488
735.9535657564841
-356.6464342435236
-1811.8464342435154
-1121.4464342435115
593.9535657564613
595.3535657564823
733.3535657564764
-986.8464342435395
-665.8464342435083
145.75356575648
699.5535657564831
-186.84643424351796
1009.9535657564953
-744.2464342435263
-1031.646434243517
-308.44643424351653
-463.6464342435193
-993.6464342435197
-1400.4464342435313
198.55356575647627
393.9535657564767
-790.2464342435248
-100.4464342435175
-1413.44643424354
-213.84643424352092
-1320.6464342434788
19.953565756489244
517.5535657564767
369.35356575648086
781.7535657564779
1422.7535657564742
-113.84643424351958
694.7535657564673
-810.8464342435207
-1480.846434243516
752.5535657564727
547.3535657564731
-1560.0464342434911
65.75356575648053
-4.046434243518412
427.5535657564924
-691.0464342435132
606.15356575648
1015.3535657564858
555.353565756471
-1190.6464342435297
272.5535657564847
971.9535657564913
722.7535657564767
-863.846434243524
-704.0464342435153
477.3535657564782
-380.0464342435341
-799.4464342435135
-1186.4464342435153
-2066.4464342435417
-1669.446434243528
-907.0464342435369
-538.0464342435165
-1268.8464342435161
-220.84643424352686
2430.9535657564597
-126.24643424352396
-240.2464342435201
327.75356575647544
440.7535657564833
1804.3535657564667
52.753565756475346
-277.6464342435298
-1846.0464342435484
-209.0464342435194
1596.7535657564927
809.9535657564759
742.5535657564801
558.9535657564817
349.753565756478
318.3535657564792
-105.64643424352302
1092.753565756498
-250.84643424351796
1244.7535657564777
33.15356575647898
-2172.246434243524
96.15356575647812
-166.84643424351515
480.95356575648196
409.55356575647556
420.35356575647404
237.35356575648578
-793.4464342435359
-1094.4464342435306
-501.04643424352264
-312.04643424351843
1905.9535657564834
-185.44643424352574
-13.646434243521261
-503.2464342435198
1181.753565756463
1290.5535657564947
-530.846434243525
1015.55356575648
-76.84643424352767
-733.0464342435157
160.1535657564794
-905.4464342435148
13.153565756476464
133.953565756479
-1040.4464342435294
-142.04643424352605
739.3535657564788
1462.7535657564736
-371.0464342435231
784.3535657564819
401.5535657564779
-59.046434243523386
1737.9535657564863
495.553565756482
1704.5535657564678
13.153565756480791
811.7535657564825
1587.9535657564727
-508.24643424351996
-556.8464342435225
639.3535657564638
638.153565756492
1553.753565756471
403.353565756482
1151.9535657564772
578.353565756488
635.3535657564654
-477.0464342435193
-313.44643424351494
955.5535657564827
332.15356575648167
176.15356575647968
882.3535657564807
367.1535657564748
-138.04643424352378
-801.2464342435061
-2251.4464342435244
-839.2464342435115
-481.64643424353267
-314.8464342435192
-601.0464342435241
-132.44643424352034
-1246.446434243566
123.55356575647572
493.1535657564815
-1234.0464342435198
-172.4464342435076
-1281.446434243536
-506.446434243511
-190.04643424352147
671.3535657564802
2581.353565756443
507.5535657564709
-828.6464342435199
389.5535657564874
-694.2464342435348
-972.4464342434958
-1249.2464342435371
38.35356575647412
279.1535657564809
11.553565756480644
240.75356575648726
-175.64643424351675
-1381.8464342435443
-1772.6464342435481
-1749.0464342435205
-285.24643424351103
-235.44643424351796
-805.6464342435085
-1893.6464342435406
-2281.6464342435447
-1290.046434243523
-200.84643424350784
104.95356575647648
-827.6464342435175
-980.2464342435297
-1468.44643424352
-1170.4464342435085
-455.64643424352477
365.75356575647623
-343.246434243504
-394.84643424351833
128.553565756488
-328.8464342435168
-437.8464342435213
-383.64643424350226
221.95356575648577
984.3535657564805
109.15356575647635
-1109.0464342435298
53.353565756476016
573.9535657564845
-915.6464342435264
-480.0464342435215
-634.0464342435237
-735.0464342435197
552.7535657564705
-212.44643424351585
1042.7535657565006
1062.5535657564828
817.9535657564732
739.953565756491
-560.4464342435247
-691.2464342435183
338.55356575647795
1566.7535657564845
518.7535657564802
232.95356575648276
-853.6464342435175
-96.24643424352135
271.35356575648234
479.9535657564747
122.9535657564803
-938.2464342435268
-495.24643424350523
1257.3535657564912
-158.8464342435197
-572.8464342435216
36.55356575648149
-353.04643424351536
-269.0464342435366
-1156.4464342435315
-1533.446434243464
281.7535657564744
-1277.6464342435283
-1001.2464342435441
-1092.6464342435247
650.7535657564757
1112.5535657564783
-501.44643424350687
42.95356575647685
-645.246434243502
-932.646434243519
-37.64643424352015
-348.44643424351403
-896.8464342435218
-794.2464342435179
629.9535657564815
-587.8464342435312
-907.0464342435099
-2914.4464342435276
-265.84643424352
516.9535657564757
10.753565756481798
-562.6464342435371
607.3535657564827
1247.353565756468
218.35356575648296
-1151.2464342435333
-2120.646434243546
-486.4464342435299
-512.8464342435244
557.3535657564844
-167.24643424352462
-1159.0464342435562
-1220.046434243497
-527.0464342435379
1157.3535657564812
877.5535657564795
1029.3535657564769
339.75356575647663
199.9535657564799
-301.04643424351525
-931.0464342435116
-151.64643424352374
-97.84643424352012
860.15356575648
1000.3535657564674
1616.9535657564866
1460.1535657564684
-1134.8464342435457
-640.8464342435076
-93.04643424352057
461.1535657564813
107.5535657564786
59.953565756481396
-1151.0464342435082
346.55356575648165
611.5535657564795
-1008.6464342435345
-1537.246434243559
-1839.246434243508
-119.64643424352036
469.9535657564771
-113.84643424352274
-12.646434243515984
-270.24643424351945
1258.953565756477
-136.84643424352566
-1228.446434243522
-306.44643424351915
222.95356575647992
-187.64643424351976
-524.8464342435302
-341.24643424351484
-1185.0464342435369
-117.84643424352795
706.9535657564905
78.55356575648216
-61.646434243513674
362.3535657564805
-95.04643424352295
782.3535657564822
576.353565756478
-721.6464342435191
1040.153565756466
841.3535657564969
1125.153565756481
412.9535657564858
271.55356575648426
452.3535657564831
-443.246434243527
127.55356575647384
-348.0464342435241
-553.6464342435054
671.1535657564817
-1144.4464342435213
-688.4464342435149
-112.0464342435181
1498.9535657564707
-299.8464342435215
-990.4464342434973
-216.4464342435378
-1156.646434243509
1062.9535657564788
-795.8464342435258
-38.84643424352705
-607.4464342435211
-535.0464342435248
681.1535657564835
466.9535657564906
778.7535657564922
857.7535657564894
75.35356575647691
-537.2464342435176
629.3535657564877
-70.64643424351911
1086.153565756492
892.3535657565126
-327.646434243524
572.9535657564817
624.3535657564761
-374.6464342435191
743.1535657564712
162.95356575647693
305.5535657564726
-142.8464342435156
830.3535657564781
484.75356575648425
-834.6464342435155
-114.24643424352034
972.1535657564852
359.1535657564828
1248.5535657564797
1013.9535657564687
-1196.6464342435277
832.7535657564858
-1475.0464342435212
-925.2464342435286
-271.04643424352116
-616.6464342435238
-1111.2464342435246
-959.4464342435226
2263.5535657565033
1918.5535657564865
96.55356575648032
-449.4464342435156
313.75356575646964
758.7535657564918
318.7535657564851
-111.84643424352512
-40.44643424352611
988.1535657564824
53.35356575648165
-626.8464342435041
-231.24643424352354
-508.44643424352216
-128.44643424351082
-1339.6464342435413
1155.1535657564664
847.7535657564803
553.3535657564843
-1782.0464342435246
-142.8464342435189
664.7535657564803
770.1535657564845
1473.1535657564843
-896.6464342435322
-670.4464342435261
-2304.646434243561
-1960.8464342435382
-1592.0464342435157
-2320.046434243524
-1209.4464342435185
-295.04643424352065
243.3535657564808
-342.2464342435183
153.55356575648256
887.1535657564704
1542.753565756467
-330.446434243524
-701.6464342435124
-909.8464342435237
1038.5535657564806
1818.7535657564902
565.7535657564878
-59.64643424352648
-1889.4464342435272
-367.04643424352025
-482.6464342435232
-552.8464342435086
494.75356575648203
-1102.0464342435157
-1588.2464342434994
-3095.6464342435415
-446.6464342435117
-237.8464342435162
-144.84643424351606
1068.153565756487
998.5535657564775
-13.446434243522056
-1063.4464342435267
-176.44643424352026
-370.84643424350884
-239.04643424351653
406.1535657564865
742.1535657564771
28.35356575647777
63.15356575648161
804.9535657564871
649.1535657564796
1566.1535657564662
-1180.646434243507
-383.046434243526
98.55356575648115
1373.3535657564425
-398.0464342435166
-1340.0464342435316
-17.84643424352204
-415.6464342434931
-299.64643424352187
-714.4464342435081
997.1535657564791
-204.04643424351687
-732.4464342435156
-1165.6464342435281
-1558.846434243541
-906.8464342435282
-1795.4464342435265
-1614.8464342435304
-1218.4464342435172
-113.04643424352153
985.3535657564872
-297.24643424352354
-896.0464342435087
-1375.4464342435313
193.95356575648282
-1257.6464342435027
246.9535657564823
1644.5535657564649
1419.7535657564897
-758.0464342435173
-979.2464342435298
644.9535657564821
-120.64643424351888
644.3535657564724
-156.44643424351483
-277.84643424352083
-36.84643424351611
-948.4464342435236
-232.2464342435182
-770.6464342435115
-946.6464342435289
-740.8464342435187
532.7535657564838
-45.04643424352475
-883.846434243533
-374.0464342435048
-97.04643424351664
-1537.0464342435062
-461.64643424351607
1072.5535657564842
-204.24643424351592
723.9535657564986
2169.753565756472
-779.0464342435282
250.15356575648607
-0.6464342435199413
-476.2464342435191
-542.4464342435199
742.5535657565027
1662.553565756505
2225.153565756462
422.5535657564915
325.95356575648043
-603.646434243529
-77.84643424351691
2639.753565756484
1446.953565756484
-1318.2464342435098
-209.04643424351946
-37.44643424351979
-1410.4464342435235
-1293.0464342435052
-1944.0464342435114
-1859.4464342434949
-128.64643424352673
-197.8464342435276
-1389.6464342435481
-1715.846434243559
-901.0464342435047
-2742.2464342435305
-2845.446434243531
122.15356575647806
703.9535657564901
753.3535657564893
684.1535657564648
12.153565756476183
430.15356575648997
-247.44643424351568
161.5535657564813
649.7535657564616
1384.7535657565093
97.15356575648266
-10.64643424351199
559.9535657564714
1572.75356575651
-570.4464342435122
544.1535657564891
2695.9535657564893
863.5535657565011
-552.0464342435031
-2140.6464342435534
-2886.2464342434987
-2334.046434243533
-1981.2464342434941
-3349.4464342435663
-278.4464342435178
371.15356575648275
303.75356575648595
-213.246434243517
-1142.8464342435077
42.55356575648087
-871.4464342435064
-2886.4464342435244
-1128.6464342435233
742.7535657564752
1755.5535657564449
2452.153565756482
757.7535657564814
1999.3535657564737
1561.1535657564502
-520.6464342435223
1845.1535657564787
1444.9535657564863
756.9535657564876
1015.7535657565006
1370.1535657564548
109.15356575646224
2184.153565756495
1803.7535657564795
527.5535657564851
-457.8464342435191
393.55356575647704
-2917.04643424348
-1758.4464342435283
-844.0464342435209
-3025.246434243497
-3225.2464342435237
301.7535657564765
-164.44643424352083
-451.0464342435263
-1183.2464342435144
-309.8464342435214
-942.2464342435165
-677.2464342435245
-422.04643424352776
-2082.646434243534
-720.8464342435245
-51.8464342435218
1731.7535657564595
-129.84643424351904
746.9535657564826
367.35356575649166
-555.8464342435144
-513.0464342435081
1709.7535657564608
2792.753565756457
1391.9535657564875
106.55356575648793
1016.1535657564809
850.5535657564834
-519.0464342435255
767.7535657564913
-489.44643424351466
-393.8464342435154
-672.846434243549
-682.8464342435462
20.753565756490943
-1606.84643424356
-1495.4464342435288
1277.1535657564848
1381.3535657564541
749.3535657564732
-897.8464342435122
1250.5535657564844
95.3535657564814
-472.4464342435276
620.553565756487
226.55356575647716
968.1535657564724
15.553565756474496
440.55356575648005
2251.5535657564524
636.9535657564801
218.35356575647046
3273.1535657564605
712.9535657564578
1810.1535657565141
4050.1535657565573
2573.553565756547
2664.1535657565055
1464.1535657564893
553.1535657564785
608.9535657564711
2016.7535657564595
1084.1535657564682
-1547.4464342435283
-196.44643424352236
-543.646434243524
-2474.4464342435604
-1244.2464342435146
316.55356575647926
-1675.6464342435409
-707.2464342435276
-170.6464342435211
-1567.8464342434918
1020.1535657564783
-103.24643424352499
-1025.0464342435118
33.3535657564824
255.95356575647946
1334.7535657564595
1072.5535657564656
-1559.6464342435124
-453.6464342435181
-1186.046434243525
-1119.4464342435203
2724.1535657564623
2335.35356575651
1552.9535657564672
2002.7535657564717
-1014.0464342435247
2417.3535657565226
1528.1535657564755
1805.5535657564665
1980.153565756483
352.5535657564794
-230.84643424352296
-2001.04643424351
238.55356575648554
194.15356575647797
-2391.846434243562
-752.2464342435364
1471.55356575647
-1958.446434243523
-498.44643424351455
-956.4464342435043
-2036.6464342435017
-263.44643424350755
-1188.8464342435263
-1035.4464342435151
-147.44643424351176
-1465.046434243501
-230.24643424352232
473.55356575648113
-409.6464342435239
884.553565756473
719.3535657564943
-79.24643424352783
1471.5535657564797
-372.44643424351335
145.55356575648145
2367.9535657564566
-1543.6464342435409
760.9535657564901
1323.5535657564535
40.153565756473505
-535.6464342435145
-297.64643424351806
-1008.2464342435262
27.55356575648145
745.1535657564671
-213.84643424352313
371.953565756487
2206.553565756504
2979.3535657565617
885.5535657564831
1719.553565756478
-1086.0464342435455
-965.2464342435169
207.1535657564786
1144.553565756469
954.7535657564873
1148.753565756495
782.1535657564725
-320.84643424352447
-982.6464342435324
-472.04643424351593
-487.04643424351684
-309.24643424352035
341.3535657564808
1233.5535657564908
1438.153565756469
2218.153565756452
2013.7535657564556
640.7535657564924
876.9535657564944
432.35356575648035
-1111.446434243526
730.9535657564765
1644.9535657564884
-16.64643424352327
324.95356575648503
912.5535657564749
308.15356575647786
1705.7535657564847
181.3535657564752
-889.4464342435037
-598.0464342435291
-185.24643424351507
-1112.046434243533
400.7535657564814
-663.846434243517
-254.84643424351842
-726.6464342435347
-609.0464342435175
719.9535657564646
-414.24643424351666
43.75356575648196
488.75356575649425
451.95356575647844
-939.8464342435173
-939.4464342435244
152.75356575648527
1779.9535657564595
801.7535657564831
912.5535657564961
988.7535657564684
834.1535657564724
32.95356575647949
-1020.046434243522
4.553565756476672
-200.44643424352773
-425.0464342435151
-635.4464342435227
217.35356575647802
-412.8464342435255
-316.64643424351635
-1111.4464342435367
-542.6464342435297
-1080.0464342435323
-1226.4464342435326
-1676.646434243483
-309.44643424352074
-838.4464342435124
-469.4464342435281
-588.2464342435441
893.7535657564796
1148.3535657564807
-77.64643424351573
-2057.046434243508
-1249.8464342435157
1827.5535657565185
836.3535657564613
1478.7535657564028
1309.753565756489
2047.5535657565126
1505.9535657564754
1223.953565756477
1183.9535657564707
25.353565756475852
1040.1535657564834
-106.4464342435196
-634.2464342435244
-1843.0464342435318
-1234.4464342435065
-943.0464342435178
-914.4464342435177
518.5535657564799
608.953565756473
-414.0464342435252
-468.04643424352554
-23.24643424351981
-1124.8464342435416
-1974.2464342435364
-1065.6464342435238
44.35356575648108
616.5535657564789
-789.2464342435421
-924.2464342435247
-496.84643424352254
1052.3535657564712
746.3535657564721
-485.84643424351725
-889.2464342435185
788.7535657564968
2363.9535657564834
105.15356575647999
-400.646434243514
-700.8464342434993
-9.046434243518128
336.15356575648707
503.3535657565028
1279.9535657564945
-128.64643424351556
-1351.4464342435297
-1505.6464342435402
-247.04643424352278
-377.0464342435221
207.95356575648134
-786.2464342435262
-1540.4464342435415
-1133.646434243496
-583.8464342435274
58.3535657564769
55.35356575648019
-648.8464342435124
1159.7535657564692
464.55356575648443
126.75356575648371
195.35356575648274
654.5535657564722
1139.753565756467
71.75356575647876
453.3535657564574
268.75356575646794
-1111.246434243514
-1456.0464342435112
938.9535657564813
325.15356575648104
1618.9535657564797
-129.04643424351798
1863.553565756461
2523.753565756485
84.75356575648308
1860.153565756463
68.75356575648496
270.95356575648066
832.3535657564796
89.75356575648198
-958.8464342435359
-612.8464342435137
705.9535657564804
871.9535657564822
1663.3535657564641
759.1535657564763
-376.646434243509
-482.2464342435322
-2555.2464342435187
-1198.8464342435113
982.1535657564671
1171.753565756469
1208.7535657564804
1405.15356575649
-1253.4464342435192
-2683.0464342435453
22.753565756481784
245.35356575648024
5.953565756479463
1462.5535657565028
230.55356575648247
-190.2464342435179
568.1535657564817
393.95356575646525
521.753565756484
472.15356575646763
-351.8464342435163
102.15356575648887
452.5535657564896
-11.846434243524287
915.3535657564929
1901.7535657565188
987.3535657564745
-610.6464342435185
1217.5535657564678
135.75356575648195
1459.1535657564896
1035.3535657564669
-1196.4464342435322
-1241.4464342434956
-367.0464342435585
-1589.8464342435216
744.1535657564824
522.9535657564768
-642.4464342435248
-737.0464342435165
-1889.0464342435228
-1663.4464342435406
-1658.6464342435274
-1249.8464342435245
559.5535657564782
1638.753565756476
1007.3535657564487
-179.84643424351344
580.153565756477
1625.9535657564954
1754.3535657564616
690.3535657564814
1152.1535657564793
663.153565756454
85.95356575648368
-732.4464342435342
175.75356575647442
169.75356575648186
1219.953565756478
769.7535657564849
2203.3535657564726
633.9535657564963
612.1535657564693
210.15356575647368
-264.84643424352595
-536.8464342435108
312.95356575648077
-314.84643424352714
-160.446434243523
-466.24643424351797
-1656.646434243519
85.35356575647148
-1132.046434243527
-626.4464342435178
-973.84643424352
-1837.846434243542
-1550.0464342435077
26.753565756485227
-918.8464342435145
-193.44643424352077
832.5535657564737
1825.153565756518
1350.9535657564918
1011.1535657564765
51.953565756478525
-851.4464342435126
-548.8464342435207
-1350.0464342435084
-532.8464342435183
628.5535657565108
-1254.4464342435326
-398.84643424351583
240.55356575648165
-770.8464342435117
456.7535657564785
-195.64643424351684
193.55356575648233
-927.4464342435407
-1592.4464342435185
-2365.046434243532
-970.2464342435221
1146.1535657564689
-771.0464342435278
-376.64643424352096
292.3535657564833
65.3535657564812
650.3535657564964
-2175.64643424354
-1780.6464342435124
-823.2464342435065
-474.64643424351834
747.7535657564833
1618.9535657564695
852.953565756516
1775.3535657564194
1665.9535657565004
-460.84643424351754
681.5535657564914
803.9535657564873
457.7535657564798
-450.4464342435112
1158.953565756465
-186.44643424351196
1346.1535657564796
1759.7535657564981
329.3535657564954
389.15356575646496
-215.84643424351964
113.15356575647968
-1440.0464342434993
-810.0464342435214
-405.84643424352186
986.3535657564854
1021.9535657564771
477.953565756492
-304.046434243526
974.9535657564849
309.55356575647824
1718.1535657564662
-439.04643424351565
-387.44643424352785
97.35356575648355
-1352.6464342435188
-352.2464342435271
2556.953565756472
629.1535657564876
411.55356575648534
405.75356575648124
396.55356575647795
521.7535657564694
-1119.2464342435173
-702.6464342435262
293.3535657564865
-960.8464342435154
-533.0464342435226
666.953565756476
2947.5535657564806
-126.24643424352044
966.1535657564888
90.15356575647778
-1260.6464342435368
-2848.846434243473
751.7535657564858
433.7535657564862
958.35356575648
86.55356575647939
-965.6464342435345
197.55356575649142
1683.953565756464
1268.5535657565072
1370.9535657564782
-407.2464342435212
-72.2464342435218
678.1535657564768
772.3535657564607
-510.0464342435175
1534.1535657565007
-65.24643424351721
-767.0464342435266
618.7535657564898
828.95356575647
393.1535657564716
-173.4464342435176
632.5535657564764
917.5535657564855
472.55356575645953
1572.753565756473
-40.44643424351947
1080.1535657564825
25.353565756477813
1091.3535657564948
508.7535657564805
98.9535657564856
-401.8464342435276
-145.84643424353152
-696.4464342435282
1082.5535657564787
-158.4464342435171
-1078.046434243524
1206.953565756492
1155.3535657564814
-405.6464342435128
700.7535657564786
77.15356575648022
328.35356575647216
-1021.2464342435202
94.15356575648268
234.15356575647826
-39.84643424352017
-1825.2464342435105
-804.4464342435257
405.3535657564846
956.7535657564587
-60.64643424351583
171.95356575647617
321.15356575648536
-264.04643424351985
319.7535657564799
150.75356575646998
-816.8464342435382
-246.44643424352836
578.1535657564779
808.153565756478
-1167.2464342435287
-886.4464342435211
548.1535657564835
-1504.4464342435244
-374.6464342435176
959.5535657564765
672.153565756482
2071.9535657564943
177.15356575648076
162.55356575648216
-603.8464342435249
380.35356575648655
1494.5535657564546
372.15356575648184
272.3535657564815
50.753565756485145
-98.44643424352532
-492.04643424351633
-1157.24643424353
-66.64643424351648
-1137.0464342435157
894.5535657564683
290.5535657564776
-1775.6464342434895
-117.44643424351807
-388.4464342435202
1182.753565756474
1125.1535657564903
727.75356575648
863.9535657564749
-5.846434243519436
-166.04643424352005
-433.84643424352043
-995.4464342435101
-50.04643424351892
-1229.2464342435492
-939.8464342435241
-493.44643424352387
1288.1535657564873
1308.7535657564745
-593.2464342435325
784.7535657564842
378.15356575648286
-364.046434243519
518.9535657564768
-873.0464342435396
231.3535657564833
42.153565756478784
-861.8464342435251
6.353565756479309
774.9535657564863
1681.353565756465
-395.24643424351547
662.9535657564672
105.55356575648409
-511.4464342435173
1137.5535657564735
-17.04643424352108
1237.3535657564657
-529.0464342435132
-89.84643424351998
765.5535657564818
-1061.0464342435362
-695.4464342435211
316.55356575648443
-312.84643424352004
-397.24643424352445
-437.64643424351516
182.95356575648216
-17.64643424351885
569.953565756483
-477.24643424351814
-417.24643424352496
32.953565756475946
-425.04643424352014
-585.4464342434975
205.15356575647516
-276.84643424351395
-113.64643424352434
-754.6464342435069
-1852.2464342435323
-419.2464342435159
-470.24643424353326
78.35356575647914
-222.0464342435236
624.3535657564844
-1269.4464342435026
-491.84643424351555
354.15356575648497
-1365.0464342435334
-621.6464342435173
-2204.2464342435296
-1996.2464342435032
-989.2464342435248
-239.446434243499
1787.5535657564762
64.35356575647714
-1758.846434243536
-1075.0464342435232
967.3535657564709
431.35356575647984
15.753565756482367
798.153565756481
1303.3535657564867
1733.353565756491
1708.953565756463
1014.3535657564806
-233.84643424352072
-397.8464342435252
-617.2464342435181
644.7535657564716
757.3535657564555
96.3535657564826
-1224.8464342435202
-1713.8464342435348
-900.4464342435263
820.3535657564976
888.7535657564667
4.153565756487623
500.75356575647845
-86.24643424351906
-576.0464342435207
135.15356575648957
1525.953565756457
-21.446434243512222
-1386.2464342435314
-824.6464342435174
-597.4464342435144
-212.2464342435208
359.9535657564969
1178.353565756495
1816.7535657565331
477.35356575649155
-1129.0464342435298
-537.8464342435243
923.9535657564613
304.1535657564925
405.35356575645704
-389.6464342435232
-876.8464342435177
348.95356575647605
-404.24643424352223
857.3535657565019
1090.953565756504
785.1535657564693
484.55356575647204
-1132.0464342435207
-1489.2464342435303
-173.44643424353
841.3535657564869
619.3535657564823
1080.5535657564865
272.9535657564878
539.5535657564801
713.9535657564735
1306.5535657565044
887.9535657564735
-1218.8464342435236
-1114.846434243525
1012.1535657564767
459.55356575649364
464.55356575647534
1176.953565756488
-205.84643424350978
-890.4464342435211
-1875.2464342435255
-2484.4464342434885
-73.04643424351818
-29.046434243523066
333.55356575648136
-471.8464342435233
690.9535657564857
873.3535657564597
-1137.0464342435062
-393.6464342435135
-603.0464342435163
-1123.2464342435155
-61.64643424351537
-498.6464342435205
-1017.8464342435188
-1370.046434243518
-173.24643424352922
-713.6464342435194
-19.246434243522792
-1664.8464342435323
281.3535657564811
993.5535657564744
710.153565756473
-71.24643424351807
798.3535657564858
839.7535657564806
-10.646434243515458
-680.24643424352
-750.8464342435254
672.5535657564568
-537.0464342435198
289.5535657564806
-473.8464342435118
-1567.6464342434972
-1428.0464342434982
692.7535657564767
2258.7535657564817
1397.1535657564862
1487.1535657564373
811.9535657564668
-92.84643424352166
-947.0464342435281
-1211.4464342435313
-591.0464342435288
-99.84643424351785
1038.9535657564786
1603.5535657564633
1783.5535657565097
1320.9535657564868
-1253.8464342435122
-314.6464342435212
153.3535657564823
185.35356575649362
-511.0464342435214
-466.8464342435252
-1694.446434243495
-218.64643424352354
-128.04643424351843
-1248.0464342435116
-858.6464342435146
-6.446434243520841
1496.153565756485
875.5535657564869
111.75356575648206
498.35356575648564
-31.24643424351835
1291.3535657564717
564.1535657564774
35.95356575648663
503.55356575648307
1107.5535657564785
939.3535657564885
-59.84643424352036
-432.04643424352923
-1174.2464342435192
-39.4464342435177
612.1535657564878
-50.24643424352419
-234.04643424352219
671.9535657564894
455.9535657565043
257.7535657564895
-242.4464342435208
-1512.846434243506
-255.84643424351503
-417.446434243524
678.3535657564823
-466.24643424352007
-1025.0464342435191
-254.24643424351257
-271.84643424352123
1175.1535657564768
1759.1535657564525
1680.3535657564748
1002.1535657564687
-709.8464342435226
685.7535657564626
839.7535657564813
1013.1535657564887
-1174.0464342435428
-1253.0464342435193
506.553565756484
-283.8464342435171
1854.3535657565085
-256.4464342435167
405.553565756485
27.553565756486293
-160.04643424351403
40.95356575648705
-228.4464342435135
211.95356575648316
688.1535657564566
90.55356575649222
-1738.4464342435178
-313.0464342435171
-710.2464342435255
-654.046434243523
-1206.646434243536
-1095.0464342434987
-524.8464342435076
-918.8464342435259
-544.2464342435212
1137.7535657564945
737.9535657564606
1306.1535657564855
932.5535657564606
392.75356575647453
-72.64643424351542
-278.8464342435228
199.35356575648868
215.35356575648626
-1031.846434243511
-611.0464342435251
302.7535657564847
-944.2464342435018
1635.5535657564903
-392.64643424352255
667.1535657564826
1911.953565756507
799.9535657564949
-779.6464342435223
-831.846434243523
2477.9535657564384
2115.9535657565
334.95356575647617
-528.4464342435193
613.3535657564687
1177.1535657564932
-489.4464342435208
-1356.6464342435215
-301.046434243522
77.75356575648665
-684.0464342435181
-281.0464342435172
456.9535657564716
378.35356575648797
496.15356575648946
-741.8464342435233
784.3535657565027
248.5535657564947
894.3535657564671
-1569.2464342435428
-167.24643424351885
748.953565756481
-84.84643424352365
-84.64643424351732
-1722.8464342435104
189.95356575648415
-111.0464342435165
909.3535657564762
1468.5535657565083
-674.4464342435202
-446.04643424351497
-160.84643424350918
-318.84643424351873
-546.8464342435199
287.15356575645876
1330.3535657564921
2393.1535657564873
117.15356575648484
-1079.4464342435517
-1711.846434243538
68.55356575648801
65.75356575648472
-269.64643424351607
-74.64643424350979
-1732.8464342435211
971.1535657564797
816.353565756483
1163.9535657564588
1285.5535657564765
-374.8464342435223
-104.0464342435229
-2078.0464342435225
117.15356575648067
1171.353565756471
582.5535657564747
-4.646434243519288
-927.4464342435214
19.753565756489834
943.7535657565048
2578.1535657564677
2063.3535657564726
1262.1535657564955
1146.3535657564844
396.55356575647073
-1071.8464342435225
-745.4464342435217
645.1535657564867
972.3535657564715
2308.5535657564674
-461.24643424352087
-269.44643424352336
-595.8464342435174
763.7535657564858
-901.6464342435116
-1727.4464342435342
-118.64643424351343
-524.2464342435204
556.5535657564835
733.3535657564825
3151.5535657564587
1553.5535657565056
847.7535657565206
525.7535657564636
-667.2464342435193
-177.04643424351946
-462.8464342435221
-506.64643424351175
-1931.0464342435364
-2100.646434243486
-62.04643424351357
692.9535657564745
676.7535657564664
26.153565756484582
1970.3535657564914
105.3535657564814
-92.04643424351124
-3.8464342435137553
161.15356575648948
-1048.8464342435248
-732.0464342435097
858.7535657564697
495.35356575648575
713.7535657564829
-253.2464342435165
485.5535657564798
1567.9535657564777
-204.64643424352016
313.9535657564774
57.35356575648155
614.5535657564842
146.55356575647795
2219.75356575647
2007.1535657564566
753.5535657564625
545.9535657564929
357.3535657564618
-160.04643424351687
1270.3535657564832
2104.9535657564757
-891.4464342435095
-1183.846434243522
272.75356575647174
-939.0464342435125
-302.6464342435197
766.3535657564844
1607.1535657565105
798.1535657564594
414.9535657564644
604.7535657564862
1642.5535657564371
832.1535657564665
1230.9535657564657
-737.8464342435285
-71.04643424352733
2071.153565756463
761.5535657564816
-706.0464342435176
1942.3535657564814
1461.7535657564702
-164.24643424352118
167.95356575648685
-192.24643424352104
-797.6464342435228
1842.9535657565082
1806.7535657564915
-331.24643424351393
-1532.24643424352
-1218.8464342435295
-2279.8464342435536
-1124.0464342435214
1392.1535657564757
697.5535657564789
-692.0464342435073
-1347.2464342435096
-1079.8464342435148
-1289.446434243507
-975.8464342435176
992.3535657564698
1060.3535657564837
-81.84643424353223
-1463.4464342435228
-898.4464342435185
284.9535657564697
1326.353565756489
-1624.6464342434967
-928.246434243508
878.3535657564714
-396.84643424352123
-501.2464342435203
-744.6464342434995
-1308.2464342435173
-75.84643424351738
372.1535657564847
-1625.0464342435587
1567.5535657564892
3869.5535657565183
2946.9535657563815
1133.1535657564857
-781.4464342435273
-867.2464342435194
-958.0464342435102
-897.846434243508
485.7535657564856
859.9535657564742
1261.1535657564464
1137.553565756491
-803.846434243523
-157.64643424351095
234.75356575647697
-716.0464342435141
1479.5535657564635
-514.6464342435185
-1565.6464342435154
-923.6464342435329
-539.0464342435217
-1103.8464342435313
1063.9535657564882
-953.6464342435083
-2322.446434243523
-1905.246434243479
269.75356575648215
-2202.246434243551
-394.2464342435262
1767.9535657564995
-58.44643424352404
-1386.4464342435306
2387.75356575651
3954.3535657564944
3044.7535657565004
722.9535657564755
-198.64643424351445
-2823.246434243511
-1238.6464342435152
1330.7535657564881
-731.8464342435316
-196.24643424352544
532.1535657564825
1237.1535657564916
-1368.2464342435298
-652.0464342435358
48.1535657564827
-692.6464342435329
-1590.4464342435265
-476.2464342435207
168.15356575648423
-821.0464342435139
-2446.8464342435095
-758.8464342435221
-434.64643424351505
-2427.44643424356
-1125.2464342435187
-1140.8464342435273
63.35356575648164
97.95356575647257
-387.04643424351804
1482.5535657564938
511.1535657564805
-147.6464342435146
2499.1535657564605
4447.553565756586
3359.7535657565354
499.55356575647505
1328.153565756501
-1614.0464342435241
-1789.6464342435236
1012.5535657564715
290.15356575648127
142.1535657564799
-98.6464342435206
-418.4464342435157
1146.353565756481
-31.246434243516568
1200.3535657564817
3766.153565756461
-103.04643424351244
-269.0464342435148
1339.7535657564497
454.1535657564513
464.1535657564792
-625.6464342435212
-1315.8464342435275
-835.0464342435326
1392.3535657564794
1584.153565756486
-816.0464342435
98.35356575647596
-1195.0464342435168
-2383.2464342435965
-1271.6464342435233
-532.846434243526
-2592.4464342435067
586.5535657564878
2367.7535657564576
0.953565756479172
1908.553565756507
-385.64643424352914
-2075.6464342435065
-1325.2464342435135
-1870.6464342435402
-166.64643424352022
1369.5535657565126
-1987.0464342434998
-1640.6464342435095
-2243.246434243518
-1375.6464342435206
2008.1535657565107
441.9535657564938
-1391.0464342435243
182.95356575648083
-1767.646434243555
1333.1535657564734
153.35356575647498
308.9535657564757
1075.5535657564953
432.7535657564751
532.5535657564822
-1062.8464342435136
-64.64643424351559
-855.64643424352
-3626.6464342436198
-2810.84643424358
-766.2464342435176
-3344.646434243585
517.3535657564723
1472.5535657564888
-599.8464342435359
-509.24643424352064
-2127.846434243514
-1828.2464342434873
-2071.2464342435233
-3515.0464342435057
-1013.6464342435039
1510.3535657564746
725.7535657564825
955.7535657564746
422.1535657564813
-706.0464342435081
190.55356575648332
-2618.846434243553
-2963.246434243525
131.95356575647486
-3096.246434243495
-730.8464342435284
1078.3535657564873
-671.0464342435205
-823.8464342435227
-368.64643424351976
-641.2464342435338
229.55356575648506
-51.64643424352056
-1190.6464342435177
-942.4464342435101
934.3535657564706
1710.3535657564908
254.9535657564859
3125.753565756448
1511.3535657564712
671.3535657564915
223.9535657564776
884.1535657564827
1171.353565756486
-186.84643424352066
-522.6464342435266
-945.4464342435097
-886.2464342435184
155.5535657564747
-485.44643424352756
-1.0464342435192826
205.15356575648252
-209.2464342435284
-1209.8464342434975
-159.2464342435382
266.95356575646906
-993.0464342435321
182.35356575648234
879.1535657564773
-848.046434243514
1376.9535657564943
2098.3535657564817
-71.64643424353041
-375.04643424353173
-26.64643424351688
-728.8464342435401
783.553565756489
-160.64643424351823
-544.4464342435301
-377.8464342435197
1265.9535657564581
1535.1535657564825
2543.7535657564667
28.353565756491346
868.5535657564884
902.1535657564822
-895.646434243515
-247.4464342435143
-566.2464342435275
96.35356575647768
626.1535657564772
-298.0464342435214
-1014.0464342435156
-777.2464342435273
-1134.0464342434925
-989.2464342435059
-772.4464342435135
-76.84643424351803
-289.2464342435269
246.1535657564787
212.7535657564809
-266.8464342435228
1213.5535657564694
1813.353565756449
778.3535657564755
-969.4464342435203
-411.04643424352577
-644.446434243515
102.55356575647744
-492.64643424351453
773.753565756486
364.55356575648545
983.5535657564737
21.353565756479558
763.9535657564743
-336.4464342435052
16.553565756476683
631.7535657564829
1988.353565756469
1336.553565756465
89.15356575647563
-1736.4464342435133
-680.2464342435132
1784.3535657565087
622.7535657564607
1201.5535657564956
469.9535657564854
21.753565756474956
-416.846434243525
-421.8464342435366
-606.8464342435303
-1171.6464342435286
800.9535657564772
295.35356575647177
843.1535657564801
267.3535657564846
614.7535657564822
240.95356575648066
-434.04643424351246
1269.5535657564778
1892.5535657564772
565.353565756475
1741.553565756488
1821.3535657564812
697.9535657564658
-822.446434243525
-454.0464342435239
305.3535657564871
181.15356575647297
-1016.2464342435134
-255.44643424351875
16.553565756472167
747.9535657564835
496.9535657564788
-560.8464342435217
-1016.2464342435163
499.5535657564939
2006.153565756461
-657.6464342435142
-2140.4464342435176
-2911.44643424352
-1866.6464342435138
-1063.0464342435284
-770.0464342435158
-235.04643424351983
-358.24643424351507
-98.84643424352168
162.95356575648316
1547.3535657564842
914.5535657564717
1459.9535657564809
594.1535657564768
-833.4464342435188
-858.8464342435141
714.9535657564827
460.7535657564905
675.1535657564893
-295.446434243511
1428.5535657564737
647.3535657565022
-401.6464342435228
30.353565756481686
825.7535657564584
564.9535657564849
-494.04643424351764
-324.6464342435226
-302.4464342435169
-1738.6464342435538
-2148.2464342435487
393.1535657564926
-426.2464342435184
96.55356575648173
-1438.2464342435253
214.1535657564815
276.9535657564825
-1916.4464342435201
-727.2464342435231
-1764.6464342435202
169.5535657564809
223.35356575648208
-514.0464342435166
-688.4464342435198
151.35356575647907
1756.9535657564852
845.5535657564834
1265.1535657564973
3.5535657564764875
-951.8464342435335
-561.6464342435206
-3106.6464342435306
-1325.8464342435566
884.9535657564745
1132.753565756514
2046.1535657564484
2218.953565756471
-1202.2464342435146
-2258.646434243542
209.5535657564807
561.1535657564743
261.35356575648177
938.9535657564734
-714.0464342435178
-989.0464342435238
-56.24643424351464
-498.44643424352125
-938.446434243527
-1286.4464342435165
-1603.8464342435427
-1279.4464342435153
-1226.2464342435233
-546.0464342435185
-36.246434243522046
647.9535657564742
757.7535657564767
-2.846434243520065
2530.7535657564995
1119.353565756479
2082.5535657564883
1267.1535657564714
-1791.2464342435117
-1615.4464342434726
-1046.6464342435065
-1464.0464342435646
757.1535657564777
754.3535657564773
449.7535657564759
1150.1535657564978
-201.24643424351427
300.35356575648314
913.9535657564696
1079.3535657564871
1828.5535657564803
1633.3535657564992
797.9535657564606
-401.6464342435212
33.753565756479574
1228.3535657564728
1382.9535657564609
321.55356575648176
1123.5535657564594
765.5535657564717
458.55356575648165
-513.4464342435216
346.55356575648887
-222.44643424352293
772.9535657564363
1109.9535657564704
2946.1535657565314
1518.553565756474
1765.75356575644
1054.1535657564903
-771.6464342435206
-1576.2464342435735
-431.44643424351045
33.35356575648781
660.7535657564694
25.753565756491994
-570.8464342435192
2048.7535657564954
286.1535657564807
1120.1535657564884
1389.3535657565333
567.5535657564742
-22.24643424351802
112.55356575648022
-767.6464342435221
-300.04643424351957
87.75356575648017
1270.1535657564932
1434.9535657564554
702.553565756472
-500.2464342435215
-1483.4464342435404
-184.44643424351653
-1211.2464342435283
-350.4464342435163
911.7535657564675
-1046.046434243521
-326.24643424350586
-250.44643424351312
-695.6464342435223
415.15356575647985
-826.2464342435122
-737.8464342434946
-2376.6464342434588
-2955.6464342434924
-2531.646434243504
-298.4464342435093
1232.553565756443
-571.8464342435218
393.5535657564774
-29.646434243519735
-327.2464342435168
787.5535657564704
-1055.8464342435257
-606.6464342435272
-408.44643424351835
-35.246434243522444
203.5535657564795
246.3535657564842
-645.8464342435187
863.7535657564836
441.5535657564772
-2146.046434243538
-442.84643424351765
905.953565756482
385.7535657564753
-140.24643424352035
1563.7535657564763
-68.44643424352464
893.9535657564622
672.9535657564959
-578.4464342435176
-434.6464342435145
-1371.846434243534
-650.4464342435193
-1885.2464342435314
-2360.246434243525
-1259.4464342435335
594.9535657564832
1047.9535657564627
902.1535657564767
277.1535657564809
201.15356575648002
-702.446434243539
1339.7535657564547
-267.4464342435191
29.95356575649121
629.753565756505
-470.84643424352504
-198.24643424350623
1638.3535657564798
-494.8464342435162
5.3535657564797035
442.1535657564759
-80.04643424351836
915.3535657564742
7.1535657564792885
-586.846434243517
714.1535657564887
-451.0464342435188
-483.6464342435178
299.5535657564741
2263.9535657565116
-536.0464342435197
362.1535657564861
-782.8464342435308
-1873.64643424348
-2961.0464342434466
-543.8464342435087
-201.84643424351287
724.3535657564778
816.153565756484
287.753565756483
1105.553565756471
1587.953565756492
911.1535657564831
1108.9535657564675
-458.44643424351864
372.3535657564672
1344.3535657564828
1775.1535657564639
148.55356575647227
1339.1535657564818
-225.04643424351974
-992.2464342435154
548.7535657564897
1160.5535657564792
1586.1535657564887
1073.7535657564624
987.9535657564867
1221.3535657564391
232.55356575647173
1144.1535657564696
-215.04643424351866
1147.5535657564744
263.5535657564815
1124.3535657564837
94.55356575648842
-507.6464342435363
-1468.2464342434928
-1352.846434243554
-1043.4464342435285
1243.9535657564923
127.55356575648658
-478.8464342435215
1315.553565756474
854.9535657564741
-927.6464342435228
-76.24643424351768
11.553565756485625
1107.7535657564804
61.95356575648674
1237.7535657564786
1074.753565756471
210.5535657564751
-1433.4464342435272
-1081.0464342435075
210.75356575648715
1531.1535657564411
850.5535657564865
857.1535657564833
400.7535657564819
-266.84643424351833
-46.44643424352239
-159.2464342435219
-1240.2464342435267
181.35356575648026
972.953565756483
356.75356575648493
-1286.2464342435035
-1171.046434243517
-592.4464342435167
-2542.4464342435263
-996.6464342435222
374.15356575647945
-271.64643424352533
1118.5535657564658
-853.2464342435218
-845.8464342435163
-1440.4464342435263
-659.8464342435301
963.5535657564657
976.5535657564648
1187.7535657564804
1253.3535657564712
847.1535657564592
135.55356575648398
-673.4464342435282
-80.04643424352064
-1156.8464342435113
951.9535657564726
189.95356575648935
-2213.24643424353
-560.4464342435182
-304.0464342435206
1162.5535657564615
848.9535657564576
362.5535657564824
1083.7535657564747
241.35356575647953
-141.44643424352262
-408.4464342435357
-1224.246434243559
-754.4464342435219
-2054.846434243518
-1949.846434243493
-1934.4464342435133
-364.44643424351483
437.1535657564923
-911.6464342435247
291.35356575648063
-46.046434243510994
-926.046434243516
119.55356575648311
22.353565756485423
1389.1535657564937
724.1535657564759
-157.4464342435154
538.9535657564929
1307.5535657564649
2245.5535657564983
200.55356575647926
821.5535657564923
456.35356575649325
-587.8464342435209
433.7535657564771
-295.64643424351806
1362.3535657564814
-357.64643424351607
-139.84643424352083
796.5535657564842
-1009.4464342435324
-551.646434243503
376.35356575647444
-613.6464342435235
-660.8464342435259
-1352.4464342435035
-915.6464342435067
-1463.646434243505
-523.2464342435127
-443.8464342435194
244.95356575649146
450.55356575647784
-307.04643424352304
-711.6464342435131
225.35356575648768
605.3535657564839
693.5535657564797
-760.4464342435247
-1492.046434243539
179.15356575648502
675.9535657564888
1439.7535657564767
1162.9535657564745
1603.3535657564946
47.75356575647634
694.7535657564791
825.1535657564838
-686.2464342435214
526.9535657564869
-1013.4464342435163
-1581.04643424351
-973.2464342435331
-629.6464342435303
1300.9535657564743
135.9535657564841
-1982.6464342435142
-2047.046434243528
