-79.28062233666458
-90.08062233666344
-1249.4806223366606
-1065.6806223366602
-679.0806223366696
-1020.0806223366649
-1175.6806223366675
-1001.0806223366645
-1430.0806223366583
-783.4806223366696
-1035.280622336663
-309.48062233665695
-323.88062233666693
-512.0806223366658
-179.88062233665977
-67.48062233665814
-148.0806223366646
-294.6806223366626
-346.28062233666674
35.91937766333768
-532.2806223366631
-1309.080622336658
-501.28062233666816
-705.4806223366614
-1882.280622336673
-1089.8806223366655
-1204.4806223366757
-1199.4806223366625
-733.28062233667
-484.08062233665953
-1189.2806223366706
-191.680622336667
-594.6806223366635
-857.480622336665
-996.2806223366649
-1021.6806223366613
-194.88062233666477
-655.8806223366628
152.11937766333642
104.31937766333697
-1070.680622336667
-235.48062233666172
484.71937766333673
-130.88062233666676
-540.4806223366627
-475.6806223366592
-473.48062233666315
-785.0806223366585
-680.880622336664
38.51937766333434
789.5193776633369
1166.9193776633308
849.7193776633378
-135.88062233666602
756.1193776633396
654.1193776633371
67.11937766333455
252.7193776633386
-36.880622336655314
-441.2806223366599
17.31937766333479
459.31937766333476
-385.4806223366568
279.11937766333585
-863.6806223366609
-849.2806223366623
-1274.480622336664
-960.6806223366701
-757.4806223366629
-903.8806223366561
19.319377663336354
175.5193776633396
-1584.4806223366616
-323.4806223366583
970.5193776633329
765.9193776633356
436.9193776633339
580.3193776633278
1213.7193776633374
231.9193776633364
548.5193776633347
664.9193776633291
1449.7193776633344
1393.5193776633432
1167.119377663338
637.9193776633406
664.5193776633349
507.7193776633361
2.9193776633347284
113.71937766333602
292.51937766333646
-518.480622336666
-732.4806223366601
-240.28062233666424
-1104.6806223366675
-1604.6806223366766
-1784.6806223366616
737.7193776633376
-174.08062233666539
-724.8806223366696
-538.8806223366615
-839.2806223366595
-707.8806223366647
-640.4806223366634
-1098.0806223366603
-582.8806223366656
-229.28062233666924
-59.28062233666607
788.7193776633375
1207.7193776633303
741.3193776633327
-156.48062233666374
334.91937766333837
-131.4806223366581
355.31937766334124
-627.4806223366614
-98.28062233666247
565.919377663338
109.1193776633366
703.319377663333
570.119377663331
293.7193776633365
454.119377663336
206.31937766333675
-646.4806223366572
-719.0806223366707
-1174.2806223366604
-1550.280622336667
-1546.4806223366718
747.9193776633377
-30.680622336663408
-562.8806223366639
-227.88062233666534
65.71937766333264
-379.2806223366656
-453.2806223366624
94.11937766333881
-518.2806223366608
-61.88062233666125
-373.68062233666427
1734.1193776633384
1889.719377663325
813.5193776633479
380.1193776633327
1286.5193776633282
401.71937766334423
660.1193776633294
107.51937766333468
279.51937766333594
423.31937766333795
-296.48062233666707
-140.08062233666453
-742.080622336669
-743.2806223366629
-213.0806223366639
-287.68062233666427
-582.2806223366588
147.31937766333698
-346.0806223366662
-814.4806223366604
-744.08062233667
800.1193776633394
-0.08062233666493768
-278.28062233666475
-129.68062233666382
-195.48062233666255
6.91937766333443
-615.6806223366631
-245.4806223366614
-114.28062233666398
-37.68062233666123
-203.88062233666417
799.7193776633413
-501.2806223366668
-459.4806223366621
-611.480622336662
383.71937766332826
768.5193776633272
232.3193776633351
-138.48062233666334
210.71937766333735
-310.4806223366641
-1002.2806223366465
-100.28062233666134
-1052.2806223366708
-970.6806223366661
-1148.2806223366583
-1931.880622336657
-982.6806223366573
-457.480622336658
-1104.2806223366633
-972.8806223366569
-1036.6806223366673
-437.28062233666566
13.519377663336535
220.1193776633379
-887.0806223366618
-712.8806223366668
796.3193776633404
-262.68062233666154
-1244.2806223366679
-43.6806223366636
344.1193776633427
-189.8806223366646
493.31937766333783
-282.2806223366633
-196.68062233666495
-470.48062233666656
726.1193776633389
510.5193776633337
88.51937766333614
439.1193776633397
1063.119377663337
896.7193776633364
59.119377663334426
542.5193776633356
109.11937766333608
36.11937766333481
282.71937766333275
-988.0806223366662
-488.28062233666344
-420.68062233666456
-1174.8806223366653
-88.48062233666315
-188.2806223366649
-472.280622336665
173.71937766333767
-476.2806223366703
-768.280622336656
-272.0806223366669
266.91937766333643
182.5193776633346
-1301.4806223366609
-146.28062233666336
-678.2806223366638
-979.0806223366602
-531.6806223366625
-614.6806223366622
-851.480622336658
-782.2806223366655
328.9193776633371
117.51937766333415
368.9193776633372
-542.8806223366649
222.1193776633362
270.3193776633377
621.119377663342
859.9193776633309
452.51937766334146
-530.2806223366689
-639.2806223366683
-812.2806223366638
-533.2806223366639
-50.68062233666285
-842.680622336665
37.51937766333508
42.319377663333654
-982.2806223366639
-404.6806223366598
-206.88062233666508
155.71937766333554
-488.2806223366691
-222.8806223366675
188.51937766333987
-659.6806223366674
-617.8806223366665
-1027.2806223366679
-458.48062233666457
-95.88062233666508
911.3193776633357
1385.7193776633248
472.91937766333353
423.9193776633323
785.919377663332
23.31937766333774
-830.8806223366627
351.7193776633364
218.31937766333846
862.7193776633414
352.91937766333143
59.31937766333675
172.5193776633361
-494.2806223366655
213.9193776633324
-129.08062233666277
-726.880622336659
-738.8806223366614
375.1193776633338
-722.6806223366666
54.51937766333626
131.5193776633357
-531.4806223366705
-639.8806223366647
-1533.4806223366616
-63.48062233666188
55.319377663334066
43.519377663336755
-208.4806223366644
-1344.8806223366614
-599.8806223366635
1116.919377663336
1257.1193776633381
1602.719377663337
1715.519377663341
688.11937766333
1248.5193776633382
-540.4806223366611
-1033.8806223366678
440.51937766333714
-54.68062233666186
390.9193776633423
609.9193776633308
59.31937766333481
875.9193776633334
-24.080622336663723
128.31937766333627
-166.68062233666765
-296.88062233666346
73.91937766333226
863.7193776633337
-489.88062233666693
1380.9193776633354
625.7193776633392
-417.88062233666733
-416.8806223366653
-988.4806223366664
814.7193776633377
689.5193776633414
465.1193776633385
823.7193776633327
-914.0806223366633
-388.28062233666196
-13.880622336663592
-318.0806223366628
325.3193776633377
642.9193776633424
141.9193776633354
293.1193776633372
-121.08062233666253
-372.28062233666225
592.3193776633374
-507.28062233665946
65.51937766333218
1010.3193776633477
64.91937766333506
605.5193776633406
24.519377663338517
-375.0806223366655
-476.4806223366668
102.91937766333564
-298.880622336665
235.5193776633343
-397.8806223366626
770.3193776633387
355.51937766333253
451.71937766333775
-18.28062233666515
-386.88062233666335
311.31937766333766
1004.3193776633415
-655.880622336669
-235.28062233666284
25.719377663337212
420.9193776633353
-528.680622336664
-685.6806223366632
-696.8806223366615
-369.0806223366668
444.9193776633358
72.31937766333654
-168.28062233666412
-598.8806223366719
-92.28062233666527
-897.6806223366627
-665.8806223366664
-154.480622336661
-448.6806223366672
1.119377663337211
-62.080622336661555
-364.4806223366615
-316.48062233666366
-1141.8806223366732
-1019.2806223366616
-386.08062233666203
159.71937766333627
-91.080622336663
-208.0806223366624
357.5193776633334
105.71937766333286
-158.48062233666442
7.719377663339223
439.71937766333474
-1210.8806223366603
-173.48062233666508
-565.0806223366588
-717.0806223366617
-550.4806223366634
-718.2806223366657
-1298.6806223366605
-893.8806223366731
-254.2806223366651
-70.28062233666716
-660.0806223366627
-289.4806223366612
131.11937766333833
-468.48062233666883
164.31937766333738
337.9193776633392
-370.28062233666463
-163.08062233666163
558.5193776633434
118.11937766333395
377.5193776633355
223.9193776633375
1009.3193776633375
187.31937766333542
-570.0806223366596
-1006.6806223366636
-68.48062233666104
-448.68062233666507
-36.68062233666805
-387.080622336663
464.11937766333875
-30.280622336661434
-1038.0806223366599
-129.88062233666017
-1298.8806223366644
-485.6806223366593
-373.8806223366665
-449.4806223366606
-312.0806223366607
-32.680622336666616
-26.480622336665142
409.11937766333335
28.319377663333253
-411.280622336664
647.7193776633356
441.1193776633356
574.919377663338
60.71937766333818
-400.2806223366631
428.9193776633355
348.5193776633368
356.5193776633376
88.11937766333592
1050.9193776633358
1073.3193776633354
574.7193776633355
-468.48062233666326
-1472.0806223366649
53.51937766333653
-71.08062233666351
-327.4806223366654
-515.280622336666
62.319377663335544
-796.6806223366672
-879.4806223366644
-485.48062233666263
-1239.2806223366656
-1025.280622336667
-431.8806223366655
151.11937766333236
297.1193776633377
65.11937766333841
129.91937766333933
173.71937766333508
505.31937766333925
215.11937766333517
800.3193776633408
-199.6806223366653
-55.88062233666276
-538.0806223366601
-636.4806223366529
525.119377663342
-304.2806223366629
330.91937766333723
324.3193776633383
189.51937766333455
390.5193776633338
596.9193776633372
-511.0806223366591
-1420.0806223366717
626.719377663332
1287.319377663332
1169.7193776633412
-867.4806223366662
-1300.2806223366547
-708.6806223366646
32.71937766333654
129.9193776633368
-359.28062233666185
-965.8806223366672
78.11937766333632
1248.7193776633303
-362.48062233666496
-185.88062233666244
262.31937766333544
-487.0806223366639
458.91937766333285
-208.48062233666425
-605.2806223366628
-1179.6806223366625
-164.0806223366676
-492.08062233666504
179.31937766333644
1412.319377663334
456.3193776633378
180.3193776633355
222.51937766333572
-118.08062233666428
256.71937766333406
419.5193776633385
-1271.0806223366576
-2269.4806223366513
1008.1193776633304
1178.3193776633311
824.9193776633374
-391.48062233666343
-1691.4806223366595
-391.68062233666245
-604.4806223366692
105.31937766333766
-77.28062233666574
-115.2806223366646
831.9193776633276
1523.9193776633394
-338.08062233666266
350.7193776633331
740.3193776633361
-178.68062233666416
600.9193776633361
374.7193776633332
905.7193776633383
-76.28062233666269
35.11937766333347
-396.4806223366625
13.519377663338041
485.71937766334514
458.119377663334
828.3193776633425
175.51937766333822
-249.08062233666422
800.3193776633307
1103.719377663329
-717.2806223366559
-624.880622336659
1243.9193776633301
415.5193776633279
-695.2806223366679
221.31937766333314
-254.08062233666143
314.51937766333594
-1035.8806223366669
932.3193776633378
780.3193776633356
19.319377663335384
965.1193776633321
1179.719377663338
876.1193776633479
796.9193776633447
771.3193776633277
188.31937766334235
1099.9193776633379
1022.9193776633406
2477.119377663344
516.3193776633321
452.11937766333114
-714.2806223366678
-273.48062233666127
-18.680622336675086
514.9193776633309
492.71937766333207
666.7193776633326
-384.08062233666357
872.3193776633228
1189.719377663351
243.9193776633366
644.3193776633351
1651.5193776633316
639.5193776633272
430.919377663337
658.3193776633399
-291.6806223366645
131.91937766333547
-388.280622336662
76.91937766333709
207.51937766333842
-320.88062233666005
339.5193776633402
1148.1193776633443
1111.7193776633464
601.9193776633327
989.9193776633387
-211.680622336661
503.1193776633372
272.7193776633345
531.1193776633359
-338.0806223366618
674.719377663331
449.5193776633353
114.1193776633355
452.119377663332
1186.7193776633378
-755.2806223366617
252.91937766333672
-470.6806223366652
391.1193776633413
1834.919377663326
1261.119377663335
663.9193776633342
463.519377663338
608.319377663338
-791.6806223366593
-127.28062233666186
68.91937766333899
396.51937766334225
884.7193776633302
1093.3193776633252
908.1193776633354
542.1193776633385
-859.0806223366662
-367.28062233666424
43.919377663339056
734.7193776633402
599.5193776633406
36.91937766333707
642.7193776633376
-113.08062233666274
332.3193776633362
-878.2806223366647
-116.08062233665916
-211.2806223366635
-1112.4806223366709
-1269.480622336658
360.11937766333983
-355.2806223366657
-425.48062233666934
-173.68062233666345
1088.3193776633295
1826.1193776633197
374.91937766333814
867.3193776633351
-64.48062233666745
1422.7193776633321
192.31937766333363
663.519377663335
81.9193776633368
529.3193776633374
25.519377663334506
924.3193776633335
798.719377663335
511.31937766333533
-1148.880622336671
-328.0806223366611
446.5193776633346
592.3193776633402
625.9193776633341
-176.08062233666152
116.31937766333621
112.7193776633394
-39.480622336670024
-208.88062233666892
406.1193776633382
-411.88062233666335
-699.6806223366593
-767.4806223366603
271.51937766333424
-202.68062233666384
-893.4806223366631
-38.680622336660115
1246.7193776633399
2249.9193776633356
248.5193776633366
692.5193776633334
-175.8806223366625
1503.3193776633475
1058.1193776633381
466.91937766333365
-1186.080622336667
-445.6806223366665
-1395.2806223366529
-324.28062233666157
484.31937766333715
-1875.280622336654
-1873.6806223366586
-811.8806223366677
731.5193776633382
1576.919377663345
786.1193776633335
-266.880622336663
455.71937766333895
-465.4806223366659
-1218.8806223366769
-652.8806223366656
-105.2806223366633
-303.28062233666594
-1054.6806223366718
-450.8806223366654
334.51937766333197
-111.68062233666706
-2011.2806223366795
-1381.280622336669
-196.0806223366642
1807.9193776633517
902.7193776633397
1194.3193776633339
321.11937766333887
-114.48062233666539
47.519377663332804
-336.68062233666245
-1154.4806223366695
167.71937766333642
-1457.6806223366664
-1080.0806223366621
1068.1193776633424
-342.08062233666476
-479.0806223366637
-1100.4806223366602
-1549.8806223366596
318.9193776633346
506.9193776633373
-901.8806223366593
-1025.680622336667
-1195.4806223366631
-671.4806223366592
-912.6806223366607
-306.2806223366629
561.7193776633396
-303.6806223366606
-501.8806223366606
-365.2806223366628
-1156.0806223366658
-1899.280622336657
-680.480622336669
-924.8806223366707
1607.3193776633486
1040.3193776633352
1697.3193776633555
1190.319377663349
301.9193776633403
-351.0806223366657
-515.4806223366653
-551.2806223366645
277.31937766333874
-399.88062233666267
-944.8806223366657
960.7193776633402
1033.9193776633374
-57.480622336665256
-586.8806223366638
-1031.0806223366656
-447.28062233665923
-192.08062233666453
34.519377663336435
658.9193776633366
716.5193776633365
-42.88062233666946
-289.48062233666286
-103.28062233667269
-147.6806223366665
-232.6806223366614
-263.08062233666243
-1038.680622336676
-1699.48062233667
-359.0806223366644
-109.48062233666496
-585.8806223366679
1369.3193776633368
1722.5193776633332
1819.9193776633447
1902.5193776633405
1227.3193776633343
397.9193776633374
-684.6806223366614
-616.6806223366654
-239.08062233666791
-19.880622336659904
-909.6806223366672
-906.0806223366613
-2.28062233666561
164.1193776633356
-256.080622336669
-653.0806223366637
-1020.6806223366593
-796.0806223366606
-293.88062233666204
372.3193776633378
404.51937766333975
-196.48062233666278
225.11937766333483
766.7193776633351
-310.28062233666805
584.7193776633364
-234.08062233666132
-1373.8806223366712
-443.4806223366616
568.3193776633382
-50.880622336663976
220.11937766332977
1438.7193776633349
1465.1193776633368
1536.719377663341
1336.5193776633434
848.319377663347
423.7193776633322
-347.88062233666307
-734.4806223366605
-961.8806223366649
-677.2806223366574
-858.2806223366651
-1089.6806223366673
-500.88062233665875
-500.0806223366582
-548.28062233667
-991.8806223366647
-692.6806223366638
83.91937766333778
13.31937766332873
340.91937766333757
205.11937766333713
348.1193776633366
511.71937766333656
960.3193776633371
-9.680622336660939
35.719377663337625
-189.48062233665843
-137.28062233666358
190.51937766333572
347.51937766333594
635.3193776633346
1338.119377663342
1257.9193776633338
352.51937766333765
1715.519377663322
1137.319377663352
831.9193776633424
752.9193776633357
545.3193776633358
-113.28062233666276
-619.6806223366544
-320.6806223366639
-120.28062233666574
-735.8806223366614
-721.4806223366587
-1520.480622336662
-1262.4806223366597
-934.2806223366717
-796.8806223366632
-135.28062233666532
-222.08062233666405
200.71937766333897
-343.28062233666196
-499.28062233666526
581.7193776633359
20.919377663338004
-841.2806223366642
-400.68062233665665
192.31937766333786
592.519377663339
-298.0806223366651
-572.4806223366656
433.5193776633362
1989.719377663327
1372.3193776633257
921.9193776633314
2087.719377663339
657.9193776633432
20.71937766333646
-339.08062233666686
-199.68062233666402
504.7193776633346
-336.28062233666145
-701.6806223366724
-402.0806223366647
-41.88062233666343
480.3193776633388
-898.4806223366663
-983.0806223366678
-1119.6806223366732
-457.2806223366642
-156.28062233666225
-211.8806223366637
454.1193776633352
175.11937766333472
-138.08062233666044
348.5193776633362
-333.48062233666104
-384.68062233666916
-405.0806223366666
-482.88062233666193
-143.08062233666533
111.31937766333753
125.71937766333261
105.11937766333912
1967.9193776633444
1636.7193776633428
1616.519377663349
2740.7193776633544
792.5193776633315
-736.4806223366629
-592.8806223366644
-354.48062233666684
124.31937766333702
-626.6806223366665
-283.2806223366609
-681.2806223366592
-787.4806223366585
90.51937766333468
-1042.0806223366603
-1175.8806223366691
-1574.2806223366597
-810.2806223366681
-502.0806223366642
-595.6806223366636
81.71937766333623
620.5193776633406
-570.4806223366543
-338.6806223366662
-561.8806223366576
828.519377663336
674.119377663337
-1051.4806223366602
-1069.4806223366718
28.519377663335938
214.71937766333818
-382.6806223366638
1285.3193776633348
1456.519377663332
2130.1193776633236
2180.519377663325
939.7193776633327
-448.88062233666176
-206.28062233666594
-407.48062233666303
-919.2806223366626
-693.4806223366653
-541.0806223366557
-728.0806223366677
-876.2806223366669
290.1193776633369
655.9193776633318
116.91937766333567
-533.6806223366663
-505.08062233666885
22.31937766333661
-163.28062233666387
76.71937766333623
608.9193776633389
-1044.0806223366485
-57.68062233666349
-230.28062233666415
997.1193776633387
901.9193776633414
-530.0806223366606
-510.2806223366634
70.71937766333738
510.3193776633392
-153.08062233666146
61.71937766333903
696.119377663335
1448.9193776633335
1492.719377663332
579.3193776633312
15.919377663334501
-152.88062233666358
383.91937766333524
306.1193776633407
-80.88062233666312
-1151.8806223366603
-1810.2806223366651
-1597.4806223366684
-689.2806223366655
-481.6806223366609
-916.8806223366646
-1456.8806223366619
-975.6806223366631
-629.4806223366598
-486.8806223366623
-474.48062233666303
-47.0806223366686
-627.4806223366555
-878.4806223366696
-673.4806223366666
-628.0806223366641
-1395.4806223366566
-927.8806223366616
-608.4806223366675
-683.0806223366624
51.31937766333516
451.3193776633315
431.9193776633387
240.11937766333452
619.5193776633433
1391.1193776633284
-91.48062233665685
-220.88062233665852
-47.08062233665369
658.7193776633305
566.7193776633337
460.3193776633331
-198.28062233666196
-844.2806223366667
-638.6806223366648
-54.08062233666256
675.7193776633371
682.7193776633283
743.7193776633305
1433.3193776633532
1329.319377663327
732.3193776633286
264.31937766334215
668.1193776633347
943.5193776633317
573.1193776633295
696.3193776633315
631.7193776633391
33.51937766333609
513.3193776633397
701.9193776633227
599.5193776633274
975.1193776633397
1115.7193776633417
983.9193776633449
1074.3193776633439
932.1193776633424
850.9193776633352
-174.48062233666212
126.11937766334296
494.71937766334463
-245.48062233666286
-498.680622336665
-9.880622336662704
-181.88062233666102
604.9193776633438
288.11937766333995
657.3193776633368
357.9193776633359
-7.880622336664992
684.919377663337
794.7193776633345
701.1193776633335
506.31937766333493
475.31937766333544
849.5193776633349
548.7193776633377
-352.2806223366635
467.71937766333485
348.5193776633308
-998.4806223366656
-486.08062233666436
-804.2806223366648
-715.8806223366627
-11.680622336662132
526.5193776633361
-26.880622336666306
1013.5193776633319
549.5193776633374
-95.08062233666402
47.319377663339935
383.719377663335
1193.7193776633333
236.71937766333636
717.7193776633272
989.1193776633352
-84.08062233666365
271.5193776633337
855.3193776633378
120.91937766333545
-669.8806223366579
-511.68062233666524
153.51937766333504
-304.68062233666456
-413.2806223366659
91.71937766333552
699.7193776633355
878.9193776633382
714.5193776633377
-430.0806223366643
579.5193776633345
732.1193776633329
138.91937766333788
444.51937766333725
246.3193776633355
-41.68062233666426
779.7193776633366
1425.7193776633353
857.3193776633289
1587.7193776633287
313.5193776633367
-446.48062233666803
-456.48062233666343
517.1193776633424
887.3193776633357
415.919377663338
886.1193776633351
1146.119377663335
-682.8806223366627
-244.8806223366642
648.9193776633342
144.91937766333777
-508.0806223366628
-31.28062233666247
1305.7193776633317
-65.48062233666624
-18.680622336663077
-138.08062233666493
515.5193776633408
385.5193776633372
90.51937766333714
-525.8806223366589
99.71937766333488
352.51937766333566
-164.6806223366666
-84.88062233666548
333.3193776633366
21.319377663337868
79.71937766333755
682.7193776633317
-23.680622336661305
-344.6806223366617
-620.0806223366664
924.1193776633432
78.71937766333994
178.91937766333518
618.5193776633397
97.11937766333358
209.51937766333637
508.5193776633353
89.31937766333562
-272.280622336659
-580.6806223366742
-881.480622336662
-445.08062233666686
183.9193776633351
400.31937766333806
-646.2806223366664
-519.8806223366671
-1118.4806223366606
-712.080622336663
-1799.8806223366662
-1183.0806223366747
-320.08062233666465
61.11937766333401
1095.7193776633467
892.7193776633316
473.9193776633357
660.1193776633363
902.1193776633339
110.51937766333614
248.31937766333988
-161.68062233666723
-358.2806223366658
-327.4806223366627
714.7193776633374
-387.4806223366618
-489.28062233666486
289.7193776633386
428.11937766333773
245.11937766333688
549.9193776633275
1140.3193776633354
98.7193776633377
-81.88062233666341
-830.8806223366668
873.3193776633332
1120.9193776633388
450.71937766333605
88.31937766333633
619.5193776633391
-20.680622336661486
234.51937766333685
-426.6806223366663
-229.08062233666976
105.31937766333624
105.9193776633328
553.5193776633404
-128.88062233666463
107.71937766333666
512.1193776633355
764.5193776633361
307.719377663338
888.9193776633424
604.1193776633373
204.51937766333546
386.3193776633383
990.1193776633389
-79.480622336663
-242.48062233666388
296.3193776633372
83.51937766333393
221.91937766333962
-104.08062233666217
451.1193776633297
377.71937766333883
291.11937766333676
-415.4806223366645
420.1193776633357
-629.880622336665
-634.8806223366624
-720.4806223366659
-40.28062233666461
586.7193776633376
84.71937766333716
-310.08062233666107
8.319377663338429
-780.08062233667
-1026.0806223366567
469.71937766333645
-341.68062233666643
99.1193776633373
21.5193776633374
-358.88062233666517
444.1193776633372
723.7193776633369
167.9193776633357
233.11937766333995
23.319377663334365
235.7193776633362
390.9193776633362
400.519377663332
-152.6806223366622
-186.68062233666438
803.7193776633296
-484.88062233666426
-982.0806223366591
47.51937766333771
403.3193776633333
-339.28062233666583
401.51937766333606
-378.2806223366689
-412.2806223366607
-625.2806223366606
260.7193776633351
173.71937766333681
-329.6806223366636
-118.48062233666401
763.3193776633374
173.91937766333587
-293.8806223366682
1021.5193776633387
675.1193776633382
807.7193776633419
1357.9193776633276
594.71937766334
1141.7193776633317
1168.9193776633372
143.71937766333906
772.9193776633381
686.3193776633348
302.11937766333523
586.7193776633376
31.719377663336843
405.9193776633431
510.71937766333616
329.31937766333397
-183.6806223366614
-843.480622336665
421.7193776633347
-28.8806223366641
-185.88062233666474
167.51937766333498
-708.8806223366696
-1262.680622336662
-859.8806223366712
-43.480622336664865
-179.0806223366663
-277.6806223366643
-1398.680622336659
-288.2806223366659
-839.6806223366615
-96.08062233666561
1174.7193776633355
1016.1193776633347
440.31937766334016
521.3193776633375
50.71937766333887
559.7193776633334
1283.3193776633295
67.51937766333728
561.919377663338
852.5193776633404
-621.8806223366613
-73.48062233666433
477.3193776633374
1252.919377663334
-132.68062233666274
-390.68062233666507
-147.48062233666272
-180.88062233666372
51.31937766333694
374.5193776633403
347.1193776633367
-102.28062233666498
-603.0806223366644
-367.48062233666417
-625.680622336666
-689.6806223366642
99.31937766333712
-782.6806223366688
-1708.4806223366702
-145.0806223366647
-383.2806223366662
166.31937766333667
303.9193776633334
184.1193776633345
577.9193776633365
40.119377663334575
653.1193776633398
662.7193776633312
109.51937766333324
-415.4806223366596
491.9193776633361
109.91937766333602
30.119377663336458
142.51937766333717
27.51937766333586
-65.68062233666251
-1762.4806223366697
-1235.8806223366687
-881.2806223366672
-175.68062233666436
-257.88062233666255
-552.4806223366686
-371.080622336661
598.1193776633385
-624.0806223366657
-613.6806223366638
124.51937766333721
-825.280622336668
250.71937766333755
-1200.880622336664
-1560.8806223366732
53.119377663334134
-205.88062233666682
-222.68062233666674
-100.88062233666597
-502.68062233666086
454.319377663336
-214.68062233666438
405.71937766333593
678.1193776633366
333.91937766333547
145.3193776633371
762.9193776633364
-33.08062233666678
1119.1193776633347
645.3193776633256
54.71937766333738
124.51937766333555
-941.8806223366619
-125.68062233666447
-278.2806223366649
179.51937766333612
813.3193776633325
-294.48062233666354
-155.68062233666353
-39.2806223366635
-780.0806223366653
-544.8806223366677
258.31937766333664
-274.48062233666303
70.5193776633376
-56.08062233666309
198.91937766333723
1355.5193776633323
-41.28062233666346
-49.68062233666781
696.7193776633351
178.51937766333327
665.3193776633383
53.71937766333779
-79.08062233666391
535.3193776633401
737.5193776633276
-54.68062233666316
712.5193776633298
339.9193776633381
138.51937766333376
27.919377663337265
347.11937766334023
503.11937766333585
62.319377663340006
-74.68062233666518
171.51937766333552
-710.480622336662
265.71937766333673
285.5193776633344
451.5193776633405
36.31937766333499
81.5193776633362
-26.8806223366648
376.51937766333305
590.3193776633339
-169.68062233666228
-196.4806223366623
124.31937766333795
756.319377663328
-211.0806223366628
-191.8806223366644
196.91937766333976
295.3193776633398
709.7193776633388
368.5193776633382
-186.6806223366591
423.91937766333365
-895.480622336664
-1260.08062233666
-319.48062233666286
314.7193776633346
-695.0806223366566
-458.88062233666056
-90.48062233666309
224.7193776633382
64.91937766334058
-197.88062233666093
60.51937766333966
-931.480622336656
515.5193776633383
227.31937766333732
6.319377663335565
468.31937766333937
339.91937766333444
-240.2806223366638
518.3193776633352
583.3193776633357
106.91937766333533
-763.8806223366624
280.71937766333264
733.7193776633386
-53.6806223366648
382.51937766333697
748.519377663337
361.51937766333566
188.31937766333857
537.5193776633356
27.719377663336815
700.1193776633357
185.71937766333753
453.9193776633333
-12.080622336663254
-913.8806223366688
-1250.6806223366652
0.11937766333875999
-862.080622336661
-269.88062233665767
-73.88062233666652
739.5193776633394
315.51937766333776
-502.48062233666684
798.9193776633352
-105.68062233666572
325.91937766333797
491.11937766333483
176.91937766333416
111.5193776633372
435.7193776633371
-49.88062233666533
210.11937766333426
-600.080622336667
-355.68062233666296
1305.5193776633275
828.1193776633394
273.5193776633386
-213.28062233666535
-235.68062233666265
-21.68062233666513
-483.4806223366628
-33.68062233666108
-231.68062233666325
560.7193776633362
-49.880622336665674
-115.28062233666448
-921.0806223366619
-2111.280622336671
-207.2806223366569
-624.6806223366723
-340.68062233666376
71.5193776633377
801.9193776633408
87.91937766333581
-113.68062233666693
312.7193776633385
-631.2806223366641
-696.2806223366651
30.319377663336493
87.11937766333837
94.119377663335
-173.08062233666521
-402.0806223366625
-111.68062233666555
-29.68062233666391
87.91937766333469
1473.5193776633198
641.1193776633287
261.9193776633354
-703.2806223366628
-761.4806223366636
-443.28062233666225
-1428.0806223366621
-74.08062233666493
-325.4806223366649
-879.2806223366637
-1001.0806223366603
-422.8806223366619
-1178.2806223366722
-2551.8806223366787
-171.48062233666616
514.5193776633403
917.7193776633353
-544.480622336662
-272.0806223366611
439.31937766333726
927.5193776633308
619.9193776633349
63.519377663338155
-164.8806223366627
700.5193776633392
1129.1193776633422
-641.8806223366611
-501.4806223366665
-214.4806223366649
-369.88062233666506
143.319377663336
-972.8806223366729
-1006.8806223366626
-492.0806223366656
749.5193776633336
-181.88062233666048
177.7193776633371
680.7193776633405
-713.0806223366659
-242.8806223366634
-88.6806223366645
-1190.8806223366623
-1280.4806223366668
-421.28062233667225
-1865.68062233666
-3224.8806223366805
268.11937766333784
504.51937766333253
-40.88062233666359
-440.6806223366606
-736.0806223366621
792.3193776633386
244.31937766333715
-191.08062233666433
-602.0806223366646
246.11937766333713
1204.119377663341
1249.5193776633419
-662.6806223366688
381.71937766334014
260.51937766333594
-638.2806223366549
-419.28062233666327
-1289.48062233666
-675.4806223366644
-227.2806223366664
673.5193776633382
-313.8806223366673
-511.48062233666195
-658.8806223366646
-857.6806223366573
70.71937766334096
-120.6806223366637
-1052.6806223366598
-962.4806223366652
14.119377663333275
-1211.0806223366503
-2297.0806223366626
-427.28062233666395
-730.2806223366608
-1749.4806223366606
-315.6806223366649
201.11937766333642
1195.7193776633326
-706.8806223366596
-238.48062233666533
-557.8806223366729
-538.4806223366696
131.91937766333712
-445.08062233666334
-140.08062233666357
353.5193776633389
235.71937766333815
-360.8806223366623
201.11937766333222
-289.0806223366641
876.7193776633358
-496.48062233666025
249.51937766333162
-1180.0806223366649
-1215.4806223366645
-1090.4806223366702
-653.8806223366648
-43.880622336663635
717.1193776633351
-710.6806223366624
-645.8806223366644
381.1193776633372
-350.080622336658
-1150.8806223366623
-209.28062233666355
-870.4806223366579
-645.2806223366681
74.71937766333883
-278.28062233665804
24.91937766333922
-1010.6806223366633
-1111.080622336664
-1007.680622336662
-854.8806223366565
-504.08062233666175
-628.0806223366615
103.5193776633374
-374.68062233666336
220.11937766333654
-397.0806223366622
157.31937766333664
-474.0806223366685
-322.6806223366675
-1138.4806223366609
-32.48062233666107
-297.2806223366639
-692.0806223366752
-279.8806223366631
191.31937766333465
-983.08062233667
261.3193776633332
-713.4806223366616
-630.8806223366661
1027.9193776633322
-61.68062233666897
-435.4806223366664
-996.2806223366778
-812.6806223366685
-1891.6806223366636
-826.88062233666
-209.68062233666865
12.919377663334773
-95.28062233666249
-38.88062233666233
79.11937766333682
395.5193776633381
-912.4806223366703
-719.4806223366602
-415.0806223366604
-509.8806223366638
-612.2806223366571
-200.0806223366657
129.51937766333845
-684.280622336654
429.31937766333965
-650.6806223366615
-409.0806223366636
-276.2806223366629
-894.0806223366577
-1300.4806223366631
247.1193776633346
-55.28062233666422
-903.0806223366635
-370.68062233666507
-27.080622336661385
237.91937766333723
-1627.2806223366663
601.9193776633389
-712.2806223366672
615.7193776633356
-655.8806223366746
82.51937766333448
-213.28062233666768
73.91937766333272
-732.0806223366759
-526.4806223366658
-255.28062233666702
418.51937766333384
-1093.2806223366695
-148.6806223366617
291.31937766333516
-131.8806223366592
-448.0806223366645
-176.48062233666224
-321.6806223366673
-366.68062233665944
661.1193776633362
193.71937766333568
503.5193776633383
-497.6806223366593
-694.880622336658
-773.8806223366593
454.5193776633385
137.31937766333687
-1195.480622336653
-251.4806223366653
174.31937766333354
466.7193776633369
-1756.8806223366566
691.5193776633354
-565.2806223366638
843.1193776633372
486.319377663337
268.11937766334177
-1021.4806223366598
-302.6806223366681
-1411.680622336664
-1317.0806223366656
-490.0806223366608
-1751.4806223366554
-1558.2806223366624
-455.2806223366603
565.9193776633392
711.719377663337
-280.68062233665955
-596.2806223366691
-247.08062233666232
-994.2806223366726
-686.8806223366746
-445.8806223366576
-192.2806223366634
-634.2806223366617
-1210.8806223366678
-513.2806223366621
788.5193776633369
622.3193776633334
-1563.280622336672
-979.280622336665
-701.4806223366633
342.91937766333405
-1073.4806223366652
630.7193776633346
-467.8806223366593
-909.0806223366636
-96.08062233666818
127.11937766333752
-513.2806223366546
586.5193776633326
-1153.2806223366676
-1469.2806223366586
471.5193776633337
-247.88062233666366
-180.28062233666455
-467.68062233666427
-983.4806223366566
18.519377663333064
-321.48062233666053
-1197.680622336665
-1364.4806223366459
-1588.2806223366704
-251.4806223366675
-457.6806223366683
-397.6806223366711
534.5193776633394
-260.4806223366723
-574.2806223366625
244.51937766333668
-379.8806223366627
-1224.0806223366626
-286.4806223366625
-1135.480622336672
45.91937766333711
-1468.8806223366648
453.5193776633371
-29.48062233666335
-822.0806223366674
-523.8806223366543
-137.48062233666684
-296.480622336664
149.51937766333577
-539.4806223366659
-1249.4806223366636
564.3193776633403
773.519377663335
-41.28062233666424
-182.680622336666
-505.68062233666615
-348.6806223366665
-618.2806223366679
-214.68062233666927
643.9193776633376
507.5193776633359
-184.68062233665884
-272.48062233666394
-392.2806223366645
-115.6806223366659
-245.68062233666458
-99.28062233666121
-111.28062233666256
-1263.8806223366669
-236.88062233666392
-372.4806223366644
-1065.8806223366569
-188.4806223366645
-861.2806223366533
193.11937766333438
579.9193776633424
-78.28062233666135
217.31937766333522
-308.8806223366645
-419.0806223366682
-550.2806223366648
-8.080622336657328
-604.6806223366633
-658.0806223366592
113.7193776633352
347.51937766333504
279.5193776633395
-38.08062233666319
-450.48062233666593
-519.4806223366686
-547.0806223366548
467.1193776633339
714.3193776633366
-58.2806223366609
272.71937766333883
543.9193776633354
-454.4806223366615
37.51937766333604
-935.6806223366771
-1518.280622336672
-729.0806223366695
503.71937766333645
-26.480622336669143
-267.0806223366652
-45.48062233666299
-808.8806223366662
-230.880622336663
41.91937766333913
-170.48062233666354
313.9193776633375
149.91937766333757
-330.680622336669
-1321.280622336669
-793.6806223366574
-500.28062233666935
-830.6806223366626
-377.28062233666446
-129.6806223366642
358.319377663328
91.31937766333816
239.919377663336
-115.48062233666415
-755.2806223366664
38.71937766333285
193.91937766332705
133.11937766333187
-85.68062233665916
317.31937766333397
-497.6806223366691
-880.2806223366665
-1243.8806223366737
-697.2806223366672
-343.4806223366614
386.9193776633355
390.919377663338
376.9193776633345
-107.88062233666301
-1155.680622336663
4.319377663337043
-4.680622336667479
10.919377663338459
645.7193776633385
803.3193776633319
189.11937766333796
-883.880622336658
-525.4806223366717
136.5193776633313
-683.2806223366609
-715.0806223366669
-1111.0806223366526
-311.68062233665904
-50.680622336664655
-277.2806223366644
-389.88062233666216
-1009.6806223366714
-369.68062233666313
-616.2806223366681
-1094.480622336678
-423.6806223366574
-807.8806223366679
-1072.8806223366594
-391.8806223366611
74.51937766333012
488.51937766333674
-655.6806223366631
-713.8806223366586
-259.08062233666413
566.7193776633354
-59.68062233666198
-391.8806223366648
463.3193776633446
-443.68062233666166
-616.0806223366649
-525.4806223366629
-350.0806223366645
476.5193776633379
-526.4806223366643
-950.6806223366597
-384.68062233666404
-115.88062233666159
536.7193776633358
-431.48062233666155
-283.4806223366644
-523.2806223366644
-167.48062233666272
28.919377663333243
-503.88062233666096
30.11937766333385
-24.880622336664768
-1001.480622336666
-721.2806223366506
-965.6806223366837
-757.2806223366592
-833.6806223366638
-923.2806223366632
-592.4806223366688
-436.2806223366672
-276.2806223366659
-625.0806223366611
916.7193776633349
365.7193776633391
234.9193776633429
1048.7193776633464
-389.88062233666375
-1146.8806223366678
-647.6806223366623
-394.88062233666363
260.51937766333685
-447.0806223366642
77.51937766333668
-182.28062233666165
-533.480622336666
-31.6806223366658
-1059.2806223366701
-860.2806223366658
-1062.8806223366691
-608.6806223366641
-386.68062233665626
-594.2806223366613
-55.68062233666517
627.5193776633402
-1248.6806223366643
-982.080622336669
-977.2806223366666
125.3193776633373
-101.48062233666613
-1634.4806223366495
-1687.8806223366646
-758.080622336665
-551.6806223366635
-1301.6806223366636
521.3193776633393
368.119377663338
798.7193776633387
605.7193776633401
-238.48062233666303
-939.2806223366671
-399.68062233666353
-340.2806223366633
-475.2806223366616
-201.08062233666328
195.51937766333924
61.71937766333526
-328.6806223366594
345.7193776633357
478.1193776633376
389.5193776633352
223.31937766333596
-149.48062233666263
304.919377663335
71.51937766333657
-179.8806223366648
548.3193776633389
-912.2806223366579
72.719377663337
-190.4806223366633
736.1193776633376
611.5193776633365
-682.0806223366621
-699.0806223366549
-316.48062233666593
-172.88062233666477
-977.8806223366715
-682.4806223366637
-225.28062233666367
323.319377663337
330.3193776633378
-53.08062233666416
-385.4806223366649
-340.0806223366629
311.719377663333
423.11937766333824
192.51937766333216
-914.0806223366633
-1313.0806223366762
-1045.080622336666
-351.0806223366636
-363.4806223366556
-746.8806223366493
-1105.0806223366635
-994.8806223366655
-591.4806223366571
-451.8806223366639
-845.6806223366677
-123.68062233666556
-289.08062233666624
-650.2806223366662
-521.2806223366672
-471.88062233666295
-1341.0806223366537
-944.4806223366706
-527.8806223366641
-938.4806223366603
-615.4806223366712
-135.48062233666636
-7.880622336663542
-239.8806223366638
-63.28062233666631
458.5193776633516
-558.080622336661
-515.8806223366653
-326.68062233666404
388.7193776633367
256.1193776633361
148.1193776633327
-494.68062233666586
-680.8806223366624
-297.6806223366638
156.9193776633397
912.1193776633345
772.7193776633286
507.51937766334066
1064.51937766334
1057.919377663335
400.11937766333784
55.519377663335646
620.119377663339
872.7193776633378
399.7193776633363
478.7193776633327
348.5193776633394
-417.4806223366666
253.91937766333717
329.31937766333573
-128.68062233665935
-159.8806223366618
172.11937766333634
525.719377663339
658.7193776633321
353.3193776633371
2633.1193776633377
1168.7193776633258
1005.3193776632942
1117.1193776633318
432.1193776633393
300.11937766334313
649.919377663334
277.3193776633359
987.719377663334
588.1193776633238
1008.5193776633398
977.3193776633439
513.1193776633371
1085.9193776633351
1451.9193776633374
962.9193776633298
715.5193776633396
467.31937766333124
795.5193776633552
676.71937766334
58.719377663344744
1003.5193776633598
1290.119377663332
228.51937766333214
227.31937766332487
-274.4806223366595
-52.880622336669035
803.919377663323
1329.9193776633285
792.5193776633298
2258.119377663332
2284.7193776633353
961.3193776633368
647.1193776633327
355.9193776633356
1116.5193776633294
330.11937766332767
626.1193776633318
682.1193776633296
-555.8806223366637
-321.68062233666546
362.91937766334
-432.08062233666624
-809.2806223366708
-829.4806223366684
-562.0806223366685
-689.2806223366659
-739.0806223366624
-451.0806223366642
-185.48062233666377
14.319377663339651
-212.28062233666373
-1456.4806223366566
-203.280622336664
633.1193776633334
472.9193776633382
453.3193776633429
16.51937766333655
44.31937766333807
1140.3193776633373
1898.319377663336
1346.7193776633262
2546.919377663332
1958.1193776633181
185.31937766333604
-244.88062233666244
414.51937766333515
1030.719377663341
631.3193776633335
689.3193776633267
686.7193776633342
-1253.4806223366616
-968.8806223366687
-135.28062233666452
-435.68062233666234
-954.0806223366677
-715.2806223366695
370.1193776633335
-443.4806223366651
-229.68062233666814
-670.4806223366634
-158.48062233666107
-111.28062233666185
-849.8806223366668
-1780.880622336657
-1099.0806223366628
-33.080622336662614
-116.0806223366626
-189.4806223366635
64.31937766333769
-0.08062233665877727
-100.28062233666192
522.7193776633302
87.91937766333919
339.51937766333185
915.319377663331
831.3193776633381
77.11937766334425
321.1193776633372
1116.7193776633358
505.9193776633334
376.9193776633373
532.3193776633358
-128.8806223366628
-528.680622336667
-1042.8806223366587
-1041.4806223366652
-628.880622336665
-252.480622336664
-131.68062233666433
-645.0806223366659
-399.4806223366644
-1136.6806223366573
-882.280622336664
-1922.6806223366682
-1544.8806223366744
-873.0806223366585
-545.6806223366597
1057.3193776633354
1276.1193776633365
937.3193776633416
875.7193776633328
892.3193776633245
-215.48062233666403
-72.88062233666054
-187.08062233666095
-82.48062233666366
541.7193776633334
19.719377663335614
-678.8806223366616
-588.4806223366663
136.719377663343
464.11937766333017
375.9193776633388
706.9193776633355
1014.1193776633262
154.3193776633355
-398.8806223366616
-1220.880622336663
337.5193776633389
483.51937766334004
-196.0806223366699
45.71937766333911
806.3193776633345
191.91937766333618
288.9193776633367
-765.8806223366735
-183.28062233666537
28.31937766333258
30.319377663333455
542.7193776633349
-94.68062233666487
281.11937766333375
541.7193776633364
457.7193776633317
-74.08062233665854
502.51937766333043
229.31937766333655
-122.08062233666334
456.3193776633371
-226.08062233666735
-919.8806223366603
-790.6806223366641
-434.080622336662
-216.88062233666318
240.91937766334158
179.91937766334064
626.3193776633368
647.7193776633402
434.7193776633442
-507.08062233666243
109.31937766333371
-920.8806223366602
-735.6806223366592
-493.4806223366618
253.3193776633365
700.5193776633399
319.5193776633366
-261.0806223366688
353.1193776633341
-433.6806223366657
-751.8806223366631
354.11937766333506
-715.0806223366617
-134.4806223366628
-355.4806223366638
-1056.8806223366607
-257.8806223366624
61.51937766333664
-90.08062233665872
-68.68062233666566
-124.68062233666488
-1027.2806223366763
-386.280622336664
-75.08062233666234
-1029.2806223366615
-805.0806223366648
552.7193776633363
-253.8806223366643
-774.880622336662
198.11937766333963
612.5193776633365
-385.280622336668
371.3193776633392
-154.68062233666495
-209.4806223366632
-414.6806223366743
365.91937766333797
184.71937766333747
-434.4806223366643
-395.2806223366671
808.1193776633374
268.1193776633354
-62.88062233666872
771.9193776633344
87.91937766333623
110.51937766334149
723.3193776633374
-399.28062233666515
-17.48062233666089
111.3193776633352
-174.68062233666234
822.1193776633324
648.519377663335
-881.880622336666
-119.68062233666373
-102.68062233666407
103.11937766333753
452.7193776633349
671.7193776633379
401.11937766333944
-462.2806223366604
853.7193776633404
534.3193776633325
333.91937766333433
671.119377663336
12.919377663334615
-519.2806223366728
-57.88062233666335
843.1193776633324
413.3193776633365
-30.280622336661732
-1379.6806223366482
-370.2806223366627
-832.4806223366678
-378.28062233666634
387.11937766333887
229.3193776633356
-408.6806223366676
-131.0806223366646
-666.8806223366634
-366.8806223366636
564.1193776633439
-250.68062233666453
602.3193776633269
642.1193776633388
-1455.2806223366597
-380.28062233666685
603.9193776633361
1309.9193776633435
459.7193776633396
599.51937766334
676.3193776633383
540.7193776633391
1107.9193776633351
1312.919377663338
1137.9193776633401
171.1193776633362
-122.0806223366652
655.119377663342
594.719377663336
633.919377663336
1271.919377663332
244.91937766333348
-898.8806223366632
93.31937766333678
-257.28062233666435
121.91937766334021
-310.88062233666403
-446.4806223366659
-174.88062233666358
-582.0806223366651
80.51937766333884
38.31937766333636
-50.08062233666108
-453.68062233666416
558.119377663337
-111.28062233666519
-580.0806223366659
-234.0806223366589
-80.2806223366629
54.51937766333457
-1187.6806223366686
-406.28062233666486
-490.68062233666484
-37.280622336663704
354.1193776633388
143.11937766333568
83.31937766333574
264.5193776633376
-907.6806223366661
-453.0806223366674
875.5193776633305
216.5193776633354
1223.7193776633349
-498.4806223366645
-1338.680622336662
297.51937766333674
189.71937766333815
-62.08062233666175
-630.4806223366619
-1370.0806223366687
-708.6806223366668
-1073.4806223366675
-354.880622336664
-225.8806223366643
-280.88062233666835
-147.88062233666514
921.319377663336
-25.68062233666538
681.9193776633381
211.11937766333693
-407.28062233666867
-182.8806223366699
-496.6806223366634
561.5193776633299
-58.88062233666325
66.11937766333989
969.1193776633269
-88.48062233666174
-229.88062233666486
-406.4806223366645
-874.8806223366682
-799.0806223366654
449.31937766333766
-140.88062233666167
425.9193776633339
7.919377663335965
-433.68062233666615
1245.7193776633326
453.9193776633374
210.11937766333904
239.7193776633349
-695.2806223366671
-404.0806223366635
-685.0806223366621
-557.2806223366598
-239.28062233666105
-130.2806223366618
-622.4806223366661
893.5193776633333
562.3193776633332
-76.88062233666992
49.719377663334754
349.5193776633367
511.1193776633403
509.9193776633375
234.71937766333178
267.31937766333635
-821.8806223366611
91.51937766333492
-36.28062233666315
-103.08062233666237
-706.4806223366636
-271.6806223366651
-451.0806223366586
337.91937766333467
361.51937766333657
-145.8806223366633
-377.68062233666774
-1131.2806223366558
-96.48062233666448
-623.4806223366622
-462.48062233666656
-64.08062233666104
-303.28062233666265
-469.28062233666304
-569.6806223366659
-766.280622336663
-263.8806223366633
-1421.0806223366637
-1507.4806223366572
-65.88062233666528
686.919377663336
-858.6806223366722
-344.28062233666424
385.1193776633325
408.31937766333385
613.9193776633402
50.31937766333775
-89.48062233666494
-1360.4806223366732
48.519377663336584
-372.2806223366653
-741.4806223366681
-494.6806223366664
-211.48062233666482
-619.0806223366704
617.7193776633385
542.7193776633361
-4.480622336660328
-1010.68062233666
-823.4806223366627
-158.2806223366642
-605.2806223366655
-0.08062233666554874
731.5193776633383
118.51937766333418
-987.4806223366712
-363.0806223366648
-875.4806223366639
-230.68062233666453
-206.88062233666102
419.91937766334144
304.5193776633369
-479.4806223366731
-1285.2806223366536
193.31937766333607
-221.8806223366689
65.71937766333815
511.9193776633376
937.1193776633332
-116.4806223366655
-1036.0806223366665
292.51937766333526
-740.6806223366667
-518.2806223366614
-654.2806223366638
-482.08062233666897
-159.48062233666644
676.5193776633382
273.7193776633364
288.3193776633345
-740.880622336668
-1124.480622336664
403.7193776633359
110.71937766333642
199.91937766333734
100.51937766333225
-73.88062233666119
-399.8806223366614
-541.8806223366628
-343.08062233666635
-473.28062233666066
769.519377663338
237.1193776633333
402.7193776633388
-582.6806223366704
-1685.480622336688
378.11937766333455
171.91937766333257
479.11937766333796
1172.9193776633258
1609.7193776633333
106.9193776633364
-209.88062233666415
134.319377663339
-797.0806223366649
-1287.080622336662
-1310.6806223366586
-809.8806223366643
-186.28062233666225
108.51937766333589
291.5193776633347
348.5193776633349
136.3193776633367
-478.080622336667
675.7193776633434
-63.08062233666396
145.31937766333792
-351.2806223366648
-545.8806223366663
-458.2806223366682
-1133.6806223366675
0.7193776633373332
-123.08062233666647
-101.0806223366598
-413.88062233666716
261.3193776633404
-1015.2806223366883
-2049.4806223366622
251.91937766333268
857.3193776633337
1501.3193776633484
752.3193776633268
944.519377663343
490.11937766333745
523.1193776633372
3.919377663337091
18.91937766333605
-383.4806223366625
-236.28062233666486
361.51937766333646
-656.2806223366748
-312.68062233665853
299.3193776633392
481.3193776633347
776.7193776633407
-1004.0806223366639
-1282.480622336668
-665.8806223366654
1157.5193776633334
568.3193776633362
681.5193776633399
958.3193776633273
-542.4806223366638
-324.4806223366649
54.51937766333948
-454.08062233666374
-255.28062233666216
586.3193776633336
-1683.4806223366634
-2860.480622336697
565.5193776633344
525.9193776633315
380.5193776633328
361.71937766333554
479.3193776633384
1265.1193776633359
368.5193776633368
-518.6806223366534
-596.0806223366714
233.7193776633375
971.9193776633326
861.5193776633387
-601.0806223366784
313.1193776633369
357.71937766333565
-144.08062233666803
129.31937766333775
-1188.2806223366665
-894.2806223366697
115.31937766333628
1551.1193776633288
761.3193776633285
342.719377663336
-280.88062233666847
-818.8806223366574
-138.08062233666146
-147.6806223366639
-872.6806223366654
-486.8806223366601
428.51937766333094
-1334.8806223366578
-2014.2806223366485
-34.880622336661226
-337.08062233666493
-1158.280622336667
206.31937766333425
1299.5193776633328
2197.9193776633365
-10.880622336665997
-155.68062233666413
-372.6806223366609
-513.2806223366625
30.919377663338206
-747.28062233666
-364.8806223366669
413.5193776633366
339.9193776633356
-263.48062233666496
232.31937766333488
-376.4806223366645
945.5193776633287
347.11937766332903
1361.5193776633212
123.71937766333455
-297.280622336662
-788.6806223366646
-769.0806223366665
-83.08062233666247
899.5193776633412
-492.4806223366636
-773.4806223366545
-168.28062233666236
-1211.4806223366338
-1641.280622336689
-513.0806223366657
-519.2806223366655
-94.28062233666527
603.7193776633362
670.7193776633317
855.7193776633387
-502.28062233666304
-977.8806223366585
-639.2806223366671
-279.2806223366614
-564.0806223366629
-734.8806223366623
0.5193776633382043
-5.880622336665386
797.1193776633346
154.9193776633357
325.1193776633366
-430.8806223366636
158.3193776633363
-109.8806223366624
1230.919377663331
1101.9193776633344
28.51937766333768
-102.68062233666348
184.11937766333727
-677.4806223366521
711.1193776633395
-385.28062233666526
-742.0806223366636
151.31937766333542
-1537.6806223366905
-1457.4806223366625
-1642.8806223366628
-754.2806223366537
-1530.6806223366693
-308.88062233666375
511.9193776633375
777.3193776633325
814.7193776633271
727.5193776633412
785.3193776633312
1263.719377663328
-611.8806223366631
-623.4806223366642
-147.0806223366642
329.3193776633379
478.519377663337
607.3193776633416
793.9193776633356
-75.48062233665999
1160.119377663337
138.11937766333602
781.7193776633482
911.7193776633387
-463.08062233667306
-1024.0806223366626
238.1193776633349
294.9193776633336
-78.48062233666552
17.919377663339105
17.519377663332577
-584.6806223366591
-3383.6806223366475
-944.6806223366729
-1397.280622336668
552.5193776633331
-760.0806223366641
22.919377663336103
-81.08062233666409
616.9193776633342
248.11937766333608
404.91937766333984
449.1193776633321
1180.5193776633328
-459.28062233666117
135.71937766333744
1063.1193776633331
1063.7193776633378
994.9193776633359
875.3193776633351
787.3193776633312
813.7193776633368
1687.51937766334
741.1193776633335
1497.7193776633467
697.7193776633335
-287.2806223366656
-289.0806223366643
781.7193776633322
584.919377663336
-546.8806223366634
354.3193776633361
657.9193776633346
128.319377663336
-3332.080622336677
-983.0806223366567
-1213.0806223366578
662.9193776633388
294.7193776633418
31.119377663334845
-1018.0806223366666
159.9193776633362
-515.2806223366648
-308.0806223366653
432.9193776633339
-416.2806223366606
-523.8806223366697
384.3193776633365
1613.3193776633436
2007.5193776633303
1195.1193776633381
981.5193776633323
1274.9193776633308
419.51937766333884
543.3193776633362
226.7193776633402
717.3193776633357
607.3193776633358
-406.2806223366626
70.11937766333796
1273.919377663341
1245.7193776633303
-1139.4806223366609
-399.2806223366709
316.51937766333555
863.1193776633353
-1692.4806223366713
-365.2806223366662
-537.280622336667
-789.4806223366561
-114.08062233666277
-45.68062233666497
-326.88062233666216
978.7193776633394
-276.28062233666384
-538.0806223366612
859.7193776633403
303.31937766333556
506.3193776633394
602.31937766334
206.11937766333855
976.3193776633345
691.9193776633374
-73.48062233666424
-607.6806223366616
-945.0806223366645
593.5193776633408
166.91937766333604
280.9193776633294
1778.5193776633478
641.5193776633346
-119.08062233666269
831.5193776633381
252.51937766333302
-1058.0806223366674
-194.68062233666674
-437.2806223366647
614.9193776633333
-1879.0806223366646
-841.2806223366617
-576.8806223366639
-1078.2806223366547
-687.8806223366664
-265.2806223366668
-145.88062233666628
548.9193776633368
346.7193776633366
-307.2806223366633
775.5193776633355
891.9193776633359
258.5193776633368
583.1193776633304
468.9193776633379
563.7193776633428
255.51937766333523
208.71937766333247
324.51937766334066
175.51937766333117
112.9193776633358
-235.8806223366685
43.91937766333619
565.7193776633333
249.31937766333806
408.9193776633364
497.91937766334064
-649.8806223366647
51.719377663333894
-520.2806223366681
-1043.6806223366634
-257.2806223366653
-1881.8806223366714
-1169.6806223366648
-450.28062233666475
-835.2806223366719
-304.8806223366638
-323.08062233666533
33.91937766333477
-154.28062233666495
446.11937766333773
-195.8806223366621
-436.08062233666175
408.9193776633382
933.7193776633352
1057.3193776633364
935.3193776633357
517.7193776633394
186.7193776633375
-564.0806223366621
-47.88062233666286
317.11937766334
26.31937766333629
239.3193776633411
898.919377663332
-108.88062233666466
505.5193776633381
-256.0806223366686
-1114.8806223366641
-177.88062233666514
877.3193776633371
-314.680622336661
-633.8806223366631
-337.6806223366602
-2123.080622336652
-1156.0806223366671
-994.0806223366612
-1372.8806223366623
-620.2806223366617
-37.080622336661136
45.51937766333976
-912.0806223366568
-348.68062233666603
-201.4806223366647
-375.4806223366665
380.9193776633358
711.7193776633292
1129.3193776633377
1163.119377663336
1493.7193776633317
752.319377663335
-477.68062233666836
-128.88062233666477
42.519377663336456
177.71937766333556
182.51937766333728
1065.5193776633325
284.91937766333456
37.719377663334576
-491.88062233666204
-236.88062233667313
189.9193776633392
664.519377663337
214.91937766333436
-168.08062233666527
-755.4806223366609
-2731.8806223366564
-432.8806223366648
-672.0806223366602
-878.6806223366681
-227.6806223366642
304.31937766333596
-16.480622336663416
-809.8806223366589
8.919377663336167
679.519377663337
42.11937766333524
134.31937766333607
-361.08062233666385
504.51937766333725
755.9193776633336
835.3193776633368
415.1193776633421
-547.0806223366619
-13.480622336663188
-190.28062233666037
-406.08062233666476
200.51937766333802
71.31937766333559
-225.68062233666492
573.719377663339
1032.5193776633387
1152.919377663335
-291.08062233666425
-391.68062233666546
-195.08062233666382
163.11937766333676
-573.0806223366591
-1782.0806223366558
609.3193776633344
-289.6806223366649
-643.8806223366634
-746.280622336664
-588.6806223366667
317.9193776633369
-525.4806223366668
-743.4806223366684
114.11937766333388
736.3193776633382
1304.1193776633386
618.5193776633378
844.1193776633381
373.3193776633372
631.7193776633239
514.7193776633317
119.71937766333521
609.3193776633384
867.1193776633456
291.51937766333845
392.71937766333383
456.31937766333755
394.91937766333285
133.5193776633353
120.71937766333333
-40.080622336666
-59.08062233666344
204.11937766333656
-513.6806223366626
614.319377663333
-101.48062233666326
-655.4806223366634
1619.3193776633314
243.51937766333577
-611.6806223366603
-373.88062233666346
-299.28062233666543
507.51937766333117
32.119377663335456
401.3193776633389
287.3193776633349
86.91937766333677
473.51937766333225
-117.28062233666418
158.31937766334374
-228.28062233666506
239.3193776633306
240.31937766333735
83.31937766333746
511.71937766334634
1446.919377663336
-24.880622336665038
19.71937766333737
360.11937766333557
1249.5193776633334
875.5193776633262
-739.8806223366629
-1072.0806223366624
-509.48062233666457
-79.68062233666025
-828.080622336663
397.7193776633389
133.11937766333722
417.3193776633337
1406.719377663336
397.31937766333397
-315.28062233666714
-93.48062233666354
-273.080622336665
-361.08062233666374
74.119377663337
453.5193776633383
556.319377663334
273.3193776633359
779.5193776633383
1020.7193776633347
829.1193776633312
828.1193776633378
602.3193776633293
910.3193776633244
658.9193776633311
491.9193776633404
1218.7193776633324
-138.28062233666068
1025.3193776633314
969.5193776633417
1653.1193776633343
1522.7193776633337
327.51937766333737
-120.68062233666299
-133.28062233666444
233.71937766333716
-331.080622336667
-414.88062233666074
-169.880622336662
78.51937766333648
1179.7193776633305
529.9193776633387
231.91937766333658
-204.48062233666477
65.51937766333509
110.1193776633371
12.319377663335818
-877.480622336664
-1078.2806223366729
-861.2806223366663
-432.88062233666886
-412.88062233666165
-701.8806223366678
-593.4806223366622
-398.8806223366615
-195.48062233666198
96.91937766333471
-196.88062233666346
188.51937766333612
56.919377663336526
-59.28062233666207
161.11937766333617
73.91937766333521
-810.4806223366618
-297.48062233666496
-290.88062233666284
-952.2806223366678
-433.08062233666874
142.91937766333405
45.51937766333682
-103.6806223366638
8.31937766333558
1141.3193776633248
-17.2806223366594
-123.88062233666477
-362.68062233666467
49.91937766333698
-184.48062233666298
-104.48062233666222
-445.48062233666303
-590.8806223366628
-272.08062233666453
-28.880622336663894
769.5193776633397
770.3193776633351
571.3193776633395
885.9193776633315
633.7193776633413
334.71937766333826
238.71937766333392
677.9193776633338
964.5193776633383
561.7193776633363
704.7193776633335
490.31937766333584
-253.68062233666603
366.1193776633375
201.319377663337
-360.08062233666385
-99.48062233666452
297.1193776633367
543.1193776633353
972.9193776633309
800.319377663329
