26.737828349733523
852.1378283497355
1074.9378283497324
788.1378283497378
616.9378283497362
-452.26217165027225
113.13782834973182
-280.8621716502677
139.13782834973347
1501.3378283497457
61.73782834973142
-522.2621716502744
-674.66217165026
-930.2621716502583
-540.262171650271
-371.2621716502662
-247.86217165026372
-365.26217165027293
-1281.2621716502533
-556.0621716502662
207.53782834973183
-564.8621716502732
-1000.0621716502671
-951.8621716502673
-98.66217165027045
-397.4621716502711
325.9378283497383
657.5378283497253
695.1378283497397
168.33782834973815
-612.8621716502673
-26.062171650266645
191.9378283497339
733.7378283497318
421.5378283497308
506.7378283497371
-569.8621716502648
-129.8621716502647
230.7378283497379
369.3378283497346
-63.06217165026142
740.3378283497387
595.7378283497435
331.7378283497357
-698.8621716502635
-319.6621716502671
962.3378283497397
542.5378283497399
442.9378283497341
714.1378283497318
-117.66217165026691
-18.062171650268674
78.33782834973425
731.1378283497303
-62.06217165026796
396.53782834973276
672.7378283497357
-560.8621716502656
830.737828349727
161.93782834973112
368.93782834973837
747.3378283497383
239.537828349737
25.73782834973512
351.3378283497278
841.3378283497249
-244.86217165026503
-6.262171650261664
-955.8621716502674
-262.6621716502675
392.73782834973264
345.33782834973414
1012.5378283497313
1077.7378283497255
401.1378283497302
1121.1378283497374
-823.6621716502699
-848.0621716502696
1239.3378283497416
490.33782834972686
28.73782834973717
-45.86217165026448
-463.26217165026935
-279.4621716502739
-1307.462171650271
288.9378283497379
524.7378283497294
879.7378283497383
1789.9378283497454
419.33782834973596
673.1378283497332
-1062.8621716502605
-512.6621716502701
424.3378283497329
723.5378283497249
-148.26217165026955
152.93782834973317
385.93782834973615
-462.4621716502669
-862.462171650265
-544.0621716502636
59.537828349733736
602.5378283497304
-694.2621716502747
-217.46217165026457
18.337828349730103
-301.2621716502714
1177.1378283497354
521.3378283497334
-822.4621716502689
255.73782834973443
93.53782834972901
-151.26217165026497
-594.0621716502742
-1108.662171650256
-1073.6621716502711
-251.06217165027
468.5378283497308
462.7378283497308
-420.8621716502739
-122.06217165026928
-628.862171650269
-752.2621716502656
-1023.4621716502646
-891.4621716502737
-546.2621716502747
515.7378283497403
-90.86217165026798
294.33782834973414
466.73782834971945
578.1378283497316
-91.26217165026485
5.337828349733286
78.53782834973329
-208.0621716502677
-265.2621716502617
851.337828349731
-96.6621716502684
-987.4621716502405
792.7378283497328
1296.1378283497327
7.737828349730361
652.7378283497357
-92.26217165026695
-647.2621716502692
-908.0621716502684
-669.8621716502746
139.3378283497313
801.1378283497288
1536.937828349723
1485.1378283497452
-476.8621716502678
-536.4621716502648
-1201.2621716502665
-745.0621716502683
-107.66217165026738
758.337828349736
-1157.6621716502682
-66.46217165026567
1277.1378283497313
1323.5378283497512
334.5378283497364
532.7378283497353
747.3378283497336
-171.8621716502669
-1289.0621716502606
76.13782834973321
480.93782834973536
924.3378283497278
-1060.2621716502679
-1048.8621716502635
573.937828349735
-102.66217165026853
459.9378283497347
262.13782834973205
-1129.6621716502664
-1386.4621716502681
-1537.4621716502677
519.5378283497284
677.9378283497391
-51.06217165026684
299.7378283497302
952.9378283497131
217.93782834973436
151.93782834973595
-46.66217165026725
-337.2621716502734
-808.0621716502659
-297.0621716502662
-683.0621716502706
-716.2621716502681
631.3378283497248
577.7378283497317
621.537828349732
138.93782834973422
-59.86217165026601
-294.8621716502623
-413.4621716502648
-334.2621716502666
696.9378283497227
1004.7378283497239
-219.66217165026796
388.33782834973175
619.9378283497334
862.3378283497268
1021.3378283497349
52.337828349732575
-571.4621716502721
805.3378283497273
312.53782834973845
-42.262171650267135
-753.8621716502739
-106.26217165026725
453.33782834972374
210.93782834973325
-773.2621716502665
306.5378283497349
-308.86217165026494
-680.462171650266
-1543.0621716502637
-1246.8621716502678
230.9378283497333
-576.6621716502663
-457.6621716502709
535.3378283497306
705.5378283497394
395.7378283497332
-507.2621716502659
607.9378283497317
458.13782834973387
-210.0621716502631
159.73782834973352
248.3378283497344
-533.4621716502655
835.1378283497356
886.1378283497293
489.5378283497297
-148.06217165026885
-706.462171650266
-138.4621716502648
265.13782834973443
-226.46217165026894
662.337828349737
-126.46217165026721
640.7378283497355
-660.462171650262
-902.26217165027
116.93782834973416
90.73782834973342
-280.86217165026636
-162.4621716502661
-395.0621716502713
-1426.262171650256
142.33782834973545
811.3378283497277
45.53782834973244
-177.26217165026407
315.3378283497388
1145.3378283497314
326.33782834973437
340.73782834973514
1712.9378283497579
-70.26217165026893
-473.06217165027493
-927.8621716502633
-1204.4621716502634
103.73782834973899
17.737828349730577
1067.13782834973
1119.5378283497391
-134.66217165026742
-861.262171650267
-949.8621716502653
-1042.8621716502696
573.537828349736
1549.5378283497373
1533.9378283497324
483.1378283497247
110.33782834973283
1316.3378283497248
-781.2621716502673
133.7378283497318
554.9378283497256
482.5378283497355
-139.06217165026814
325.3378283497371
3.3378283497342967
-573.8621716502724
-225.262171650266
-141.0621716502683
837.7378283497342
-21.6621716502678
-141.26217165026517
1651.137828349739
220.33782834973442
-1078.0621716502667
-1180.2621716502667
-317.66217165026603
87.9378283497369
503.737828349727
853.5378283497337
461.9378283497318
948.5378283497349
247.93782834973936
864.7378283497354
1400.1378283497343
325.1378283497311
1519.3378283497373
751.7378283497334
1758.537828349733
1606.1378283497274
1.3378283497335062
-497.86217165026204
383.9378283497331
700.3378283497334
174.53782834973455
-128.86217165026844
40.9378283497329
-287.86217165026443
-90.86217165027298
-120.6621716502643
-1074.462171650266
-884.2621716502667
-132.86217165026875
135.93782834973098
656.9378283497249
82.13782834973325
-719.4621716502617
-1033.4621716502688
-570.2621716502663
-505.66217165026643
764.337828349731
1084.7378283497328
520.7378283497316
1392.137828349738
862.5378283497344
539.9378283497238
1742.1378283497502
130.1378283497306
-348.26217165026793
-82.46217165026758
876.7378283497189
1410.7378283497205
-289.26217165026657
206.53782834973458
-290.06217165026663
-264.06217165026794
-262.0621716502627
-87.4621716502653
-40.862171650263406
-409.06217165026686
-217.6621716502731
-114.66217165026411
379.53782834974015
-751.062171650256
-131.8621716502597
188.33782834973516
11.337828349736302
263.7378283497267
787.937828349732
727.1378283497295
-251.26217165026543
-447.06217165027
-635.6621716502682
896.3378283497323
657.137828349732
481.53782834973373
749.1378283497329
-252.0621716502662
797.7378283497264
710.5378283497345
290.5378283497282
1225.9378283497372
554.3378283497301
495.1378283497241
352.1378283497211
87.93782834973427
-342.26217165027026
-664.6621716502665
-92.2621716502687
-1194.0621716502562
583.7378283497309
586.9378283497314
-871.4621716502685
-260.662171650267
942.1378283497422
113.33782834973584
487.1378283497415
979.9378283497352
-215.862171650266
-496.4621716502707
990.9378283497351
884.7378283497349
796.7378283497346
-207.86217165026628
-412.062171650269
-265.06217165026464
495.7378283497362
535.7378283497349
1002.9378283497313
513.337828349732
-534.0621716502646
304.9378283497325
462.1378283497312
-83.86217165026505
35.73782834973476
1156.7378283497328
167.93782834972922
-887.2621716502655
-281.66217165026865
-234.06217165026766
73.73782834973488
-659.2621716502622
-706.86217165026
-938.4621716502662
-1453.4621716502706
-267.0621716502645
-137.66217165026578
-1095.0621716502867
-796.6621716502626
-281.4621716502721
159.13782834973546
-76.462171650269
161.33782834973323
498.1378283497332
1099.5378283497328
736.1378283497271
-368.66217165026654
-942.862171650259
299.93782834973524
-215.4621716502725
-159.2621716502685
-112.46217165026644
119.53782834973481
-617.2621716502736
1585.137828349731
157.73782834973593
-661.4621716502678
974.9378283497335
254.1378283497315
-425.46217165027053
-1065.4621716502766
-155.86217165026858
485.13782834973034
-265.26217165026867
139.7378283497366
-1149.2621716502636
-186.6621716502649
683.1378283497296
63.937828349731916
-510.4621716502664
-819.8621716502836
-564.6621716502689
1295.937828349733
-88.66217165026605
-858.2621716502596
179.73782834973008
509.1378283497328
362.1378283497336
632.137828349726
374.1378283497317
10.337828349730863
-1049.2621716502515
-708.6621716502741
-762.2621716502595
-527.4621716502799
-1082.8621716502644
-87.46217165026884
-60.66217165027092
1078.7378283497317
-12.062171650268297
-935.6621716502668
233.93782834973493
-58.66217165026791
293.5378283497297
910.5378283497323
-412.062171650267
-364.86217165026693
342.33782834973323
-1012.0621716502659
-191.8621716502656
751.9378283497174
144.53782834973416
-326.8621716502728
-192.06217165027445
569.1378283497306
-700.6621716502673
-928.4621716502742
-1389.262171650273
203.5378283497332
-228.4621716502715
96.33782834973465
361.9378283497335
-1110.0621716502628
-951.2621716502692
176.73782834973107
-595.2621716502664
-1833.0621716502542
-1204.6621716502502
-323.0621716502765
-392.4621716502709
-550.2621716502742
-1317.2621716502883
28.337828349733734
842.7378283497328
-106.26217165026708
-30.46217165027317
-627.6621716502651
-1521.462171650273
-1234.8621716502682
137.53782834973393
-702.4621716502644
-647.6621716502641
700.5378283497354
-577.6621716502669
170.73782834973315
-452.4621716502703
-461.66217165027075
216.13782834973696
662.3378283497257
-1134.2621716502663
-931.2621716502729
704.537828349731
-432.46217165026843
-746.8621716502628
-1611.462171650262
-843.662171650273
-246.2621716502687
-561.0621716502662
-734.4621716502716
-1274.862171650271
331.5378283497333
-794.4621716502655
-649.4621716502662
12.137828349731315
835.7378283497277
670.1378283497305
-1399.6621716502736
898.3378283497366
666.9378283497317
-554.8621716502668
-718.6621716502709
775.5378283497369
1211.337828349735
-726.2621716502696
276.13782834973404
-1075.06217165026
180.5378283497298
-743.6621716502782
-262.0621716502679
1113.537828349733
187.3378283497387
300.93782834973473
-2140.462171650287
-707.2621716502624
-1200.4621716502743
-352.86217165026625
-602.4621716502694
-1054.4621716502616
232.9378283497339
196.13782834973017
508.73782834973355
335.5378283497354
-52.86217165026885
-240.4621716502706
23.937828349731188
-130.66217165026936
-935.0621716502641
-232.66217165026856
-1692.8621716502673
-359.262171650259
400.7378283497347
679.3378283497327
505.53782834973305
122.73782834973431
271.3378283497301
225.7378283497359
321.7378283497347
-1604.4621716502572
-433.46217165026815
97.53782834973153
669.3378283497298
92.73782834973439
97.93782834973454
44.73782834973393
-840.8621716502693
-1426.2621716502615
-535.8621716502636
251.73782834973179
90.53782834973325
-993.6621716502757
961.1378283497336
-138.2621716502663
-984.4621716502769
-520.862171650266
37.737828349736
244.7378283497377
126.33782834973117
-946.0621716502392
-2036.2621716502574
-376.0621716502665
-1390.8621716502678
-684.8621716502784
-1111.2621716502665
128.53782834973651
595.5378283497229
-337.06217165026976
-551.8621716502674
817.537828349734
-605.6621716502668
-1470.2621716502683
435.1378283497332
482.9378283497409
1360.137828349718
1072.5378283497346
58.13782834973542
-268.26217165026736
183.53782834973302
-197.4621716502533
684.1378283497282
-149.66217165027476
180.33782834973215
-492.6621716502605
1113.1378283497304
1033.3378283497289
319.1378283497307
-502.4621716502605
1108.5378283497423
487.5378283497297
222.13782834973193
-888.8621716502647
-993.4621716502511
-564.2621716502766
201.73782834973235
51.137828349728125
-153.66217165027183
274.3378283497334
657.5378283497421
-596.4621716502692
-597.0621716502685
1437.5378283497348
-29.66217165026753
-342.6621716502658
17.33782834973458
84.33782834973154
875.337828349732
534.1378283497254
-225.86217165027298
544.1378283497377
34.737828349726044
-1173.662171650269
-897.2621716502547
442.7378283497337
1434.1378283497406
688.5378283497358
881.9378283497316
697.5378283497282
1296.7378283497278
574.5378283497369
1120.337828349743
304.93782834973223
-1088.0621716502594
-26.862171650269737
-432.8621716502651
849.9378283497294
1481.737828349728
-197.26217165026597
551.1378283497376
483.33782834973476
758.9378283497364
273.33782834973226
-552.0621716502687
1035.3378283497468
-815.6621716502648
-345.66217165026416
-385.8621716502665
-98.66217165026765
220.73782834973133
-115.86217165027101
1202.3378283497327
859.1378283497359
428.13782834973165
-666.8621716502709
-17.86217165026759
1440.3378283497402
-776.8621716502731
-392.462171650267
-184.66217165027228
-391.4621716502655
-677.4621716502741
244.53782834973345
356.5378283497263
275.13782834973586
-296.06217165026817
611.9378283497335
-754.4621716502606
1159.3378283497316
714.9378283497367
597.5378283497312
278.3378283497299
448.53782834973777
324.1378283497372
901.9378283497251
-663.262171650259
1173.737828349745
121.13782834973392
-484.0621716502633
-68.66217165026782
685.3378283497414
660.1378283497356
672.3378283497336
1091.9378283497442
749.7378283497326
380.73782834973264
599.1378283497359
-165.0621716502732
259.93782834973285
-308.8621716502672
-247.8621716502667
-181.86217165026844
353.337828349738
292.93782834973825
-365.6621716502668
-675.6621716502613
-382.8621716502671
-215.26217165026657
469.13782834973415
-103.26217165026695
-393.2621716502667
-249.6621716502642
555.5378283497366
-500.46217165026667
-1604.0621716502626
-254.06217165026715
1092.3378283497204
-1242.4621716502718
725.7378283497358
48.53782834973329
509.53782834973134
717.5378283497333
-1413.4621716502636
-196.46217165026638
283.7378283497344
-242.4621716502652
-334.26217165027265
-140.662171650269
-451.4621716502674
154.737828349736
832.3378283497419
1169.337828349731
506.33782834973243
223.93782834973388
-15.662171650269595
-799.462171650262
-415.2621716502647
-891.2621716502723
-497.2621716502697
43.9378283497383
-100.8621716502684
-385.2621716502685
-448.0621716502707
508.1378283497333
-442.46217165026934
81.73782834973237
-493.26217165027333
570.9378283497325
784.9378283497241
-950.0621716502682
-1248.062171650264
-164.86217165026923
1371.7378283497287
606.9378283497318
-1759.6621716502798
-1345.6621716502736
-58.26217165026594
636.7378283497359
109.73782834973662
108.53782834973799
-422.2621716502651
246.13782834973156
303.93782834973473
-66.66217165026268
-391.86217165027136
-197.46217165026883
-917.0621716502687
-10.66217165026669
1397.537828349726
608.1378283497293
208.73782834973508
831.7378283497384
275.53782834973987
-93.6621716502649
-156.2621716502668
504.3378283497406
-536.2621716502678
580.3378283497292
216.7378283497337
-169.2621716502663
-167.86217165026406
-808.6621716502653
-1019.6621716502661
-246.8621716502688
-323.2621716502694
-712.2621716502639
-217.66217165026762
292.5378283497348
-677.0621716502646
-721.0621716502652
84.13782834973111
1118.5378283497373
1059.9378283497424
-119.06217165026612
-293.462171650261
-264.46217165026746
-586.6621716502699
336.7378283497332
-547.4621716502637
64.33782834973671
274.3378283497332
-74.46217165026832
536.7378283497344
1497.9378283497406
95.73782834973198
670.3378283497292
83.33782834973604
-455.0621716502658
-725.2621716502653
-262.4621716502727
-385.2621716502628
-863.6621716502777
-437.4621716502672
-1569.862171650268
-910.2621716502681
-314.4621716502685
-577.0621716502725
889.5378283497279
1446.337828349742
13.537828349732909
-1401.4621716502725
-800.4621716502652
-98.46217165026343
524.5378283497415
409.93782834973337
136.53782834973887
491.53782834973555
260.73782834973883
1275.9378283497488
1875.7378283497646
-140.26217165026878
316.3378283497361
92.9378283497344
75.33782834973319
634.9378283497316
1876.1378283497131
97.73782834973396
-3.8621716502688557
658.937828349732
-113.86217165026693
-199.6621716502671
-29.262171650266076
-32.06217165026389
468.53782834973765
487.1378283497357
1034.5378283497341
-183.06217165026962
869.1378283497376
316.1378283497361
1025.937828349727
349.33782834972874
-802.4621716502606
-1240.46217165027
173.1378283497361
798.7378283497289
95.33782834973401
550.1378283497337
547.337828349739
887.9378283497429
722.1378283497318
1166.5378283497296
1444.5378283497168
186.337828349734
151.93782834973283
824.937828349737
887.5378283497375
971.1378283497346
423.3378283497371
-258.2621716502681
255.73782834973068
-219.062171650269
568.5378283497402
89.73782834973444
-195.46217165027144
182.53782834973248
-97.66217165026544
-377.46217165026485
838.3378283497299
-321.8621716502693
60.13782834973067
-265.46217165026593
-473.86217165026625
-732.2621716502678
403.73782834973406
-41.26217165026888
1181.9378283497176
1139.3378283497325
-38.86217165026817
637.5378283497375
395.9378283497324
1778.1378283497406
525.7378283497335
-782.0621716502704
-938.6621716502721
685.7378283497293
35.137828349733056
508.13782834972693
1772.5378283497373
1706.3378283497193
348.5378283497298
-338.4621716502644
-228.26217165026327
-969.2621716502648
-108.46217165027007
1063.1378283497413
566.7378283497361
-46.86217165026514
832.5378283497333
-738.4621716502702
-683.2621716502686
-1374.4621716502684
-140.66217165027243
-149.66217165027248
596.5378283497323
-62.46217165027054
162.93782834973644
455.3378283497321
-241.26217165026694
48.937828349733365
-242.6621716502674
-308.2621716502616
-428.8621716502696
627.3378283497277
868.5378283497306
708.5378283497276
-1284.2621716502615
-175.66217165026748
-200.06217165027024
-858.2621716502703
-462.4621716502708
1422.1378283497509
885.537828349734
-615.2621716502654
122.53782834973501
106.73782834973262
910.137828349729
969.5378283497284
-74.26217165026675
117.53782834973256
758.3378283497349
949.7378283497329
-360.6621716502692
-1030.0621716502762
165.13782834973128
-80.4621716502656
862.3378283497397
-234.86217165026682
-149.4621716502653
276.5378283497309
-754.6621716502588
-155.06217165026766
-691.0621716502645
-203.46217165026871
385.13782834973523
137.73782834973187
-176.2621716502672
208.73782834973852
-275.4621716502643
-1132.0621716502653
-725.2621716502692
404.73782834973764
-382.46217165026815
-562.4621716502716
368.93782834973143
-529.0621716502774
855.3378283497324
401.13782834973495
-53.26217165026835
56.337828349731076
-116.46217165026741
221.13782834973642
797.3378283497358
1175.5378283497241
1252.3378283497193
864.537828349733
65.93782834972819
394.53782834973316
177.73782834973468
-271.4621716502669
-420.46217165027184
-980.8621716502566
-1182.2621716502608
-119.26217165026615
-547.0621716502644
65.53782834972839
79.3378283497337
407.5378283497293
-367.66217165026956
-508.46217165026803
-98.06217165026533
-628.6621716502665
-1301.462171650274
642.5378283497356
799.9378283497317
-592.8621716502689
-778.4621716502588
643.3378283497377
795.7378283497345
-865.4621716502727
-1354.0621716502633
526.137828349728
422.33782834973
-1065.2621716502615
-217.4621716502739
870.3378283497308
791.3378283497359
1410.9378283497133
952.1378283497262
942.9378283497432
938.9378283497318
517.9378283497334
-765.2621716502583
-295.86217165026693
-856.4621716502725
-494.66217165026563
741.1378283497271
-538.6621716502635
-515.8621716502763
-313.8621716502667
-967.0621716502785
-867.262171650277
-529.2621716502701
-354.6621716502672
-871.8621716502801
-1716.462171650272
-302.4621716502705
560.1378283497287
-115.86217165026544
-810.6621716502702
-1064.8621716502666
-410.66217165027405
-465.0621716502677
267.5378283497346
-33.462171650263485
330.53782834973305
256.7378283497391
-320.06217165026806
165.33782834973468
267.73782834973395
996.5378283497432
465.33782834973243
1085.5378283497378
200.93782834972808
425.3378283497335
308.13782834973136
-41.862171650264976
-489.4621716502637
298.3378283497352
221.5378283497309
122.93782834973163
-443.66217165026507
-179.66217165026768
670.7378283497295
69.93782834973351
-296.2621716502652
-205.26217165027205
-662.662171650265
245.7378283497364
365.7378283497306
783.5378283497299
-140.86217165026764
177.93782834972876
229.737828349733
-791.6621716502701
701.5378283497296
-338.2621716502645
109.9378283497208
975.5378283497375
624.9378283497289
191.33782834972962
353.53782834973595
1202.337828349734
322.5378283497341
1215.7378283497271
318.13782834972807
854.1378283497286
968.7378283497362
266.13782834973136
1074.1378283497318
1125.9378283497297
-56.26217165026834
570.9378283497292
-1222.6621716502611
-1180.8621716502676
753.7378283497295
-172.0621716502666
-438.26217165026344
-459.4621716502663
-897.4621716502695
-287.86217165026466
-1365.0621716502787
-461.6621716502665
-227.26217165026728
314.13782834973205
1494.9378283497358
236.93782834973305
777.9378283497329
-946.8621716502618
-638.6621716502666
283.1378283497353
930.1378283497436
311.3378283497307
688.3378283497351
745.9378283497306
285.9378283497377
240.13782834973415
391.1378283497415
1349.5378283497225
1325.5378283497403
-520.0621716502772
167.73782834973196
277.3378283497337
-414.8621716502659
710.5378283497429
-347.2621716502734
-1258.862171650274
-111.06217165026784
-297.2621716502635
204.9378283497374
195.33782834973402
-839.8621716502743
-1102.46217165028
-624.66217165027
-277.2621716502671
-252.86217165026395
-819.4621716502693
82.13782834973155
-471.4621716502714
-341.26217165026713
-113.0621716502666
-478.4621716502689
-553.262171650271
462.13782834972733
109.93782834973088
874.7378283497438
333.3378283497329
629.5378283497306
424.9378283497368
1002.1378283497439
1226.5378283497416
261.93782834973206
-127.26217165026574
1402.537828349744
361.7378283497337
-712.6621716502685
624.9378283497302
581.3378283497332
-480.26217165027424
412.1378283497336
-80.06217165026688
430.9378283497351
579.7378283497329
-20.862171650270042
-363.6621716502714
-199.86217165027168
744.137828349734
689.7378283497325
-597.2621716502656
-72.46217165026783
-687.462171650267
143.33782834973312
1205.3378283497318
1750.137828349721
-472.6621716502673
-56.862171650267115
1003.5378283497281
1382.7378283497337
-147.66217165026814
-50.66217165026588
878.1378283497302
618.7378283497322
-733.462171650267
12.137828349733851
574.93782834973
1578.7378283497305
-555.6621716502646
-722.6621716502716
367.9378283497335
-529.0621716502684
-241.0621716502664
-39.462171650267514
-833.4621716502709
-293.6621716502665
-422.2621716502707
882.5378283497378
175.13782834973279
-1160.4621716502643
-422.66217165026285
187.5378283497361
-83.86217165026788
479.1378283497316
318.9378283497344
350.3378283497333
528.1378283497297
1027.5378283497264
173.73782834973287
-648.4621716502718
-28.462171650267145
338.93782834973126
46.53782834973108
-622.6621716502691
-508.66217165026455
-464.6621716502657
-739.8621716502679
-683.2621716502626
902.7378283497361
1444.9378283497383
-34.46217165026353
691.3378283497343
621.5378283497345
869.5378283497355
1323.3378283497243
823.1378283497346
484.73782834973366
1920.337828349717
832.7378283497245
40.337828349735126
-822.8621716502768
-443.662171650263
503.33782834972874
185.73782834974074
-925.8621716502624
524.9378283497326
139.13782834973344
185.13782834973154
-111.46217165027088
271.9378283497351
913.53782834973
-380.06217165026794
-639.0621716502648
595.1378283497302
197.13782834973435
-357.062171650271
-946.0621716502691
216.13782834973574
-313.2621716502648
-1004.6621716502636
-2.8621716502702554
435.9378283497378
-348.2621716502659
1065.137828349733
809.7378283497229
452.7378283497288
390.53782834973606
137.53782834973114
944.7378283497401
1302.5378283497364
338.93782834972825
886.9378283497379
24.93782834972993
622.1378283497361
-0.062171650266492406
-283.4621716502637
479.937828349735
467.1378283497388
-167.06217165026476
269.33782834974005
897.9378283497325
-84.06217165026793
582.3378283497335
737.1378283497298
-11.862171650267147
28.93782834973637
268.9378283497336
763.5378283497298
-123.86217165026524
-306.66217165026694
493.5378283497297
-937.6621716502697
-413.86217165025977
-282.6621716502757
-647.4621716502684
-61.06217165026546
-535.8621716502612
467.1378283497333
904.9378283497272
-370.26217165026713
-250.66217165026865
-48.462171650265596
-222.06217165026936
1196.137828349726
1407.7378283497435
981.737828349732
284.5378283497249
-60.6621716502671
1201.3378283497414
-1024.0621716502696
-199.4621716502669
554.1378283497345
924.5378283497264
664.3378283497341
833.1378283497339
124.73782834973454
-876.4621716502663
-482.26217165026947
134.53782834973228
774.7378283497408
-379.2621716502616
-543.6621716502701
1111.9378283497447
-137.86217165027014
-680.6621716502708
-109.66217165026714
382.53782834973714
179.13782834973253
219.9378283497352
467.5378283497341
704.3378283497267
958.9378283497406
600.9378283497372
1992.1378283497404
2259.137828349733
956.5378283497265
1637.1378283497459
588.3378283497357
1135.7378283497358
971.5378283497382
-466.6621716502706
-861.4621716502539
233.13782834973097
648.137828349732
-78.86217165026912
131.73782834973156
711.3378283497368
376.3378283497285
-206.06217165026922
-290.26217165026657
-268.66217165026836
-437.8621716502648
-327.26217165027356
-166.86217165027173
736.1378283497271
28.337828349731954
-430.6621716502717
-451.86217165026875
-11.66217165026578
20.53782834973085
557.9378283497363
874.9378283497374
916.7378283497457
1750.7378283497353
1128.1378283497231
1377.737828349726
2316.3378283497345
462.13782834971954
322.7378283497359
180.13782834973495
392.5378283497311
991.7378283497314
-154.0621716502641
816.337828349731
-2.262171650268847
-218.26217165026736
-39.06217165027101
338.33782834973545
309.93782834972853
72.9378283497345
-229.66217165026322
-287.86217165026835
1264.5378283497305
-402.262171650265
-402.6621716502713
-655.0621716502743
-377.0621716502646
53.937828349731625
669.7378283497395
372.13782834973756
-145.26217165027134
-34.462171650265574
-988.6621716502732
829.1378283497374
1161.9378283497379
1070.3378283497411
1541.5378283497275
830.7378283497402
1805.5378283497323
1424.5378283497369
814.7378283497134
1420.3378283497332
-42.862171650261836
-375.66217165026603
392.337828349722
1034.3378283497382
448.53782834973083
-392.46217165026405
81.33782834973135
-822.2621716502647
625.9378283497388
886.3378283497325
-728.6621716502734
-309.6621716502621
1252.5378283497173
-208.66217165026603
-282.66217165026615
60.73782834973372
-916.2621716502656
-761.4621716502651
464.33782834973755
-376.6621716502636
140.33782834973707
162.73782834972812
152.1378283497329
384.1378283497346
1090.137828349727
1398.3378283497168
2260.3378283497677
2208.7378283497337
1002.3378283497337
1352.7378283497303
1075.1378283497193
103.33782834972358
-670.462171650271
-20.662171650266412
-163.0621716502664
-487.4621716502685
346.93782834972967
-128.26217165026836
-521.0621716502634
-682.6621716502693
-764.4621716502741
-662.0621716502703
-1278.862171650271
-300.6621716502657
-542.2621716502694
-1696.6621716502495
-1973.4621716502663
-1138.0621716502667
-315.46217165026684
-302.26217165026645
-341.662171650264
-588.8621716502662
388.53782834972776
1230.9378283497413
642.9378283497388
21.53782834973356
1439.7378283497537
1388.5378283497146
2576.7378283497296
2612.53782834972
2179.737828349742
873.7378283497325
2472.9378283496826
963.1378283497502
-742.8621716502678
267.1378283497299
-203.2621716502678
-645.2621716502713
-1296.662171650255
-751.4621716502621
-18.062171650267256
66.5378283497291
79.73782834973841
-1015.6621716502679
-225.0621716502698
688.1378283497407
-962.2621716502598
-1195.462171650275
-1756.2621716502645
-1631.8621716502698
579.3378283497332
-354.26217165026776
-1066.6621716502768
-348.2621716502652
60.537828349732806
713.1378283497379
1025.1378283497347
1118.1378283497227
1789.9378283497374
1509.9378283497379
2552.3378283497154
2487.337828349727
2241.7378283497137
939.1378283497273
1263.7378283497342
1195.7378283497408
1594.7378283497405
-16.66217165026651
-1133.6621716502748
9.737828349735437
-918.462171650263
-833.4621716502655
421.1378283497275
-130.26217165026557
-571.862171650267
-145.86217165026744
-1782.462171650269
-416.262171650268
-310.66217165026933
-33.66217165026802
-541.062171650261
-762.4621716502702
120.13782834973482
-742.0621716502708
-861.4621716502744
-1301.6621716502618
437.33782834973306
263.1378283497367
43.13782834972787
995.7378283497363
1251.337828349727
2465.737828349745
3584.1378283497165
2782.937828349705
1605.7378283496944
1559.3378283497257
1756.7378283497137
1351.3378283497404
863.737828349733
-400.46217165027116
99.93782834973848
354.1378283497234
-1249.8621716502767
-1242.8621716502637
-1433.4621716502554
-1616.8621716502498
-1927.662171650235
-528.0621716502703
-1416.262171650273
-692.4621716502651
334.73782834973156
-323.46217165026735
88.1378283497376
-796.2621716502641
-1186.8621716502732
-589.8621716502644
130.13782834973082
-889.0621716502693
-15.462171650265283
1651.5378283497134
99.53782834972779
241.33782834973763
897.1378283497295
2657.337828349713
2912.937828349706
2088.9378283497326
2105.1378283497206
1538.9378283497285
2530.5378283497444
1421.1378283497422
1000.1378283497486
1263.9378283497317
1438.5378283497682
1020.937828349732
-1407.8621716502712
-351.66217165026876
-851.8621716502732
-1437.8621716502623
-1775.2621716502597
372.5378283497315
1255.737828349727
-678.8621716502689
42.33782834973036
-1268.0621716502599
-110.46217165026265
-1560.6621716502666
-1607.062171650265
-421.2621716502656
-846.862171650266
341.3378283497315
-1403.862171650271
299.5378283497401
113.93782834973152
1416.537828349721
2132.937828349715
1981.3378283497334
2034.1378283497472
1351.7378283497321
2286.137828349739
2652.5378283497607
2064.537828349734
1765.1378283497315
1381.7378283497367
828.5378283497338
-178.06217165026018
699.5378283497422
-1018.862171650271
-1022.6621716502596
-709.0621716502646
-249.26217165026836
-717.66217165027
65.53782834973165
644.7378283497336
38.93782834973606
258.5378283497308
-1912.2621716502722
-559.8621716502705
-629.0621716502723
-435.46217165026735
-1307.4621716502443
-831.2621716502678
-80.86217165026738
52.93782834973404
-197.66217165026893
722.1378283497464
1851.1378283497677
2082.9378283497213
1213.7378283497167
2234.3378283497423
602.3378283497296
560.1378283497328
1211.5378283497246
1642.5378283497464
1558.737828349712
1060.3378283497286
-376.46217165026076
-1372.8621716502694
697.7378283497327
-487.66217165026785
-476.66217165027433
-1281.662171650271
-398.6621716502666
-397.4621716502671
-380.6621716502662
-157.46217165026871
1070.9378283497267
15.137828349732477
-1127.062171650271
424.73782834972974
-63.46217165026466
423.5378283497314
-274.26217165027015
-745.4621716502669
-768.8621716502602
460.93782834973365
694.3378283497323
714.3378283497348
222.53782834972966
1410.5378283497457
931.7378283497322
2371.5378283497485
1805.9378283497476
1466.7378283497324
792.5378283497134
2077.337828349725
1321.1378283497231
988.3378283497307
-106.06217165026666
-186.8621716502683
165.53782834973035
415.53782834973384
-55.462171650266924
-497.6621716502637
-496.4621716502725
-380.8621716502676
-1039.8621716502626
-405.0621716502695
1809.9378283497203
808.5378283497404
22.537828349733573
-35.062171650267935
-506.46217165026627
-83.26217165026682
-636.4621716502663
-1168.2621716502802
-302.46217165027156
-27.26217165026613
-656.8621716502668
-1656.4621716502695
-629.2621716502703
1054.7378283497433
1083.5378283497241
1776.9378283497538
1283.7378283497426
1692.337828349732
1147.5378283497269
1375.9378283497379
418.7378283497479
-508.0621716502669
528.5378283497324
-33.2621716502671
770.3378283497442
1160.537828349739
-462.2621716502702
265.53782834973543
-113.66217165026944
-68.062171650268
-502.26217165026526
-1041.0621716502785
606.9378283497385
-58.06217165026676
66.7378283497365
-505.86217165026653
-525.4621716502604
-472.46217165026815
-864.4621716502685
506.53782834973475
29.93782834973398
298.3378283497331
-269.6621716502667
-641.0621716502666
397.33782834973675
-1569.0621716502815
-444.46217165026684
578.7378283497386
375.53782834972884
50.93782834973314
743.3378283497362
177.13782834973267
28.13782834973253
-434.2621716502687
501.9378283497276
-1295.2621716502756
88.13782834973267
-396.8621716502685
17.937828349735327
268.9378283497298
474.53782834973504
-43.46217165026617
121.3378283497308
-1119.862171650271
1005.7378283497242
331.1378283497357
-520.4621716502666
-382.66217165026427
697.9378283497333
544.3378283497365
205.13782834973733
634.1378283497329
285.7378283497331
128.33782834972848
856.5378283497375
-682.2621716502729
-195.66217165026413
-1039.2621716502583
-704.2621716502673
260.1378283497375
817.937828349746
863.7378283497172
-179.8621716502687
-1171.2621716502574
-685.8621716502695
-521.0621716502634
285.13782834973694
-494.2621716502709
-806.0621716502795
-931.0621716502649
-19.462171650264636
-461.2621716502692
-1425.6621716502646
-987.262171650264
266.9378283497276
-1270.0621716502628
1222.1378283497256
-443.26217165026475
-116.46217165026736
559.1378283497252
-1050.462171650264
247.73782834973395
221.73782834973366
-506.46217165027656
-664.6621716502594
-666.4621716502683
-985.0621716502728
-686.462171650262
259.1378283497348
686.7378283497377
229.3378283497351
426.3378283497339
348.3378283497303
-589.4621716502695
-968.2621716502675
-1806.6621716502711
-1065.8621716502557
-233.662171650268
-319.662171650267
-420.0621716502703
-377.4621716502696
243.13782834973404
-601.6621716502699
283.5378283497323
-479.66217165027115
-301.46217165026445
491.73782834973696
-365.66217165026694
-379.06217165026715
-771.8621716502679
436.53782834973686
169.3378283497357
-1563.0621716502565
-647.8621716502598
200.7378283497352
763.737828349732
35.53782834973424
-593.862171650269
-1242.0621716502653
-458.2621716502699
-453.86217165027017
-435.4621716502631
-419.4621716502659
-170.26217165027447
-787.4621716502688
-224.4621716502644
517.5378283497324
-339.26217165026145
-467.8621716502622
414.7378283497344
-214.0621716502653
-189.26217165026844
-322.66217165026524
341.1378283497276
-292.2621716502669
844.5378283497256
55.137828349733944
-367.66217165026546
138.937828349733
184.13782834973398
150.53782834973558
-544.6621716502692
-1093.462171650265
-1445.2621716502679
-530.062171650269
819.5378283497325
-218.6621716502686
-402.2621716502707
-76.06217165026489
440.93782834973103
340.7378283497342
-440.86217165026767
-922.6621716502664
-701.662171650267
-889.4621716502704
-147.06217165026717
-1214.2621716502535
-863.2621716502648
-726.2621716502669
-904.062171650274
-449.0621716502662
24.93782834973367
-1016.062171650268
-68.46217165026741
-303.46217165026593
-449.0621716502696
-460.26217165027083
-48.66217165026984
-272.86217165026693
-672.8621716502695
160.93782834973302
-726.0621716502602
106.53782834973634
-539.0621716502668
-1373.4621716502709
-29.662171650266867
872.1378283497422
279.5378283497336
-583.8621716502639
-467.2621716502654
-682.862171650261
-582.2621716502659
-588.0621716502684
-790.2621716502641
-862.4621716502754
-775.8621716502782
361.93782834973183
646.3378283497412
-1415.2621716502892
-754.2621716502564
-1151.8621716502637
-1302.8621716502644
-838.4621716502699
130.53782834973134
-959.8621716502687
-907.662171650268
-144.86217165027008
-479.4621716502665
-251.66217165026728
34.73782834973363
-76.86217165026457
531.5378283497312
1282.1378283497297
1785.3378283497325
512.7378283497223
803.7378283497317
-150.26217165026642
701.7378283497278
720.3378283497386
-267.8621716502678
-702.6621716502701
70.93782834973132
-142.26217165027055
-1182.462171650277
-983.0621716502693
-1422.0621716502699
-1309.8621716502657
-930.6621716502593
-50.26217165026692
96.13782834973503
-964.2621716502731
-733.0621716502652
-674.4621716502733
-1091.8621716502755
-482.6621716502698
-547.8621716502719
-360.0621716502657
50.53782834973307
-843.0621716502744
235.73782834973204
4.937828349733337
-152.66217165026447
59.737828349737484
-248.2621716502682
90.93782834973067
1455.9378283497376
223.73782834973534
439.53782834973106
49.337828349735716
271.7378283497342
664.3378283497286
1184.1378283497265
146.737828349735
766.53782834974
-172.86217165026903
-1236.4621716502588
-901.2621716502629
-1423.4621716502645
-179.26217165026662
-737.8621716502732
-1694.862171650273
-1935.8621716502664
-213.2621716502689
-410.8621716502669
-489.062171650265
307.3378283497349
591.5378283497344
-249.8621716502655
-252.26217165026753
-306.06217165026766
-1218.4621716502652
57.13782834972996
857.1378283497256
141.9378283497375
-396.46217165026644
635.1378283497364
-488.462171650264
-108.8621716502628
-860.6621716502583
164.13782834973165
65.9378283497338
1319.1378283497156
980.7378283497289
999.937828349737
1132.3378283497284
146.93782834973254
-307.66217165026717
-308.46217165026826
-708.8621716502628
-1294.0621716502715
-441.26217165026736
308.5378283497357
442.3378283497327
-1360.8621716502582
-425.2621716502693
-96.86217165026831
-1032.462171650266
-976.0621716502673
684.5378283497364
385.3378283497346
-649.06217165027
-399.86217165025914
-286.8621716502719
1111.3378283497386
909.9378283497351
-302.4621716502674
-19.26217165026972
723.9378283497327
1163.7378283497317
293.9378283497343
-243.46217165027147
44.33782834973145
-372.26217165027197
774.9378283497325
-43.0621716502651
239.93782834973436
629.7378283497317
-190.66217165026862
370.33782834972766
-418.0621716502659
-339.86217165027034
-363.6621716502661
-769.8621716502647
-711.0621716502706
161.93782834973285
-35.262171650270304
-1129.8621716502735
-898.0621716502664
91.13782834973424
-954.2621716502711
-1405.8621716502785
-241.6621716502691
-946.6621716502494
143.1378283497366
125.53782834973299
261.7378283497279
-181.46217165026152
-416.66217165026524
-140.46217165026684
545.5378283497224
808.9378283497323
993.537828349744
998.3378283497426
-401.8621716502699
-43.86217165027337
50.13782834973366
120.53782834973526
-59.46217165026482
-615.2621716502742
-411.86217165026807
655.9378283497349
-217.86217165026693
-117.06217165026774
-531.4621716502671
-334.26217165026486
-607.6621716502735
-452.26217165026645
186.33782834973357
-213.26217165026637
-1042.8621716502762
505.5378283497357
593.9378283497327
-729.2621716502653
-841.4621716502656
629.5378283497304
648.937828349736
-436.06217165027084
-636.6621716502658
216.33782834973593
-389.8621716502671
-1794.0621716502665
-402.262171650267
330.1378283497335
264.7378283497354
1207.9378283497351
-2018.8621716502516
-1446.8621716502678
-1229.4621716502659
-939.6621716502611
-1645.2621716502626
-945.2621716502514
-2083.4621716502525
-1798.6621716502762
629.9378283497346
395.13782834973193
383.93782834973604
231.53782834973177
-264.06217165027016
-524.4621716502684
-635.8621716502659
-1109.4621716502752
-1300.2621716502904
-1121.2621716502656
276.5378283497333
448.33782834973084
-445.0621716502702
-1253.8621716502912
-1547.8621716502691
-1050.2621716502836
-1228.0621716502853
-856.662171650265
-958.2621716502691
-204.4621716502721
-1130.2621716502704
-1802.2621716502547
-1683.6621716502714
-2420.662171650263
-1441.6621716502689
-1597.8621716502644
-897.2621716502663
-1502.0621716502494
-924.4621716502695
-735.2621716502669
-1277.8621716502741
-1910.4621716502593
-419.8621716502637
738.5378283497375
1285.137828349746
528.3378283497274
728.7378283497313
854.9378283497338
-201.26217165026574
-923.462171650255
-113.06217165026776
386.7378283497398
1183.3378283497311
901.3378283497352
879.7378283497342
-527.0621716502646
-455.4621716502701
-285.662171650269
-1559.2621716502665
-195.46217165026994
-633.8621716502769
-130.66217165026518
-190.86217165026713
-643.4621716502763
-1205.0621716502733
-1556.6621716502584
-577.6621716502568
-1338.2621716502847
-896.0621716502638
-1426.86217165027
-603.0621716502678
-195.66217165026842
-863.0621716502719
-726.2621716502539
-169.26217165026696
-168.06217165026504
1047.537828349742
-419.4621716502684
-51.262171650267916
1188.7378283497337
-399.4621716502669
-496.66217165026706
132.3378283497284
307.13782834972915
986.9378283497318
-252.6621716502637
-87.46217165026293
-1102.662171650278
-525.8621716502677
1019.3378283497399
-303.4621716502668
410.1378283497333
-601.0621716502662
-74.26217165026662
51.13782834973217
318.33782834973107
-835.2621716502763
-1108.862171650267
-159.46217165026434
-1014.0621716502649
-1622.2621716502656
-940.8621716502734
390.33782834973425
661.9378283497318
-1653.6621716502675
-1788.8621716502535
-1485.2621716502838
-865.6621716502673
886.5378283497244
201.73782834973505
-525.4621716502697
539.7378283497346
-158.86217165026278
380.93782834974377
769.5378283497332
8.537828349732422
-159.46217165026937
-46.26217165027316
-578.2621716502707
-1424.462171650246
-1584.4621716502588
-115.86217165026595
-334.46217165026985
-372.4621716502643
115.13782834973541
74.53782834973518
-598.262171650268
81.13782834973023
-882.262171650266
-842.0621716502752
-39.06217165026473
27.537828349733566
-457.66217165026626
156.3378283497326
1009.5378283497305
189.13782834973648
-1189.6621716502648
-403.6621716502573
-1272.06217165026
-1223.0621716502833
977.3378283497326
1239.537828349733
202.73782834973426
1286.5378283497328
711.1378283497263
628.7378283497354
1005.7378283497388
-7.862171650265413
-206.6621716502676
-245.26217165026884
129.33782834973675
-282.46217165026826
-1086.26217165027
-134.26217165026875
-867.2621716502686
-237.462171650266
1149.5378283497466
1382.9378283497422
-1254.0621716502521
-717.4621716502656
51.13782834973387
121.73782834973154
-117.86217165026935
38.137828349730995
968.9378283497322
785.5378283497314
-109.66217165026546
-104.06217165026877
-635.6621716502688
257.53782834973293
-1768.662171650262
-1261.6621716502762
358.1378283497333
-660.8621716502694
-427.46217165026474
-345.8621716502724
-1253.662171650273
-1176.2621716502683
-1450.2621716502695
-71.66217165026629
-45.462171650268374
-1003.8621716502671
-559.0621716502618
-181.26217165026435
4.137828349733409
1091.1378283497286
162.73782834973633
-573.0621716502696
7.737828349737094
531.137828349741
-671.8621716502747
-1417.0621716502683
-1103.8621716502662
-825.8621716502727
-3.4621716502659234
-429.4621716502652
367.7378283497324
869.7378283497368
451.73782834972974
-312.06217165026794
301.5378283497273
598.1378283497291
-878.8621716502624
-68.66217165027095
-200.66217165026688
-336.06217165026277
337.5378283497288
52.13782834973284
-960.062171650264
-271.0621716502694
-1244.6621716502616
-1425.0621716502458
-1494.6621716502618
-679.6621716502677
521.3378283497383
543.7378283497271
-723.0621716502657
1261.7378283497192
645.1378283497351
-466.06217165026806
-674.4621716502717
-252.66217165026887
165.53782834973075
-960.8621716502698
-1305.462171650243
-223.66217165026555
42.73782834973435
-802.0621716502759
-1029.8621716502737
941.9378283497308
1009.5378283497358
310.93782834972967
732.3378283497367
719.3378283497309
-325.66217165026643
438.3378283497278
-407.0621716502697
-1533.2621716502674
-813.8621716502647
-383.66217165026694
-561.8621716502724
-1037.2621716502595
-1596.6621716502916
-629.0621716502543
-993.2621716502657
-117.26217165027381
-480.0621716502598
-278.2621716502709
363.73782834973167
183.53782834973427
-126.662171650266
-167.66217165026748
141.13782834973372
-993.4621716502793
-241.0621716502648
593.9378283497379
-60.06217165027295
80.93782834973318
-136.26217165026378
-689.6621716502708
-1973.8621716502614
-808.4621716502654
1350.7378283497296
406.1378283497306
367.73782834973525
26.937828349732534
-563.6621716502679
-424.8621716502648
-2115.862171650262
-1957.8621716502805
-814.4621716502651
-1165.462171650264
-1382.662171650237
-2213.6621716502636
-2452.26217165022
-571.8621716502578
325.53782834973487
114.93782834973358
-1089.662171650269
-1211.2621716502586
-235.26217165026674
-2408.2621716502504
-1066.0621716502628
-187.0621716502659
-42.462171650269
-471.26217165026634
148.33782834973815
97.7378283497312
-567.6621716502702
-154.06217165026817
-495.86217165027233
-508.06217165026663
-1800.0621716502708
-1269.6621716502564
1323.1378283497274
276.53782834973725
-470.4621716502739
-26.662171650266902
857.7378283497295
199.73782834972994
-1188.462171650277
-1324.4621716502497
-429.8621716502617
-18.262171650258466
-1348.8621716502712
-1019.262171650236
-516.2621716502608
-1161.0621716502387
100.7378283497336
-407.4621716502591
-616.4621716502687
-570.262171650265
-1760.8621716502362
-1880.0621716502744
-632.4621716502694
-151.06217165026513
-688.2621716502597
-423.2621716502651
419.73782834972786
192.1378283497307
93.13782834973199
-37.862171650267975
-190.86217165026395
-389.86217165026954
-455.26217165026463
-341.66217165026615
622.5378283497307
-193.06217165026666
-441.06217165026743
-457.66217165026416
30.73782834973305
-150.86217165026608
-338.6621716502736
-474.66217165025387
-527.062171650279
-153.6621716502607
-1842.2621716502704
-2067.4621716502697
-964.0621716502656
-2215.2621716502717
-1810.0621716502717
-1274.6621716502625
-1176.4621716502666
-422.06217165027056
-1612.8621716502846
-496.8621716502674
-772.6621716502714
-992.2621716502595
-463.46217165026513
361.73782834973304
621.1378283497331
219.13782834973173
487.73782834973264
188.53782834972327
1893.737828349724
271.73782834973326
-39.0621716502653
-218.8621716502676
121.13782834973631
473.3378283497386
246.33782834973363
-107.26217165026975
-553.862171650266
-631.2621716502688
-1694.8621716502219
-247.86217165027918
-1158.2621716502529
-1738.2621716502463
-2190.862171650261
-3118.8621716502375
-1793.262171650299
-1752.0621716502667
-1472.0621716502656
69.7378283497321
-1327.4621716502722
-1829.662171650278
-1313.0621716502649
-191.2621716502684
-57.66217165026703
-655.6621716502647
122.93782834973176
-376.06217165026806
1212.5378283497266
1170.1378283497288
195.73782834973585
672.3378283497306
1838.337828349743
443.9378283497319
197.73782834973514
448.3378283497289
-467.66217165026524
-462.86217165026954
-34.46217165026532
-578.6621716502688
-40.46217165026863
-398.26217165026407
-650.4621716502593
-525.062171650283
-698.262171650273
-2047.6621716502832
-2270.062171650286
-1822.0621716502635
-2156.0621716502847
-1848.262171650247
-876.66217165028
-980.2621716502534
-1843.2621716502547
-1282.462171650286
-821.4621716502688
-528.6621716502647
628.7378283497347
331.73782834973264
153.73782834973096
519.5378283497395
270.93782834973723
-76.46217165026452
-136.06217165026536
1209.5378283497237
330.3378283497345
-506.06217165026493
-621.662171650268
-709.8621716502697
29.337828349733567
-32.26217165026804
-532.4621716502645
-539.2621716502654
76.7378283497348
562.3378283497342
42.73782834973528
-653.2621716502772
-98.06217165027044
-2173.4621716502647
-2164.0621716502833
-1319.6621716502723
-1107.462171650259
-2269.0621716502615
175.73782834973667
-447.8621716502688
-1133.8621716502664
-143.66217165026822
-237.06217165026973
-219.6621716502679
-602.2621716502669
-106.46217165026891
984.5378283497506
1284.7378283497246
1222.5378283497384
141.9378283497371
1166.9378283497272
1756.7378283497203
626.7378283497268
851.7378283497279
305.937828349736
-984.2621716502665
1117.53782834972
597.5378283497271
-633.0621716502757
-290.26217165026907
-633.8621716502721
-933.8621716502744
-372.4621716502704
-482.0621716502746
-565.062171650268
-2262.6621716502714
-2294.462171650281
-2081.262171650275
-1277.2621716502658
-2065.062171650279
-1321.0621716502617
-696.6621716502718
890.3378283497394
-707.062171650275
-1517.6621716502614
87.7378283497337
-118.86217165026756
203.33782834973476
1759.937828349718
1210.9378283497263
665.1378283497395
1234.137828349721
-161.86217165026918
693.5378283497374
1489.137828349743
2457.737828349738
1903.537828349729
28.137828349734107
578.5378283497416
-60.26217165026587
-345.0621716502669
-902.8621716502738
-397.2621716502679
-1750.4621716502663
-1228.662171650266
-723.8621716502782
-1538.0621716502678
-1156.0621716502756
-1269.4621716502684
-1790.2621716502747
-1804.6621716502334
-1169.2621716502722
-815.2621716502582
-1366.8621716502698
-968.0621716502558
-1865.4621716502738
-1196.6621716502648
310.3378283497332
4.537828349735221
917.1378283497414
731.9378283497406
131.13782834973347
-520.0621716502668
414.73782834973457
108.73782834972701
593.7378283497302
2077.7378283497183
1875.3378283497645
2557.7378283497324
999.7378283497427
169.7378283497315
109.73782834973863
792.3378283497403
-502.66217165026336
-682.6621716502763
280.9378283497355
-721.4621716502719
-666.4621716502652
-1649.8621716502605
-515.4621716502733
-933.862171650265
-1416.6621716502552
-1183.2621716502579
-1228.662171650285
-130.06217165026362
-1500.4621716502836
-1171.0621716502665
-268.0621716502658
-520.4621716502666
477.93782834973143
-435.86217165026665
1036.9378283497397
968.9378283497329
13.937828349732246
-1052.2621716502701
132.33782834973073
1520.3378283497148
108.53782834973326
1458.1378283497002
24.737828349731814
1085.337828349744
485.53782834972895
633.9378283497322
1240.9378283497329
556.9378283497351
1068.7378283497237
-1522.2621716502713
-611.8621716502654
-1473.2621716502595
-206.86217165026378
-231.86217165026952
-974.6621716502667
-1319.062171650264
-727.6621716502701
8.13782834973368
-54.26217165026328
-58.46217165026622
-154.26217165026728
-472.8621716502754
-130.0621716502657
-886.6621716502675
238.9378283497361
-738.0621716502654
429.13782834973574
1099.9378283497222
973.7378283497275
-428.06217165026675
-215.06217165026428
546.937828349734
-139.46217165026854
1452.7378283497394
-963.2621716502671
-490.0621716502672
-173.86217165026625
778.7378283497352
156.53782834973458
340.73782834972957
498.13782834973557
310.93782834972455
-734.0621716502582
-600.6621716502726
223.33782834973448
-188.46217165026846
-1731.8621716502657
-1034.6621716502716
-1500.0621716502762
-1535.8621716502666
-1590.2621716502567
-792.062171650269
-591.2621716502712
-591.262171650279
-1265.2621716502535
-1678.8621716502703
630.1378283497321
-335.0621716502654
577.3378283497228
1.5378283497294376
313.3378283497261
-422.86217165026545
-417.8621716502661
-322.0621716502667
411.93782834973734
787.9378283497317
-325.06217165026516
585.5378283497398
-665.462171650268
431.13782834973483
582.7378283497331
43.73782834973059
-423.26217165026407
1024.937828349737
1041.5378283497412
650.9378283497346
-752.6621716502814
-620.662171650263
-1429.0621716502676
-384.66217165027234
-413.46217165026565
-344.2621716502689
-1535.8621716502719
-587.462171650275
-842.2621716502604
-208.46217165026357
-618.062171650271
-228.6621716502669
-125.06217165026509
46.93782834972973
-59.262171650263895
-314.2621716502637
-181.66217165026646
-401.4621716502666
-1201.462171650264
-862.6621716502677
704.9378283497327
1284.137828349724
718.9378283497293
117.93782834973774
-950.662171650267
25.937828349731802
-29.26217165026859
-662.2621716502687
111.93782834973
305.53782834973185
-228.26217165026515
-1389.0621716502458
-847.0621716502629
447.5378283497342
-11.862171650268966
364.137828349734
-153.46217165026252
-88.66217165026644
-293.06217165026175
-52.06217165026686
-1035.2621716502658
-1424.8621716502696
283.9378283497314
31.937828349736982
405.7378283497352
502.5378283497332
-665.4621716502675
428.73782834973673
394.33782834973414
12.537828349736635
-450.4621716502634
-1213.6621716502673
-558.4621716502672
173.73782834973332
788.7378283497433
193.53782834973106
-356.2621716502664
-324.46217165026485
-594.0621716502691
726.5378283497355
-250.86217165026574
-4.8621716502662515
-119.86217165026453
-629.662171650266
616.3378283497261
-1517.8621716502714
-1113.662171650269
-170.86217165027006
-470.4621716502671
-788.4621716502672
450.7378283497372
117.1378283497353
-355.062171650267
-478.462171650268
712.7378283497396
-1225.4621716502666
-30.462171650267056
-730.8621716502641
89.73782834973858
551.9378283497341
887.5378283497314
423.7378283497335
544.9378283497374
-750.2621716502574
230.73782834973647
-119.86217165027013
-220.0621716502689
178.13782834973205
960.1378283497411
741.1378283497343
311.9378283497331
162.33782834973368
-626.0621716502707
-238.46217165026698
570.337828349741
-1045.2621716502706
-133.4621716502637
-1140.0621716502578
-1123.4621716502568
-358.66217165026205
307.5378283497348
306.53782834973555
-364.6621716502712
-811.2621716502516
-686.062171650269
-382.2621716502705
667.1378283497369
-631.8621716502693
-745.8621716502643
-591.6621716502691
397.7378283497319
-81.06217165026594
-1023.2621716502649
-501.26217165027003
572.5378283497313
-902.8621716502685
950.9378283497244
-657.4621716502593
148.93782834973555
635.3378283497314
-450.86217165027057
1245.1378283497309
1102.1378283497284
-233.26217165025884
-523.8621716502782
-113.0621716502669
-792.4621716502689
-684.2621716502706
631.3378283497334
1126.7378283497328
4.737828349733537
-61.462171650265816
141.53782834973623
-776.0621716502728
-1205.2621716502686
-1685.4621716502518
-1512.2621716502751
-494.86217165026164
115.73782834973706
-271.86217165026676
32.3378283497366
928.13782834973
94.93782834973342
981.3378283497314
224.3378283497343
539.9378283497425
835.5378283497328
-136.66217165026666
-636.6621716502635
-1002.8621716502583
293.33782834973226
16.937828349730722
-1266.2621716502695
155.33782834973448
1161.3378283497163
1246.73782834973
502.7378283497332
164.93782834974013
-292.26217165026594
253.13782834973577
191.3378283497302
222.73782834973588
-140.46217165026712
-198.26217165026827
-929.4621716502777
-434.66217165027257
503.1378283497357
128.93782834973086
-775.8621716502702
-97.46217165026553
-24.462171650263357
166.3378283497389
212.1378283497385
827.9378283497364
148.13782834974054
1213.5378283497405
528.337828349737
278.7378283497362
523.1378283497389
398.73782834973485
-305.4621716502654
-314.46217165026377
-1103.6621716502657
-1555.4621716502638
-163.66217165026362
1535.137828349735
852.9378283497396
123.33782834973266
235.33782834973155
1301.53782834973
1402.3378283497425
427.53782834973475
87.33782834973597
222.3378283497346
-410.06217165027266
-231.06217165024924
-1306.0621716502476
-1070.2621716502706
-591.662171650257
-424.0621716502651
-620.8621716502704
-537.262171650267
-1113.262171650272
160.53782834973464
-191.4621716502705
-492.26217165026833
-177.06217165026695
219.9378283497331
248.73782834973633
-442.4621716502618
217.3378283497335
-514.2621716502695
-237.86217165027216
22.33782834973102
-1112.8621716502703
-11.262171650265163
1509.1378283497288
669.5378283497338
-418.2621716502671
-308.4621716502664
-392.4621716502705
70.53782834972996
323.93782834972774
169.33782834973297
349.1378283497277
56.33782834973336
964.9378283497435
1053.137828349731
-538.8621716502623
-159.4621716502691
-376.46217165026655
-787.6621716502762
-1177.8621716502767
-123.66217165026856
-324.6621716502688
54.73782834973427
137.73782834973483
-580.0621716502724
-693.6621716502633
-241.46217165026832
436.3378283497315
695.7378283497293
969.3378283497356
1500.337828349744
219.13782834973048
949.7378283497209
-200.26217165026725
100.9378283497365
472.1378283497338
-541.4621716502664
-1139.6621716502652
-232.46217165027178
-141.66217165026598
-228.66217165026487
572.5378283497392
-120.06217165026828
-283.26217165026804
-20.66217165026615
752.5378283497308
1058.1378283497274
482.737828349738
564.7378283497346
543.7378283497396
-329.0621716502641
-535.2621716502734
-90.46217165026722
791.3378283497423
1146.1378283497247
-631.2621716502711
-137.0621716502693
-526.8621716502688
-475.6621716502664
307.5378283497376
-107.66217165026532
-409.2621716502654
928.5378283497314
-100.46217165026445
24.73782834973383
-339.4621716502691
-654.0621716502679
-875.0621716502649
-9.46217165026322
-768.262171650266
239.93782834973246
285.93782834973143
19.73782834973303
676.5378283497374
-231.86217165026665
220.7378283497326
-194.2621716502647
-694.2621716502719
-1075.6621716502646
678.9378283497256
335.9378283497349
614.9378283497283
950.337828349722
826.1378283497287
267.9378283497336
374.3378283497343
347.9378283497366
-1139.8621716502705
-307.2621716502739
629.737828349727
166.73782834973974
-298.8621716502667
302.53782834973424
-1000.8621716502678
-660.4621716502674
-1746.4621716502472
-845.662171650261
-471.2621716502521
905.1378283497311
95.73782834973483
139.93782834973663
734.7378283497364
-179.66217165026808
233.3378283497389
1224.537828349734
840.5378283497352
-440.2621716502669
45.93782834973077
920.9378283497363
945.937828349738
-745.4621716502666
309.9378283497346
19.53782834973584
-596.862171650265
-814.2621716502687
768.5378283497237
630.537828349734
-733.8621716502611
-315.66217165026853
-387.26217165026424
536.1378283497319
614.5378283497344
-277.06217165026726
-441.86217165026676
-234.26217165026495
88.53782834973319
-316.06217165027
-1458.8621716502641
-513.2621716502762
-485.6621716502688
561.7378283497342
-87.26217165026554
439.53782834972816
1117.1378283497343
-321.86217165026653
704.5378283497297
1162.137828349729
951.9378283497416
524.7378283497349
-515.0621716502687
-401.86217165026807
499.7378283497344
434.1378283497273
-614.2621716502672
-1051.4621716502643
282.93782834974036
-763.4621716502714
-1214.6621716502675
-252.262171650267
-1082.6621716502716
495.7378283497381
441.13782834973813
-248.46217165026604
-228.86217165026693
-47.6621716502671
-252.86217165026852
-267.86217165026505
-572.6621716502596
107.13782834973284
50.937828349734374
-654.0621716502758
-151.46217165027485
-388.662171650264
-93.06217165026699
399.3378283497264
38.73782834973245
-567.6621716502683
870.537828349734
1205.1378283497147
839.7378283497313
15.337828349735283
-259.2621716502665
-513.6621716502649
-38.26217165026856
790.5378283497332
473.937828349732
-367.06217165026936
1636.1378283497356
1134.9378283497388
-303.6621716502657
-312.26217165026833
937.1378283497357
1278.1378283497377
160.13782834973625
-575.2621716502649
410.3378283497241
-42.862171650265864
-1954.6621716502646
-1480.2621716502738
-1003.0621716502748
-639.062171650268
502.13782834972955
