-294.08062233665584
685.9193776633282
-1503.880622336606
-1638.0806223366799
-355.6806223366782
-767.2806223366603
-1764.280622336682
-1575.6806223366814
-2056.680622336631
-827.0806223366818
-2715.8806223366396
-762.8806223366499
-964.4806223366402
-1390.6806223366477
-392.48062233666246
-343.8806223366445
-637.6806223366641
-1209.6806223366543
-1244.0806223366724
-635.8806223366555
-1058.8806223366564
-2783.2806223366174
-952.680622336674
-1419.6806223366507
-3815.0806223366
-1209.4806223366766
-843.0806223367066
-1026.4806223366377
-979.2806223366948
-133.68062233665796
-2198.0806223366885
340.5193776633319
-550.8806223366514
-1550.2806223366463
-549.6806223366765
-1766.4806223366522
391.5193776633306
-587.8806223366485
1962.319377663323
1056.7193776633126
-1162.0806223366803
412.9193776633433
1258.7193776633405
-623.4806223366688
-1586.2806223367181
-1358.0806223366621
-1784.2806223366617
-2706.080622336693
-1954.680622336634
-573.0806223366633
1071.5193776633405
1200.3193776632988
2149.719377663337
155.91937766333544
1877.51937766329
1426.1193776633272
1327.9193776633185
1790.5193776632916
868.319377663348
-155.0806223366542
546.9193776633397
2003.3193776633466
-305.8806223366462
1461.3193776633327
-1098.0806223366535
-1000.0806223366556
-1233.2806223367252
-962.8806223366955
-1238.280622336683
-2196.880622336711
66.31937766333712
755.1193776633384
-2709.8806223366464
182.91937766333956
2638.9193776633247
1932.7193776633876
-69.08062233666868
355.3193776633183
2620.1193776633763
-202.2806223366662
1697.1193776633293
1021.9193776633247
2392.7193776633735
2242.9193776633615
2952.5193776633264
1633.919377663312
1596.9193776633351
-19.680622336665408
-431.08062233666
-470.0806223366614
587.5193776633288
-1081.680622336693
-1786.4806223366945
770.7193776633358
-823.480622336679
-2390.8806223366582
-1801.6806223366225
2038.5193776633234
895.1193776633402
-582.880622336675
-666.0806223366528
-1252.4806223366595
-1441.0806223366685
-1305.4806223366638
-2166.080622336653
-119.28062233665185
78.91937766332823
625.1193776633379
983.9193776633604
1545.1193776632917
1074.7193776633442
-1067.680622336668
346.7193776633417
-1375.280622336663
563.7193776633287
-1371.6806223366766
543.5193776633415
1867.3193776633148
-262.8806223366669
222.1193776633214
1220.5193776633282
417.7193776633317
219.31937766332697
273.7193776633422
-1304.6806223366718
-214.48062233668264
-438.8806223366618
-2282.0806223367126
-1208.080622336737
1299.519377663345
644.3193776633296
-760.6806223366664
-777.6806223366685
296.71937766335793
-1050.6806223366425
-1481.28062233666
553.5193776633397
-929.880622336665
334.71937766334366
-106.48062233666799
3487.919377663191
3196.7193776633558
1354.3193776633295
731.5193776633226
2244.319377663299
-185.08062233664637
1377.7193776633285
636.3193776633328
666.119377663334
382.9193776633388
-1046.2806223366752
-294.0806223366692
-1325.280622336652
-978.8806223366873
-145.48062233666724
21.719377663335386
-714.4806223366559
1423.3193776633248
1227.919377663323
-861.8806223366804
199.91937766332472
2324.1193776633177
716.7193776633202
142.11937766334506
-56.48062233666316
-319.480622336665
-58.88062233666134
-1509.0806223366767
-93.48062233664848
-497.6806223366728
134.51937766334274
-109.08062233666371
1232.5193776633662
-2712.0806223366467
-210.0806223366691
-905.8806223366793
-133.2806223366776
1123.1193776633186
219.5193776633351
-744.8806223366415
64.71937766333923
-986.2806223366883
-1962.8806223366023
248.11937766334353
-2312.8806223365996
-1731.880622336632
-1850.280622336555
-3034.2806223365865
-762.2806223366489
-128.28062233665315
-1048.6806223366812
-1618.6806223366552
-1953.8806223366823
-1099.4806223366666
70.71937766333096
1597.3193776633088
-1253.8806223366832
-1243.680622336703
2126.5193776632877
-74.68062233665799
-1506.8806223366737
793.1193776633561
1869.3193776633009
781.9193776633332
1399.7193776633508
-447.2806223366633
1851.9193776633708
-188.080622336671
1201.5193776633325
388.91937766333376
116.11937766333727
1420.1193776633345
2292.1193776633104
2553.31937766335
-15.480622336670908
224.71937766334548
-168.48062233666298
892.7193776633509
1699.5193776633637
-1752.6806223366298
248.91937766333825
23.91937766333703
-1397.6806223366573
455.7193776633386
-176.88062233666653
-1150.2806223366608
350.1193776633304
-1406.2806223366551
-2084.280622336675
-880.2806223366622
-439.0806223366612
1596.3193776633304
-1499.880622336664
308.519377663347
-1527.6806223366882
-1904.0806223366917
-2178.280622336652
-1818.080622336695
-747.2806223366683
-1124.280622336681
180.51937766333734
-706.6806223366573
1088.3193776633088
-989.680622336659
39.51937766333247
351.319377663336
1173.1193776633445
821.1193776633269
314.31937766335227
-1339.2806223366651
-1269.8806223366564
-1641.480622336696
-1418.2806223366647
732.7193776633429
-170.0806223366661
675.3193776633409
607.3193776633298
-2547.680622336689
-565.680622336653
-698.6806223366744
-185.48062233666298
-1088.2806223366824
-454.08062233666925
1248.3193776633414
-1245.8806223366798
-926.8806223366594
-2484.0806223366267
-1019.6806223366536
-1244.080622336666
1034.319377663353
3758.519377663416
661.5193776633303
-63.880622336668395
201.7193776633137
-45.48062233667778
-458.48062233666013
1779.719377663332
303.7193776633433
1497.5193776633787
-340.6806223366692
-218.2806223366615
30.919377663333606
-980.8806223366707
1115.5193776633214
-609.2806223366604
-1598.0806223366558
-618.2806223366573
1599.119377663326
-1821.8806223366662
252.51937766333398
311.3193776633391
-1688.6806223366423
-1484.0806223366599
-2557.2806223366583
930.7193776633513
892.1193776633261
570.7193776633422
221.91937766333456
-2244.680622336624
-1033.0806223366449
1602.5193776632696
2143.119377663412
3260.119377663414
3142.5193776633605
899.3193776633088
2433.7193776632753
-845.6806223366692
-1065.680622336658
837.9193776633556
-654.480622336684
624.3193776633549
1270.7193776633048
769.5193776633363
1825.7193776632748
475.31937766333556
883.5193776633413
-667.4806223366622
-659.2806223366723
251.31937766333118
2061.319377663326
-1623.2806223366572
3023.119377663317
676.3193776633476
-1853.4806223366777
-568.8806223366641
-955.4806223366525
2461.719377663339
2141.9193776633206
1719.5193776633182
1502.5193776633398
-1468.8806223367033
136.71937766334094
-254.88062233666673
-601.4806223366662
324.7193776633429
1148.9193776633547
220.11937766333418
460.1193776633422
323.9193776633383
-219.88062233666074
53.719377663342286
-2192.280622336626
549.3193776633415
2238.1193776633068
-129.8806223366612
725.1193776633517
297.51937766334606
-930.4806223366692
-1308.680622336652
1036.5193776633193
-634.4806223366546
289.31937766332663
-1650.8806223366823
1459.719377663313
112.11937766332952
720.1193776633236
-87.88062233666284
-379.2806223366634
971.9193776633261
2788.519377663333
-1064.4806223366763
-894.4806223366735
684.9193776633413
2032.7193776633555
-1731.0806223366628
-1917.0806223366628
-1605.6806223366632
-1125.2806223366938
1026.319377663349
-184.0806223366646
485.71937766334077
-699.2806223366802
-933.4806223366335
-1497.8806223366362
-1351.2806223366874
-1043.4806223366454
-1802.2806223366433
-172.28062233666458
-252.0806223366569
-1027.880622336672
-455.68062233666376
-1997.880622336721
-1415.2806223366845
-956.8806223366585
-139.68062233666637
989.5193776633399
-788.8806223366844
806.3193776633308
628.719377663329
-209.88062233667515
-710.280622336668
1106.7193776633385
-1872.8806223366826
350.91937766332825
-1214.08062233666
-790.2806223366524
-1233.0806223366528
-1106.0806223366785
-2581.280622336664
-2675.680622336634
-1157.8806223366278
-457.68062233665245
-451.28062233665946
971.5193776633305
1064.5193776633366
-512.68062233668
322.1193776633422
1062.1193776633459
-326.6806223366893
262.9193776633492
1510.9193776633663
264.11937766333097
596.9193776633307
153.11937766334017
2725.3193776633457
-616.8806223366716
-1398.0806223366744
-536.6806223366789
99.71937766334148
-471.28062233667225
1225.5193776633519
-107.08062233665787
1190.3193776633439
1078.3193776633323
-749.0806223366711
1198.319377663337
-2378.2806223366892
192.9193776633374
-144.08062233666334
-733.8806223366428
-430.4806223366568
154.91937766333413
274.51937766334436
1261.5193776633487
1093.9193776633342
-661.0806223366611
481.1193776633411
297.7193776633403
1577.7193776633326
1119.9193776633522
-397.080622336646
1684.9193776633376
969.1193776633407
1044.519377663336
-921.6806223366654
2007.3193776633427
1983.3193776633614
-371.68062233666245
-59.2806223366605
-1664.480622336646
-454.0806223366587
-992.6806223366782
-721.880622336649
-633.2806223367071
605.5193776633395
-775.4806223366841
-808.880622336662
-357.4806223366518
-1655.4806223366386
-1238.4806223366609
-42.08062233666131
-610.0806223366706
391.3193776633413
580.3193776633462
580.3193776633458
-397.48062233667486
1437.9193776633158
403.319377663338
682.319377663348
-1282.8806223366753
84.91937766333811
-116.88062233665168
-839.6806223366506
1100.3193776633443
-745.6806223366401
847.919377663329
182.91937766333692
957.9193776633274
1461.9193776633465
1070.7193776633242
606.3193776633378
-872.2806223366979
915.7193776633077
1380.5193776633332
2685.1193776632713
-610.480622336704
-2314.2806223366556
-929.8806223366851
200.31937766333613
819.3193776633317
863.9193776633437
-1419.480622336675
-675.4806223366581
1592.5193776633323
-1111.0806223366576
-142.88062233666253
1118.9193776633365
-1884.48062233666
1077.7193776633007
87.31937766333537
-777.2806223366546
-2674.0806223366244
-1059.6806223366455
-1004.8806223366756
498.31937766334346
2573.519377663315
568.1193776633323
-17.480622336663398
111.11937766333715
-237.08062233666632
1231.9193776633444
561.9193776633416
-2144.280622336632
-3275.08062233659
1745.9193776632958
602.7193776633446
1237.9193776633135
485.9193776633358
-3756.6806223367043
-780.6806223366629
-1841.8806223366519
352.7193776633393
125.71937766333768
-234.8806223366725
333.9193776633116
1489.9193776633576
-1553.880622336651
296.5193776633288
1566.919377663336
-1418.0806223366626
418.71937766332945
509.119377663306
2392.1193776633227
-277.48062233666843
-1276.080622336663
-1662.2806223366604
-365.88062233665414
982.3193776633683
931.9193776633192
1550.319377663373
-311.0806223366601
-510.68062233665455
2009.1193776633183
1521.7193776632935
-1266.2806223366674
154.3193776633425
2645.7193776633367
-656.2806223366712
-2351.280622336664
470.71937766333036
-1313.2806223366408
189.91937766333893
-2575.480622336639
2886.319377663312
2021.9193776633365
-37.48062233666363
836.7193776633178
406.91937766333086
684.3193776633983
381.7193776633703
983.9193776633042
-528.280622336656
952.9193776633264
1829.319377663309
5622.119377663511
910.7193776633198
209.1193776633157
-1828.6806223366552
-63.880622336656884
179.7193776633065
1256.11937766331
-39.88062233666996
593.9193776633343
-1367.4806223366688
2132.5193776632877
573.1193776633584
205.51937766333722
1518.1193776633033
2955.3193776633957
555.9193776633159
1490.5193776633516
1384.7193776633337
-1248.680622336699
897.7193776633433
-665.0806223366793
732.3193776633443
988.1193776633488
-1259.0806223366637
-336.88062233664783
2130.319377663338
2635.1193776633363
23.719377663332995
986.3193776633527
-2077.2806223366447
-25.080622336653278
371.91937766333655
1174.7193776633544
-665.8806223366703
1652.5193776633523
1891.7193776633412
471.11937766333085
1026.7193776633148
3198.519377663362
-2511.680622336651
738.9193776633408
-2041.6806223366348
-561.4806223366647
1782.119377663333
2007.5193776633207
299.91937766332734
-90.480622336659
1118.5193776633455
-1390.2806223366172
-394.2806223366633
54.71937766335148
664.3193776633311
1957.9193776633354
2347.9193776632924
1281.7193776633305
1091.1193776633393
-2093.4806223366254
-1077.8806223366648
-463.2806223366605
711.3193776633478
1049.9193776633492
-933.2806223366719
1553.5193776633473
-104.88062233666005
216.3193776633365
-2230.280622336654
-469.4806223366526
10.319377663331593
-1907.0806223366853
-2222.680622336703
714.7193776633385
-760.2806223366821
402.7193776633301
-573.0806223366641
1152.7193776633012
2704.9193776633288
1172.319377663371
685.7193776633325
-1002.0806223366827
2839.1193776633463
420.1193776633368
1989.7193776633628
310.9193776633418
1679.919377663322
-209.48062233666724
1761.5193776633105
16.11937766333349
1239.1193776633252
-1769.2806223366863
-299.4806223366543
409.1193776633378
803.9193776633435
1840.9193776633401
-670.2806223366481
-882.6806223366737
-337.68062233665887
-779.480622336653
-167.68062233666905
1116.1193776633436
-468.0806223366593
-817.2806223366429
-954.8806223366529
-297.2806223366581
-951.0806223366635
-114.68062233665414
-116.08062233665244
1176.3193776633361
3407.719377663292
1561.7193776633253
703.919377663338
-1820.4806223366863
2994.1193776633813
1202.3193776633402
869.9193776633311
-2483.4806223366004
-16.280622336668962
-1813.6806223365468
250.1193776633425
1461.1193776633452
-3357.680622336652
-1835.480622336652
77.11937766333142
1808.9193776632999
2832.5193776633328
648.1193776633323
-1535.280622336668
358.9193776633464
-791.8806223366702
-2915.280622336654
-1080.8806223366205
863.5193776633404
-553.4806223366613
-2252.4806223366963
193.71937766333434
633.7193776633093
464.3193776633306
-3104.080622336778
-2398.6806223366893
-1286.680622336678
1834.919377663366
1637.7193776633496
1274.7193776633305
17.5193776633423
-190.880622336664
-114.28062233666859
-321.2806223366592
-1970.0806223367238
758.3193776633326
-2623.080622336651
-1906.6806223366661
2125.7193776633553
-1147.6806223366536
142.9193776633305
-886.0806223366809
-3166.0806223366717
1478.5193776633341
1133.9193776633276
-1615.680622336615
-1355.0806223366862
-1563.880622336669
-72.88062233665133
-1056.8806223366844
367.91937766333797
816.5193776633339
-816.8806223366736
361.71937766334173
-975.6806223366498
-1705.88062233675
-2510.4806223366995
-71.0806223366647
-1812.0806223367067
2225.31937766335
1495.3193776633568
1963.1193776634113
1893.519377663348
772.3193776633345
-582.480622336676
-998.8806223366744
-513.680622336682
816.3193776633548
-355.68062233666706
-1438.0806223366285
2375.119377663403
1498.9193776633833
-689.0806223366723
-296.28062233666964
-1025.8806223366817
522.9193776633451
846.5193776633288
1143.1193776633238
1728.5193776633387
1066.1193776633372
-394.68062233668
-700.4806223366513
-801.2806223366731
-1338.6806223366527
-862.2806223366733
-97.68062233666305
-2102.8806223366537
-2614.4806223366195
327.11937766333864
237.11937766333335
-1449.2806223366513
2252.919377663351
3774.119377663306
2762.119377663286
3486.7193776633508
2053.9193776633424
425.1193776633374
-2131.8806223366764
-638.2806223366605
-109.08062233667823
744.5193776633586
-1080.2806223366656
-1238.4806223366463
403.7193776633372
460.71937766333593
227.51937766332784
-492.2806223366589
-1651.0806223366358
-609.2806223366588
-213.2806223366592
-526.0806223366643
-473.68062233665916
-1078.880622336636
-77.68062233666738
559.5193776633412
-2084.6806223366552
1580.5193776633369
964.9193776633522
-1674.2806223366795
-543.8806223366516
705.3193776633468
-853.8806223366706
129.71937766333113
2036.919377663337
3160.519377663355
1648.1193776633736
2171.3193776633802
1606.3193776633348
840.3193776633098
-1648.8806223366778
-1624.4806223366575
-1045.2806223366852
-637.8806223366512
-1369.6806223366689
-819.0806223366461
-130.28062233665682
-302.08062233665436
-964.4806223366818
-2521.480622336683
-1461.4806223366752
727.7193776633328
1170.5193776633298
568.1193776633389
-190.8806223366606
804.3193776633328
629.5193776633313
2167.3193776632856
19.119377663346224
725.3193776633387
161.91937766334092
249.51937766334134
-85.28062233666705
-381.4806223366596
256.91937766333734
1510.1193776633693
1031.3193776633116
-140.680622336653
2175.7193776632657
1554.5193776633912
1690.5193776633319
1751.5193776633403
138.1193776633457
-1371.4806223366659
-252.68062233665557
491.3193776633298
-249.88062233666867
-559.6806223366547
-3.2806223366549965
-2217.6806223366634
-2047.08062233663
-1356.6806223366548
-1602.0806223366762
247.51937766332128
477.7193776633419
797.3193776633447
-1373.6806223366568
-908.4806223366875
1805.319377663352
921.7193776633284
-1706.2806223366842
-550.8806223366192
493.3193776633394
1169.1193776633343
-1134.6806223366568
-1757.2806223366795
-248.68062233665984
3445.719377663343
1891.919377663345
1083.31937766328
2116.119377663421
-156.2806223366617
-51.2806223366634
-736.6806223366458
-1334.2806223366506
889.9193776633248
-513.4806223366671
-1687.4806223366616
-561.6806223366474
492.71937766333843
2123.3193776633525
-1089.0806223366276
-823.4806223367001
-863.2806223366753
84.91937766334004
-137.4806223366473
-414.2806223366655
1121.719377663314
-5.080622336661612
157.11937766333466
2042.1193776632933
386.9193776633398
-175.4806223366763
-455.6806223366584
-487.88062233667324
-185.48062233666133
245.91937766334468
491.1193776633402
-571.280622336664
3678.7193776634363
2099.3193776633825
1642.319377663362
3760.3193776634243
836.519377663324
-1678.4806223367125
-652.0806223366923
-941.480622336664
1223.1193776633443
-1094.2806223366622
9.319377663347687
-776.2806223366588
-1788.2806223365978
226.5193776633375
-1870.8806223366364
-1266.680622336673
-2133.4806223366354
-687.2806223366825
-536.480622336652
-1236.0806223366446
-386.4806223366647
858.1193776633547
-703.2806223366513
-119.28062233667069
-1241.2806223366515
1537.3193776633134
1839.9193776633358
-1770.0806223366694
-1508.2806223367052
941.5193776633182
659.7193776633477
-1731.480622336662
1482.3193776633298
1158.7193776633205
2944.9193776633524
3211.3193776632525
1066.119377663342
-1031.8806223366773
-48.68062233666643
-1292.880622336672
-2599.8806223366323
-1346.4806223366593
-344.2806223366582
-730.6806223366904
-1931.28062233666
171.51937766333447
1756.5193776633575
843.5193776633342
-117.2806223366695
-320.48062233667616
435.91937766333706
-15.680622336660841
57.71937766333721
792.3193776633483
-2349.6806223366043
161.31937766334218
-1093.6806223366693
1582.719377663282
1798.3193776633489
-476.68062233664017
-718.0806223366618
159.31937766333758
1096.9193776633224
-644.2806223366599
-1066.6806223366798
-67.88062233666678
1791.1193776633495
2586.919377663347
997.5193776633068
317.3193776633362
21.119377663334234
1036.9193776633049
633.7193776633587
166.919377663341
-1424.6806223366518
-2749.880622336688
-1868.4806223366543
-221.48062233666167
-735.6806223366516
-1318.0806223366158
-2303.680622336661
-1410.8806223366137
-723.4806223366495
-422.0806223366623
-526.280622336647
210.3193776633329
-991.4806223366645
-2244.6806223366357
-1557.880622336643
-553.8806223366779
-2588.8806223366846
-787.8806223366678
-166.0806223366664
-1322.480622336683
-37.680622336659575
891.5193776633062
575.9193776633375
-1397.2806223366438
117.71937766336329
2140.1193776632917
-1311.4806223366475
-806.8806223366466
-81.2806223366531
1515.5193776633362
835.7193776633734
886.7193776633136
-87.88062233666223
-1436.680622336619
-877.0806223366783
192.31937766333687
923.1193776633094
722.7193776633094
879.1193776633027
2846.9193776632997
2481.31937766334
1143.119377663308
-44.68062233665024
595.9193776633281
1643.7193776633496
901.1193776633104
1599.9193776633358
1720.11937766335
-143.08062233665905
1312.9193776633454
1979.719377663345
1123.9193776633067
1258.1193776633208
1240.919377663344
854.119377663354
411.5193776633343
140.91937766336298
1278.5193776633039
-900.2806223366638
-765.0806223366594
643.719377663371
-815.8806223366685
-1868.0806223366512
-797.0806223366673
-355.6806223366612
1836.9193776633497
113.11937766334175
1158.3193776633516
311.3193776633395
-403.2806223366693
1603.7193776632944
1258.5193776633505
823.3193776633481
162.11937766334188
37.51937766333535
556.119377663314
883.7193776633535
-1275.4806223366581
509.319377663312
102.51937766333731
-2836.680622336663
-1064.0806223366635
-1525.0806223367204
-1159.2806223366545
-237.08062233666192
919.5193776632935
-1275.8806223366528
1439.7193776633326
526.7193776633355
-1278.280622336672
129.7193776633546
-357.08062233666266
1913.7193776632919
-258.48062233666064
1595.7193776633421
1618.1193776633318
245.31937766333485
1154.919377663343
1842.1193776633174
23.519377663329067
-1518.2806223366651
-819.6806223366597
665.1193776633378
-988.0806223366772
-1067.8806223366616
-125.48062233666512
1079.9193776633513
371.7193776633454
1614.3193776633066
-741.2806223366722
1047.5193776633323
1105.519377663292
555.519377663331
1162.1193776633186
226.51937766334123
-349.08062233666976
1215.7193776633274
2594.919377663353
589.3193776633044
2474.519377663318
-157.4806223366649
-1550.2806223366536
-884.6806223366578
882.3193776633236
1103.7193776632942
-400.6806223366597
991.3193776633545
1975.1193776633215
-1055.0806223366742
74.5193776633404
1458.5193776633623
342.51937766334015
-1781.6806223367046
-228.68062233665833
3926.319377663421
-224.0806223366685
968.7193776633359
-188.68062233666262
739.9193776633213
186.31937766332834
561.1193776633434
-808.2806223366468
756.9193776633329
-45.88062233666466
-1230.4806223366634
-1737.6806223366723
-131.08062233666257
-244.28062233666807
-644.680622336664
1620.5193776633096
196.1193776633429
-1270.0806223366903
-1125.2806223366765
1317.1193776633559
326.3193776633466
459.1193776633294
809.7193776633497
-203.28062233666668
-76.68062233666396
572.5193776633256
292.1193776633313
85.9193776633489
-1356.4806223367223
-1365.4806223366418
-1399.2806223366692
-267.4806223366594
1232.519377663329
-1369.0806223366146
-1037.28062233665
-3246.0806223366617
-1569.4806223366431
-3751.2806223366174
-1527.0806223367242
425.11937766332767
534.7193776633312
1492.319377663366
1475.9193776633122
51.519377663331525
23.319377663331302
1667.5193776632889
-182.4806223366657
1019.9193776633579
651.9193776633339
-1004.8806223366729
-279.88062233666847
254.91937766334115
-1264.4806223366907
-1465.2806223366906
-326.08062233665265
482.3193776633363
-44.280622336653074
220.11937766332198
2563.9193776633715
-6.080622336660227
-209.48062233666514
-1276.0806223366794
1989.5193776633132
1975.1193776633222
1118.7193776633524
616.9193776633388
989.3193776633432
-959.8806223366644
601.1193776633494
-308.8806223366801
75.11937766332015
319.31937766333334
481.71937766333537
1141.9193776633376
-552.4806223366613
491.3193776633381
833.7193776633377
1916.119377663363
349.7193776633424
1812.31937766332
1961.5193776633278
96.31937766333519
1374.3193776633354
2532.3193776632825
25.51937766334244
-178.0806223366634
747.519377663317
-1.880622336659485
138.51937766334544
-790.6806223366578
1159.9193776633615
450.71937766334423
772.1193776633417
-638.2806223366955
688.7193776633331
-2602.4806223366663
-558.880622336658
-919.480622336662
-671.480622336667
1058.919377663326
-150.28062233666245
-1199.480622336646
-43.88062233666611
-1840.0806223366399
-2020.6806223366634
1236.9193776633263
-1265.680622336677
-178.68062233666106
-418.48062233666684
-486.8806223366539
1060.5193776633228
1015.7193776633509
333.319377663345
-77.08062233665812
-493.680622336669
836.3193776633368
841.3193776633282
1785.7193776633312
474.1193776633375
-160.08062233666809
1894.7193776633853
-1136.6806223366539
-1587.48062233665
392.319377663347
1588.719377663322
213.11937766333526
1371.1193776633504
-891.4806223366724
860.7193776633351
-513.8806223366612
575.7193776633322
75.71937766333909
-937.6806223366685
-233.48062233665564
1662.7193776633378
839.5193776633395
-935.6806223366474
1142.119377663319
593.3193776633268
1514.519377663353
2792.519377663351
1007.7193776633318
2933.3193776633448
2469.319377663376
132.71937766334156
926.1193776633439
733.9193776633207
925.5193776633494
832.7193776633285
-581.0806223366626
841.7193776633613
959.7193776633467
-606.0806223366717
-93.8806223366621
-1197.8806223366507
1107.7193776633274
-221.2806223366626
203.71937766333323
606.5193776633413
-1513.680622336701
-1663.8806223366228
-762.0806223366677
30.719377663324032
-821.2806223366755
-178.28062233665972
-2978.880622336641
-1116.8806223366753
-2492.0806223366826
-709.2806223366647
1640.1193776633238
1330.519377663311
387.3193776633543
681.3193776633141
-625.4806223366633
513.9193776633393
3243.5193776633405
634.7193776633441
355.5193776633455
1497.3193776633493
-1725.0806223366542
-152.48062233666013
1036.7193776633444
2943.519377663313
-213.28062233666174
-1151.6806223366705
-314.68062233666774
-922.6806223366676
121.31937766334093
808.7193776633586
953.1193776633364
-339.48062233666525
-2081.0806223366317
-413.88062233666
-1685.8806223366464
-2017.4806223366602
-841.0806223366636
-2068.680622336653
-2650.2806223366447
634.7193776633325
-1161.8806223366794
-379.4806223366588
-414.68062233666865
-368.48062233666315
354.9193776633292
-680.2806223366689
757.3193776633416
580.1193776633207
-37.48062233666686
-998.6806223366827
516.9193776633341
-379.28062233666606
257.11937766333466
395.9193776633423
330.5193776633355
483.1193776633393
-3103.680622336631
-2310.6806223366166
-1887.6806223366239
-426.28062233666896
-504.68062233665955
-704.0806223366696
-1027.6806223366568
985.1193776633468
-1474.6806223366234
-1813.8806223366869
-580.4806223366674
-2411.8806223366264
778.7193776633412
-2195.2806223366533
-2508.880622336631
-200.88062233666406
-1017.4806223366586
-1229.0806223366606
-973.6806223366629
-979.6806223366633
387.5193776633565
-798.4806223366614
662.9193776633407
1079.719377663358
514.7193776633375
-640.4806223366686
686.1193776633282
-963.4806223366583
2445.1193776634095
1089.3193776632666
-197.4806223366552
896.3193776633394
-1024.2806223366517
-515.2806223366653
-903.0806223366575
785.1193776633321
1164.119377663324
-353.08062233666425
-178.08062233666553
-25.88062233665602
-289.0806223366877
-927.080622336673
573.3193776633349
-566.0806223366762
651.7193776633428
607.7193776633503
869.5193776633246
1855.9193776633042
-1332.6806223366766
-265.48062233667196
1011.3193776633659
676.9193776633517
1443.5193776633243
383.91937766332865
-323.28062233666094
1301.919377663333
2566.319377663398
-311.48062233666343
1321.7193776633192
404.3193776633418
2.1193776633319175
-406.8806223366605
325.7193776633425
933.1193776633186
589.9193776633631
-480.68062233667354
355.31937766333476
-862.0806223366498
549.1193776633363
765.9193776633526
1218.1193776633627
-98.68062233666805
966.7193776633379
711.7193776633248
990.1193776633272
1247.919377663352
-1058.2806223366738
-6.680622336651268
716.3193776633468
970.5193776633035
-335.4806223366651
-644.4806223366693
-357.4806223366577
756.7193776633447
2215.3193776633607
1217.5193776633068
-453.48062233665695
1798.119377663299
-1041.6806223366655
-1796.6806223366323
-280.08062233666345
1001.7193776633544
-403.4806223366421
-978.0806223366694
-553.6806223366584
340.7193776633464
-135.08062233665302
-1689.080622336667
129.9193776633448
-1179.0806223365953
1884.51937766329
506.51937766333987
468.31937766334437
1324.719377663338
1685.9193776633508
-39.28062233666887
708.1193776633274
373.7193776633303
-670.0806223366634
-1262.4806223366677
2344.119377663369
2314.919377663354
-142.48062233666366
-197.88062233666068
987.1193776633239
1201.5193776633334
1017.3193776633182
1588.7193776633342
266.7193776633375
1785.919377663356
348.5193776633434
1237.5193776633234
-671.8806223366682
-1581.4806223367063
-962.2806223366566
702.7193776633427
-2177.680622336708
-545.8806223366573
-445.68062233666
770.3193776633385
1528.51937766334
-350.48062233667196
2350.319377663374
1.7193776633379798
1712.119377663311
1727.1193776633197
284.3193776633472
-113.68062233665538
142.51937766334046
-1250.8806223366703
190.7193776633324
-784.6806223366667
-451.4806223366771
2184.11937766335
1031.5193776633494
-416.6806223366641
-1247.6806223366775
-757.2806223366932
-160.08062233666305
-1378.680622336676
452.71937766333696
-1486.0806223366733
999.9193776633415
-1397.0806223366721
-2426.4806223366654
-1210.8806223366662
-2673.680622336663
-375.4806223366567
-2613.280622336657
-1741.480622336683
-633.080622336664
959.7193776633569
557.3193776633427
-301.4806223366703
182.51937766333577
-1055.0806223366606
-846.4806223366628
1178.319377663333
-880.8806223366602
-269.88062233666216
-976.2806223366597
-1698.2806223366763
-901.6806223366665
501.91937766333797
20.919377663335958
2781.719377663389
1139.5193776633448
222.31937766333922
-1322.8806223366507
-1216.480622336687
-1188.0806223366735
-3062.28062233671
678.5193776633346
-1173.680622336675
-1481.0806223366828
-2246.4806223367036
-1571.0806223366826
-1142.8806223367135
-3393.8806223367183
-604.8806223366657
-290.8806223366614
1661.7193776632844
-1310.2806223366224
-863.080622336704
1100.7193776633178
1343.519377663338
770.1193776633398
1053.1193776633388
313.51937766334316
1031.1193776633397
2228.7193776633444
-1021.280622336662
-1058.4806223366465
-306.4806223366784
-676.8806223366748
1291.1193776633474
-1419.6806223366757
-1295.08062233668
-281.88062233666494
1246.7193776632837
-487.68062233665944
754.9193776633435
1727.519377663315
-940.6806223366773
618.7193776633346
591.9193776633293
-2158.080622336631
-2103.2806223367347
-896.6806223366758
-3117.4806223366418
-5076.480622336726
1030.3193776633257
385.9193776633343
-260.2806223366658
-3.8806223366512
-1978.0806223367035
1709.7193776632553
396.5193776633413
-401.6806223366663
-939.6806223366528
1252.7193776633328
2422.519377663352
3099.719377663384
-632.6806223367121
1308.5193776633614
1134.9193776633454
-1103.4806223366577
-648.0806223366573
-2627.4806223366477
-946.0806223366495
364.3193776633325
1459.5193776632816
-1016.8806223366781
-974.4806223366653
-1025.880622336685
-1168.2806223366315
1318.5193776633364
375.5193776633472
-1495.8806223366298
-1494.0806223366942
-41.68062233666686
-1183.080622336624
-3095.880622336638
-119.88062233666122
-1230.480622336686
-3650.480622336728
-769.6806223366638
-670.4806223366605
1898.9193776633012
-1574.880622336622
447.9193776633384
-711.0806223366905
-464.28062233669596
329.91937766333376
-1632.6806223366407
-190.48062233664734
281.31937766334244
908.3193776633381
-171.2806223366624
454.7193776633313
-13.88062233665589
2229.919377663351
-1094.8806223366882
774.3193776633124
-2285.680622336665
-1604.8806223366694
-1647.8806223366676
-744.0806223366707
30.119377663335882
2171.119377663378
-881.080622336664
-163.68062233666433
833.9193776633325
845.9193776633459
-1788.0806223366608
-54.48062233666075
-1045.0806223366596
368.3193776633363
419.91937766333456
-1148.680622336657
-77.88062233664924
-2793.880622336721
-1796.8806223366641
-1265.6806223367132
-932.4806223366389
-512.0806223366637
-921.0806223366649
1505.1193776633263
-1580.6806223366887
208.71937766333818
-641.0806223366626
821.9193776633513
-468.08062233667266
-586.4806223366575
-2110.08062233672
226.91937766333606
315.31937766334136
-581.0806223367013
391.5193776633355
1320.3193776633404
-2207.0806223366476
1697.1193776633252
-1217.880622336644
-1474.6806223366793
1936.119377663319
520.71937766332
-670.4806223366695
-2126.2806223366492
-883.0806223367022
-2887.4806223366113
-1634.0806223367197
-338.6806223366743
-693.6806223366739
-1013.2806223366682
88.51937766333967
2.9193776633366353
1954.3193776633555
-331.28062233667634
-52.68062233666018
31.119377663343037
-1068.0806223366756
-848.0806223366636
185.51937766333913
1117.519377663333
-1271.0806223366371
920.7193776633382
-740.2806223366516
-653.880622336683
210.11937766334
-384.48062233664353
-1653.480622336623
446.3193776633382
-33.88062233666095
-1040.280622336642
12.91937766333246
-258.48062233665985
179.71937766333863
-2214.480622336672
1926.719377663357
-1363.4806223366522
1654.3193776633411
-1296.4806223366902
741.1193776633309
-213.2806223366742
-223.88062233666992
-2367.080622336703
-1425.2806223366724
-2154.6806223366525
1625.5193776633232
-585.4806223366626
855.1193776633281
403.31937766333664
-497.4806223366591
-265.0806223366577
644.9193776633356
-1144.4806223366609
-1299.4806223366766
1669.119377663344
1424.519377663361
1960.7193776633196
-660.0806223366508
-527.8806223366576
-993.4806223366621
-163.68062233666194
-460.68062233665745
-1392.4806223366484
121.11937766333074
-117.48062233666579
386.11937766334023
-1694.6806223366207
2179.119377663344
-1686.6806223367162
1808.9193776633426
-273.48062233665325
302.319377663343
-1920.2806223366981
-128.4806223366763
-1969.6806223366818
-2031.2806223366733
-800.0806223366848
-2698.8806223367255
-947.0806223366654
242.51937766334186
531.7193776633492
-16.680622336665866
-2095.2806223366956
-1451.080622336656
-545.0806223366593
-1799.280622336679
-1161.4806223366977
-608.4806223366497
325.7193776633387
-1925.6806223366964
-2592.880622336689
-175.08062233666078
1333.5193776633453
1788.1193776633277
-2628.4806223366822
-1006.0806223366538
-1321.8806223366753
-92.48062233666869
-1179.0806223366662
1315.719377663325
-1032.880622336684
-1679.0806223366615
-197.28062233666918
1173.319377663329
-18.08062233664597
1897.9193776633158
-1601.0806223366528
-2482.6806223366125
1092.3193776633298
-139.6806223366623
1113.719377663343
331.31937766333573
-2209.08062233665
-406.0806223366635
-1298.4806223366477
-1606.4806223366713
-1544.280622336581
-2234.280622336656
1741.3193776633261
645.5193776633303
-256.88062233667705
270.11937766334563
-522.880622336681
-364.88062233665323
-347.48062233666235
-395.6806223366686
-1098.6806223366782
1150.5193776633444
-1117.080622336667
78.11937766333998
-2961.6806223366934
338.5193776633366
-363.2806223366612
-1606.0806223366928
-613.0806223366408
247.11937766333014
206.71937766333144
19.719377663338044
-1226.8806223366432
-1981.0806223366612
1856.1193776633104
1366.3193776633182
-575.0806223366706
-108.28062233666243
-623.6806223366689
-578.0806223366588
-1114.0806223366874
619.9193776633296
2278.3193776632884
1128.1193776633509
-0.08062233664173313
360.91937766332717
-945.8806223366639
-811.080622336655
-465.28062233667595
136.51937766333955
147.719377663335
-1706.4806223366616
732.5193776633481
-128.88062233666588
-1466.080622336645
-156.88062233666264
-1207.6806223366468
300.71937766333554
1301.919377663342
-761.6806223366631
524.3193776633476
-677.0806223366636
-164.4806223366668
-1612.280622336662
-21.680622336657493
-185.08062233666084
-248.08062233666863
589.919377663341
475.9193776633399
482.319377663338
120.91937766333807
-912.6806223366435
-379.48062233667906
-568.0806223366378
963.5193776633442
1775.1193776633045
459.31937766334596
1145.3193776633389
949.9193776633277
-1522.8806223366619
594.119377663342
-942.2806223367221
-1975.4806223366638
-1135.0806223366842
1002.1193776633176
93.31937766332771
124.91937766333447
-263.0806223366634
-969.0806223366761
-882.2806223366628
505.31937766334045
155.11937766333435
1582.9193776633526
880.3193776633117
198.319377663324
-2285.8806223367683
-1925.8806223366757
-1016.4806223366768
-649.0806223366516
-677.6806223366586
-123.08062233666664
524.519377663319
-205.0806223366534
761.1193776633354
-348.6806223366632
-1059.0806223366585
352.5193776633313
702.7193776633263
1047.9193776633294
-684.280622336675
563.3193776633319
-732.6806223366766
-1189.680622336711
-2698.6806223366234
-1314.0806223366621
-1192.4806223366493
502.31937766333056
801.519377663334
400.31937766334636
-455.4806223366845
-1610.8806223366762
-91.88062233666221
612.5193776633305
792.1193776633326
2469.91937766335
2033.9193776633774
228.11937766334083
-905.4806223366561
-650.6806223366833
-40.280622336668536
-1016.6806223366593
-968.4806223366733
-1938.6806223366518
-253.08062233665459
356.1193776633381
-542.0806223366658
-790.6806223366559
-1800.6806223366907
-657.4806223366638
-1655.080622336692
-2077.6806223367234
-718.6806223366588
-1302.6806223366643
-1997.2806223366795
211.91937766333967
666.9193776633319
1393.3193776633216
-1519.2806223366852
-1328.6806223366646
-944.8806223366587
1017.1193776633369
138.51937766333475
144.1193776633379
-16.28062233665174
-1014.2806223366748
-389.2806223366694
-279.88062233664203
-825.8806223366752
1412.9193776633144
-755.4806223366578
-2652.8806223366682
-781.2806223366656
244.51937766334265
1950.5193776633405
-509.4806223366473
271.11937766333773
122.71937766333792
521.3193776633346
324.3193776633419
-1079.0806223366621
137.5193776633278
-346.48062233666695
-1908.6806223366564
-684.480622336633
-1465.8806223367224
-1228.8806223366178
-1252.2806223366777
-1220.4806223366493
-526.8806223366875
-267.0806223366657
690.7193776633433
-803.6806223366547
2527.519377663349
687.319377663345
420.7193776633509
737.919377663361
-957.4806223366425
-1630.0806223366835
304.11937766333966
-192.88062233666244
1930.3193776633436
-489.0806223366732
658.1193776633414
245.51937766333683
-1208.0806223366842
-408.28062233666424
-2645.2806223366415
-1500.6806223366686
-1537.4806223366083
-731.4806223366691
-278.6806223366455
-921.2806223366766
-290.88062233666716
1228.9193776633006
-2301.880622336649
-1615.2806223367118
-2499.4806223366836
-350.08062233666635
55.11937766333368
-2890.0806223366712
-2485.480622336676
-391.080622336664
-76.88062233666285
-2405.0806223366376
1250.9193776633413
10.11937766333751
1483.71937766337
-301.8806223366594
-1629.8806223366462
-1980.680622336623
-284.2806223366574
-832.6806223366585
-1149.4806223366782
113.31937766333758
1496.919377663321
1076.919377663341
-767.6806223366543
-47.68062233665712
661.519377663333
772.11937766333
1189.3193776633589
-19.08062233665984
946.5193776633233
692.9193776633389
-522.2806223366604
788.3193776633217
-1551.2806223366276
980.5193776633434
-770.0806223366646
979.519377663335
1274.7193776633387
-549.8806223366521
-707.6806223366251
-47.68062233666069
459.71937766332957
-1402.0806223366728
-1458.680622336672
-883.6806223366708
704.3193776633434
100.71937766333279
-263.08062233666925
-491.6806223366537
-631.0806223366624
645.9193776633308
901.3193776633084
1070.1193776633347
-797.2806223366666
-1607.8806223367492
-607.2806223366673
426.51937766332964
-766.8806223366519
-1269.880622336627
-1672.4806223366734
-2197.080622336635
-1244.2806223366497
-629.0806223366732
-1805.6806223366475
-55.080622336663055
262.31937766332953
-1146.2806223366613
-859.8806223366687
130.7193776633453
-2220.4806223366695
-543.0806223366817
622.5193776633358
-864.0806223366488
-504.08062233668136
493.1193776633332
655.1193776633075
-1160.8806223366653
-115.88062233666656
379.9193776633694
-1828.880622336655
-861.8806223366263
-695.48062233666
789.5193776633258
185.91937766333223
368.51937766333066
-634.280622336667
-687.4806223366653
228.31937766333684
913.9193776633299
1631.919377663394
984.1193776633319
259.719377663337
1641.9193776633356
1576.5193776633307
404.919377663343
-316.2806223366684
718.5193776633722
1913.7193776633303
893.9193776633584
1189.7193776633346
1214.9193776633283
-1170.6806223366623
964.7193776633666
1571.5193776633666
210.91937766334456
-673.8806223366662
-352.28062233666463
814.1193776633465
849.319377663332
115.71937766335509
5478.519377663273
1805.9193776632967
1019.9193776632213
1809.3193776633398
567.7193776633331
350.1193776633627
983.7193776633316
400.91937766332967
2559.1193776633118
829.5193776632948
2082.5193776633664
2024.9193776633642
479.51937766335766
1930.919377663348
2502.719377663272
1486.119377663365
1440.1193776633756
862.719377663343
807.7193776633893
1419.1193776633309
202.3193776633427
2082.9193776633906
2600.1193776633277
216.11937766332767
388.71937766331473
-630.6806223366675
-293.8806223366682
168.51937766330553
943.5193776633183
-1304.6806223366734
3181.919377663393
4354.519377663453
1151.1193776633354
1185.1193776633083
-869.6806223366599
1365.3193776632859
-192.8806223366722
1327.9193776633163
702.7193776633115
-1293.4806223366654
-542.4806223366649
552.5193776633287
-1207.8806223366862
-1377.4806223366477
-1661.2806223366617
-1692.6806223366634
-2385.6806223366398
-1849.080622336692
-811.8806223366622
-277.28062233666475
-1182.880622336662
-377.8806223366688
-3204.2806223366742
-957.6806223366709
893.3193776633159
1433.7193776633212
998.7193776633426
-729.2806223366543
-706.4806223366679
975.5193776633431
2364.7193776634044
55.91937766330908
3572.5193776634233
3379.11937766339
137.71937766334145
-415.4806223366628
426.7193776633153
1463.3193776633564
345.71937766331695
708.7193776632963
891.1193776633304
-2447.480622336652
-1579.2806223366065
-89.48062233666542
-446.28062233665446
-1910.6806223366618
-1107.4806223366732
1973.719377663371
-1038.8806223366573
585.5193776633345
-971.280622336667
85.1193776633425
171.9193776633417
-908.4806223366913
-3496.680622336563
-2141.2806223366797
-778.2806223366745
-753.2806223366687
-1572.8806223366587
-303.2806223366615
-79.68062233665518
-1595.0806223366721
508.51937766331514
-473.6806223366595
-399.88062233666994
2173.1193776633263
1220.719377663311
448.3193776633432
786.9193776633483
2067.91937766333
1141.5193776633107
726.3193776633364
810.3193776633577
-196.48062233666332
13.519377663324505
-1531.4806223366038
-712.2806223366538
-531.2806223366679
-71.08062233666375
675.3193776633414
-1110.6806223366573
-542.280622336671
-2632.6806223366093
-1087.4806223366754
-2898.680622336672
-1424.6806223367325
-546.6806223366639
-658.0806223366932
1703.5193776632916
2942.3193776633784
1972.3193776633323
1632.3193776633389
2323.5193776632955
-1180.280622336662
-199.8806223366612
282.51937766334225
-552.0806223366486
1578.9193776633535
-1541.680622336666
-1890.4806223367023
-1712.4806223366977
-1177.0806223366565
566.7193776633089
525.7193776633304
447.5193776633075
1815.119377663318
97.71937766333221
-790.0806223366659
-1848.4806223366706
1167.919377663364
804.5193776633432
-650.6806223366681
424.11937766334466
1624.919377663321
310.31937766333215
1604.719377663332
-441.6806223366897
921.9193776633371
215.11937766333054
459.7193776633376
1295.119377663312
-220.48062233666417
1476.5193776633037
1697.519377663343
1733.3193776633325
-567.4806223366594
829.5193776633232
860.3193776633298
-811.6806223366658
1228.5193776633294
-793.8806223366877
-2117.880622336657
-1420.4806223366654
-1685.480622336679
-695.4806223366686
582.1193776633445
-88.68062233665222
934.7193776633377
584.5193776633496
798.319377663358
-1026.480622336659
-150.68062233667385
-3679.280622336745
-1655.680622336623
-756.8806223366627
140.5193776633304
1841.9193776633279
1171.1193776633363
-461.8806223366548
1339.9193776633304
-676.2806223366703
-993.2806223366414
1353.5193776633391
-1804.8806223366669
-209.68062233666527
-701.2806223366714
-1978.8806223366764
-764.6806223366672
-799.6806223366665
-506.8806223366538
-977.6806223366742
-1341.4806223366597
-2374.2806223366383
-738.4806223366573
1161.7193776633371
-1931.6806223366466
-1816.6806223366723
1333.7193776633262
-707.4806223366619
-1589.8806223366971
224.519377663346
1597.5193776633066
-564.2806223366806
886.919377663317
-914.880622336663
179.31937766333803
-988.4806223366809
283.3193776633482
-0.08062233666350238
-1174.6806223366414
-761.2806223366604
2038.5193776633266
1527.7193776633321
86.11937766332979
1154.1193776633359
-217.28062233666643
133.3193776633448
1874.1193776633522
-946.2806223366807
158.71937766334182
-520.4806223366658
-1142.4806223366559
1038.1193776633409
402.71937766333144
-1605.680622336707
-113.88062233666378
95.5193776633354
293.31937766334534
723.1193776633447
272.7193776633435
1030.3193776633361
-983.8806223366588
1466.9193776633729
347.7193776633182
485.3193776633391
1426.9193776633558
-50.28062233666513
-535.0806223366945
407.9193776633342
1851.3193776633325
384.1193776633402
196.9193776633221
-2762.680622336666
-808.4806223366669
-1750.480622336641
-626.8806223366316
585.5193776633463
389.3193776633386
-998.2806223366568
189.7193776633362
-948.8806223366494
-921.280622336669
1491.1193776633168
-466.48062233665263
521.7193776633266
763.7193776633413
-3054.0806223366635
27.719377663334328
1932.9193776633042
2762.1193776633872
892.3193776633286
1402.719377663333
1494.119377663303
222.7193776633689
2207.9193776633133
2393.31937766332
2056.9193776632965
17.71937766333886
-862.6806223366582
1959.3193776633548
917.3193776633173
917.9193776633344
1963.1193776633072
858.9193776633323
100.11937766334077
2165.7193776633158
50.91937766333061
923.7193776633458
-241.88062233666193
-335.2806223366809
-481.08062233666107
-845.0806223366758
989.9193776633618
-101.88062233666176
76.51937766333991
-797.2806223366613
723.5193776633383
-1382.880622336658
-879.6806223366666
-33.08062233664932
98.5193776633339
239.1193776633352
-2129.8806223366823
-236.28062233666853
-1124.4806223366584
-765.4806223366683
431.5193776633487
660.919377663331
-201.28062233667225
245.9193776633284
-1965.0806223366826
-1507.080622336652
852.1193776633438
-145.48062233666178
3087.7193776632826
-456.6806223366618
-1624.8806223366328
1273.919377663341
1047.7193776633271
756.5193776633367
-507.0806223366554
-1705.0806223366483
-1746.8806223366264
-1545.6806223366868
138.71937766333764
-487.68062233666126
-653.4806223366653
-1127.48062233668
1292.319377663296
-1286.6806223366825
1645.919377663343
241.71937766333946
-1549.2806223367234
-360.48062233666946
-88.88062233666886
1496.3193776633598
-171.88062233667014
234.11937766334853
1106.1193776633436
-57.88062233665879
-426.88062233666915
-528.4806223366679
-321.88062233667364
-2226.080622336698
112.91937766334365
-1219.2806223366554
1003.9193776633407
205.31937766334642
-998.0806223366733
1933.7193776632735
671.1193776633435
1691.5193776633405
1285.3193776633943
-643.0806223366521
-358.28062233666367
-267.0806223366608
-457.6806223366485
-14.480622336657078
327.7193776633446
-1740.680622336663
2180.5193776633428
1041.1193776633088
-183.0806223366734
-30.880622336659165
108.31937766333986
302.3193776633409
1426.1193776633527
206.51937766332986
688.5193776633281
-984.6806223366527
-56.680622336671185
46.719377663343025
257.9193776633393
-1103.480622336691
380.31937766333385
-937.6806223366434
485.7193776633343
48.919377663334295
-1088.2806223366613
-484.6806223366691
-2698.8806223366832
-1118.0806223366653
-1284.2806223366606
-702.6806223366704
-111.68062233665584
-203.48062233666477
-166.08062233666448
-500.0806223366655
-1370.0806223366997
445.31937766332993
-2336.680622336603
-2374.8806223366532
876.9193776633368
2219.3193776633098
-803.4806223366828
-784.4806223366695
378.71937766332866
281.5193776633364
1097.1193776633397
-1386.8806223366792
-372.48062233669657
-1947.6806223367419
1101.3193776633293
-476.480622336677
-932.6806223366707
-349.6806223366727
737.5193776633503
-1155.6806223366864
1189.3193776633018
752.9193776633251
-148.4806223366573
-1435.0806223366674
-512.0806223366582
-5.480622336666187
-1414.8806223366962
-867.8806223366702
1558.9193776633351
1122.7193776633378
-1497.680622336689
-166.2806223366697
-1776.2806223366752
38.91937766333821
-40.88062233665837
1548.519377663295
845.3193776633342
61.719377663323506
-1509.8806223366385
459.11937766332454
-930.6806223366805
94.31937766334474
1243.9193776633292
1034.9193776633347
-5.280622336659533
-1587.880622336652
1111.719377663336
-1585.0806223366735
-699.0806223366651
-1124.0806223366649
-474.8806223366836
-278.0806223366688
1250.119377663344
449.31937766334147
1201.719377663335
-1075.6806223366225
-2434.8806223366996
177.11937766333327
-565.6806223366578
-272.48062233666394
86.31937766332811
103.71937766334054
-484.68062233666
-1026.0806223366633
-283.88062233666756
-1552.880622336639
2102.3193776633175
-66.48062233665485
-59.68062233666252
272.1193776633269
-1749.6806223367303
796.319377663315
-497.080622336675
367.1193776633321
2156.119377663321
2850.119377663369
-88.88062233666429
-1248.4806223366554
-758.0806223366549
-1472.8806223366757
-2446.880622336683
-1835.4806223366643
-1917.8806223366873
15.119377663337957
413.9193776633372
879.3193776633414
756.7193776633378
1041.919377663357
-1056.6806223366495
1491.1193776633334
-16.880622336665215
262.1193776633414
-223.88062233667148
-741.0806223366741
-867.0806223366709
-1849.4806223366627
778.7193776633318
-521.6806223366641
623.9193776633444
-610.4806223366725
1228.3193776633423
-88.28062233668894
-1599.8806223366237
710.3193776633249
500.11937766333625
2889.9193776633515
1701.5193776633507
1950.3193776633223
325.11937766334216
-918.2806223366573
-1626.8806223366623
909.9193776633302
-119.08062233666237
-763.6806223366567
927.5193776633397
-493.4806223366833
-385.88062233665454
1073.7193776633342
1327.519377663329
2857.7193776633426
-1337.0806223367258
-1719.4806223366206
-304.0806223366818
2435.3193776633534
1173.3193776633368
1668.919377663337
2429.9193776632774
-622.6806223366643
-250.28062233666654
478.1193776633461
-746.280622336671
484.11937766333085
2660.519377663334
-2083.080622336666
-3160.2806223368043
2357.519377663332
111.7193776633343
437.7193776633275
1328.3193776633323
730.5193776633402
2107.119377663328
-36.68062233666326
-1680.280622336649
-1537.8806223366723
685.3193776633419
1893.3193776633364
1957.1193776633274
-816.2806223367096
632.7193776633391
1186.719377663355
-94.6806223366664
353.31937766333476
-2600.880622336667
-1844.680622336633
1166.9193776633417
3166.319377663303
992.9193776633083
813.5193776633475
-137.88062233666994
-1575.2806223366645
-405.08062233665817
-820.2806223366622
-2100.880622336643
-520.8806223366432
1659.119377663359
-1027.8806223366214
-1053.6806223366284
1873.7193776633312
124.51937766333099
-2263.4806223366395
-132.28062233666662
1965.119377663325
4190.71937766338
-294.08062233666794
326.11937766333256
-634.68062233665
-1120.480622336662
-76.88062233666365
-2604.4806223367045
-1284.2806223367036
90.71937766334138
834.3193776633382
-264.0806223366605
-224.08062233666513
-1010.4806223366517
1693.3193776633318
449.71937766333326
2181.5193776633046
-273.6806223366665
136.71937766334676
-1109.0806223366558
-1698.4806223366465
-850.4806223366702
1977.7193776633344
-914.080622336663
-542.6806223366358
109.31937766333574
-619.6806223365661
-1493.4806223367448
87.51937766333245
266.9193776633355
1721.9193776633283
1082.5193776633364
774.3193776633208
1842.319377663331
-1621.0806223366337
-1517.2806223366665
-462.8806223366845
147.31937766333485
-805.4806223366429
-971.4806223366517
898.7193776633434
-1038.680622336667
1277.7193776633283
246.31937766333402
152.3193776633373
-1617.6806223366789
-165.88062233666062
-761.8806223366522
1670.3193776632957
2467.919377663334
115.71937766334183
-213.88062233666182
320.3193776633455
-2043.080622336622
2311.5193776632977
-633.2806223366656
-1341.4806223366538
742.1193776633339
-2223.0806223366717
-1745.680622336639
-2806.6806223365465
-235.28062233663942
-2103.2806223366456
-844.2806223366632
731.7193776633384
453.11937766332306
1020.9193776633103
2046.7193776633853
1385.7193776633117
3020.519377663308
-783.0806223366543
-943.0806223366644
-449.6806223366653
143.71937766333704
1197.7193776633205
1097.9193776633415
1551.1193776633288
-1046.2806223366495
1770.119377663326
-558.4806223366726
68.31937766335118
1400.7193776633503
-863.0806223366912
-2193.480622336665
-927.4806223366662
-363.0806223366663
123.31937766333097
564.9193776633342
65.91937766332666
-1161.4806223366695
-6180.680622336808
-684.6806223366838
-1823.280622336684
2528.1193776633336
-1630.8806223366391
3.519377663337046
-608.8806223366632
265.11937766332096
-108.2806223366627
955.5193776633097
-862.0806223366823
1989.1193776633563
-1019.0806223366378
-674.2806223366638
636.1193776633247
1162.9193776633247
1956.1193776633472
1651.5193776633055
395.119377663312
835.5193776633316
2873.9193776633383
852.3193776633426
2452.719377663398
963.9193776633077
-917.4806223366481
-955.0806223366694
-619.4806223366727
-461.2806223366692
-649.8806223366639
1111.3193776633343
1167.7193776633376
-80.6806223366618
-5589.880622336425
-1240.6806223366254
-2160.480622336687
2241.919377663343
-479.48062233666053
-606.2806223366695
-2578.8806223367114
251.51937766334032
85.51937766333302
389.9193776633372
1181.3193776633298
-467.88062233663993
-239.28062233668206
690.1193776633479
1878.3193776633263
1956.5193776633198
93.11937766333851
1300.1193776633297
2287.519377663357
1006.5193776633212
451.919377663336
-947.6806223366506
813.3193776633428
120.51937766334547
-1694.2806223366592
-4.280622336653089
1150.919377663394
2182.919377663299
-2938.280622336684
-628.0806223366696
1151.9193776633222
1872.3193776633352
-2098.6806223367275
-344.68062233667155
-8.680622336664495
-454.28062233667254
260.1193776633453
716.319377663338
123.31937766334318
2248.7193776632994
339.71937766334025
-511.48062233665775
1075.519377663351
-367.08062233666413
981.7193776633392
1642.7193776633244
-648.2806223366698
127.11937766333628
-452.88062233667614
-10.480622336665984
-921.6806223366215
-1607.4806223366836
2595.3193776633125
478.9193776633374
-115.28062233667224
2840.919377663363
1218.5193776633298
-164.48062233666087
73.91937766334404
107.51937766331852
-2396.4806223366677
-75.88062233666678
208.51937766333197
2199.319377663354
-3089.680622336636
-2161.4806223366277
-524.280622336674
-1245.6806223366077
-580.0806223366915
-148.8806223366708
383.71937766332843
552.1193776633512
823.7193776633441
172.71937766333986
1131.519377663324
12.319377663331519
-1400.080622336667
289.51937766332765
284.5193776633404
106.71937766335394
-127.48062233666937
706.1193776633312
509.719377663355
-274.0806223366719
171.51937766333555
-867.6806223366541
-757.4806223366771
731.9193776633338
233.71937766334278
800.5193776633366
1158.7193776633512
-655.480622336667
546.1193776633417
-1389.8806223366676
-1427.280622336655
640.5193776633381
-2911.480622336694
-2384.0806223366753
-460.2806223366721
-1840.4806223366652
-290.88062233666363
-504.48062233666496
991.3193776633331
-781.0806223366525
944.5193776633192
284.11937766334324
-1060.280622336638
-114.88062233666321
500.7193776633386
475.5193776633303
965.119377663334
240.7193776633423
687.5193776633503
-1216.680622336623
-798.0806223366686
674.5193776633445
467.51937766334106
174.71937766334247
1248.319377663351
-1026.6806223366475
1060.719377663325
41.51937766333247
-1509.0806223366255
11.719377663331251
1994.7193776632337
-598.0806223366488
-284.2806223366591
61.7193776633417
-3433.080622336684
-2627.280622336631
-1863.8806223366464
-2763.8806223366905
-324.48062233666593
859.9193776633277
1294.5193776633296
-1084.6806223366793
-885.2806223366609
-866.8806223366704
-588.4806223366762
314.7193776633333
1255.1193776633104
981.919377663368
1117.5193776633305
3171.7193776632903
1632.3193776633502
-603.8806223366786
-237.4806223366579
252.3193776633332
853.7193776633422
-806.6806223366666
1798.9193776633097
628.7193776633278
266.7193776633309
-1702.4806223366945
-786.0806223366758
-122.680622336656
1156.9193776633247
558.7193776633264
-494.28062233666066
-1194.2806223366651
-4954.48062233673
-251.0806223366625
-752.2806223366628
-1748.280622336652
176.1193776633395
1003.5193776633564
-402.2806223366604
-762.4806223366559
652.9193776633427
933.1193776633115
179.519377663335
660.5193776633326
-581.0806223366703
688.1193776633297
981.5193776633238
1481.7193776633064
591.5193776633473
-1262.6806223366557
-139.8806223366602
-958.8806223366444
-773.0806223366434
97.91937766334146
95.51937766334238
-634.2806223366556
1521.1193776633347
2155.719377663301
2496.9193776633356
-1273.4806223366534
-1012.0806223366742
-1051.880622336662
250.5193776633328
-525.0806223366509
-2947.080622336776
1488.119377663356
-63.88062233666175
-630.8806223366585
-1081.4806223366597
-1474.880622336687
673.3193776633459
-1167.8806223366703
-2684.080622336623
-474.4806223366752
1528.1193776633872
3103.1193776633013
1245.7193776633292
1742.7193776633378
600.1193776633397
1113.5193776633037
309.91937766334155
-559.0806223366677
871.9193776633458
1564.119377663328
1159.9193776633256
1599.31937766335
1411.719377663355
915.9193776633269
337.119377663336
645.3193776633357
195.11937766333472
6.119377663339211
1392.1193776633247
-977.68062233665
1596.7193776633455
-372.6806223366649
-1629.0806223366676
2765.5193776633755
819.1193776633386
-482.88062233666227
532.5193776633456
-553.8806223366777
1798.5193776633037
45.71937766333694
548.5193776633383
293.3193776633305
-507.88062233667006
87.31937766332652
-1007.8806223366771
-172.08062233665598
-1179.2806223366706
-59.28062233667686
22.719377663339316
-205.48062233666224
376.1193776633424
2573.3193776633443
143.5193776633333
100.71937766333548
73.11937766333517
1560.3193776633195
1523.5193776633344
-1529.680622336677
-1613.2806223366806
-454.6806223366702
650.5193776633156
-1516.0806223366708
631.9193776633429
-771.8806223366754
689.119377663308
1910.5193776633243
164.3193776633334
-389.8806223366741
213.5193776633373
-1189.0806223366758
-1478.880622336645
91.5193776633391
1373.7193776633433
1604.9193776633479
168.9193776633403
431.5193776633417
1446.319377663305
891.7193776633156
1799.1193776633036
1143.719377663289
1755.5193776633128
1659.5193776633387
581.1193776633554
1605.1193776633002
-434.88062233666875
2385.5193776633755
986.5193776633412
1919.3193776633727
2178.319377663328
644.9193776633313
-390.48062233666457
-264.08062233665976
1114.519377663334
12.319377663337875
-735.0806223366694
-622.2806223366447
321.1193776633395
2531.5193776633337
1430.9193776633376
1340.3193776633118
-364.8806223366699
-215.4806223366694
-162.08062233665504
253.51937766334672
-1254.4806223366766
-1554.4806223366993
-709.080622336668
-558.0806223366814
-1810.880622336689
-2079.080622336682
-947.6806223366623
-1175.4806223366609
-842.0806223366524
411.1193776633329
-793.0806223366624
-240.88062233666608
224.1193776633325
-906.8806223366571
-823.0806223366675
-269.080622336675
-2336.4806223366772
-496.08062233666317
-154.0806223366625
-1567.280622336659
-540.8806223366676
640.11937766333
537.5193776633398
-768.6806223366564
241.3193776633395
2678.519377663319
33.91937766334481
606.3193776633385
-602.2806223366674
25.119377663336834
-837.8806223366646
-40.28062233666612
-410.4806223366572
-551.0806223366503
139.11937766333764
0.3193776633328511
771.3193776633412
754.1193776633182
306.91937766335457
708.9193776633299
-18.280622336644427
254.71937766334142
52.919377663331616
416.9193776633191
1748.7193776633899
558.5193776633344
488.3193776633304
139.11937766333628
-1920.4806223366732
-81.68062233666687
224.9193776633421
-987.880622336665
-883.4806223366633
-385.28062233666486
637.7193776633437
1789.119377663335
1596.1193776632979
