-301.84643424351316
-112.44643424352269
-325.0464342435204
-515.446434243522
297.15356575648207
178.95356575647725
-264.8464342435193
-190.84643424352058
-150.84643424352106
-891.8464342435202
-1612.64643424352
-1286.8464342435232
-14.446434243522667
116.15356575648076
211.15356575648184
-413.8464342435198
-856.4464342435199
-556.8464342435199
-41.64643424352094
-93.44643424352331
-496.4464342435184
-396.2464342435243
-724.4464342435326
-303.2464342435194
-92.8464342435235
169.3535657564796
-211.44643424352415
29.553565756479465
444.353565756479
-44.44643424352111
-168.44643424352287
163.75356575647896
844.5535657564809
662.5535657564793
465.55356575647363
123.55356575648315
1308.9535657564852
1670.9535657564854
598.7535657564822
496.75356575647635
504.7535657564814
-95.44643424352196
-226.44643424351796
-385.6464342435245
837.3535657564772
810.9535657564843
1172.953565756485
1378.5535657564822
639.9535657564808
624.553565756479
797.9535657564855
998.9535657564786
553.5535657564798
287.75356575647777
-133.04643424352324
412.35356575647785
295.95356575648196
113.75356575647733
-45.24643424351969
-378.446434243521
-44.64643424352281
730.7535657564754
226.55356575647724
472.1535657564747
1182.7535657564765
-75.64643424351921
108.15356575647814
146.3535657564785
478.5535657564798
1215.353565756482
208.35356575648365
52.95356575648438
-200.44643424352049
-0.846434243520747
-422.64643424352255
-1099.8464342435175
-61.24643424352237
-583.0464342435243
-422.44643424351966
310.1535657564756
-160.44643424352415
-224.0464342435203
-402.64643424351925
-124.04643424352089
-551.4464342435285
-697.8464342435275
-1188.2464342435187
-58.04643424352183
-51.84643424352032
-572.0464342435197
-788.2464342435211
-165.64643424352022
641.3535657564769
127.95356575648394
-352.64643424351624
-261.44643424352404
1023.7535657564798
-564.4464342435236
54.75356575647894
147.15356575647823
436.9535657564816
229.3535657564793
151.55356575648102
788.753565756473
565.5535657564803
263.55356575647755
-397.0464342435203
-344.6464342435238
179.3535657564787
-375.64643424352096
26.153565756477875
337.7535657564791
-179.6464342435214
-296.8464342435247
-195.84643424352151
-277.84643424352055
-967.0464342435238
-272.44643424352404
662.7535657564806
772.5535657564865
-65.84643424351994
-350.8464342435208
-740.0464342435182
-365.64643424352226
45.35356575648203
-1065.2464342435167
-1376.6464342435156
-675.4464342435157
813.7535657564842
-210.04643424351835
-78.04643424351883
136.5535657564815
737.9535657564855
1309.7535657564708
315.9535657564827
-258.84643424352225
-150.64643424352005
-129.04643424352278
-540.846434243519
-504.2464342435214
347.7535657564788
161.1535657564797
642.5535657564753
798.3535657564822
-677.04643424352
-1248.2464342435185
-1103.0464342435193
-943.0464342435185
-81.04643424352244
573.5535657564806
555.3535657564811
1109.3535657564707
600.5535657564725
490.3535657564775
349.3535657564797
196.15356575648187
316.15356575648326
-741.2464342435208
-647.4464342435225
-217.84643424352097
93.55356575648193
-215.24643424352158
-211.046434243521
122.95356575648074
704.3535657564739
1371.1535657564805
344.7535657564789
-354.6464342435204
-321.04643424351775
-971.2464342435129
366.15356575647985
-187.24643424352
682.7535657564796
792.153565756477
438.15356575647957
339.9535657564795
-664.4464342435182
-1023.0464342435339
-991.4464342435239
-1132.4464342435301
-997.6464342435146
384.75356575648823
-190.8464342435197
279.9535657564833
153.55356575647988
-527.0464342435213
99.3535657564801
310.7535657564833
-197.04643424352042
-211.24643424352027
-412.64643424352465
-221.44643424352074
-177.0464342435189
-49.446434243520216
45.55356575647789
-452.4464342435192
263.75356575648004
1006.9535657564776
625.3535657564835
659.1535657564783
339.3535657564801
-691.446434243515
336.1535657564783
-153.44643424352037
650.7535657564791
986.5535657564772
34.75356575647821
-459.2464342435191
-917.446434243534
321.9535657564808
81.35356575647745
-702.0464342435255
-698.2464342435205
49.153565756474904
-340.0464342435219
-689.646434243522
-853.246434243527
-623.0464342435273
278.9535657564847
254.55356575648022
57.353565756479995
-399.44643424352313
-549.6464342435208
-474.6464342435178
-381.04643424351843
688.7535657564778
202.7535657564761
108.15356575647931
-471.64643424351783
738.1535657564757
1010.1535657564755
1010.1535657564738
1393.7535657564931
94.35356575648261
-105.246434243517
-897.4464342435232
-351.0464342435181
626.7535657564875
-269.44643424351943
-0.8464342435213936
-214.0464342435202
-826.0464342435131
-962.046434243525
-131.04643424352003
351.55356575647505
362.35356575647745
-1096.8464342435184
-1338.2464342435283
-1049.2464342435244
-218.8464342435252
513.7535657564833
475.7535657564801
414.9535657564837
-880.6464342435153
-509.44643424352546
-454.4464342435188
288.1535657564775
304.15356575647945
-266.64643424351834
-327.24643424351757
-1068.6464342435122
246.75356575647953
421.15356575648167
227.75356575647783
889.5535657564751
1003.9535657564714
601.7535657564803
-829.64643424352
-747.2464342435245
237.7535657564802
80.3535657564795
155.55356575648236
-106.84643424352012
-1413.8464342435286
-1259.0464342435203
-198.64643424351854
-168.84643424352544
168.55356575648017
-1137.6464342435254
-808.8464342435215
-581.0464342435197
-16.24643424352093
-571.2464342435233
-466.2464342435211
527.9535657564771
70.55356575647693
50.35356575647808
-134.24643424352467
1008.153565756483
5.553565756481291
103.35356575647998
59.95356575647992
30.753565756475666
274.75356575647976
-46.246434243519545
-305.84643424352083
-565.0464342435213
-314.8464342435208
383.7535657564788
-547.2464342435236
-1135.2464342435328
-752.8464342435253
-310.04643424352855
-952.0464342435107
-401.24643424352786
-171.04643424352
-838.0464342435124
-1996.2464342434987
-1843.0464342435107
-504.4464342435248
-702.6464342435164
-483.4464342435197
-810.2464342435195
-664.0464342435207
255.35356575648063
854.9535657564717
1269.1535657564752
640.3535657564775
484.35356575647836
-40.24643424352552
640.3535657564829
-16.246434243521463
159.55356575647983
776.3535657564789
1180.3535657564792
262.75356575648084
694.7535657564779
1424.7535657564706
167.35356575647864
229.55356575647886
836.9535657564755
-1111.6464342435156
-713.6464342435189
-468.04643424352696
-1036.8464342435234
-1057.8464342435175
-316.0464342435246
-59.84643424352063
-384.8464342435164
-1655.8464342435245
-1873.846434243515
-1534.6464342435515
-997.046434243514
692.9535657564791
282.3535657564823
-1068.6464342435243
334.1535657564781
1844.5535657564722
1202.7535657564845
504.15356575648144
-4.646434243524325
-283.2464342435231
145.75356575647862
-306.246434243521
-594.246434243524
-8.246434243522849
804.7535657564799
-361.64643424352477
-563.0464342435207
682.5535657564789
225.15356575648028
257.9535657564763
-412.0464342435206
-1581.8464342435166
-899.4464342435249
-967.6464342435111
-1235.4464342435315
-838.6464342435262
-25.04643424352774
-1231.8464342435416
-1831.246434243542
-994.0464342435224
-568.8464342435242
-1205.6464342435238
-270.04643424353833
1340.5535657564803
882.353565756478
96.95356575648002
190.75356575647774
1116.3535657564921
1255.1535657564784
395.9535657564786
-1049.046434243526
361.9535657564796
288.7535657564807
-25.446434243520542
31.55356575647913
356.3535657564801
1752.5535657564837
1086.5535657564785
-560.0464342435196
-567.0464342435235
-498.8464342435276
-103.44643424352155
296.75356575648254
-639.0464342435168
-58.44643424352
-730.0464342435253
-2203.84643424352
-1239.4464342435238
-740.8464342435234
-1528.8464342435223
-1820.24643424354
-710.6464342435204
-890.4464342435242
814.5535657564801
738.9535657564762
826.5535657564765
949.3535657564846
1482.753565756487
311.55356575647795
1508.9535657564822
2009.1535657564862
521.9535657564796
-354.2464342435214
761.9535657564784
-98.24643424351778
-413.846434243521
-473.2464342435224
372.1535657564799
1204.9535657564734
1155.7535657564847
301.75356575647857
-1417.8464342435157
-1381.4464342435297
-1531.4464342435301
-29.246434243521875
-1035.64643424352
-1414.046434243512
-1912.0464342435407
-2580.0464342435216
-3101.2464342435196
-1924.646434243512
-1210.2464342435255
-1787.2464342435246
-2018.4464342435192
-1303.8464342435295
-393.04643424352145
-1200.4464342435213
-404.8464342435219
-445.4464342435228
168.9535657564787
422.1535657564791
1294.9535657564645
1874.1535657564766
967.5535657564819
722.9535657564772
1138.1535657564773
350.3535657564828
190.75356575649099
-466.4464342435212
894.3535657564732
1247.7535657564838
866.5535657564698
810.7535657564695
-269.8464342435219
-345.24643424352075
-1239.046434243524
-962.0464342435191
-167.4464342435255
-1927.4464342435037
-2348.6464342435206
-267.8464342435229
-2152.8464342435186
-2127.2464342435287
-441.0464342435133
-275.04643424352105
-385.2464342435203
-1132.84643424352
-650.8464342435229
-511.04643424352275
-47.246434243520326
-165.6464342435221
-607.2464342435202
1210.5535657564785
1764.35356575648
544.3535657564772
511.953565756477
716.7535657564752
-605.8464342435217
-1149.2464342435194
-360.4464342435213
-1014.0464342435237
258.5535657564785
482.15356575648036
377.7535657564806
921.5535657564843
413.5535657564867
145.9535657564769
-229.24643424352067
-1442.2464342435298
-837.8464342435256
-1751.6464342435318
-2114.646434243526
310.5535657564785
-391.0464342435202
-1756.0464342435093
-1708.646434243517
-1628.646434243526
181.95356575648088
142.15356575648173
814.353565756482
500.3535657564819
-614.8464342435194
-753.4464342435133
-654.0464342435167
951.7535657564845
836.9535657564714
-371.04643424352446
155.95356575647884
1421.353565756462
-747.2464342435185
-1735.2464342435248
-1039.446434243523
-1196.2464342435212
-191.6464342435213
-28.446434243525555
927.5535657564977
1819.953565756479
951.9535657564649
244.95356575648128
202.15356575647922
-336.44643424352194
-40.04643424352016
-37.646434243521576
-186.84643424352203
115.3535657564797
-1185.4464342435144
-1731.2464342435146
-1471.646434243507
-1982.8464342435454
-467.4464342435194
-180.2464342435218
-434.4464342435187
-321.84643424352123
-446.2464342435216
-764.2464342435173
-80.04643424352642
337.35356575648626
-505.6464342435151
260.95356575648407
1721.1535657564757
2492.3535657564457
654.5535657564793
-404.84643424352384
-624.2464342435244
-489.6464342435183
93.95356575648111
549.9535657564813
1039.35356575647
1849.9535657564916
1617.3535657564762
551.9535657564759
-8.646434243521384
-191.24643424351882
-858.4464342435253
-961.0464342435205
-570.2464342435117
-235.44643424353012
-221.44643424351653
-835.4464342435238
-1460.4464342435315
-1517.646434243529
-1246.8464342435136
-1488.8464342435286
-1316.2464342435283
263.95356575647764
495.95356575647895
-675.0464342435165
-599.6464342435177
-350.6464342435232
-358.0464342435229
1144.1535657564807
837.5535657564858
97.75356575647756
-530.8464342435257
-1158.0464342435214
-341.04643424352054
351.7535657564818
-73.84643424352319
-144.446434243522
-909.0464342435214
-303.84643424352106
821.3535657564785
517.7535657564817
74.75356575647866
6.353565756482579
-71.64643424352161
-1471.6464342435265
-1462.4464342435153
-565.0464342435264
-95.0464342435277
-1134.8464342435218
-1039.6464342435258
-436.84643424352254
-872.8464342435233
-625.846434243523
-561.246434243525
543.7535657564774
286.15356575647866
-614.6464342435185
-514.0464342435225
-103.04643424352292
97.15356575647667
653.5535657564784
-41.24643424352045
-0.24643424352358956
-247.44643424352088
-990.0464342435303
-264.2464342435225
603.1535657564681
520.353565756479
398.9535657564768
-1000.846434243513
15.153565756477985
477.95356575647816
-307.4464342435178
-1938.646434243523
-1721.046434243524
146.5535657564811
-486.046434243517
-254.44643424352074
-649.2464342435217
-626.046434243514
-777.8464342435173
-848.6464342435258
-584.6464342435359
-1210.246434243533
-279.0464342435316
-827.0464342435318
-588.6464342435117
-333.64643424352096
0.5535657564789094
509.95356575648145
533.9535657564791
1127.153565756479
980.9535657564785
206.75356575647788
696.953565756478
987.5535657564797
-34.04643424352173
-72.04643424352301
277.55356575647795
645.1535657564807
540.1535657564804
-1095.0464342435212
-922.246434243518
-484.44643424352233
41.15356575647556
-665.8464342435201
-1065.846434243519
-1861.8464342435268
-1184.0464342435162
-437.4464342435196
-1661.0464342435282
-1706.2464342435212
-1539.0464342435369
-1102.646434243513
-623.2464342435218
-596.6464342435247
127.35356575647302
-73.44643424352111
-457.84643424352305
-66.04643424352084
957.753565756471
953.5535657564793
761.7535657564777
410.75356575647675
-410.4464342435189
-310.8464342435211
718.9535657564768
1099.1535657564802
1110.7535657564779
701.1535657564806
1397.153565756473
750.153565756482
201.95356575648518
-180.64643424352283
358.7535657564776
590.3535657564731
146.55356575647752
-202.6464342435207
-643.6464342435222
-2021.4464342435174
-2607.2464342435237
-1154.6464342435177
-1092.2464342435246
-334.646434243525
-1196.0464342435255
-711.8464342435168
-685.2464342435246
-2265.4464342435053
-388.2464342435242
-151.84643424352453
-368.2464342435241
-133.84643424352626
-136.44643424352063
-1002.2464342435246
-905.846434243505
157.7535657564805
-53.44643424352069
419.35356575648393
482.3535657564795
389.1535657564786
584.9535657564779
-156.6464342435241
155.75356575648212
1084.3535657564876
1037.3535657564948
945.3535657564817
1123.3535657564637
-272.04643424351747
-856.2464342435209
-458.64643424351624
-811.6464342435253
-953.0464342435209
-14.246434243522316
9.953565756480584
-336.6464342435231
-208.84643424352245
-1176.2464342435198
-1567.6464342435177
-1646.8464342435095
-2388.8464342435223
-915.2464342435228
-688.0464342435288
-1421.4464342435128
-849.2464342435242
26.153565756479747
-593.246434243518
-1768.0464342434918
-336.64643424351954
-707.04643424352
-94.64643424351942
177.55356575647946
-281.6464342435235
-237.84643424352006
938.5535657564778
242.35356575647654
1253.9535657564747
582.1535657564762
-184.04643424352233
-309.64643424351874
-939.6464342435175
-522.8464342435216
-652.0464342435268
-1181.8464342435175
-400.2464342435221
465.3535657564761
714.553565756479
-304.04643424351974
-595.0464342435166
-1433.6464342435245
-1218.44643424353
-771.4464342435145
-448.8464342435171
144.75356575648215
57.75356575647685
-681.6464342435237
-559.246434243515
-282.0464342435186
-379.84643424351947
-1079.44643424352
252.15356575647948
-325.24643424352035
-488.44643424351983
58.953565756481666
134.75356575648365
154.3535657564768
1259.953565756488
593.7535657564825
836.7535657564707
412.7535657564815
-736.0464342435218
-321.24643424352183
-526.8464342435207
136.7535657564806
249.95356575647946
-854.0464342435151
-862.8464342435137
-173.24643424352163
-863.0464342435162
-1276.0464342435266
-1040.44643424353
-793.6464342435245
-943.6464342435191
-405.04643424352156
-528.4464342435188
-831.2464342435242
-283.0464342435231
-410.44643424351733
-186.24643424352072
451.35356575648143
-1078.0464342435346
-691.2464342435214
-424.64643424351954
-614.4464342435245
421.95356575648043
849.7535657564794
1154.353565756482
780.1535657564789
-199.64643424352076
-848.6464342435166
15.953565756479513
850.5535657564774
-559.6464342435181
-559.4464342435255
291.55356575647806
559.9535657564818
630.1535657564808
-1088.8464342435145
-737.0464342435199
-493.84643424352174
-731.2464342435047
-1184.0464342435212
-625.0464342435279
-757.4464342435173
-162.44643424352037
93.95356575647531
-767.0464342435095
-270.846434243519
116.55356575647724
-75.24643424351943
-348.84643424352066
464.7535657564743
-849.4464342435199
254.15356575647934
340.9535657564757
133.7535657564823
845.3535657564729
1117.7535657564813
1332.7535657564692
616.7535657564779
382.3535657564793
363.55356575648085
669.3535657564715
425.35356575648206
-327.8464342435203
-676.8464342435205
217.3535657564805
108.35356575647693
598.7535657564831
-735.0464342435225
-231.44643424351938
108.55356575647596
-715.4464342435182
-510.44643424352194
521.9535657564745
-626.6464342435179
-192.64643424351718
-94.2464342435259
-122.44643424352394
-77.44643424352014
-899.2464342435285
-1175.4464342435203
-621.2464342435233
-1133.8464342435313
-1554.4464342435147
-306.0464342435251
1123.7535657564729
-210.84643424351924
773.1535657564816
786.9535657564771
-151.24643424352297
-810.446434243527
1430.7535657564795
843.1535657564798
567.3535657564807
118.15356575647847
-664.4464342435263
-237.04643424351983
666.7535657564736
341.55356575648
329.95356575647935
-839.6464342435272
-382.2464342435188
-157.6464342435213
19.15356575647976
61.553565756482044
504.1535657564855
-480.04643424352207
-274.0464342435207
-50.046434243521816
-153.4464342435235
-470.44643424351926
-848.046434243527
-418.0464342435207
-32.846434243518715
-564.4464342435203
-686.4464342435178
-729.646434243526
7.953565756480668
-467.0464342435224
337.9535657564843
388.9535657564779
95.95356575648063
187.9535657564787
752.7535657564845
66.75356575647893
561.1535657564737
-18.646434243518556
-362.046434243523
463.15356575647746
481.9535657564804
-878.8464342435182
7.753565756477293
119.95356575647817
343.55356575648307
-632.2464342435185
85.15356575647644
539.1535657564809
157.55356575647954
-660.0464342435204
362.7535657564828
585.7535657564777
364.95356575648003
-339.24643424352354
-522.4464342435231
-219.64643424352286
-561.0464342435253
-806.0464342435173
-1044.0464342435216
-1095.2464342435226
-799.2464342435205
-414.4464342435223
-203.6464342435195
-510.04643424352554
-63.246434243526785
1183.9535657564777
-285.8464342435217
-311.6464342435221
324.5535657564753
522.9535657564767
900.3535657564785
-66.2464342435226
-207.64643424352363
-1030.6464342435222
-15.646434243520169
1050.7535657564854
363.7535657564802
-56.24643424352203
70.1535657564803
291.1535657564796
-12.646434243522396
-93.44643424352398
811.9535657564799
13.753565756480402
315.5535657564803
-276.4464342435223
-1344.2464342435262
-454.8464342435195
-247.04643424352358
352.55356575647755
329.35356575647506
292.5535657564773
271.3535657564829
-326.8464342435219
-531.6464342435272
-220.24643424352223
-108.44643424351975
947.9535657564824
-328.2464342435245
-161.64643424352096
32.153565756481335
948.7535657564711
811.5535657564808
-245.04643424352255
287.15356575647985
-10.246434243525218
-199.24643424352558
261.1535657564797
-207.44643424352398
63.15356575647806
37.953565756479996
-358.44643424351983
-41.246434243523034
265.5535657564783
761.153565756475
39.3535657564767
353.55356575648375
72.15356575647895
-38.0464342435218
735.3535657564905
430.55356575648017
1082.953565756474
367.3535657564814
645.1535657564792
902.7535657564858
-124.44643424352051
-68.84643424352346
495.9535657564787
277.15356575648246
814.5535657564792
-58.84643424351907
401.15356575647957
253.35356575648393
531.9535657564722
41.1535657564843
-96.04643424352024
266.35356575648154
107.55356575647828
-17.846434243521077
305.9535657564809
158.35356575647882
-203.8464342435218
-882.8464342435188
-1371.2464342435273
-503.8464342435178
-476.04643424352525
-154.44643424352284
-180.4464342435238
-384.84643424352004
-971.4464342435194
-29.44643424352204
205.95356575647833
-547.2464342435185
-142.84643424351705
-734.4464342435256
-450.8464342435172
-286.44643424352296
196.15356575647715
1296.1535657564743
321.75356575648016
-480.24643424352035
77.75356575648095
-280.646434243528
-749.8464342435082
-853.8464342435326
-70.64643424352346
-56.24643424352154
-455.6464342435212
-210.4464342435145
-347.4464342435175
-1063.84643424353
-1329.846434243538
-1198.446434243515
-236.64643424351468
-192.84643424351952
-336.04643424351815
-1195.84643424352
-1500.246434243528
-970.8464342435227
-222.6464342435181
-107.64643424352002
-640.2464342435187
-717.0464342435205
-985.2464342435279
-638.4464342435155
-423.44643424352154
163.7535657564774
-315.6464342435133
-437.0464342435199
-223.44643424351716
-406.64643424351857
-508.0464342435203
-354.4464342435131
137.15356575648124
480.75356575648055
-211.44643424352458
-693.4464342435223
215.95356575647742
552.5535657564793
-227.64643424352198
94.5535657564771
29.553565756478292
-328.64643424352147
187.95356575647392
-274.246434243517
576.5535657564789
634.9535657564815
781.9535657564763
668.953565756478
-149.24643424352115
-82.44643424352051
557.153565756481
1089.7535657564765
470.55356575647795
-7.446434243521466
-547.646434243517
20.75356575647959
111.1535657564798
327.95356575647827
140.7535657564772
-356.4464342435211
-345.04643424351605
466.7535657564803
-143.84643424351975
-144.24643424352172
314.35356575647836
-203.64643424352022
-589.2464342435303
-882.0464342435292
-924.8464342435066
-64.84643424352643
-759.0464342435187
-262.2464342435222
-168.44643424352392
230.9535657564817
309.55356575647704
-616.0464342435184
-81.24643424351969
-492.44643424351716
-309.8464342435165
135.75356575647822
-219.64643424351812
-220.04643424352122
-76.44643424352091
357.1535657564807
-365.2464342435244
-730.0464342435165
-1610.6464342435308
-232.0464342435198
80.15356575647772
-94.04643424352074
-357.4464342435261
225.1535657564794
531.7535657564808
-22.446434243519324
-633.446434243522
-977.2464342435208
76.75356575647815
-393.246434243527
-301.24643424351433
-617.4464342435226
-791.0464342435317
-848.2464342435159
-632.246434243523
448.9535657564793
577.7535657564806
588.9535657564808
229.95356575647787
-72.04643424352268
-282.046434243521
-816.2464342435225
-118.04643424352079
184.75356575647635
157.35356575647808
298.3535657564802
492.35356575648217
324.9535657564793
-844.0464342435248
-535.246434243518
-171.44643424352148
322.35356575647677
-3.2464342435219393
109.55356575647824
-524.8464342435159
-29.646434243521
155.95356575647557
-784.6464342435293
-1401.2464342435355
-1279.0464342435175
64.15356575647851
73.55356575647531
-296.64643424352494
-419.04643424351696
-155.64643424352096
634.153565756479
-31.046434243523322
-452.84643424351657
-195.44643424351884
161.35356575647842
18.75356575647968
-361.84643424352504
-353.64643424351897
-769.4464342435293
71.95356575647679
768.1535657564858
16.353565756481864
-187.84643424351867
-76.84643424351981
-202.84643424352265
198.95356575647858
293.95356575647713
-138.2464342435185
749.9535657564772
608.9535657564799
796.1535657564795
309.1535657564767
6.153565756477292
170.55356575647846
-391.446434243525
-457.6464342435268
-442.2464342435211
-209.64643424351914
156.7535657564807
-577.2464342435238
-452.0464342435175
-31.446434243522127
888.9535657564788
-146.8464342435225
-514.8464342435148
-216.04643424352543
-745.2464342435198
571.3535657564784
-430.04643424352406
-43.04643424352323
-127.2464342435218
-124.84643424352191
632.353565756479
280.7535657564805
126.75356575648068
166.95356575648114
-143.84643424352245
-334.046434243523
533.5535657564822
161.95356575647784
573.1535657564822
786.1535657564847
70.1535657564771
139.95356575647864
-33.846434243523916
-389.6464342435243
103.75356575648098
-316.24643424352536
-318.44643424352614
-233.24643424351856
304.75356575647737
-149.2464342435211
-747.6464342435223
-457.8464342435194
349.7535657564777
-6.6464342435204316
520.5535657564807
537.5535657564774
-741.4464342435207
278.95356575647855
-797.846434243526
-275.8464342435229
225.75356575647987
-232.84643424352362
-386.8464342435201
-420.84643424352316
857.1535657564718
841.1535657564799
203.35356575647836
12.353565756484528
549.1535657564746
409.1535657564815
-33.04643424352087
-9.646434243524993
52.35356575647504
418.35356575647586
-119.0464342435211
-554.8464342435217
-423.84643424352146
-879.2464342435223
-809.4464342435191
-593.0464342435188
833.153565756477
172.95356575647887
-170.64643424351897
-1267.446434243518
-136.64643424351954
294.1535657564784
732.1535657564789
1178.5535657564749
-322.4464342435223
-368.4464342435234
-1199.8464342435227
-766.2464342435213
-141.04643424352338
-883.8464342435236
-353.2464342435229
-137.44643424352174
-274.8464342435213
-155.64643424352056
644.7535657564799
1019.7535657564713
1215.953565756476
-141.44643424352208
-716.4464342435167
-672.6464342435218
318.9535657564803
621.153565756475
148.55356575648014
-308.0464342435244
-1358.4464342435217
-967.4464342435213
-969.846434243522
-172.04643424351897
176.15356575647908
-665.4464342435095
-988.2464342435195
-2012.8464342434945
-579.6464342435173
-194.4464342435215
-73.6464342435217
613.3535657564804
623.3535657564822
411.7535657564793
-478.04643424352145
-354.04643424352037
3.75356575648496
-23.44643424351748
279.95356575648475
118.35356575647788
-492.04643424352463
-51.246434243521044
825.9535657564842
906.5535657564784
1301.1535657564716
-363.8464342435241
-168.24643424352564
143.55356575647966
645.3535657564709
-477.0464342435198
-957.6464342435213
-153.8464342435212
-605.0464342435127
-758.2464342435258
-756.2464342435235
543.3535657564777
-281.2464342435204
-563.0464342435253
-950.2464342435204
-1376.246434243529
-997.046434243526
-963.6464342435145
-765.8464342435216
-710.846434243524
-169.0464342435189
712.9535657564768
-110.0464342435237
-660.8464342435202
-349.84643424351947
339.1535657564823
-564.8464342435205
131.3535657564815
934.1535657564801
726.7535657564935
-595.0464342435175
-362.64643424352306
627.5535657564761
40.55356575647871
412.15356575647445
226.153565756481
12.553565756478804
-184.24643424351905
-344.046434243521
126.75356575648077
-413.8464342435209
-736.2464342435321
-524.2464342435205
481.55356575647943
-200.2464342435244
-630.0464342435329
-409.84643424351384
-255.0464342435202
-1156.8464342435302
-587.6464342435166
629.3535657564778
28.153565756482465
467.1535657564848
1350.7535657564845
-477.04643424352395
-69.44643424351852
268.9535657564807
-52.04643424351728
-16.84643424352206
909.3535657564835
1486.1535657564864
1389.3535657564944
173.55356575648767
-82.44643424352167
-396.04643424352514
-159.04643424351926
1421.3535657564953
881.153565756485
-803.6464342435263
-430.2464342435172
-27.446434243520976
-732.8464342435208
-1052.4464342435153
-1527.0464342435257
-1080.8464342435127
-36.446434243524834
-221.44643424352643
-1045.8464342435302
-1090.4464342435267
-675.6464342435154
-1774.4464342435351
-1825.8464342435248
19.3535657564787
406.35356575648507
671.953565756481
480.15356575647144
-350.6464342435214
167.9535657564845
93.55356575648108
220.95356575647958
691.3535657564719
1325.7535657564927
365.1535657564775
-74.44643424351761
529.1535657564731
1085.7535657564804
-41.84643424352122
275.55356575648113
1417.5535657564715
409.1535657564796
-798.0464342435178
-1633.6464342435218
-1754.8464342435302
-1535.6464342435127
-1637.8464342435016
-2540.6464342435333
-558.0464342435197
114.95356575648086
253.75356575648212
-425.0464342435198
-640.0464342435189
43.15356575647814
-710.4464342435149
-1889.2464342435237
-847.0464342435174
404.55356575647767
1123.9535657564793
1604.953565756473
828.1535657564776
1364.5535657564794
990.3535657564702
-124.64643424352289
1033.7535657564786
1025.9535657564847
250.7535657564802
109.95356575648266
890.3535657564728
391.9535657564683
1471.9535657564923
1075.5535657564774
351.9535657564793
-351.04643424352076
-171.4464342435205
-1910.246434243522
-1408.0464342435218
-622.4464342435249
-1554.2464342435082
-1881.8464342435207
168.75356575648198
163.1535657564769
-112.04643424352349
-890.6464342435204
-296.6464342435217
-334.8464342435216
-405.4464342435235
-561.6464342435262
-1310.246434243522
-521.6464342435227
-355.8464342435223
1155.9535657564743
473.1535657564793
480.3535657564814
283.35356575648166
-280.2464342435224
-369.64643424352164
880.15356575648
1657.1535657564766
909.3535657564853
48.95356575648255
140.5535657564775
452.35356575648
-457.6464342435217
114.7535657564826
-628.0464342435181
-828.0464342435184
-893.2464342435326
-834.2464342435335
-205.84643424351663
-657.0464342435229
-830.0464342435281
596.9535657564763
827.1535657564718
346.95356575647816
-874.2464342435206
359.9535657564795
-123.04643424352051
-483.8464342435237
125.95356575648569
-229.6464342435239
117.95356575648054
-451.2464342435222
0.15356575648108794
1221.1535657564852
88.75356575648017
-86.84643424352736
2026.5535657564637
839.5535657564762
1292.1535657564882
2678.353565756487
2013.3535657564762
1846.75356575648
925.7535657564861
479.55356575647727
446.7535657564781
1079.9535657564747
404.15356575648013
-1120.6464342435243
-152.44643424352236
-190.44643424352162
-1476.846434243521
-1224.846434243525
-796.8464342435216
-1401.4464342435213
-732.6464342435252
-389.246434243522
-1441.4464342435144
-75.24643424351888
-637.0464342435265
-1013.8464342435226
-366.64643424352374
-141.24643424352314
730.953565756485
666.1535657564757
-793.6464342435191
-51.84643424352162
-661.24643424352
-387.246434243521
2077.5535657564706
1956.3535657564937
897.5535657564851
1071.5535657564794
-99.24643424351846
1821.3535657564862
1538.753565756481
1523.7535657564767
1330.5535657564888
425.35356575647893
-108.64643424352289
-1074.4464342435267
229.35356575648072
133.75356575647965
-1686.2464342435278
-1003.6464342435245
389.7535657564771
-1401.6464342435245
-1115.0464342435218
-1313.646434243518
-1910.0464342435139
-739.446434243514
-1164.2464342435183
-974.8464342435232
-97.84643424351415
-572.8464342435224
-88.0464342435217
316.7535657564789
-94.64643424351908
600.9535657564851
854.5535657564782
634.953565756475
1128.7535657564788
140.35356575647964
-6.846434243520321
687.5535657564792
-934.8464342435259
348.1535657564792
782.9535657564722
62.75356575647617
-97.84643424351947
217.15356575647485
-397.64643424352033
-309.446434243521
296.35356575647756
-311.2464342435225
-75.84643424352046
1015.953565756492
1693.7535657564842
137.35356575647987
135.35356575647967
-1244.2464342435308
-1108.4464342435147
-290.2464342435211
51.75356575647683
218.55356575648239
791.9535657564746
235.9535657564751
-419.0464342435216
-603.6464342435181
-216.24643424351746
-135.84643424352038
175.95356575647946
647.9535657564841
1035.7535657564813
999.9535657564777
1143.9535657564795
912.9535657564788
204.55356575648256
249.5535657564816
-108.6464342435207
-617.8464342435203
503.153565756479
910.9535657564791
-174.84643424352143
-281.4464342435197
157.35356575647828
-120.44643424352243
769.1535657564818
174.35356575647452
-411.44643424352
-671.4464342435217
-524.6464342435227
-1021.0464342435223
-64.44643424352032
-376.2464342435212
-225.24643424351947
-507.44643424352796
-211.04643424352116
305.35356575647836
-85.84643424352086
116.95356575647868
479.3535657564829
430.7535657564777
-276.6464342435189
-181.04643424352335
476.55356575648227
1462.153565756477
667.7535657564872
606.9535657564774
993.953565756473
728.3535657564792
228.75356575648007
-184.44643424352196
349.35356575647666
21.353565756479554
-246.64643424352062
-378.24643424352143
-200.6464342435222
-393.446434243519
19.553565756478463
-630.0464342435154
-551.2464342435219
-812.0464342435329
-1032.6464342435288
-1371.8464342435095
-391.2464342435204
-227.64643424352138
-47.44643424352502
-723.0464342435312
396.7535657564765
703.753565756481
99.3535657564793
-1020.8464342435143
-331.04643424352037
1147.3535657564978
998.1535657564776
1460.95356575646
988.9535657564851
1227.35356575648
749.5535657564751
522.3535657564809
919.1535657564793
315.15356575647775
682.5535657564784
-175.04643424351912
-560.6464342435177
-836.246434243516
-381.046434243521
-192.44643424352137
-108.24643424352179
510.15356575647905
516.7535657564795
-457.64643424352295
-124.04643424352369
152.75356575647646
-595.6464342435338
-1394.4464342435301
-788.4464342435188
62.353565756477586
271.75356575648004
-938.2464342435278
-521.6464342435193
-109.84643424352454
624.353565756471
70.35356575647967
-356.2464342435191
-752.8464342435194
419.7535657564902
1405.1535657564734
-76.24643424351896
-599.4464342435158
-630.2464342435151
-15.846434243520726
501.9535657564801
459.35356575648984
921.7535657564775
247.95356575648262
-519.6464342435213
-492.6464342435226
358.7535657564761
229.3535657564767
597.3535657564812
121.35356575647751
-705.0464342435289
-967.0464342435192
-45.246434243520795
193.5535657564784
1.7535657564780092
-743.4464342435177
370.1535657564795
379.35356575647745
170.55356575648
-18.64643424352056
581.5535657564794
558.3535657564788
33.753565756475226
151.95356575647043
-32.04643424352406
-1211.0464342435155
-1409.846434243519
129.55356575647514
21.753565756477883
587.5535657564811
-110.84643424352168
921.9535657564711
1331.3535657564794
-570.8464342435192
491.3535657564744
260.9535657564799
156.75356575648033
323.9535657564751
356.1535657564799
-390.04643424352525
-126.44643424351922
740.7535657564819
482.15356575648036
694.3535657564748
720.3535657564789
-144.646434243518
-556.2464342435254
-1758.6464342435147
-733.2464342435266
894.9535657564718
869.9535657564744
709.353565756476
866.7535657564749
-692.4464342435243
-1352.0464342435193
-212.04643424352267
-3.646434243520096
-297.64643424352056
807.7535657564805
619.9535657564777
259.95356575648304
614.5535657564797
315.5535657564736
385.7535657564808
54.35356575647598
-880.84643424352
-123.84643424351306
-44.44643424351916
-340.64643424352397
284.35356575647967
1250.353565756489
695.1535657564752
-357.2464342435216
783.3535657564761
279.55356575648227
970.953565756481
720.7535657564729
-640.4464342435177
-1285.8464342435143
-693.4464342435424
-782.0464342435234
782.9535657564791
320.35356575647626
-452.2464342435201
-397.04643424352236
-1005.6464342435165
-632.8464342435221
-704.0464342435208
-700.6464342435254
205.75356575647956
1172.5535657564744
1222.953565756471
294.7535657564824
329.15356575647877
520.3535657564825
738.5535657564876
354.3535657564815
361.9535657564846
553.9535657564753
154.15356575648042
-512.4464342435224
-18.44643424352668
662.7535657564766
849.3535657564748
268.1535657564846
1326.553565756483
512.7535657564836
529.5535657564723
255.75356575647515
-344.04643424352236
-914.6464342435206
-184.24643424352104
-347.2464342435236
100.75356575647703
-139.64643424351956
-911.6464342435204
-98.8464342435222
-765.0464342435256
-197.24643424351754
-172.44643424352074
-911.6464342435174
-807.2464342435221
-232.64643424351712
-467.6464342435233
-359.4464342435247
189.75356575648368
1043.3535657564898
782.7535657564798
678.353565756476
145.75356575648132
-548.0464342435247
-394.84643424351736
-697.2464342435229
-130.4464342435158
837.7535657564875
-377.84643424351947
110.35356575648251
610.353565756481
-183.84643424351924
359.55356575647943
210.35356575648123
81.55356575647804
-678.8464342435278
-1396.6464342435174
-1615.8464342435245
-486.2464342435239
775.753565756479
-298.44643424352284
-247.04643424352201
-23.446434243520308
235.15356575647922
686.7535657564816
-939.0464342435148
-786.64643424352
-630.2464342435179
-399.6464342435202
-283.24643424351905
577.1535657564848
650.3535657564952
1023.5535657564697
926.7535657564804
-166.2464342435209
173.75356575648257
237.75356575647606
36.75356575647877
-130.64643424351752
711.3535657564776
-462.44643424351926
804.3535657564873
1308.353565756483
320.35356575648564
282.95356575647156
60.75356575648021
-81.04643424352267
-896.0464342435166
-831.6464342435214
-555.2464342435225
192.75356575647905
422.35356575648
153.55356575647897
-68.24643424352234
513.3535657564801
218.95356575647827
914.753565756474
-158.24643424351768
256.55356575647625
492.15356575647934
-373.24643424352234
-67.84643424352139
1160.9535657564895
75.35356575647795
394.95356575648134
408.7535657564804
389.9535657564804
344.15356575648246
-484.04643424352287
-566.6464342435243
-22.44643424351716
-289.246434243518
-701.446434243521
505.7535657564765
1907.7535657564883
88.3535657564789
607.9535657564737
-11.446434243524212
-995.4464342435207
-1743.4464342435263
216.55356575648045
-11.2464342435187
206.7535657564788
50.55356575647947
-365.24643424351945
307.15356575648326
1132.9535657564863
719.5535657564837
798.1535657564832
-336.6464342435234
190.95356575647767
360.95356575648566
388.95356575647185
201.35356575648126
912.7535657564871
-51.846434243520406
-4.046434243517648
573.3535657564807
637.7535657564806
294.15356575647667
-171.84643424352
-55.2464342435225
410.75356575647703
223.15356575647365
331.9535657564793
156.75356575647928
723.95356575648
104.95356575647682
612.3535657564847
58.35356575647664
-365.44643424351773
-641.2464342435271
-380.2464342435246
-697.2464342435231
304.5535657564784
25.15356575647975
-268.0464342435215
606.9535657564808
714.3535657564832
-356.8464342435183
397.5535657564797
340.75356575648044
518.5535657564744
-610.8464342435199
40.153565756481825
393.55356575647926
69.55356575647846
-784.6464342435214
50.95356575647989
600.3535657564779
761.3535657564697
248.35356575648467
115.15356575647859
-58.24643424351913
-283.646434243521
-112.44643424352282
-195.84643424352583
-295.8464342435255
-92.44643424352549
228.95356575647816
217.95356575647855
-804.246434243525
-742.2464342435179
-27.44643424352299
-1260.0464342435291
-764.8464342435233
262.15356575648156
377.9535657564778
902.9535657564796
-30.44643424352174
7.3535657564790995
-426.84643424352276
271.1535657564824
1098.7535657564808
339.75356575647896
-127.24643424351946
33.35356575647974
292.1535657564762
-256.44643424352137
-443.04643424351485
442.55356575648227
-186.24643424351947
382.9535657564791
44.15356575647832
-942.8464342435223
-353.84643424352146
-184.44643424352188
854.7535657564731
862.5535657564803
584.9535657564797
533.3535657564822
-54.2464342435222
-269.04643424351895
-477.4464342435191
-780.6464342435165
-246.6464342435191
-1105.2464342435276
-851.046434243523
-202.64643424352113
786.5535657564777
689.1535657564799
-262.6464342435251
221.15356575647914
225.75356575647814
-75.24643424352186
436.95356575647713
-37.44643424352515
320.95356575647924
199.15356575647962
-90.64643424352234
107.55356575647977
377.3535657564848
1006.9535657564768
237.75356575648
489.553565756478
62.55356575648099
-115.84643424351886
540.7535657564752
282.55356575648005
957.9535657564794
210.75356575647942
301.3535657564811
452.95356575648117
-536.846434243523
-330.6464342435179
80.95356575647926
-444.44643424351995
-312.04643424352236
-658.0464342435237
-234.44643424351935
-212.0464342435179
322.75356575647874
-34.24643424352333
-118.4464342435227
-160.84643424352302
-348.44643424352137
-497.24643424351416
-40.046434243522484
-91.24643424351969
-120.64643424352437
-769.8464342435191
-1155.2464342435287
-324.0464342435205
-465.84643424352305
105.75356575647791
123.1535657564777
55.753565756480064
-943.6464342435196
-311.84643424352254
101.55356575647858
-639.246434243522
-344.2464342435156
-1155.8464342435236
-1182.0464342435155
-845.0464342435209
-479.04643424351076
652.5535657564787
-148.44643424352424
-1119.646434243532
-832.0464342435213
824.1535657564663
169.3535657564868
-37.64643424351901
592.9535657564775
760.5535657564856
671.3535657564883
759.553565756473
508.15356575648445
-180.44643424352086
-356.4464342435243
-417.84643424352134
406.153565756482
469.15356575647263
274.9535657564761
-688.4464342435201
-1020.046434243519
-531.646434243521
554.1535657564846
512.5535657564772
-19.246434243515267
241.7535657564793
-50.44643424351937
11.553565756479387
184.15356575648389
974.9535657564836
125.55356575648258
-568.8464342435204
-273.4464342435206
-147.04643424351852
99.75356575648124
528.7535657564869
1091.9535657564888
1180.7535657564854
127.55356575648437
-631.2464342435219
70.75356575647557
846.9535657564702
394.95356575648526
568.5535657564686
310.9535657564741
-167.84643424351725
289.3535657564784
-210.84643424352035
640.3535657564797
785.9535657564824
874.1535657564675
612.5535657564745
-382.046434243524
-380.0464342435244
471.55356575647346
934.553565756478
628.9535657564794
478.7535657564753
93.35356575648244
529.9535657564791
514.5535657564874
850.5535657564833
650.5535657564782
-315.84643424352134
-387.6464342435227
626.3535657564788
527.7535657564842
834.9535657564774
1341.7535657564797
257.553565756482
-620.2464342435234
-1093.6464342435181
-1231.2464342435203
-98.24643424351913
-210.4464342435232
317.353565756477
151.55356575647767
383.35356575648024
327.5535657564783
-887.2464342435118
-289.64643424352016
-453.04643424352014
-464.64643424352073
-13.046434243519357
-396.04643424351934
-337.6464342435189
-333.2464342435187
70.35356575647211
-307.44643424352245
-244.44643424352105
-1071.6464342435193
-0.6464342435200479
293.55356575648284
238.35356575648348
-85.84643424352137
424.75356575647896
529.5535657564807
88.35356575648288
-106.24643424352107
91.95356575647872
1137.9535657564647
99.35356575648076
-89.44643424352185
-500.24643424351825
-769.2464342435194
-748.8464342435157
35.75356575647807
1006.5535657564858
841.1535657564867
849.7535657564715
490.5535657564767
-285.4464342435225
-635.6464342435235
-1001.2464342435206
-488.84643424352754
-75.84643424352089
30.55356575647832
444.15356575647513
536.3535657564819
322.5535657564776
-798.4464342435198
-334.04643424351957
-180.2464342435209
-10.64643424351739
-531.6464342435205
-316.0464342435202
-827.4464342435197
-200.24643424352223
29.75356575647959
-666.4464342435243
-796.2464342435211
-68.6464342435213
1297.3535657564814
725.15356575648
210.55356575648122
195.35356575648316
273.153565756479
991.7535657564739
499.75356575648215
222.15356575648084
183.55356575647895
571.5535657564759
549.9535657564871
-184.64643424351988
-373.44643424352284
-796.2464342435242
-35.846434243520406
498.15356575648434
-276.0464342435219
-399.846434243519
102.15356575648215
173.15356575648875
83.15356575648255
-90.84643424352072
-664.6464342435224
-7.0464342435182985
-204.84643424352086
378.35356575648086
-135.44643424352137
-453.04643424352423
136.35356575648427
-63.64643424351893
327.15356575648343
901.9535657564746
1240.5535657564735
747.7535657564753
40.75356575648387
583.153565756472
752.9535657564777
974.5535657564812
-385.8464342435193
-629.0464342435171
102.75356575648007
-292.4464342435224
1014.1535657564874
-61.04643424351872
254.353565756481
234.35356575648012
74.15356575648224
302.15356575648366
-44.64643424351785
-102.44643424351938
218.5535657564762
42.75356575648291
-791.0464342435198
127.75356575648172
-198.84643424352123
-349.446434243523
-336.0464342435203
-412.4464342435239
-328.44643424351943
-488.2464342435199
-78.4464342435176
617.1535657564799
323.5535657564743
585.5535657564851
726.1535657564694
657.3535657564744
112.35356575648194
-4.046434243520302
78.55356575648315
264.5535657564829
-587.0464342435185
-395.04643424352105
27.153565756481598
-703.2464342435195
689.7535657564771
-167.24643424351984
522.9535657564792
1290.1535657564775
411.35356575648433
-259.2464342435197
-305.0464342435197
1051.953565756483
1036.5535657564812
417.15356575647587
19.553565756476573
756.9535657564759
690.5535657564765
-421.4464342435196
-687.8464342435124
-166.64643424352215
14.153565756483808
-247.24643424351692
-75.84643424351712
259.5535657564771
-0.4464342435175013
42.553565756483714
246.55356575648037
1263.153565756479
512.9535657564824
585.7535657564802
-743.6464342435202
143.153565756481
405.15356575647843
241.15356575647849
270.1535657564822
-817.4464342435149
-0.44643424352023686
-130.84643424352225
535.9535657564813
1267.5535657564901
-139.04643424352258
-45.64643424351501
-95.44643424351756
-453.2464342435207
-124.24643424351959
941.7535657564704
1435.353565756495
1830.3535657564776
276.1535657564799
-839.6464342435318
-1071.446434243517
-220.44643424352074
-152.8464342435194
-86.84643424351808
-17.446434243514744
-865.0464342435235
121.75356575648163
192.75356575648576
1171.353565756473
1020.7535657564781
218.3535657564787
242.55356575647627
-1149.6464342435238
-90.64643424352154
483.75356575647663
124.75356575647484
-92.8464342435216
-392.6464342435197
337.3535657564835
393.1535657564788
837.3535657564692
1087.5535657564737
732.3535657564772
626.9535657564844
-102.44643424352644
-977.4464342435198
-276.44643424352006
1048.7535657564806
1305.3535657564748
1895.953565756477
127.75356575648092
-132.44643424352205
-274.44643424352137
240.55356575648312
-729.4464342435152
-1018.4464342435213
116.55356575648028
-179.84643424352163
126.15356575647917
491.9535657564818
2064.9535657564816
1021.5535657564792
732.153565756489
367.5535657564715
-625.2464342435213
-491.2464342435197
-303.84643424352106
-361.8464342435222
-1265.6464342435186
-1301.8464342435225
86.75356575647936
285.1535657564786
30.153565756470563
224.5535657564785
1158.7535657564786
-0.44643424352056726
-98.64643424351911
252.3535657564845
332.1535657564817
-445.6464342435205
-10.84643424351901
851.7535657564806
301.5535657564791
393.15356575647877
163.15356575648028
400.95356575647537
643.5535657564809
230.95356575647742
784.3535657564821
420.9535657564806
520.75356575648
509.5535657564783
1787.3535657564814
1337.5535657564756
771.3535657564754
608.7535657564894
351.75356575647214
-222.64643424352028
394.15356575647957
1121.553565756476
-390.846434243524
-476.6464342435225
429.95356575647736
-491.64643424352084
-241.4464342435245
522.5535657564787
783.1535657564792
454.35356575646927
667.5535657564692
1102.5535657564783
1341.55356575647
607.9535657564799
532.7535657564824
-465.6464342435216
-290.6464342435232
1111.753565756484
606.9535657564817
-331.04643424352105
789.5535657564817
1030.1535657564725
340.553565756477
154.55356575647988
-50.846434243521166
83.75356575647984
1508.353565756478
1417.953565756487
136.55356575648077
-322.44643424351926
-313.646434243523
-1192.6464342435224
-748.4464342435259
721.3535657564815
429.5535657564784
72.35356575648464
-427.0464342435164
-784.6464342435198
-593.2464342435165
-325.04643424351934
507.9535657564795
710.9535657564743
425.9535657564716
-401.8464342435149
-478.4464342435221
480.55356575647295
1030.3535657564914
-722.8464342435211
-676.0464342435207
423.35356575648035
-255.24643424351962
-699.2464342435225
-921.6464342435155
-786.0464342435246
-69.64643424352076
-44.246434243524064
-977.2464342435229
1061.3535657564867
2491.9535657565048
2194.7535657564513
838.3535657564742
105.95356575647531
15.153565756480646
-485.6464342435173
-708.0464342435154
58.953565756481304
516.7535657564792
914.7535657564798
1009.1535657564773
81.55356575647862
368.15356575648644
274.3535657564753
-373.4464342435176
633.1535657564787
-186.046434243522
-1102.8464342435145
-1124.8464342435266
-276.4464342435167
-416.6464342435191
614.753565756487
-493.04643424352
-1283.0464342435198
-1296.4464342435203
-360.8464342435181
-1612.6464342435363
-626.646434243525
847.1535657564783
251.15356575647812
-327.2464342435193
1876.5535657564858
2842.553565756485
2158.753565756487
611.3535657564761
253.55356575648736
-948.0464342435188
-611.846434243517
319.15356575648104
-635.6464342435276
-382.2464342435244
-186.84643424352183
837.3535657564817
-224.24643424351984
-404.0464342435236
-264.0464342435185
-641.8464342435201
-1102.2464342435226
-447.4464342435202
98.35356575648201
-582.446434243521
-1584.0464342435241
-1091.846434243521
-467.4464342435198
-1503.2464342435326
-960.246434243521
-1262.6464342435238
-824.2464342435212
-680.0464342435245
-694.8464342435242
526.5535657564817
552.7535657564823
334.55356575647977
1807.1535657564818
2910.1535657565155
2200.3535657564944
416.95356575647617
857.3535657564852
-701.0464342435201
-1188.246434243518
184.35356575647558
-258.04643424352105
-446.8464342435208
-725.6464342435203
-570.8464342435178
480.753565756481
-546.8464342435192
-88.44643424351935
1924.1535657564725
205.55356575648517
17.15356575648177
1077.7535657564779
581.55356575647
346.55356575647863
-452.0464342435261
-732.8464342435302
-411.6464342435228
603.7535657564774
307.7535657564774
-1032.2464342435128
-308.0464342435209
-601.4464342435137
-1447.2464342435287
-1119.6464342435283
-732.4464342435251
-1240.8464342435182
454.75356575647896
1466.753565756473
-6.646434243518819
805.5535657564782
-592.6464342435238
-1595.4464342435163
-1187.2464342435214
-1323.04643424353
-314.0464342435252
444.9535657564753
-1153.4464342435317
-845.6464342435218
-1398.6464342435272
-801.6464342435246
1428.1535657564675
778.3535657564853
-776.846434243521
-108.04643424351974
-890.6464342435186
883.3535657564776
492.75356575647714
425.55356575647744
706.7535657564817
258.95356575647975
-55.24643424352271
-909.046434243519
-177.8464342435194
-457.6464342435243
-2177.6464342435465
-1761.8464342435252
-259.2464342435227
-1492.2464342435103
-124.84643424352512
593.7535657564669
-457.4464342435215
-390.84643424352015
-1430.0464342435178
-1373.4464342435192
-1160.4464342435228
-1803.6464342435127
-800.4464342435215
491.7535657564785
330.7535657564806
421.75356575648055
335.5535657564821
-59.04643424352016
216.35356575648038
-1221.046434243534
-1696.2464342435298
-617.4464342435205
-2045.8464342435282
-646.0464342435181
420.9535657564817
-533.0464342435171
-394.04643424351735
18.55356575647874
-420.44643424352546
-307.2464342435179
-156.64643424352104
-825.0464342435247
-458.44643424352114
760.7535657564748
1453.153565756475
388.15356575648013
1358.3535657564737
630.9535657564801
341.95356575647975
125.5535657564793
140.1535657564796
382.15356575647843
179.95356575647872
-467.04643424352594
-921.2464342435258
-719.8464342435111
124.35356575647533
-139.84643424352348
106.35356575647852
277.1535657564767
108.95356575647824
-574.046434243511
-298.0464342435248
-286.64643424352624
-986.0464342435191
-384.44643424351693
-153.24643424352075
-800.4464342435202
629.5535657564792
989.3535657564769
-217.4464342435264
-459.0464342435247
-112.84643424351975
-412.8464342435197
663.7535657564799
403.5535657564815
88.55356575647801
-131.84643424352362
636.153565756479
740.1535657564796
1477.5535657564735
379.5535657564843
654.3535657564804
537.1535657564781
-141.04643424352014
-45.24643424351676
-209.04643424352236
133.75356575647947
658.9535657564786
243.55356575647826
-252.24643424352098
-209.64643424352238
-372.0464342435134
-262.64643424352823
-496.6464342435131
-254.44643424351915
-29.246434243523524
51.15356575647573
-87.84643424352066
-236.24643424352013
783.5535657564785
967.5535657564776
400.7535657564775
-275.64643424352164
-138.64643424352312
-155.64643424352232
669.1535657564776
163.75356575648058
488.95356575648395
273.55356575648085
420.15356575647974
-1.046434243520796
642.7535657564716
386.55356575648386
564.553565756481
225.35356575647856
1139.5535657564797
923.5535657564833
232.55356575647903
-765.0464342435203
95.15356575648073
1329.3535657564835
1017.1535657564765
1410.7535657564779
466.35356575648024
-31.646434243520417
-461.84643424352555
-520.8464342435285
-176.0464342435259
-504.6464342435205
224.5535657564781
-309.446434243526
22.953565756478035
185.55356575648113
527.3535657564836
575.5535657564782
503.75356575648203
1214.953565756475
1587.5535657564812
484.5535657564765
1225.753565756476
1318.7535657564836
604.5535657564775
-343.24643424351893
-52.246434243521456
405.3535657564797
328.75356575647686
-751.8464342435213
-15.246434243520898
223.55356575647488
527.1535657564829
-6.446434243522308
-355.24643424352274
-703.6464342435207
451.15356575648303
1367.553565756485
-498.6464342435185
-1630.8464342435248
-1958.2464342435246
-1156.0464342435362
-373.846434243518
-389.0464342435215
-49.646434243522066
-74.04643424351885
-54.44643424352243
238.15356575648104
1140.9535657564736
919.1535657564833
1382.3535657564792
935.3535657564771
-57.046434243521134
-472.4464342435208
671.1535657564801
489.1535657564838
448.5535657564804
-94.64643424351857
897.9535657564797
673.3535657564856
208.95356575647796
208.9535657564788
765.9535657564663
382.15356575648445
-87.04643424352159
-145.84643424352214
-354.44643424351966
-1483.8464342435257
-1558.646434243527
5.753565756481883
-402.0464342435203
-333.04643424352287
-990.246434243526
-57.846434243523944
101.55356575648044
-1634.4464342435192
-856.0464342435226
-659.6464342435185
53.55356575647885
14.153565756478692
53.953565756480394
-176.24643424352018
334.1535657564788
1177.1535657564827
612.3535657564805
762.3535657564813
411.55356575647784
-453.6464342435215
-610.8464342435207
-1671.6464342435304
-535.2464342435181
1040.3535657564773
1159.553565756493
1368.7535657564804
1360.5535657564928
-479.2464342435243
-949.4464342435181
-2.846434243522058
131.35356575648078
-131.84643424352174
731.7535657564773
303.7535657564792
-143.24643424352388
215.55356575648122
-168.04643424351994
-289.2464342435233
-760.2464342435214
-1431.2464342435258
-788.0464342435203
-799.6464342435239
-563.8464342435235
-101.24643424352297
797.3535657564736
788.3535657564846
60.15356575647995
1342.1535657564775
713.5535657564856
1308.9535657564818
728.5535657564782
-1118.6464342435193
-1646.6464342435145
-892.0464342435184
-646.0464342435298
930.5535657564793
724.5535657564795
349.35356575647614
720.1535657564837
70.95356575648172
523.3535657564794
603.7535657564787
395.7535657564841
944.9535657564766
1371.3535657564773
1226.553565756473
186.55356575647698
1.953565756478456
309.35356575647216
528.3535657564724
57.75356575647927
295.5535657564708
498.7535657564835
256.1535657564808
-428.8464342435209
24.353565756485878
512.3535657564823
742.1535657564738
525.7535657564737
1693.353565756486
879.753565756482
925.7535657564624
381.353565756483
-922.6464342435205
-1694.646434243535
-575.046434243517
-276.8464342435192
514.9535657564815
364.35356575648206
-147.84643424351987
994.3535657564837
125.15356575648113
834.3535657564812
1065.353565756496
259.5535657564848
76.75356575647848
-1.6464342435207406
-309.84643424352356
-410.846434243523
-331.64643424352045
572.5535657564784
587.1535657564664
236.55356575647752
-270.6464342435234
-974.0464342435251
-409.2464342435212
-804.6464342435239
-175.44643424351958
940.7535657564803
-215.84643424351918
217.1535657564894
424.153565756481
-251.8464342435206
6.5535657564770915
-509.44643424351847
-852.0464342435137
-1778.6464342434977
-2137.0464342435284
-1842.4464342435224
-206.64643424351692
998.7535657564778
-63.44643424352239
104.95356575647745
-93.8464342435213
179.75356575648078
812.3535657564804
-451.04643424352327
-188.04643424352486
-293.44643424351983
-146.64643424352238
-513.0464342435207
-187.04643424352048
-291.4464342435233
306.1535657564819
67.95356575647787
-1126.6464342435222
-390.04643424352065
217.95356575648
-94.44643424351997
-72.44643424352114
841.3535657564677
-393.6464342435229
587.55356575647
753.7535657564889
-293.6464342435208
-483.64643424351743
-949.44643424352
-1010.8464342435271
-1710.6464342435224
-1725.2464342435237
-1180.446434243532
-136.84643424351952
433.55356575647255
327.95356575648316
34.353565756479114
11.753565756479254
-345.6464342435235
636.7535657564756
-181.44643424351852
431.9535657564835
807.7535657564872
26.353565756475955
30.553565756491597
671.1535657564735
-596.446434243519
-41.846434243521045
210.9535657564775
67.15356575647964
536.5535657564849
57.753565756477876
-501.8464342435179
147.55356575648096
-110.44643424352105
-638.8464342435232
320.153565756476
1466.353565756487
-321.8464342435191
-51.24643424351678
-824.4464342435202
-1789.0464342435153
-2370.4464342435244
-595.6464342435183
-564.6464342435212
-46.84643424352079
343.15356575648
152.35356575648018
606.1535657564833
923.1535657564781
424.7535657564828
584.1535657564781
-351.446434243521
495.55356575647477
775.1535657564729
904.7535657564699
510.353565756469
754.9535657564816
-231.64643424352124
-230.64643424352204
439.7535657564833
780.5535657564756
950.3535657564815
485.7535657564709
192.7535657564797
620.3535657564771
214.55356575647562
240.5535657564775
19.353565756480357
604.15356575648
-28.846434243518868
296.15356575648246
-374.6464342435207
-977.6464342435271
-1475.2464342435112
-1108.2464342435267
-1102.4464342435217
277.15356575647894
138.15356575648286
-40.646434243521696
603.1535657564774
485.5535657564836
-648.2464342435206
67.95356575648069
382.75356575648266
1009.7535657564866
56.953565756484124
689.353565756487
822.3535657564776
163.75356575647868
-640.4464342435225
-113.64643424352201
462.1535657564814
1050.3535657564767
786.7535657564849
639.353565756478
162.95356575647762
-154.24643424352087
-57.04643424352282
-101.84643424352197
-452.8464342435236
-2.246434243521122
218.55356575648142
-200.24643424352084
-980.846434243509
-1098.246434243522
-778.0464342435184
-1885.846434243532
-1277.0464342435223
-126.84643424352167
-74.24643424352192
463.7535657564774
-469.4464342435149
-469.0464342435199
-845.6464342435229
-197.64643424351866
918.9535657564759
736.5535657564811
444.75356575648135
679.7535657564779
803.5535657564643
103.95356575647911
-106.2464342435214
528.5535657564809
-151.04643424351949
480.95356575648265
186.5535657564806
-821.246434243518
-302.046434243521
12.353565756479675
1025.5535657564735
905.1535657564746
449.3535657564796
543.9535657564811
-101.24643424352146
-492.0464342435223
-639.4464342435302
-1036.2464342435364
-720.0464342435217
-1637.2464342435185
-1477.2464342435198
-968.4464342435214
57.153565756477136
358.3535657564809
-353.2464342435222
24.153565756478013
39.35356575648542
-276.8464342435201
379.9535657564813
556.3535657564847
1062.9535657564786
741.1535657564821
411.95356575648174
555.9535657564816
873.953565756475
1497.1535657564884
709.5535657564785
800.153565756483
541.5535657564885
220.35356575648055
505.7535657564813
348.15356575648264
1200.953565756473
393.5535657564796
282.3535657564779
428.9535657564799
-540.4464342435176
-382.6464342435165
-36.24643424352257
-606.4464342435219
-482.2464342435227
-1171.8464342435095
-845.6464342435181
-929.4464342435201
-151.64643424352144
-16.84643424351824
246.75356575648254
59.95356575647823
-283.8464342435203
-445.046434243517
143.5535657564829
507.1535657564797
502.55356575648165
-430.0464342435256
-735.6464342435286
228.15356575647914
389.35356575648046
1066.7535657564874
1049.553565756479
777.3535657564886
-12.846434243523468
538.1535657564802
514.7535657564757
-202.04643424352153
314.9535657564807
-581.84643424352
-1067.246434243524
-878.4464342435251
-671.6464342435219
348.3535657564808
-303.2464342435215
-1323.2464342435123
-1394.0464342435153
