-794.8788792174239
-768.0788792173792
-669.8788792173748
-1060.2788792173756
274.32112078262514
64.72112078262512
-249.67887921737434
-158.8788792173792
238.92112078262
-1044.2788792173876
-3084.478879217388
-2572.0788792173616
-25.878879217374
84.32112078262651
246.52112078262223
-481.47887921737527
-1606.6788792173882
-613.6788792173762
-32.87887921736855
187.32112078262585
-1125.2788792173676
-850.2788792173968
-999.2788792174042
-733.6788792173828
66.92112078262183
-321.27887921738227
-370.27887921737874
740.1211207826208
1696.5211207826285
570.3211207826283
-220.67887921737895
681.7211207826094
1792.1211207825488
1185.7211207826417
1244.921120782606
90.72112078262464
1995.921120782623
2363.921120782667
138.92112078263605
300.32112078261736
745.3211207826233
26.72112078262427
-1022.2788792173759
-531.0788792173785
2065.521120782609
1499.9211207826208
1709.7211207826476
2331.121120782635
1021.1211207826261
1388.1211207826107
1323.921120782613
1767.921120782618
732.5211207826303
993.9211207826312
-280.07887921738217
-35.27887921737086
-148.87887921737365
-695.2788792173748
-1205.6788792173909
-1687.6788792173684
-86.87887921737753
1558.1211207826325
336.72112078262217
752.9211207826205
1823.9211207826302
-600.8788792173939
878.7211207826196
548.721120782618
844.121120782619
2295.1211207826386
-166.07887921737756
-634.078879217383
-1253.0788792173928
177.32112078262168
-1059.2788792173742
-1536.8788792173734
452.32112078262855
-551.2788792173723
-1052.2788792173837
117.72112078261992
-531.0788792173814
-777.2788792173973
-1221.078879217409
-36.678879217372135
-779.8788792173922
-902.4788792173763
-2241.078879217392
12.521120782621502
543.3211207826209
-1027.8788792173816
-2010.8788792174005
-915.4788792173813
1139.3211207826018
107.32112078262388
-1043.4788792173765
-854.4788792173877
1602.7211207826456
-1736.2788792173785
1360.1211207826248
1055.5211207826273
1153.3211207826262
533.7211207826196
427.7211207826303
1476.7211207826217
398.7211207826258
-8.878879217376003
-1519.8788792173882
-500.6788792173761
650.321120782627
94.52112078261902
79.12112078261889
305.72112078261995
-119.4788792173796
-322.0788792173951
894.3211207826342
216.72112078262145
-1469.478879217383
-177.4788792173868
1530.9211207826174
1552.121120782622
436.3211207826277
-891.2788792173999
-2158.678879217395
-686.0788792173769
166.32112078262452
-1440.6788792173659
-1248.8788792173345
-323.6788792173809
1837.7211207826404
-1162.878879217379
253.52112078262098
1049.921120782618
977.12112078266
2483.3211207826835
542.1211207826282
-836.0788792173813
-339.8788792173855
-102.47887921737825
-957.4788792173899
-424.8788792173629
1106.9211207826231
981.3211207826074
1045.1211207826175
717.921120782635
-1701.6788792173488
-2737.878879217408
-1352.678879217343
-1471.0788792173653
486.72112078262575
1376.921120782625
963.1211207826238
2302.1211207826077
1599.7211207826008
1115.9211207826309
534.5211207826293
609.3211207826332
674.9211207826341
-1308.678879217383
-411.87887921738815
400.32112078261866
324.321120782623
-757.2788792173833
-961.8788792173814
-370.67887921737935
724.3211207826128
1963.7211207826797
293.72112078262944
-706.478879217366
-369.6788792173785
-1403.678879217382
1294.9211207826218
-414.47887921737936
1241.9211207826227
1631.721120782615
908.3211207826187
-57.07887921737945
-1847.4788792173595
-1501.6788792173738
-1434.2788792174204
-1485.478879217432
-1621.2788792173978
508.72112078262097
-541.4788792173774
1177.1211207826198
-31.47887921737565
-1850.678879217405
457.9211207826363
1601.9211207826102
249.92112078262477
253.5211207826248
-253.27887921738585
420.92112078263057
307.92112078262227
-254.27887921738488
558.1211207826287
-1362.6788792173782
700.3211207826229
1257.521120782632
876.3211207826338
930.1211207826262
57.321120782625016
-1452.4788792173822
692.1211207826179
-289.6788792173765
1648.1211207826013
1964.921120782635
343.72112078262546
-565.078879217376
-2018.4788792173424
1403.5211207826142
863.1211207826209
-849.67887921739
-1093.4788792173724
-6.078879217381996
-505.87887921738155
-956.4788792173841
-2343.878879217374
-1761.8788792173843
474.72112078261
447.12112078262203
286.9211207826178
-529.4788792173804
-549.6788792173863
-58.078879217381
-884.2788792173772
1038.9211207826268
622.7211207826176
1161.7211207826253
-534.0788792173707
891.1211207826184
1542.9211207826268
798.5211207826179
1013.9211207826346
-320.6788792173796
-422.478879217378
-1201.2788792174053
219.9211207826358
1113.3211207826332
-295.67887921738094
409.72112078262046
-403.47887921737237
-985.4788792173526
-1056.2788792173835
211.9211207826267
1035.3211207826125
402.12112078261816
-1672.4788792173754
-1557.078879217375
-1569.4788792173715
-283.6788792173772
1113.1211207826243
1020.5211207826162
1350.5211207826214
-1052.0788792173696
-378.87887921737894
-212.07887921737108
384.92112078262835
305.52112078262087
-1053.2788792173812
-274.078879217386
-1344.8788792173607
289.9211207826238
-169.07887921737012
-322.87887921738036
1127.321120782632
1631.5211207826424
619.9211207826246
-988.4788792173742
-299.47887921737873
1089.5211207826349
494.1211207826166
399.52112078263167
690.1211207826269
-1600.67887921741
-1856.8788792173775
-108.87887921737332
-183.07887921738836
-197.07887921737705
-2121.478879217433
-531.6788792173795
-424.47887921737413
154.92112078261997
-877.0788792173747
-602.4788792173845
697.3211207826322
262.32112078261855
855.7211207826188
-175.8788792173783
1752.52112078262
-387.87887921737513
-177.87887921737567
197.3211207826253
670.521120782616
766.3211207826362
-363.0788792173719
-845.2788792173742
-1046.0788792173994
-138.87887921738354
1278.921120782603
-287.8788792173833
-1003.4788792174018
-1615.0788792173996
-189.67887921739333
-1421.4788792173717
-166.2788792173921
185.5211207826276
-541.078879217371
-2668.2788792173133
-2385.478879217371
-870.4788792173676
-1007.078879217366
-512.4788792173846
-1795.6788792173995
-1421.678879217365
784.9211207826163
916.5211207826209
1107.1211207826077
-54.87887921737381
767.1211207826326
-45.2788792173765
905.1211207826277
-500.8788792173821
125.7211207826271
1628.7211207826417
2231.321120782636
673.7211207826152
1576.1211207826518
2350.5211207826214
-252.07887921737364
559.9211207826055
1794.1211207826384
-1202.2788792173571
1141.1211207826111
-95.0788792173843
-1591.8788792173498
-1879.678879217394
-701.0788792173895
-594.8788792173801
-10.878879217376191
-1372.6788792173836
-473.87887921737337
-1602.2788792174522
-1629.8788792173364
815.1211207826148
-117.67887921737021
-2333.078879217353
401.3211207826323
2694.9211207825665
1084.3211207826223
504.5211207826283
457.5211207826192
-325.87887921738724
150.52112078262144
-1075.278879217377
-486.27887921738295
404.7211207826261
1771.7211207826128
-316.4788792173776
-1260.478879217378
1040.321120782624
392.52112078263076
442.9211207826155
-1116.8788792173777
-1686.2788792173378
115.92112078262106
-734.6788792173629
-1278.0788792174028
-407.4788792173829
667.9211207826221
-1622.8788792174196
-2208.6788792174066
-648.2788792173776
112.32112078262628
-2433.8788792173473
-1066.8788792173923
2108.3211207826516
904.9211207826221
333.7211207826245
124.9211207826215
1717.9211207826097
2058.921120782642
1217.3211207826218
-918.0788792173349
1221.5211207826155
-277.8788792173658
-1025.6788792173852
1040.9211207826336
376.921120782606
3288.5211207826187
2857.9211207826324
-557.0788792173843
-1090.0788792173846
-949.4788792173786
197.1211207826211
277.52112078264213
-841.4788792173674
679.1211207826293
3.7211207826125943
-3300.2788792173837
-758.2788792173781
-547.4788792173888
-1119.278879217363
-1359.078879217397
-145.87887921737544
-995.8788792173815
1241.1211207826275
899.1211207826229
894.921120782607
1329.5211207826426
2983.7211207826304
-128.27887921737698
2523.521120782612
3056.3211207826066
433.32112078261986
-722.0788792173847
408.32112078263003
-1921.6788792173902
-2338.2788792173583
-512.2788792173703
541.121120782606
1069.921120782608
1410.721120782635
-111.87887921737902
-3239.478879217415
-2354.4788792174154
-2246.8788792174228
635.1211207826148
-1765.0788792173764
-1910.078879217373
-2316.6788792173916
-3291.878879217395
-4307.678879217374
-1993.678879217393
-974.2788792173874
-2343.678879217406
-2854.0788792173944
-941.4788792173665
-690.6788792173868
-1815.2788792173767
-714.2788792173768
-443.6788792173739
818.3211207826394
220.32112078262577
2001.9211207825565
2970.321120782669
844.1211207826128
828.3211207825974
1300.7211207826244
-460.27887921737863
-1043.0788792173714
-976.0788792173922
1193.1211207826293
1465.121120782631
692.3211207825982
96.72112078262819
-436.8788792173791
149.12112078262578
-2027.0788792173837
-960.278879217368
818.3211207826164
-1461.0788792173628
-3225.478879217364
642.5211207826218
-3248.0788792173557
-2746.278879217317
-260.6788792173668
-440.87887921737246
-349.27887921737477
-1971.8788792173566
-887.678879217391
-255.87887921737845
166.1211207826341
-319.67887921737105
-1383.4788792173968
1625.1211207826175
2460.921120782643
788.921120782616
851.5211207826221
1886.7211207826367
-949.6788792173762
-2704.678879217422
-788.4788792173829
-1563.4788792173645
-82.47887921738158
611.3211207826207
450.72112078263285
1798.9211207826172
1261.5211207826333
340.5211207826097
-630.2788792173756
-2757.2788792174
-1237.2788792174044
-1393.278879217403
-3085.4788792174177
1270.921120782621
30.72112078262688
-1578.0788792173694
-1748.6788792173586
-2190.0788792174144
604.7211207826278
-511.6788792173752
1215.1211207826398
1008.5211207826219
-950.678879217382
-1387.878879217347
-1098.0788792173678
954.521120782601
949.5211207825938
-261.4788792173849
356.12112078261424
2275.3211207825443
-1098.678879217395
-2360.878879217457
-1155.278879217396
-1499.0788792173753
-473.07887921738075
-472.8788792173914
1468.1211207826395
2603.721120782635
1426.7211207825499
573.7211207826249
492.5211207826227
-508.4788792173784
-302.87887921737024
416.3211207826207
1.9211207826086323
1661.121120782608
-1069.4788792173583
-1803.8788792173675
-811.8788792173641
-2554.6788792173406
-57.47887921738276
-200.27887921739094
-835.2788792173628
-903.0788792173848
-1440.6788792173797
-1476.4788792174006
985.1211207826245
-197.87887921737388
-2292.678879217399
220.12112078263942
2605.5211207826296
3365.921120782484
1359.121120782585
-103.2788792173811
-847.6788792173876
-885.4788792173763
-64.67887921735836
484.7211207826229
746.1211207826337
1541.3211207826928
2904.521120782647
1045.3211207826243
695.9211207826181
281.92112078262556
-2035.4788792173938
-1819.4788792173983
-375.2788792173532
404.92112078261925
320.32112078261406
-921.8788792173584
-2209.4788792173804
-2092.478879217378
-1487.8788792173377
-2070.8788792173664
-2158.2788792174315
936.321120782619
1072.9211207826154
-873.87887921735
-12.078879217373924
-580.0788792173868
-1617.6788792173766
1625.1211207826045
473.1211207826383
-745.6788792173855
-1045.2788792173674
-2440.078879217347
165.72112078262896
1149.9211207826045
-259.8788792173783
-723.4788792173723
-2871.8788792174455
-2376.8788792174014
938.1211207826187
702.5211207826237
1170.5211207826208
835.7211207826123
853.1211207826221
-2083.478879217377
-1599.4788792174045
-597.8788792173934
-188.87887921738962
-2204.0788792173967
-1083.0788792173753
73.52112078260652
-884.6788792173985
-164.27887921739037
-583.2788792174064
1493.7211207826253
1337.5211207826228
-899.4788792173721
-1116.6788792173863
226.72112078262336
-7.27887921738048
226.52112078262172
-1652.4788792173886
140.32112078262494
-24.67887921737318
-1953.2788792173772
443.92112078263216
2071.121120782634
320.1211207826217
357.9211207826165
-1103.6788792173556
-187.47887921737734
587.3211207826118
-446.4788792173713
-3090.678879217323
-2723.078879217428
1476.321120782611
-855.8788792173812
29.12112078261757
-267.2788792173706
-395.27887921737704
-720.6788792173701
-799.0788792173873
-370.4788792174005
-1871.4788792174145
315.12112078261316
-392.0788792173718
-86.07887921736923
212.72112078262188
364.92112078262653
1279.9211207826306
854.321120782623
1669.5211207826028
970.7211207826276
20.121120782617652
533.7211207826386
1580.5211207826371
-839.2788792173662
499.7211207826241
853.7211207826282
617.9211207826155
841.1211207826112
-1653.0788792173612
-2295.87887921738
-1591.2788792173726
-5.4788792173908565
-300.4788792173747
-524.2788792173797
-2346.878879217352
-1654.0788792173735
-243.2788792173734
-2296.4788792173786
-1660.6788792173784
-2193.2788792174065
-1967.2788792173667
-1442.6788792173909
-1221.0788792173923
379.1211207826157
333.3211207826257
-1050.6788792173772
-4.878879217375437
1566.3211207826294
2477.1211207826022
1628.1211207826168
-505.0788792173778
-1305.2788792173685
-393.6788792173736
656.9211207826312
1225.1211207826327
1556.321120782651
2179.1211207826423
2962.3211207826207
1037.9211207826065
-847.0788792173736
-1382.6788792173838
-265.6788792173823
1158.92112078262
885.3211207826301
698.7211207826142
493.5211207826339
-1375.4788792173442
-3462.4788792173836
-952.0788792173929
-1413.2788792173953
244.72112078262205
-1732.8788792173923
-253.4788792173638
-530.8788792173838
-3380.4788792173963
599.7211207826293
-569.4788792173919
-912.6788792173573
258.9211207826165
-839.4788792173609
-1612.478879217394
-1596.4788792173188
-443.6788792173678
322.9211207826226
1257.9211207826186
349.3211207826198
226.52112078261965
865.5211207826197
469.52112078261945
378.72112078263905
1139.3211207826548
737.3211207826707
1194.7211207826444
1805.1211207826132
-162.07887921737745
-758.2788792173766
1000.5211207826188
-583.4788792173804
-584.0788792173868
83.72112078261847
-209.6788792173758
-245.07887921738512
-115.27887921737735
-1555.878879217406
-2617.6788792172606
-1534.4788792173354
-2904.278879217393
-1200.478879217382
-501.87887921740713
-2414.8788792173254
-1608.678879217399
-578.4788792173832
-1059.6788792173525
-3042.078879217302
-494.4788792173773
-1169.8788792173832
-77.47887921737589
-16.078879217384127
-771.0788792173628
-99.07887921737836
2602.521120782624
148.5211207826059
1151.5211207825905
319.7211207826136
10.121120782624093
-80.87887921737726
-1455.678879217382
-100.87887921738316
-498.07887921738984
-1752.6788792174189
174.1211207826274
925.3211207826223
1243.5211207826267
-100.07887921736624
-348.07887921737387
-1888.0788792173748
-2389.6788792173998
-1158.2788792173849
297.32112078262844
242.92112078262656
839.5211207826145
380.9211207826324
146.92112078263293
-674.4788792173734
-385.6788792173803
-1324.2788792173758
750.9211207826243
-477.47887921737856
-1383.4788792173765
-707.278879217376
631.1211207826213
1346.3211207826355
2547.9211207826283
1037.3211207826184
1365.7211207826688
134.32112078261906
-1240.4788792173908
160.9211207826191
-100.07887921738578
1007.7211207826058
985.1211207825991
-736.2788792173836
-1196.2788792173637
1043.5211207826312
-584.6788792173381
-1534.6788792173854
-1503.8788792173948
-1253.4788792173806
-1637.2788792173899
-912.4788792173653
-715.0788792174169
-1308.2788792174078
487.1211207826213
126.12112078262749
233.72112078262754
1572.7211207826022
-1441.4788792174152
-1240.4788792174313
-1898.8788792173805
-1040.878879217385
1383.1211207826045
1316.1211207825997
2453.1211207826223
2261.5211207825905
-443.4788792173805
-1922.4788792174254
-545.07887921738
566.3211207826258
-1529.8788792173755
-1130.8788792173696
732.7211207826185
510.9211207826242
1193.7211207826538
-1020.8788792173478
-382.07887921738103
987.5211207826305
126.92112078262791
-992.8788792173882
-1537.0788792173778
-1794.0788792174142
251.32112078261756
548.521120782613
-977.2788792173579
149.1211207826271
650.1211207826226
350.3211207826288
-576.4788792173761
1898.3211207826232
-353.27887921737215
1086.9211207826243
7.321120782619763
93.7211207826273
1536.321120782632
1707.9211207825842
2572.1211207826304
1347.5211207826105
554.5211207826281
491.52112078262735
904.9211207826285
15.32112078261181
-695.0788792173872
-1433.4788792173706
212.321120782625
-347.2788792173814
1303.1211207826348
-470.27887921737795
46.12112078261052
508.72112078261614
-1090.0788792173778
-988.4788792173862
672.5211207826179
-991.6788792173755
-97.27887921735487
-334.2788792173782
-152.4788792173841
449.5211207826197
-1648.4788792173913
-1387.478879217342
134.72112078262145
-1579.678879217399
-1416.0788792173626
-528.8788792173912
1506.521120782601
-1058.4788792173842
141.3211207826232
556.7211207826178
-286.07887921738103
-1473.0788792173698
2485.7211207825803
1008.1211207826245
778.7211207826274
-377.27887921737454
-1899.4788792173738
-1204.6788792173734
469.52112078259626
-22.278879217373643
433.7211207826186
-1289.2788792173856
-430.27887921736794
146.32112078262054
443.72112078261813
-635.0788792173837
1024.3211207826473
-510.07887921738205
-177.6788792173886
569.7211207826173
-316.87887921737934
-572.4788792173863
-750.2788792173843
343.5211207826205
126.72112078261786
-1065.4788792173886
-154.87887921738047
-1854.8788792174018
-517.078879217375
-983.0788792173722
-76.47887921737166
388.3211207826167
713.9211207826359
1232.7211207826401
2068.1211207826136
-323.87887921738246
523.5211207826097
-943.6788792173874
-1674.8788792173752
688.1211207826134
545.9211207826133
-1672.4788792173558
28.121120782623386
-97.4788792173785
434.9211207826265
-1078.4788792173674
444.52112078262354
723.5211207826148
691.5211207826188
-1193.078879217401
1020.1211207826227
2064.921120782615
1391.3211207826096
-787.6788792173747
-214.0788792173735
580.7211207826185
-1025.4788792174018
-1319.6788792173668
-1613.2788792173944
-2055.278879217388
-1702.0788792173835
-734.2788792173983
-606.0788792173711
-1759.0788792173648
-781.4788792173853
2507.5211207826137
159.32112078262355
-381.2788792173778
255.32112078262358
218.1211207826256
1639.1211207826161
29.521120782621267
-265.2788792173905
-2049.278879217413
-80.67887921738225
1686.1211207826354
230.12112078262447
358.12112078261976
755.3211207826259
229.12112078262015
444.921120782625
-88.87887921737156
1391.1211207826407
-256.07887921737864
1295.7211207826272
-256.27887921737766
-2217.478879217369
337.92112078262574
-246.47887921738138
945.721120782626
1116.1211207826252
918.521120782624
605.321120782624
-874.0788792173637
-1186.0788792173798
-554.6788792173783
-827.6788792173855
1459.5211207826244
-531.0788792173878
-102.07887921737655
-474.4788792173817
993.9211207825971
1031.9211207826074
-448.07887921738416
1233.5211207826194
-182.6788792173842
-1038.0788792173637
-154.6788792173836
-1411.0788792173594
-84.27887921738042
237.12112078262072
-1242.478879217413
-169.0788792173816
616.3211207826267
1126.7211207826042
-961.4788792173916
582.9211207826182
912.9211207826112
335.7211207826202
1776.5211207826155
-242.8788792173816
1639.5211207826167
346.72112078262484
1225.1211207826261
1990.9211207826095
-579.2788792173934
-641.8788792173717
673.9211207826222
460.5211207826382
1269.121120782622
-143.6788792173759
1091.521120782612
819.5211207826065
290.12112078262675
-950.0788792173769
-629.8788792173684
925.5211207826175
346.7211207826327
-160.67887921738213
421.52112078262184
-21.678879217380427
-323.0788792173727
-736.4788792173852
-2202.478879217357
-837.8788792173672
-539.0788792173825
-557.6788792173792
-967.0788792173907
-360.4788792173798
-1411.6788792174125
92.92112078261913
337.1211207826259
-1864.2788792173912
121.521120782623
-538.2788792173787
-34.27887921737431
-316.2788792173873
629.1211207826346
2941.7211207826144
135.7211207826239
-1266.2788792173858
256.7211207826213
-538.4788792173799
-900.6788792173572
-1240.278879217383
-33.27887921739011
145.1211207826237
-54.87887921737611
133.52112078262184
-181.4788792173698
-1455.6788792173759
-2327.2788792174038
-2115.67887921739
-399.47887921737276
-461.87887921737945
-663.4788792173563
-1918.2788792173978
-2803.8788792173928
-1174.8788792173848
-44.07887921737642
219.52112078262374
-1247.8788792173739
-1018.4788792173842
-1295.8788792173614
-1178.4788792173601
-163.07887921738248
293.12112078261737
-115.27887921737857
234.92112078262213
608.5211207826248
-62.0788792173797
-938.2788792173847
-839.6788792173701
-229.07887921737918
1255.1211207825913
298.7211207826237
-930.4788792173806
86.12112078261573
290.1211207826244
-1056.0788792173803
-220.07887921738092
-335.0788792173772
-519.2788792173806
203.92112078261718
-162.87887921737877
1175.1211207826532
896.9211207826324
1107.3211207826303
1020.7211207826358
-578.478879217393
-90.2788792173816
1077.9211207826227
2145.3211207826453
732.1211207826309
760.7211207826246
-951.6788792173884
-607.6788792173769
-181.4788792173768
298.12112078261964
-298.2788792173838
-1069.2788792173842
-286.8788792173817
1242.7211207826208
-324.6788792173731
-728.6788792173861
-320.07887921737307
-419.2788792173825
-203.4788792173827
-955.4788792173778
-1581.0788792173264
-159.67887921737997
-1656.078879217381
-813.2788792173964
-996.2788792173865
1019.5211207826175
1292.9211207826181
-72.8788792173722
241.32112078262378
-469.47887921737237
-517.4788792173695
38.1211207826271
-389.2788792173717
-781.4788792173784
-347.0788792173756
954.1211207826211
-514.6788792173853
-887.0788792173574
-3028.4788792173863
-130.27887921738116
954.5211207826086
350.1211207826224
-540.4788792173849
345.5211207826148
1186.3211207826198
33.121120782627386
-1391.6788792173834
-2497.0788792173726
-809.2788792174084
-608.6788792173822
1100.1211207826243
-100.87887921738829
-967.0788792174196
-1477.4788792173504
-822.878879217384
1294.5211207826153
554.5211207826154
933.7211207826158
444.521120782617
459.1211207826238
-164.67887921737264
-693.4788792173717
79.92112078261692
290.9211207826223
1037.3211207826173
1018.7211207826155
2377.521120782628
1312.5211207826171
-1348.4788792174265
-418.07887921737426
52.92112078262633
626.1211207826236
381.72112078262086
326.3211207826249
-1262.6788792173693
293.12112078263027
656.1211207826221
-501.8788792173835
-1171.8788792174155
-1848.4788792173745
-142.27887921738014
214.7211207826188
262.92112078262187
174.92112078262002
-679.078879217369
1226.5211207826121
-122.07887921738065
-1068.2788792173933
-357.4788792173864
690.7211207826257
581.9211207826198
-93.6788792173894
-290.87887921737354
-1162.2788792173985
-286.8788792173837
1050.9211207826188
316.5211207826261
-323.6788792173754
493.92112078261954
-502.27887921737704
982.3211207826246
1113.3211207826143
-603.6788792173754
1018.5211207826048
1013.9211207826286
1595.7211207826376
266.7211207826226
-152.67887921738043
16.52112078262452
-802.0788792173777
-174.47887921738646
-590.67887921739
-882.6788792173692
638.1211207826215
-1259.878879217368
-1091.0788792173769
-188.47887921738027
1422.1211207826077
-712.0788792173895
-882.4788792173404
194.72112078260164
-645.2788792173966
1859.3211207826314
-778.4788792173875
-339.8788792173855
-700.8788792173663
-580.278879217379
794.1211207826188
667.3211207826233
1030.7211207826406
475.3211207826281
3.121120782621638
-252.87887921738192
883.3211207826228
15.721120782615557
1525.9211207826372
1276.921120782644
-321.0788792173833
389.3211207826266
265.9211207826154
-849.4788792173723
299.3211207826181
-292.8788792173881
-91.87887921738539
-315.6788792173803
992.321120782621
697.9211207826214
-1163.8788792173618
-20.4788792173812
418.7211207826238
48.12112078262416
1551.9211207826118
1481.9211207826077
-993.0788792173819
724.7211207826276
-1808.8788792173666
-698.2788792173776
-82.27887921736702
-317.07887921737733
-386.67887921737395
-759.8788792173902
2225.3211207826143
1544.521120782611
87.72112078262226
-257.278879217371
544.9211207826102
900.1211207826368
314.92112078262807
-210.4788792173835
314.3211207826271
1018.3211207826324
-476.07887921738114
-1235.478879217366
-503.27887921737795
-866.4788792173827
-436.47887921738334
-1379.8788792174144
1735.3211207826153
1217.5211207826242
1417.3211207826168
-1935.6788792173809
-835.4788792173831
634.9211207826286
1032.9211207826186
1677.7211207826188
-407.0788792173814
-1196.0788792173553
-2642.878879217457
-1605.0788792174103
-1346.0788792173578
-2219.6788792173793
-711.278879217376
-473.8788792173751
-389.8788792173798
-589.2788792173798
301.7211207826237
1062.121120782591
1353.7211207826172
-348.07887921738336
-980.678879217365
-1047.478879217381
1120.5211207826194
1630.321120782618
342.12112078261964
170.72112078262035
-1477.6788792173768
-690.4788792173772
-770.2788792173766
-404.47887921737583
634.7211207826219
-980.8788792174115
-761.2788792173757
-2782.8788792174
-963.2788792173836
-747.6788792173769
-387.4788792173684
1176.1211207826318
1218.921120782604
-246.0788792173783
-1192.0788792173828
-619.8788792173754
-553.6788792173754
-850.0788792173711
140.52112078263056
1057.7211207826085
-364.27887921737965
-579.6788792173843
726.3211207826355
879.1211207826273
1413.7211207826092
-1264.8788792173748
0.3211207826268492
600.5211207826253
1670.7211207825737
-467.67887921738145
-1572.6788792173954
-1.2788792173853096
-333.2788792173609
-400.67887921737963
-999.6788792173779
1167.321120782613
-255.47887921736523
-662.4788792173899
-945.2788792173804
-1360.8788792173784
-1198.0788792173705
-1708.0788792173807
-1386.8788792173848
-944.2788792173716
228.1211207826164
1365.121120782658
-402.8788792173805
-1490.6788792173647
-1936.0788792173926
275.7211207826205
-1081.878879217346
676.3211207826239
1578.3211207825989
1374.5211207826037
-1243.4788792173736
-1068.0788792173933
461.9211207826239
31.321120782627723
854.7211207826174
12.721120782625647
-88.87887921737908
-92.07887921737094
-1139.478879217384
-182.47887921738362
-1021.6788792173724
-1167.4788792174134
-568.2788792173742
835.5211207826254
-75.87887921738891
-902.6788792173791
-105.47887921738206
28.921120782625188
-1788.878879217379
-692.6788792173696
1091.321120782622
-83.67887921738355
1275.5211207826208
2535.1211207826027
-911.8788792173768
755.3211207826191
-140.8788792173709
-678.2788792173859
-505.47887921737544
1067.1211207826339
1623.9211207826418
2568.521120782577
703.9211207826334
882.7211207826268
-847.8788792173806
-264.6788792173724
2351.9211207826297
1535.3211207826157
-1430.8788792173762
-407.8788792173825
-227.2788792173718
-1586.8788792173802
-992.878879217362
-1764.878879217375
-1418.0788792173362
192.52112078262076
-193.27887921738684
-1143.678879217402
-1402.8788792174166
-761.078879217362
-2843.6788792173625
-3382.678879217365
47.92112078262005
860.3211207826247
995.1211207826207
236.32112078263248
-75.27887921737988
569.3211207826158
-672.0788792173752
-448.8788792173796
813.3211207826057
1641.5211207826683
220.1211207826135
271.92112078263335
579.3211207826292
1386.721120782661
-1429.4788792173683
-147.47887921737288
2744.321120782601
963.1211207826597
-506.67887921736224
-2434.6788792173834
-3245.4788792173085
-2636.6788792173857
-1604.0788792173641
-2914.8788792174096
169.12112078262086
98.72112078262703
263.1211207826219
183.321120782621
-1367.4788792173588
43.32112078261917
-842.0788792173538
-3195.0788792173926
-1441.2788792173797
627.9211207826219
1651.1211207825766
1736.72112078262
822.121120782616
1691.52112078262
1491.7211207826085
-1167.0788792173846
1638.9211207826309
709.921120782609
427.12112078263254
624.9211207826291
1212.321120782592
-264.07887921740246
1336.3211207826625
1257.5211207826146
-110.27887921737548
-767.4788792173795
505.7211207826152
-3676.478879217343
-2198.078879217382
-1123.07887921736
-2682.6788792173616
-2558.6788792173697
483.5211207826207
-300.27887921737977
-737.0788792173632
-943.8788792173838
199.12112078262265
-1233.0788792173948
-1195.0788792173785
-1066.6788792173882
-2582.6788792173957
-936.4788792173716
-616.0788792173769
1949.9211207826302
-105.47887921737396
199.92112078261957
319.32112078263003
-303.27887921737283
-308.67887921737935
1896.3211207826157
3150.721120782593
1392.3211207826337
-140.27887921736618
625.5211207826261
-8.8788792173767
-744.0788792173803
-69.07887921738026
-618.4788792173719
-578.6788792173761
-1397.2788792173853
-768.2788792174007
82.12112078262801
-1239.0788792174033
-893.6788792173845
1656.9211207826283
1615.9211207826054
380.9211207826237
-1028.4788792173695
1505.321120782618
-228.47887921737643
-837.2788792173945
-13.278879217375248
127.32112078261844
923.3211207826055
-583.0788792173717
533.9211207826196
2590.3211207826253
1143.3211207826187
-383.87887921737763
3526.5211207825923
1151.9211207826222
2206.321120782628
4185.921120782753
2052.321120782632
2693.7211207826513
1254.9211207826224
361.32112078262605
698.1211207825968
1848.1211207825852
732.5211207826044
-1998.8788792173862
-520.8788792173823
-685.278879217397
-2202.8788792174514
-1230.6788792173736
389.1211207826231
-1599.2788792174183
-1086.8788792173789
-269.47887921737765
-1898.2788792173437
502.1211207826275
-482.0788792173751
-821.2788792173737
423.92112078263625
494.5211207826189
1545.1211207825975
1475.3211207825816
-1751.478879217381
-479.27887921737965
-531.8788792173743
-1235.4788792173672
2770.321120782558
2630.9211207826093
1704.5211207825819
2003.5211207826073
-1162.678879217389
2575.721120782671
1368.3211207826155
1847.7211207826138
1997.7211207826235
828.3211207826429
-313.2788792173762
-2174.67887921736
-141.07887921737412
339.12112078261833
-2178.2788792173915
-904.8788792173999
1307.9211207826108
-1862.47887921738
-566.4788792173713
-1198.47887921737
-2311.878879217366
-515.8788792173676
-1406.2788792173772
-582.2788792173761
130.92112078263298
-884.2788792173616
219.32112078262736
796.321120782621
-499.2788792173778
578.3211207826174
1154.5211207826242
-154.67887921737835
1628.721120782613
-458.67887921737884
63.12112078262286
2371.521120782617
-1709.478879217401
695.9211207826321
1028.7211207825737
-474.67887921737605
-1163.4788792173692
-536.4788792173676
-1652.6788792173659
-304.47887921738237
241.9211207826183
-622.2788792173867
411.92112078262267
2092.3211207825925
2705.721120782673
705.9211207826183
1342.5211207826287
-1566.078879217398
-1507.8788792173875
185.72112078262057
997.1211207826193
1279.9211207826315
1190.7211207826322
1184.321120782628
-343.0788792173807
-629.4788792174012
-602.2788792173727
-1311.678879217389
-486.678879217381
483.9211207826179
1388.9211207826324
1365.721120782596
2017.5211207825962
1868.3211207825814
439.3211207826395
877.3211207826341
199.1211207826135
-1416.678879217378
872.92112078261
1478.7211207826228
-425.47887921738356
152.32112078262418
1091.1211207826289
56.3211207826205
1982.1211207826225
330.72112078261625
-782.6788792173624
-794.0788792173984
-561.8788792173904
-1109.078879217386
309.12112078262123
-584.2788792173757
-89.07887921738127
-393.67887921739
-694.6788792173792
585.7211207826058
-824.8788792173733
395.12112078261856
420.5211207826295
403.5211207826198
-908.2788792173734
-463.0788792173785
-398.47887921737964
1483.521120782597
569.5211207826333
1290.5211207826424
1351.1211207826175
981.5211207826113
-255.67887921737537
-1815.6788792173577
-431.4788792173791
-384.47887921738607
-940.4788792173823
-1178.6788792173807
287.92112078261516
-412.6788792173709
-351.8788792173776
-1709.8788792174007
-5.678879217385115
-645.4788792173956
-1454.2788792173897
-1938.278879217335
-394.07887921738387
-1531.078879217372
-447.8788792173667
216.12112078259509
1268.5211207826258
864.3211207826218
-408.47887921737413
-2258.4788792173613
-1063.8788792173873
1966.5211207826608
897.3211207826203
1852.521120782537
1150.1211207826245
2101.3211207826694
1614.521120782626
1341.9211207826002
1835.3211207826284
98.12112078261852
848.5211207826345
-483.4788792173737
-1111.878879217376
-2120.878879217392
-1749.07887921737
-1254.8788792173839
-942.078879217383
651.1211207826167
469.72112078262126
-858.6788792173883
-584.8788792173823
218.1211207826212
-1336.278879217398
-2163.078879217389
-1208.878879217385
-269.27887921737835
750.7211207826184
-749.6788792174158
-1001.8788792173855
-1056.8788792173764
579.3211207826009
252.1211207826208
-291.4788792173746
-1237.878879217368
811.7211207826336
2780.121120782641
-164.8788792173796
-610.0788792173787
-1293.6788792173545
-324.07887921738705
296.12112078263243
139.9211207826425
1316.7211207826435
319.92112078262977
-1564.478879217389
-1605.8788792173857
-841.2788792173707
-652.0788792173834
291.32112078262645
-1344.0788792173776
-1683.2788792174042
-1415.6788792173631
-506.2788792173774
-35.07887921737597
381.9211207826194
-511.4788792173558
1138.7211207826247
649.9211207826257
-454.8788792173845
-346.07887921738376
733.1211207826193
1016.5211207826043
-127.4788792173772
136.92112078260436
278.9211207826045
-775.8788792173802
-1435.2788792173822
1259.321120782638
26.521120782614354
1200.3211207826212
-556.0788792173757
2317.521120782621
2995.321120782655
-524.478879217376
1805.3211207825937
-55.67887921737133
400.521120782618
1427.72112078262
-137.878879217378
-1253.478879217378
-829.4788792173688
292.32112078263356
1192.1211207826273
1817.1211207826127
1329.921120782628
-114.47887921738462
-446.47887921739186
-2433.2788792173487
-1196.0788792173412
1339.7211207826151
954.3211207826232
1055.9211207826202
1345.3211207826446
-1615.8788792173862
-2808.2788792174015
374.12112078263317
67.92112078262826
-163.07887921738208
1049.1211207826486
31.321120782623503
-141.07887921737048
678.9211207826025
772.9211207826048
695.1211207826315
1150.5211207826312
-335.67887921737645
132.5211207826314
559.1211207826334
-195.27887921738505
678.721120782625
1603.121120782644
837.5211207826208
-991.6788792173725
1003.9211207826172
-227.4788792173786
1364.7211207826288
1238.5211207826128
-942.0788792174336
-1416.278879217353
-317.678879217423
-1581.4788792173774
772.5211207826276
486.32112078262713
-379.67887921737844
-328.47887921737845
-1881.0788792174128
-992.678879217414
-1483.278879217381
-1586.4788792173733
386.32112078262406
1439.5211207826133
1056.9211207826052
9.321120782620774
770.7211207826216
1526.921120782649
909.9211207826355
99.92112078263273
1381.1211207826095
724.7211207825944
96.92112078262134
-449.4788792173841
-45.278879217386056
-121.07887921738089
1024.3211207826182
558.9211207826055
1988.9211207826095
67.92112078262593
-30.678879217380086
-538.2788792173741
-95.27887921737455
-125.07887921738218
319.72112078262353
-104.07887921738256
551.7211207826313
-379.07887921737364
-1495.6788792173843
711.9211207826203
-735.4788792173827
-316.8788792173777
-836.0788792173817
-1827.878879217412
-2208.2788792173424
-196.87887921736782
-809.8788792173707
-259.6788792173808
378.32112078260803
1902.5211207826642
1288.5211207826412
519.5211207825939
72.92112078261675
-1068.4788792173727
-415.0788792173799
-1625.078879217366
-1053.8788792173784
775.9211207826529
-1147.8788792173987
-470.4788792173625
-436.07887921737307
-911.678879217364
459.9211207826195
-520.6788792173767
370.72112078262387
-393.4788792173838
-1786.8788792173732
-2466.0788792173753
-747.8788792173885
1213.521120782608
-798.4788792173716
-316.4788792173747
-14.07887921737866
-787.4788792173766
563.7211207826232
-1613.478879217408
-1618.078879217371
-390.07887921736267
-87.67887921738014
383.321120782627
452.3211207826271
762.7211207826608
2206.7211207825735
1579.521120782639
-410.27887921737704
754.1211207826316
654.3211207826299
146.92112078261817
-745.0788792173771
1485.121120782587
-182.2788792173746
1663.3211207826093
1769.3211207826585
362.12112078264056
213.52112078260637
-437.0788792173797
-35.87887921737822
-1711.678879217356
-1064.6788792173775
-450.2788792173798
915.921120782614
898.3211207826135
513.3211207826434
44.52112078262265
1017.7211207826322
-279.4788792173742
1550.3211207826062
-9.478879217372342
45.121120782622356
512.7211207826209
-1126.478879217376
-398.2788792173787
1841.7211207826444
312.1211207826367
519.1211207826198
-68.87887921737686
221.12112078261313
725.9211207826021
-1286.4788792173795
-757.8788792173934
765.7211207826373
-542.478879217371
-233.47887921737822
703.521120782626
3032.3211207826016
-212.47887921737703
507.32112078262475
-230.47887921738806
-1300.0788792173887
-3190.2788792173233
629.7211207826265
92.12112078262118
897.1211207826174
220.32112078262952
-916.278879217383
464.5211207826272
2027.3211207825987
1165.321120782647
1608.7211207826117
-465.8788792173802
410.3211207826188
900.121120782617
712.1211207826052
-787.6788792173857
1641.3211207826537
-31.478879217380804
-250.07887921737918
1202.3211207826264
725.5211207826216
426.9211207826138
131.52112078262732
394.1211207826205
407.7211207826202
169.72112078262887
1731.3211207826116
-124.47887921737674
1036.5211207826214
527.5211207826218
1281.5211207826135
516.521120782616
492.7211207826206
-137.07887921737972
58.321120782615765
-1506.0788792173814
618.921120782623
-161.478879217377
-1010.4788792173588
1441.9211207826258
1425.9211207826108
-243.27887921737687
1023.9211207826187
195.521120782624
536.1211207826154
-1297.278879217381
34.121120782623564
87.12112078261684
197.5211207826255
-1942.078879217366
-396.8788792173798
1217.9211207826197
1421.921120782627
-250.67887921737628
418.92112078262045
246.7211207826281
-1031.8788792173773
-339.6788792173767
-152.87887921738178
-450.27887921738125
52.12112078262268
1070.121120782633
971.521120782619
-1621.2788792173849
-1313.6788792173695
604.3211207826306
-1504.8788792173757
-1038.4788792173915
515.9211207826208
419.9211207826215
2048.921120782641
198.5211207826273
215.1211207826243
-753.278879217379
587.9211207826228
1804.9211207825822
-46.67887921737426
-56.678879217372774
212.92112078262397
-164.07887921737785
-156.67887921738225
-978.6788792174013
299.92112078262727
-1012.078879217373
934.9211207826024
-132.47887921737808
-1916.478879217356
96.32112078262779
-593.6788792173749
1465.7211207826174
1694.921120782631
1137.1211207826402
1211.5211207826198
-9.478879217379873
-152.07887921738234
-440.07887921736733
-1413.6788792173832
-516.2788792173911
-1291.278879217417
-1121.478879217381
-646.8788792173857
1056.5211207826283
1301.721120782619
-308.87887921738707
1162.1211207826266
267.52112078261877
-721.2788792173696
287.121120782621
-1103.2788792173797
369.1211207826223
242.52112078261632
-741.2788792173864
433.7211207826216
994.3211207826059
1657.9211207825942
-808.078879217367
499.5211207825959
565.5211207826186
-186.87887921737047
1256.1211207826063
-711.4788792173669
1187.7211207826108
-281.2788792173779
82.72112078262234
1033.5211207826214
-1209.278879217394
-791.278879217377
376.5211207826254
-457.4788792173802
-769.0788792173809
-215.47887921738183
463.9211207826248
254.1211207826208
266.92112078262585
-753.8788792173701
-595.4788792173788
100.32112078262557
-478.6788792173719
-972.2788792173614
-197.87887921738454
-386.2788792173702
-85.67887921738448
-589.0788792173679
-1418.0788792174012
34.32112078262101
-223.87887921737936
75.92112078261835
-521.6788792173845
346.7211207826196
-1577.2788792173556
-652.078879217368
321.7211207826273
-1903.8788792173937
-395.8788792173748
-1587.6788792173975
-1649.4788792173663
-1082.0788792173948
-146.07887921735355
2198.121120782618
-130.2788792173786
-2026.8788792174034
-1067.8788792173839
1169.1211207826118
316.7211207826191
-95.67887921737594
652.3211207826206
1131.1211207826211
1912.1211207826334
1748.1211207826075
972.121120782623
-51.27887921737866
-524.6788792173745
-591.4788792173658
553.121120782614
278.5211207826228
-71.87887921737472
-1643.8788792173768
-2197.078879217387
-755.2788792173898
1045.5211207826392
1008.3211207826273
-225.4788792173743
738.5211207826214
396.3211207826409
-392.27887921737494
432.12112078262675
1428.9211207826074
-148.47887921737168
-1208.2788792173817
-706.6788792173736
-576.6788792173787
-1020.4788792173789
-306.478879217374
595.7211207826516
2049.3211207826644
428.52112078263804
-1227.0788792173935
-558.8788792173755
738.7211207826202
577.1211207826243
1170.9211207826024
145.72112078262703
-564.6788792173757
96.92112078262542
-108.87887921737504
1018.1211207826466
687.5211207826447
862.9211207826196
444.12112078261214
-1356.4788792173629
-1014.478879217382
368.32112078260485
1098.3211207826282
691.5211207826178
1507.7211207826163
186.9211207826359
242.12112078261703
369.32112078263276
1262.3211207826519
510.5211207826037
-1468.6788792173816
-966.2788792173814
887.9211207826119
108.92112078261854
311.12112078262027
889.521120782613
-234.6788792173718
-961.8788792173789
-1725.0788792173787
-2575.078879217322
-486.47887921737197
-104.07887921737544
745.9211207826227
-457.2788792173794
797.5211207826301
745.1211207826036
-938.2788792173467
-405.2788792173771
-700.2788792173731
-937.6788792173838
-423.6788792173795
-961.67887921736
-1338.6788792173822
-1519.2788792173847
-401.2788792173753
-831.8788792173677
-121.07887921738237
-1853.4788792173913
403.52112078262184
1271.7211207826158
1208.3211207825805
230.32112078262332
829.5211207826334
1060.9211207826195
-48.0788792173682
-833.2788792173682
-973.2788792173725
446.121120782626
-317.4788792173743
1018.9211207826156
-134.87887921737536
-1285.2788792173465
-1720.478879217381
506.3211207826126
2342.9211207826193
874.1211207826489
1221.521120782558
715.3211207825976
-219.4788792173773
-1334.0788792173812
-1350.2788792173717
-565.8788792173773
-105.67887921738591
884.5211207826233
1393.1211207826002
2176.1211207826414
939.7211207826388
-1134.0788792173657
242.7211207826226
200.72112078262253
6.9211207826213865
-580.4788792173679
-122.8788792173844
-1543.278879217337
-39.478879217379685
259.5211207826284
-459.4788792173803
-201.87887921738954
271.9211207826245
1440.9211207826052
1096.3211207826496
664.1211207826253
979.5211207826177
-283.6788792173785
1226.7211207826213
692.3211207826267
235.32112078263341
374.9211207826183
1411.5211207826092
1410.5211207826362
92.92112078262357
-668.0788792173846
-1460.2788792173828
-279.478879217381
933.1211207826177
27.92112078261794
-560.4788792173823
643.7211207826325
115.92112078262096
977.1211207826162
706.3211207826265
-1472.0788792173687
-478.07887921737904
-233.2788792173827
1445.9211207826177
-264.47887921736987
-1197.4788792173724
-365.4788792173772
-419.6788792173783
1132.9211207826004
1922.1211207826086
1385.1211207826207
1358.5211207825835
-861.4788792173771
320.1211207826152
613.3211207826295
737.9211207826132
-1788.4788792173993
-1467.678879217362
579.9211207826198
-105.47887921738015
2216.7211207826513
-441.47887921738396
84.32112078262372
-337.47887921737515
-547.6788792173785
-95.67887921737403
-119.87887921737283
472.5211207826135
234.52112078260433
189.5211207826174
-1295.078879217365
21.52112078262865
-618.078879217374
-150.67887921737957
-536.0788792173848
-699.6788792173757
-565.8788792173672
-1251.2788792173815
-741.2788792173667
862.5211207826206
405.5211207826053
1122.121120782642
752.5211207826143
795.7211207826064
115.52112078262167
-728.2788792173744
-92.67887921736683
-561.8788792173782
-1588.0788792173676
-793.0788792173709
480.72112078261887
-930.2788792173701
1249.5211207826246
-892.4788792173779
773.5211207826258
1797.1211207826368
682.3211207826474
-533.278879217379
-772.8788792173885
2628.1211207825677
1992.5211207826665
444.92112078262124
-474.6788792173694
790.5211207826119
1404.9211207826324
-286.2788792173882
-991.4788792173587
532.7211207826276
-2.878879217374596
-1297.0788792173753
-468.47887921737936
368.72112078261875
50.321120782632775
220.72112078262043
-912.0788792173832
1530.7211207826513
679.7211207826452
1714.121120782616
-1842.2788792174042
-864.2788792173691
747.5211207826374
72.92112078262153
165.92112078261314
-1298.678879217379
-203.27887921738153
-236.67887921737986
1293.7211207826165
1767.5211207826505
-871.6788792173849
-368.8788792173727
-488.27887921737056
-813.2788792173735
-623.0788792173765
282.72112078260864
1348.321120782632
2344.9211207826334
303.92112078261465
-1360.078879217391
-1542.8788792174068
478.9211207826373
-124.47887921736927
-570.0788792173806
245.32112078263089
-1361.2788792173599
663.9211207826282
254.7211207826326
1059.5211207825828
1533.5211207826217
-233.47887921737419
674.9211207826169
-1928.4788792173676
-607.2788792173814
437.9211207826189
337.1211207826224
275.9211207826256
-683.678879217381
-152.47887921737114
828.3211207826383
2144.3211207825852
1796.521120782612
562.5211207826035
681.3211207826399
382.1211207826078
-1610.0788792173787
-1164.6788792173934
796.5211207826297
1420.9211207826177
2525.3211207825934
-224.87887921737214
143.12112078262308
70.12112078262064
1321.92112078263
-813.678879217368
-2114.8788792173905
-352.8788792173739
-718.2788792173822
228.32112078263077
-104.47887921737143
2867.921120782588
1445.5211207826603
715.1211207826631
566.3211207826045
-584.678879217386
-688.2788792173772
-812.8788792173564
-408.67887921737434
-1724.4788792173936
-1961.878879217362
75.5211207826271
276.3211207826254
-297.8788792173855
-791.8788792173791
2264.921120782661
382.32112078261514
255.72112078261281
-181.0788792173788
267.92112078263415
-1035.4788792173742
-114.87887921737105
1353.5211207826092
1199.5211207826296
1273.7211207826256
285.1211207826254
1287.3211207826173
1981.7211207826165
-215.67887921737997
446.3211207826113
-191.27887921737198
266.1211207826229
-275.47887921737697
1986.9211207826565
1650.1211207826298
277.12112078262606
270.5211207826201
236.72112078261029
-182.07887921737588
925.921120782606
2095.521120782601
-786.6788792173585
-939.4788792173781
78.5211207826269
-1538.0788792173355
-298.27887921737045
785.7211207826609
2089.721120782665
1239.721120782593
866.7211207826181
492.72112078263365
2045.5211207826003
1621.7211207826115
2371.92112078259
-475.47887921737646
115.92112078262329
1932.3211207825907
1035.121120782626
-369.8788792173709
2169.721120782609
1810.7211207825997
-116.87887921737587
360.7211207826148
-236.47887921738263
-751.6788792173744
1772.3211207826334
1720.5211207826464
-400.67887921737474
-1677.078879217363
-1304.6788792173784
-2071.6788792173884
-1238.2788792173958
1663.521120782611
942.5211207826367
-688.8788792173749
-2289.4788792173886
-1624.6788792173888
-1577.8788792173627
-1517.8788792173923
775.5211207826121
1408.3211207825982
-50.67887921738598
-1416.2788792173797
-553.0788792173779
562.121120782618
1400.5211207826287
-2118.078879217347
-1355.678879217375
913.5211207826237
-182.47887921738226
-189.47887921737757
-787.4788792173507
-1337.2788792173856
-325.87887921738417
511.5211207826263
-1516.2788792174363
1910.9211207826356
3593.721120782678
3094.5211207825023
1514.3211207826216
-1163.2788792173803
-917.2788792173914
-584.0788792173698
-459.67887921736985
623.3211207826316
751.9211207826193
1198.5211207825998
280.7211207825918
-965.6788792173885
-610.2788792173739
-108.07887921738313
-1431.6788792173795
1288.721120782599
-1479.878879217393
-1934.4788792173797
-1142.078879217377
-563.8788792173779
-951.0788792173774
963.3211207826124
-1021.4788792173771
-2983.4788792174086
-2071.078879217328
876.7211207826305
-2537.6788792173825
-537.2788792174083
1496.9211207826158
122.72112078262452
-986.078879217377
2738.9211207826406
4256.121120782711
3152.3211207825993
1170.1211207826252
556.3211207826324
-2929.878879217362
-1238.6788792173784
1376.921120782629
-943.0788792173673
-361.2788792173824
393.12112078263357
1767.3211207826282
-1223.678879217379
-1166.0788792173842
54.121120782625646
-472.0788792173775
-1370.078879217376
-375.27887921738426
393.5211207826264
-768.4788792173723
-2655.478879217369
-816.6788792173792
-747.678879217371
-2178.2788792174206
-1761.8788792173634
-931.0788792173769
580.5211207826259
88.32112078261507
15.521120782632487
1499.9211207826334
569.3211207826203
86.12112078263074
3204.921120782623
5306.721120782679
3475.321120782682
753.721120782635
2162.121120782628
-1465.6788792173752
-1700.8788792173957
684.5211207826171
76.92112078262187
-300.6788792173746
-718.478879217383
-187.07887921737918
1431.921120782621
380.3211207826257
891.3211207826321
4200.12112078261
101.92112078262366
-97.0788792173785
1377.5211207825857
-51.27887921737742
421.12112078262226
-986.2788792173719
-1387.2788792173758
-626.6788792173945
1444.9211207826388
1601.321120782619
-662.8788792173616
452.52112078262275
-869.8788792173775
-2038.678879217467
-1479.078879217341
-687.4788792173904
-2149.0788792173594
845.9211207826354
2695.7211207826176
-107.27887921737636
1921.3211207826569
-190.47887921737686
-1664.4788792173795
-1226.4788792173745
-2220.678879217378
-743.6788792174253
1277.3211207826373
-2282.478879217343
-1667.278879217353
-1597.4788792173752
-1389.8788792173896
2070.921120782647
261.5211207826351
-1688.8788792173818
277.121120782625
-1617.8788792174144
1583.5211207826069
-12.47887921737983
459.92112078261573
1108.3211207826357
1025.9211207826131
802.9211207826173
-667.0788792173732
166.32112078262503
-449.0788792173812
-3590.8788792175
-3292.478879217455
-1158.4788792173665
-3083.6788792174566
753.1211207826316
1603.7211207826501
-808.4788792173935
-605.4788792173845
-2243.8788792174046
-1419.8788792173516
-2052.6788792174025
-3541.678879217374
-1226.07887921733
1545.5211207826173
940.7211207826182
1149.7211207826263
1255.3211207826462
-594.278879217349
651.32112078263
-2746.2788792174374
-3200.27887921735
353.5211207826182
-2677.0788792173394
-380.2788792173838
1071.5211207826378
-850.0788792173786
-1076.4788792173931
-557.4788792173683
-1039.8788792173827
236.3211207826247
-150.27887921737843
-1325.6788792173772
-885.6788792173684
598.7211207826101
1205.3211207826348
-64.07887921737057
2772.321120782594
1443.7211207826113
272.9211207826356
58.52112078261719
534.3211207826295
1338.9211207826413
-245.8788792173823
-651.67887921738
-1481.678879217373
-714.8788792173714
389.5211207826207
-799.4788792173689
367.32112078261537
658.1211207826203
77.32112078261594
-1333.8788792173507
-330.67887921739714
331.3211207826231
-1005.8788792173788
447.72112078262114
865.5211207826209
-763.6788792173694
1885.52112078264
2001.9211207826522
-283.47887921739095
-397.07887921738353
303.12112078262726
-809.4788792173773
1183.921120782643
-1.8788792173782731
-655.0788792173823
-1037.8788792173686
675.7211207825994
1840.3211207826162
2637.5211207826223
116.32112078262794
1120.3211207826362
1413.9211207826188
-931.4788792173755
-537.2788792173722
-1102.0788792173832
517.7211207826194
889.721120782613
73.32112078261969
-663.0788792173703
-228.2788792173738
-1721.078879217346
-1590.6788792173527
-1019.4788792173571
401.52112078261973
297.52112078262
573.5211207826226
-64.87887921738316
-974.8788792173709
927.1211207826176
1948.921120782594
691.9211207826171
-1197.4788792173795
-61.27887921737791
-293.8788792173768
493.3211207826138
-681.0788792173629
1257.721120782619
318.7211207826277
606.9211207826174
-126.47887921738182
571.7211207826115
-928.0788792173672
174.52112078262564
1499.5211207826253
2478.7211207826194
993.3211207826051
-233.07887921737836
-1843.078879217365
-188.2788792173718
2375.5211207826437
770.521120782593
1188.721120782619
-88.27887921737216
-293.2788792173741
-519.0788792173764
-367.07887921739274
330.1211207826174
-828.4788792173886
619.9211207826282
-270.87887921738553
280.1211207826175
307.9211207826259
668.121120782629
387.7211207826261
-118.47887921737671
1644.3211207826569
2090.9211207826133
344.92112078261704
1677.3211207826355
1778.1211207826184
552.1211207826119
-947.47887921738
-740.0788792173769
-85.07887921737554
303.3211207826161
-994.8788792173755
-107.67887921737476
-433.27887921737835
274.5211207826441
56.7211207826235
-67.67887921737787
-904.2788792173648
710.9211207826299
2112.721120782631
-1251.2788792173474
-2483.2788792173915
-3448.6788792173943
-2110.478879217351
-928.0788792173806
-828.6788792173705
-0.4788792173834402
138.1211207826218
-201.47887921738257
416.9211207826406
1718.3211207826316
1143.7211207825844
1966.3211207826416
285.92112078261886
-934.0788792173752
-994.0788792173898
826.9211207826374
228.52112078262584
1044.721120782625
10.72112078262202
1432.5211207826267
675.1211207826476
-960.6788792173791
-386.0788792173759
1135.121120782606
533.5211207826247
-726.2788792173723
-789.4788792173828
-439.4788792173774
-1467.478879217406
-2198.4788792174168
535.5211207826285
-762.0788792173697
9.921120782625696
-1471.2788792173912
629.5211207826195
713.3211207826182
-2220.478879217399
-503.2788792173768
-1738.2788792173837
507.3211207826203
965.1211207826346
-482.8788792173856
-664.0788792173727
71.72112078261955
1248.3211207826355
1142.1211207826211
1472.5211207826396
222.72112078262052
-1049.0788792173971
-674.2788792173839
-2837.6788792173697
-1215.2788792174233
1120.3211207826282
975.9211207826673
2081.921120782599
2231.721120782597
-1745.6788792173518
-2611.6788792173984
234.7211207826326
101.1211207826248
-55.27887921737422
289.9211207826189
-1195.6788792174036
-1101.0788792173887
176.72112078263373
-13.278879217377783
-1219.078879217378
-780.6788792173811
-1440.0788792173912
-1023.8788792173809
-1054.078879217379
-507.87887921737797
-225.67887921737807
408.72112078260733
847.3211207826006
-233.8788792173716
2287.121120782661
886.7211207826226
2117.9211207826156
1323.9211207826154
-1760.8788792173614
-1889.0788792173262
-875.6788792173797
-1471.87887921742
791.1211207826183
814.1211207826213
701.1211207826079
1595.1211207826732
-57.078879217376524
920.321120782606
1299.5211207826267
1056.5211207826346
1664.5211207826403
1146.1211207826343
798.3211207826132
-409.478879217373
209.1211207826183
1204.121120782597
292.3211207826187
-172.47887921737708
1880.9211207826193
1347.7211207826135
879.7211207826223
83.12112078262601
359.12112078261816
-326.67887921738713
851.1211207825703
1080.7211207826133
2864.721120782661
1159.321120782622
1373.9211207825895
474.12112078263397
-664.6788792173787
-1272.0788792174067
-451.6788792173671
44.12112078263095
1349.7211207825965
121.32112078262296
-625.878879217371
2520.321120782611
774.521120782605
1439.9211207826386
1961.9211207826615
1232.3211207825998
-381.07887921737324
-214.47887921737362
-578.4788792173798
-538.4788792173815
-504.87887921738223
1327.521120782621
1295.3211207826198
302.12112078261845
-156.67887921738895
-1530.2788792174115
31.92112078262427
-1325.6788792173706
-532.2788792173732
1219.5211207826103
-741.6788792173796
-237.47887921738177
-747.278879217375
-638.8788792173924
437.9211207826185
-1223.6788792173654
-743.8788792173551
-2109.478879217351
-3345.678879217346
-2850.278879217381
-118.2788792173771
1161.7211207826106
-849.2788792173865
271.52112078261837
-411.0788792173798
-1119.678879217379
998.521120782611
-70.07887921737495
-75.67887921738276
11.721120782613653
392.1211207826296
-141.07887921737634
-954.2788792173748
-699.0788792173717
1289.9211207826236
411.92112078262153
-2156.8788792174146
-745.0788792173785
524.1211207826211
177.32112078261733
-60.878879217362524
1946.5211207826112
-138.27887921738193
1192.1211207826132
787.9211207826428
-262.67887921737815
-487.07887921737216
-1566.0788792174021
-805.8788792173488
-2461.278879217398
-2791.678879217366
-1518.0788792173912
356.12112078261697
827.9211207826103
793.5211207826175
385.9211207826196
106.72112078262029
-1398.878879217404
938.5211207826106
-29.07887921737801
387.32112078262685
927.5211207826328
-254.6788792173797
-173.4788792173663
928.3211207826258
-864.6788792173763
115.72112078261617
136.1211207826178
-53.278879217378446
1069.721120782597
-175.4788792173781
-620.678879217378
1396.7211207826233
154.12112078262427
-265.2788792173757
117.52112078262523
2328.9211207826443
-596.8788792173746
-340.4788792173807
-1322.478879217392
-2107.878879217331
-3815.078879217276
-875.0788792173815
-717.8788792173679
520.9211207826219
833.7211207826309
150.32112078262628
1101.3211207826141
1595.1211207826227
420.7211207826244
913.3211207826143
-747.4788792173758
613.9211207825988
1397.9211207826281
1606.9211207826047
-127.87887921736827
1388.721120782629
-359.2788792173784
-812.0788792173647
844.9211207826227
1016.3211207826175
1417.5211207826085
1198.721120782587
594.7211207826213
481.52112078260484
-308.4788792173796
948.1211207826049
-626.2788792173749
820.7211207826131
603.9211207826186
1109.7211207826224
-44.87887921737719
-183.27887921738588
-1576.8788792173377
-1000.2788792174111
-1399.078879217385
1121.321120782623
146.32112078262548
-398.8788792173807
1497.521120782612
979.5211207825987
-893.6788792173879
66.32112078262512
105.32112078262507
1186.321120782636
-416.2788792173771
986.3211207826427
856.9211207826014
425.32112078261264
-1599.0788792173976
-988.8788792173608
588.5211207826252
1688.3211207825825
232.92112078263253
741.5211207826286
22.12112078262559
-1500.6788792173886
-1290.2788792173785
-1132.2788792173717
-1424.0788792173698
54.92112078262041
1172.5211207826205
372.9211207826216
-1681.2788792173715
-1323.8788792173673
-699.4788792173716
-2033.6788792174234
-1001.0788792173773
502.32112078262395
-354.0788792173797
1228.1211207826054
-877.2788792173842
-913.8788792173755
-1548.6788792173868
-476.8788792173877
1156.5211207826267
546.5211207825978
973.1211207826261
1267.9211207826163
642.7211207826074
435.1211207826315
-507.0788792173813
190.1211207826216
-1299.4788792173622
940.5211207826217
-397.8788792173746
-2497.878879217379
-290.8788792173777
-475.4788792173754
1219.9211207825952
1017.321120782609
569.5211207826253
1314.321120782627
196.52112078262013
-157.87887921737666
-110.87887921738418
-1110.0788792174217
-1102.6788792173927
-1666.8788792173805
-1686.2788792173621
-1735.0788792173735
-513.0788792173685
513.5211207826395
-604.4788792173848
570.5211207826231
-81.47887921737365
-1107.6788792173695
-41.67887921738224
-82.67887921736282
1528.321120782631
573.7211207826215
-195.47887921737447
883.7211207826255
1607.3211207825839
2249.921120782638
-294.2788792173848
899.3211207826283
1108.3211207826146
-216.47887921736927
632.3211207826067
-821.4788792173678
1236.5211207826299
-217.07887921737807
166.12112078262243
1094.921120782632
-968.6788792173968
-402.87887921737126
800.1211207826157
-245.27887921737835
-690.278879217382
-903.6788792173714
-534.8788792173738
-1142.6788792173668
-814.6788792173729
-609.6788792173779
136.32112078262182
505.12112078262345
-412.07887921738575
-1220.678879217388
-336.67887921737486
372.5211207826272
414.32112078262173
-1215.8788792173777
-1543.0788792173573
412.1211207826312
929.3211207826348
1473.7211207826242
1038.321120782623
1779.3211207826432
145.52112078261862
918.921120782624
789.9211207826338
-1387.0788792173948
500.3211207826325
-541.6788792173772
-1124.2788792173858
-962.6788792174004
-454.07887921739416
2022.9211207826256
141.3211207826244
-1924.678879217367
-1823.4788792173779
