-535.2428754290471
69.55712457095682
-720.442875429077
590.9571245709406
742.9571245709457
-719.0428754290581
-305.4428754290645
630.7571245709324
562.1571245709264
-576.2428754290604
801.7571245709406
1171.3571245709136
-197.64287542906047
-724.2428754290708
-742.4428754290583
-1588.042875429048
-1728.0428754290795
-2253.6428754290473
-350.84287542907094
-1467.6428754290816
-551.2428754290611
1946.1571245709072
2016.357124570909
646.9571245709384
-1294.8428754290796
-32.842875429067774
-904.6428754290616
1016.1571245709447
1503.1571245709385
1259.3571245709397
1553.1571245709365
1072.3571245709404
-1462.242875429054
-433.8428754290717
-1348.8428754290949
-1030.44287542905
-782.642875429058
-139.64287542906052
6.357124570939856
493.75712457093954
554.1571245709175
187.3571245709452
-1469.0428754290772
338.75712457094716
824.5571245709343
1666.1571245709274
-74.04287542906094
-563.0428754290637
996.5571245709434
485.95712457094595
219.7571245709454
-24.842875429055507
887.9571245709424
2680.357124570847
-15.6428754290591
-1088.4428754290632
-1515.4428754290666
75.95712457093789
-71.24287542906406
2221.7571245709255
1833.357124570926
-564.8428754290588
1155.55712457093
895.757124570941
730.3571245709334
-2009.442875429068
-993.4428754290801
-1038.4428754290343
-1668.0428754290651
1404.9571245709787
1132.5571245709414
-1036.2428754290513
65.15712457094055
652.7571245709499
-211.64287542906465
1077.9571245709255
-743.4428754290786
1447.5571245709375
1163.9571245709355
1553.3571245709356
1255.3571245709404
-1590.442875429023
270.7571245709377
101.35712457093678
1314.1571245709397
898.1571245709191
-2299.842875429043
-489.442875429069
-1020.4428754290454
-666.2428754290481
-1425.8428754290842
259.75712457094306
-135.842875429059
-1337.4428754290807
-387.6428754290604
-765.6428754290635
-217.04287542906204
1018.3571245709242
-13.84287542905715
958.3571245709359
524.3571245709555
908.957124570917
1283.7571245709407
-761.8428754290634
-937.4428754290634
34.95712457093986
-534.8428754290867
-467.64287542905976
-1343.04287542909
688.9571245709462
1262.3571245709263
2208.357124570955
838.757124570948
-1283.0428754290526
-290.2428754290599
114.75712457094487
1576.5571245709432
583.9571245709363
-1717.642875429095
-1547.0428754290085
-698.4428754290918
-278.04287542905877
-19.842875429054537
267.5571245709403
-1538.8428754290733
-332.2428754290662
328.95712457093543
-1233.8428754290796
-601.6428754290613
1823.5571245708893
-226.84287542905687
-970.0428754290725
1246.3571245709502
39.75712457093637
233.75712457094426
-144.04287542905865
-56.2428754290533
102.15712457093657
1921.5571245709366
500.75712457093033
-119.24287542905952
2329.957124570956
1028.7571245709526
435.75712457093624
1580.1571245709083
788.3571245709355
-430.8428754290629
360.35712457093405
1455.5571245709589
704.5571245709464
324.9571245709323
572.9571245709384
437.7571245709434
-67.64287542905691
2381.157124570924
-719.0428754290663
-2588.2428754290927
1074.5571245709389
1505.5571245709373
837.3571245709446
174.55712457093694
-1304.4428754290616
-2628.6428754290346
-3291.442875429086
883.1571245709403
-338.24287542905927
-892.242875429057
1166.5571245709548
-316.24287542905955
-525.842875429055
813.9571245709232
528.1571245709465
-1977.0428754290817
-361.84287542905906
1655.7571245709012
1214.7571245709075
1477.9571245709492
1541.157124570916
-1075.0428754290674
-1391.8428754290358
18.557124570943298
1042.3571245709268
955.5571245709434
-656.2428754290506
381.55712457093
159.15712457094216
942.15712457093
-173.6428754290583
-1408.0428754290133
-732.0428754290599
328.35712457092194
1016.7571245709303
827.3571245709303
228.35712457094047
436.7571245709466
-187.842875429067
272.55712457094637
-892.842875429072
-1323.8428754290708
433.5571245709436
-740.2428754290709
-755.042875429053
453.5571245709461
180.55712457094316
691.3571245709463
799.5571245709345
-631.042875429058
1114.157124570908
174.15712457093372
919.1571245709716
1317.357124570912
-304.44287542905334
933.1571245709367
1172.5571245709652
-144.04287542905024
-304.2428754290582
293.7571245709418
443.157124570937
-661.842875429072
211.357124570939
-886.6428754290561
-153.0428754290636
-419.04287542906087
-122.24287542906295
335.9571245709391
-536.0428754290617
-627.2428754290622
484.3571245709429
-588.042875429066
-1517.242875429099
806.7571245709316
557.3571245709402
-2476.6428754290464
-829.2428754290811
1294.7571245709366
1864.357124570925
1747.9571245709612
994.157124570973
-21.04287542904784
-18.642875429054587
255.7571245709417
1128.1571245709442
751.9571245709635
-1428.6428754290603
297.35712457095605
995.757124570912
-43.64287542905609
1789.5571245709439
-1388.442875429063
199.15712457094332
-277.44287542904806
1734.5571245709423
-422.84287542905037
916.7571245709169
-280.64287542905936
-2129.0428754290992
976.5571245709383
-218.642875429058
-531.8428754290755
1502.5571245709364
-1244.2428754290472
-1389.8428754290633
1595.757124570907
870.5571245709633
343.3571245709408
-486.8428754290618
-610.8428754290541
2307.357124570968
-261.0428754290694
-323.64287542906277
576.7571245709403
344.95712457095016
862.1571245709212
1096.1571245709533
1383.7571245709216
1053.9571245709378
-1006.8428754290762
1343.7571245709391
1324.3571245709716
1253.157124570945
-257.0428754290552
351.95712457093856
312.3571245709457
1325.3571245709495
505.9571245709426
821.9571245709199
119.7571245709344
-1417.4428754290766
160.15712457094114
1348.3571245709225
1454.3571245709327
1596.557124570928
-539.042875429072
-176.44287542905607
5.357124570939529
-100.24287542906477
901.5571245709267
355.7571245709603
-248.64287542905973
1244.5571245709646
356.9571245709458
1957.757124570904
1161.9571245709353
-162.4428754290631
41.95712457093729
1070.957124570945
917.5571245709532
637.3571245709294
-1764.6428754290755
1049.1571245709313
2506.1571245709715
1812.5571245709627
341.7571245709353
1956.9571245709806
1350.5571245709457
449.55712457093233
-151.64287542906538
-1216.242875429086
-378.6428754290555
-694.6428754290704
-1639.6428754290857
-4.042875429054449
840.1571245709342
509.35712457094223
701.9571245709392
650.1571245709343
1116.9571245709672
956.5571245709369
-1289.8428754290671
184.3571245709491
1527.3571245708606
158.35712457094445
1759.5571245709525
1249.7571245709448
-1124.2428754290868
1048.7571245709719
439.55712457094313
32.55712457094319
-1040.242875429024
869.7571245709214
-140.44287542905676
756.1571245709312
69.55712457094351
1209.7571245709353
445.7571245709436
1376.3571245709397
958.3571245709403
-82.84287542906564
758.9571245709548
-1142.442875429058
-21.642875429058556
718.3571245709469
-222.8428754290577
-1222.44287542907
248.95712457093757
-539.0428754290539
325.35712457093683
288.3571245709353
-74.64287542905724
-353.0428754290612
-464.2428754290759
13.757124570936213
24.157124570936112
-463.4428754290588
1638.757124570942
1740.957124570931
-847.0428754290778
1424.5571245709443
1394.5571245709443
971.1571245709405
-754.8428754290461
2035.3571245709152
865.9571245709327
1906.5571245709048
406.75712457093596
1283.9571245709417
1107.5571245709455
-224.44287542903814
-357.4428754290759
373.7571245709396
215.557124570948
-533.0428754290671
-536.2428754290505
-2115.0428754290665
-2062.8428754290494
-368.4428754290628
1157.157124570943
224.5571245709441
1322.9571245709337
-630.042875429052
1338.557124570932
1564.1571245709238
1540.5571245709496
-9.042875429064278
-1753.4428754290805
297.5571245709406
1022.357124570902
431.9571245709216
-1005.8428754290475
-353.2428754290462
-10.842875429043804
524.9571245709466
70.95712457093711
-466.84287542906185
1624.3571245708958
1977.157124570964
370.7571245709567
732.157124570966
243.3571245709351
-54.04287542906318
625.7571245709466
-185.64287542906123
-483.6428754290553
-303.64287542906254
479.3571245709433
-1448.0428754291077
494.5571245709445
1359.157124570907
1991.1571245709174
-671.6428754290818
907.7571245709355
-966.042875429053
530.157124570937
-2.8428754290523734
-237.4428754290604
-1577.8428754290853
-1063.442875429027
433.55712457093995
-128.64287542906024
-1860.042875429044
1849.1571245709686
815.7571245709315
-1003.8428754290508
-876.4428754290408
-1059.842875429113
-767.0428754291049
3567.357124570959
1343.55712457095
-1047.042875429043
789.3571245709363
1.5571245709385835
520.5571245709345
1766.1571245709374
-683.0428754290522
356.75712457094266
1813.1571245709292
561.757124570931
-1435.2428754290977
108.55712457094494
-358.2428754290696
555.9571245709485
-770.4428754290717
667.1571245709396
58.15712457094304
1942.7571245709164
28.757124570949607
-987.2428754290765
-2105.4428754290357
-133.8428754290528
2068.7571245709587
-351.6428754290503
-960.4428754290233
1526.3571245709256
313.1571245709374
358.15712457093434
-637.8428754290514
-837.0428754290681
-681.0428754290574
1222.5571245709727
1204.1571245709392
-464.04287542905513
1598.7571245709569
-902.6428754290356
-321.6428754290594
1010.357124570941
466.9571245709391
909.9571245709278
-48.84287542906466
-890.2428754290765
305.9571245709474
-95.64287542906234
94.5571245709393
2087.5571245709357
-410.4428754290778
-1231.0428754290729
-764.0428754290555
-537.0428754290693
-1150.442875429037
611.3571245709492
290.7571245709328
465.1571245709388
-870.642875429051
-1530.8428754290794
-608.6428754290415
1018.7571245709389
66.15712457094028
1221.9571245709533
-1732.6428754290712
-1957.6428754290966
-91.84287542906412
-1309.0428754290633
-1296.6428754290841
-86.44287542905923
335.35712457094485
590.5571245709476
122.35712457093763
-978.4428754290813
20.15712457094886
495.55712457093637
7.757124570943233
-2761.242875429015
208.95712457094524
1251.157124570911
835.3571245709481
943.5571245709367
-3024.8428754290057
-492.04287542906724
-283.04287542907485
-1019.0428754290629
-696.6428754290578
1878.7571245709153
1198.357124570938
372.15712457094946
1256.15712457095
-202.04287542906178
-509.4428754290611
985.7571245709405
-1632.042875429049
-671.0428754290539
-2735.6428754290737
-1614.4428754290311
187.9571245709402
-1015.242875429036
-1516.0428754290594
269.157124570946
-240.84287542904733
-484.2428754290752
485.95712457094305
-1113.4428754290618
87.35712457095207
145.55712457093756
1249.1571245709172
-1837.6428754290691
409.357124570942
2402.9571245709626
1941.1571245709322
2284.7571245709664
-1320.0428754290842
-1013.2428754290756
-1771.8428754290526
839.7571245709382
1156.757124570945
-376.04287542905973
1341.1571245709438
153.9571245709426
-716.4428754290592
-736.84287542906
936.7571245709603
1773.9571245709612
-1237.4428754290666
-582.0428754290574
-2013.0428754290745
-479.4428754290894
-518.042875429068
-662.0428754290664
-462.2428754290757
603.3571245709667
939.3571245709447
-664.842875429083
1780.1571245709372
-401.4428754290631
-495.4428754290656
-1360.642875429075
386.35712457093183
-2176.0428754290942
-355.2428754290814
1331.957124570929
-586.2428754290775
-1059.2428754290463
-1860.8428754291099
-988.842875429076
682.7571245709399
1069.357124570954
202.7571245709313
-2756.842875429063
-239.64287542905905
262.1571245709362
442.957124570935
672.7571245709439
-593.2428754290639
610.9571245709398
-58.04287542905946
519.7571245709327
-2495.8428754291135
-1023.0428754290334
1581.157124570953
37.95712457093302
-1993.6428754290823
-86.24287542906299
589.3571245709403
-791.8428754290687
311.35712457093956
-1200.8428754290617
-130.4428754290715
-901.2428754290795
-662.8428754290501
-2019.4428754290636
-1302.4428754290543
1171.9571245709508
-1394.4428754290336
-427.0428754290531
-722.4428754290616
-1253.84287542905
-435.4428754290565
276.1571245709419
-211.24287542906092
1110.7571245709566
-607.6428754290573
-1118.8428754290585
353.5571245709467
1720.5571245709589
-456.04287542905996
1332.1571245709101
-614.2428754290594
-2048.4428754290275
-2020.2428754290636
256.1571245709385
-183.2428754290573
-349.6428754290704
1083.557124570961
-473.2428754290607
626.5571245709325
517.1571245709488
1428.95712457093
128.7571245709345
-356.4428754290615
600.3571245709322
-262.2428754290593
443.55712457093085
97.95712457093516
463.357124570936
368.9571245709368
2315.3571245709472
939.7571245709296
-996.8428754290554
-419.2428754290671
-489.2428754290703
-227.84287542906486
442.1571245709575
-1004.4428754290728
-989.4428754290464
880.7571245709436
-190.64287542906044
-847.4428754290477
1554.1571245709456
-1205.2428754290409
-1418.0428754290506
1355.7571245709366
1255.157124570931
660.5571245709427
779.7571245709436
3574.3571245709945
1657.1571245708765
2580.7571245708655
596.5571245709351
-1307.0428754290738
294.1571245709397
345.157124570935
-516.2428754290485
-851.0428754290808
-12.842875429054645
133.95712457095314
-743.04287542908
937.1571245709349
1727.3571245708997
148.55712457093605
-1186.642875429066
-997.4428754290615
-26.242875429060668
-1141.8428754290655
-484.84287542905895
-1697.842875429052
-773.0428754290341
324.3571245709302
-78.64287542905511
431.55712457093324
45.15712457094806
-691.0428754290948
-1302.4428754290666
359.757124570942
543.1571245709378
717.3571245709545
-20.84287542906783
18.557124570938242
449.75712457094795
414.75712457094505
-1607.2428754290472
-591.6428754290586
-839.8428754290711
-653.0428754290405
-817.2428754290659
-1797.642875429016
693.7571245709496
-83.64287542906796
-996.2428754290839
-1082.84287542906
1240.757124570935
583.3571245709282
1126.3571245709247
-560.6428754290746
373.5571245709382
-20.842875429060427
913.1571245709084
415.5571245709399
1031.7571245709419
-1272.6428754290346
1526.157124570906
1324.1571245709529
256.35712457093985
632.7571245709349
-917.042875429071
340.9571245709339
2444.3571245709522
854.5571245709444
-348.8428754290637
-792.6428754290524
-616.0428754290526
-291.24287542906814
-271.24287542905546
1715.9571245709237
426.95712457094913
-189.24287542905512
923.3571245709503
-1826.042875429079
659.7571245709205
158.95712457093578
-1744.0428754290826
-1925.242875429029
-613.4428754290561
-980.8428754290536
-224.6428754290675
-958.8428754290666
206.35712457094056
567.3571245709393
587.5571245709366
156.55712457094424
1032.7571245709505
361.55712457094427
596.7571245709294
122.55712457094748
292.55712457092426
1134.5571245709236
47.75712457094346
423.7571245709384
790.9571245709444
927.7571245709375
-1046.242875429056
1708.9571245708978
-1372.642875429071
-571.842875429062
1542.7571245709607
1615.5571245709282
921.7571245709512
-494.44287542904704
1548.157124570945
-410.24287542905233
1209.5571245709366
441.5571245709475
-1449.4428754291023
-565.8428754290503
-1724.4428754290616
-1609.242875429027
-396.6428754290609
654.957124570938
690.5571245709342
-1463.6428754290737
394.15712457094344
-1142.0428754290656
498.957124570933
1929.1571245709026
-437.24287542906205
950.3571245709227
814.9571245709432
2292.95712457091
1331.3571245709238
518.3571245709377
-1729.0428754290454
363.9571245709543
-1679.6428754290673
448.95712457093373
-382.0428754290653
-427.64287542905134
-1071.8428754291015
-554.2428754290637
1678.3571245709472
-1033.8428754290549
-677.0428754290632
-2410.842875429056
-1379.842875429051
-2080.44287542914
-1099.8428754290578
-233.04287542908742
-1728.0428754291047
-1371.2428754290968
2259.357124570964
473.7571245709427
-646.042875429075
289.5571245709375
-724.0428754290565
-1165.4428754290561
-242.84287542905818
-1074.842875429055
-1785.442875429082
234.35712457094843
581.3571245709468
647.957124570947
457.5571245709404
1559.7571245709328
-489.84287542906185
-541.0428754290556
-2604.242875429095
-1080.642875429056
-180.64287542905814
16.157124570923923
194.35712457094073
13.557124570931478
20.757124570937435
-341.8428754290531
2213.5571245709903
1769.9571245709292
121.95712457094386
-1514.4428754291014
-1903.8428754290635
-1622.2428754290522
-1725.8428754290926
-202.24287542906342
362.7571245709349
893.3571245709278
-32.44287542905754
-318.8428754290616
516.3571245709453
608.7571245709441
1459.357124570911
-485.6428754290652
1216.5571245709402
1467.1571245709447
1926.1571245709858
934.7571245709252
52.75712457093933
1291.9571245709494
499.55712457094194
224.35712457095192
353.95712457094794
1061.9571245709596
88.3571245709417
-544.4428754290644
1910.5571245709514
-566.6428754290619
-1101.2428754290702
194.15712457094028
146.55712457094714
-64.64287542905987
-162.44287542906204
-1419.0428754290892
27.357124570937682
-801.0428754290381
-1438.6428754290494
-304.8428754290613
735.3571245709504
1649.7571245709253
897.1571245709304
-956.8428754290804
-711.6428754290579
155.3571245709378
1614.157124570967
1852.7571245709184
1756.7571245709303
1791.9571245708744
2955.357124570904
214.95712457093197
-380.24287542907246
496.95712457094214
-180.24287542906066
-26.04287542905671
-788.0428754290554
1128.157124570936
500.1571245709496
-686.0428754290532
1399.15712457096
298.5571245709409
623.157124570937
1454.957124570942
1553.7571245709553
781.3571245708955
754.5571245709353
9.957124570942256
-1077.4428754290857
-1093.4428754290375
-538.4428754291021
255.55712457093827
1116.1571245709126
1807.3571245709172
1819.3571245709086
327.1571245709401
-274.0428754290597
321.5571245709442
1492.5571245709343
439.5571245709419
-70.0428754290609
1523.3571245709516
757.3571245709463
827.9571245709216
89.35712457094748
1326.7571245709146
-164.64287542906354
-404.2428754290589
-1001.8428754290514
809.3571245709276
45.35712457093278
201.75712457093982
1043.1571245709133
513.3571245709397
-181.44287542906056
617.9571245709319
658.5571245709201
167.15712457091124
450.3571245709067
922.9571245709476
-933.2428754290876
-1509.8428754290223
-1481.042875429061
50.15712457096126
695.7571245709354
-220.04287542905652
174.95712457094422
938.5571245709314
70.55712457091295
713.5571245709248
39.95712457094231
-873.242875429071
-553.4428754290697
-511.8428754290593
612.1571245709466
2547.1571245709947
1961.557124570935
2200.7571245709314
1302.1571245709401
695.157124570954
187.75712457094124
258.3571245709381
1016.1571245709353
-775.4428754290496
-1209.0428754290688
-385.0428754290548
1321.7571245709184
1116.3571245709231
-1149.0428754290806
-483.8428754290641
795.7571245709355
-1255.6428754290873
-1484.6428754290737
-530.8428754290835
-1217.2428754291109
-666.642875429068
-503.84287542906816
22.957124570940373
-808.2428754290643
1186.5571245709282
1529.9571245709058
1977.7571245709396
933.5571245709469
1207.7571245709664
2005.757124570861
343.957124570937
828.7571245709387
1163.1571245709667
976.9571245709159
-14.442875429067932
-434.8428754290689
-958.042875429067
59.957124570930176
1612.3571245708847
1488.7571245709244
-408.0428754290674
285.3571245709353
-104.64287542906118
774.1571245709371
1428.3571245709027
-265.2428754290667
-375.442875429063
1248.3571245709356
-880.0428754290795
-116.4428754290591
-1638.8428754291187
976.3571245709261
1052.957124570917
-853.0428754290715
-720.0428754290573
-1478.2428754290875
632.9571245709527
1328.5571245709286
762.3571245709356
-828.0428754290698
-1422.2428754290675
-498.642875429061
-1023.442875429083
-892.4428754290677
-2007.2428754290406
-1231.0428754290706
-1070.0428754290806
-1839.842875429053
-2091.0428754290538
-189.44287542905846
-315.242875429069
575.3571245709437
738.7571245709375
-115.84287542905732
110.75712457094211
-1469.242875429051
-461.64287542906584
-625.2428754290651
-1453.6428754290712
-1461.242875429053
-1231.2428754290795
1301.5571245708782
840.15712457091
-105.24287542905908
1423.3571245709238
2498.557124570939
1229.7571245709291
60.15712457093672
-208.6428754290551
260.95712457093623
-1346.2428754290586
-622.2428754290619
1.5571245709326291
-597.2428754290567
-1607.2428754291013
-396.6428754290459
-989.242875429052
-126.04287542906252
-973.2428754290723
-78.04287542906165
-1807.0428754290695
-2080.2428754290713
-119.24287542906475
198.15712457093818
459.35712457094616
127.35712457095822
802.357124570956
-2452.642875429098
-2022.8428754290564
-1624.6428754290653
441.7571245709374
1910.3571245709352
195.15712457093534
-2255.6428754289923
754.7571245709336
-450.24287542906586
-422.24287542906814
386.15712457093827
1156.3571245709165
48.15712457094335
263.35712457093587
932.7571245709177
-235.84287542906247
-1799.4428754290768
389.75712457092186
530.9571245709227
-90.24287542906552
-1708.0428754290733
-1357.2428754290308
1316.5571245709257
1127.1571245709351
884.5571245709223
-224.8428754290589
-231.44287542906258
1680.9571245708844
-272.8428754290565
-187.24287542905574
812.9571245709379
1487.7571245709603
-1345.6428754290757
-99.84287542906121
400.3571245709408
-480.44287542906164
1575.557124570959
175.9571245709363
648.7571245709362
-137.24287542906367
590.5571245709347
-218.44287542905775
-981.2428754290767
1893.9571245709508
1300.7571245709232
-972.0428754290522
-32.442875429059185
-26.842875429060683
-431.8428754290607
1648.3571245709513
-280.842875429069
-624.2428754290729
-1822.2428754290613
-161.44287542908233
477.5571245709358
-1272.2428754290756
837.5571245709533
-637.0428754290505
79.15712457093198
944.357124570931
-1390.0428754290697
547.1571245709425
719.7571245709318
612.9571245709348
-1475.0428754290851
-19.442875429060337
593.1571245709309
-54.842875429063454
119.35712457093928
-706.442875429059
1567.957124570917
2083.7571245709028
706.3571245709535
577.3571245709601
190.55712457094438
421.95712457093236
959.3571245709046
-1401.8428754290771
-1584.4428754290807
-106.8428754290741
-654.2428754290839
430.7571245709405
-261.2428754290592
-650.8428754290752
-1360.8428754290396
-639.0428754290683
-1510.0428754290497
-1640.0428754290535
422.75712457094033
-614.6428754290816
542.5571245709442
532.157124570946
-38.24287542906023
-396.24287542906666
-192.84287542905517
310.55712457094444
548.1571245709189
1391.7571245709426
410.35712457094235
1348.1571245709097
1424.9571245709
-533.6428754290502
1567.5571245709339
2020.1571245709265
440.3571245709298
-1177.842875429063
470.5571245709343
-679.0428754290652
-563.6428754290486
-1652.242875429067
-938.2428754290735
557.7571245709466
1862.3571245709045
931.9571245709285
552.9571245709463
947.7571245709413
-1436.4428754290893
-2495.2428754290636
-1417.042875429062
-386.24287542906757
239.35712457093828
65.75712457094093
556.7571245709347
-636.4428754290622
363.55712457093654
478.55712457093
-527.8428754290627
-535.2428754290676
2301.357124570953
-240.6428754290646
-1564.4428754290605
1955.1571245709308
1303.357124570957
442.35712457094127
623.3571245709388
-935.2428754290637
-1627.2428754290881
-2421.2428754290604
725.5571245709367
197.95712457093418
-654.4428754290881
25.7571245709402
-1056.2428754290474
-361.44287542905687
152.95712457094828
-442.4428754290707
-2748.4428754291375
-1352.0428754290836
125.55712457094606
-457.84287542906367
-424.24287542906575
-90.44287542906127
-1086.6428754290757
-1589.4428754290966
-408.44287542905727
224.557124570946
969.5571245709446
-1038.8428754290392
-629.4428754290595
-592.442875429069
334.55712457093966
-516.4428754290619
-446.4428754290487
389.35712457094724
-48.04287542905729
814.1571245709401
1092.7571245709257
-2.4428754290516714
976.7571245709396
522.9571245709393
337.35712457093354
354.35712457094127
-300.4428754290624
-509.4428754290664
-1608.2428754290495
-1028.6428754290673
-1060.442875429065
-1326.0428754290697
-424.8428754290627
243.15712457094156
-1558.8428754290717
-136.24287542906208
-937.2428754290391
-1013.8428754290726
869.95712457093
492.7571245709385
1293.1571245709265
888.1571245709368
147.75712457094616
-454.64287542906567
131.35712457092987
310.9571245709496
-1116.0428754290715
-101.0428754290586
25.157124570942287
1025.957124570934
429.5571245709397
1126.5571245709316
962.757124570942
-553.2428754290751
-270.6428754290646
672.5571245709293
-32.44287542906216
-646.8428754290625
1381.9571245708782
-92.44287542906126
-2617.0428754290565
-810.2428754290572
-472.04287542907
-267.0428754290539
-273.8428754290573
204.3571245709428
523.9571245709548
-74.2428754290619
-643.8428754290662
-850.0428754290458
-688.8428754290604
-644.642875429063
903.557124570952
363.95712457094373
-578.2428754290738
894.9571245709469
-1538.042875429071
-670.2428754290708
-2069.0428754290683
519.7571245709452
-906.242875429081
1280.3571245709134
1088.75712457093
-132.4428754290701
2185.757124570924
-585.0428754290598
-1106.2428754290386
1823.757124570883
-202.84287542906497
-789.2428754290721
1623.5571245708975
28.557124570943298
-179.842875429069
-646.8428754290694
-1772.44287542907
659.7571245709465
-2436.242875429048
-1445.6428754290748
2123.3571245709086
1530.5571245709482
227.75712457094681
-1175.2428754290495
-517.0428754290627
830.7571245709319
-708.8428754290679
144.15712457095364
50.957124570946235
-422.0428754290702
-1121.8428754290635
-1417.0428754290476
-2443.2428754290727
-679.8428754290608
39.75712457093682
1400.1571245709247
1201.9571245709258
-210.0428754290582
1296.7571245708589
131.1571245709316
-192.8428754290648
1270.3571245709327
257.15712457094276
401.5571245709438
256.55712457094336
-908.2428754290474
1143.5571245709161
676.7571245709462
-479.8428754290648
464.5571245709379
-1902.6428754290787
-20.442875429070348
1410.9571245709712
437.75712457094795
-311.0428754290609
-941.2428754290569
-1184.4428754290702
-133.04287542905655
-1377.6428754290466
451.1571245709521
1119.3571245709536
-741.4428754290392
-443.6428754290616
700.7571245709281
-967.6428754290866
-954.4428754290524
-796.8428754290604
-1305.242875429061
-75.24287542906148
-39.84287542905575
-824.4428754290594
168.95712457093785
49.95712457093512
-42.642875429063686
269.15712457093883
387.1571245709348
891.9571245709437
406.9571245709419
-738.2428754290471
312.15712457093235
1023.9571245709315
-976.8428754290554
-969.2428754290386
-1824.842875429027
-2074.842875429094
542.1571245709491
35.75712457093458
-1363.2428754290597
-2954.4428754290843
-129.8428754290559
-719.6428754290547
-648.2428754290538
-1533.0428754290513
-1919.6428754290787
-1292.442875429053
128.5571245709361
-867.8428754291011
-994.6428754290407
-304.042875429059
-2052.842875429086
-305.44287542905795
2184.357124570914
1579.7571245708994
-38.44287542905765
185.95712457094632
-1198.6428754290685
-884.6428754290645
-518.8428754290649
-1157.642875429055
-1273.4428754290443
-1483.0428754290606
-1369.0428754290704
-328.042875429065
-1624.0428754290829
-188.64287542905743
-516.0428754290643
-1715.442875429057
223.75712457093914
1044.7571245709403
406.1571245709462
-1958.8428754290546
585.9571245709301
-1042.8428754290578
-730.84287542905
-1630.242875429031
-1502.0428754290194
-522.4428754290913
-821.0428754290821
-878.6428754290554
-553.8428754290452
11.157124570948273
-139.24287542906123
160.95712457094317
-243.04287542905843
-136.04287542906394
206.55712457094032
859.157124570911
-714.8428754290622
107.55712457093762
-1342.842875429067
423.15712457094463
192.35712457093888
520.9571245709466
-352.6428754290577
-770.8428754290619
-139.8428754290615
415.15712457092565
-232.44287542905158
-1076.2428754290868
-1397.6428754290596
-584.8428754290561
224.35712457093737
-239.44287542905778
-1701.8428754290735
-255.44287542905883
-505.84287542905304
-980.4428754290856
359.75712457093744
106.35712457093493
-293.04287542907434
542.1571245709404
-803.0428754290726
-668.8428754290505
-48.04287542907036
1172.3571245709252
-588.2428754290802
931.5571245709334
1089.557124570934
1892.7571245710042
-891.6428754290544
386.55712457094785
-1871.6428754290316
-195.64287542906274
-710.8428754290671
-578.642875429066
69.75712457094315
-35.642875429067416
-253.04287542906422
-567.4428754290484
-1788.6428754290346
893.3571245709314
-430.8428754290671
-929.0428754290451
-218.6428754290611
-598.4428754290855
-1840.6428754290991
1635.357124570948
-451.44287542909507
-2058.442875429049
516.3571245709364
-1003.4428754290622
-80.64287542905896
1535.9571245709265
-693.6428754290663
-121.04287542906035
1094.1571245709247
122.75712457094052
-1446.642875429075
-284.2428754290587
-1241.0428754290617
260.95712457094464
-552.2428754290627
628.9571245709261
87.95712457092839
1434.357124570951
-638.6428754290632
-1431.2428754290584
-376.64287542906396
354.9571245709365
1962.5571245709323
633.9571245709433
-434.84287542906344
245.95712457093893
-779.4428754290684
1162.7571245709526
1567.1571245709574
1398.9571245709403
-246.64287542905896
9.157124570951687
944.7571245709482
-825.0428754290627
403.957124570904
-1865.2428754290424
-816.24287542906
1133.7571245709273
1187.1571245709201
1164.55712457093
-260.2428754290618
-1058.8428754290405
768.7571245709416
15.75712457092308
-692.2428754290734
2103.7571245709564
818.5571245709511
-245.6428754290592
237.55712457094208
-910.2428754290656
-1760.6428754290798
53.35712457093787
867.9571245709453
489.95712457093464
-548.4428754290465
733.3571245709368
616.7571245709368
641.5571245709287
281.95712457093765
1947.5571245709257
386.75712457094147
378.95712457095607
1149.5571245709193
-1127.4428754290727
-841.242875429055
-769.8428754290638
-1109.0428754290604
802.1571245709557
527.1571245709368
-1012.0428754290499
856.1571245709418
837.7571245709315
203.95712457093697
-1453.042875429056
1066.1571245709138
735.9571245709253
-1385.442875429061
-100.44287542905889
-1763.8428754290587
873.1571245709347
783.7571245709481
-2384.842875429086
-1219.642875429064
1004.9571245709387
207.95712457093836
-140.24287542906734
1348.157124570931
1171.1571245709367
267.95712457094777
71.95712457094056
-1786.4428754290918
323.7571245709488
-885.4428754290417
551.5571245709416
2287.557124570931
1048.5571245709607
-183.24287542906407
565.1571245709468
-1024.842875429058
-418.2428754290665
828.757124570959
-595.2428754290606
823.357124570954
272.55712457094955
355.95712457092486
-1257.0428754290824
750.7571245709481
683.3571245709404
729.3571245709828
1909.757124570989
-361.2428754290549
503.15712457094855
-503.4428754290564
-54.242875429057165
300.1571245709769
-850.6428754290674
713.7571245709361
383.557124570941
-272.64287542906544
-747.8428754290699
-42.24287542905542
-603.8428754290582
-2582.0428754290124
32.55712457095
-473.6428754290583
1878.5571245709248
1650.3571245709243
952.5571245709366
163.7571245709443
1523.1571245708817
1430.9571245709178
-672.2428754290629
2108.157124570972
717.5571245709376
603.7571245709494
-430.24287542905876
359.95712457093424
-1208.8428754290555
-596.8428754290528
-1098.4428754290518
-515.6428754290572
-451.6428754290629
-369.2428754290532
10.757124570942324
1454.357124570907
798.1571245709284
-140.84287542906924
-1642.2428754290747
536.9571245709291
485.5571245709407
611.9571245709465
345.15712457094105
-1285.0428754290524
-1425.0428754290579
-548.2428754290686
1443.5571245709527
-1385.6428754290932
-223.04287542905593
2232.557124570938
530.7571245709385
-1557.4428754290689
715.7571245709381
1193.1571245709438
-1296.042875429075
255.15712457093895
-128.44287542905997
1000.9571245709288
546.5571245709436
971.5571245709244
346.15712457094673
-154.6428754290621
49.757124570947376
-1876.442875429103
-283.2428754290589
218.35712457095258
-61.44287542905446
753.9571245709583
-323.4428754290651
-457.64287542906027
1819.357124570967
620.3571245709364
73.75712457094664
86.15712457093994
1555.157124570934
-1275.6428754290496
-385.0428754290522
-594.8428754290622
-836.6428754290639
-1411.442875429057
73.75712457094036
-528.2428754290668
-593.0428754290746
88.55712457093742
-1648.442875429072
-380.6428754290596
-1323.0428754290613
754.7571245709405
47.157124570944774
77.7571245709397
1074.5571245709461
1161.7571245709305
2130.9571245709153
1061.7571245708932
114.15712457093454
-185.24287542905665
2139.5571245709725
1699.3571245709095
1334.1571245709392
2217.3571245709245
90.35712457094775
-17.042875429061304
1303.3571245709225
-207.84287542906003
375.157124570943
348.75712457094346
-79.64287542906828
-539.8428754290666
87.75712457094511
-960.6428754290916
-475.842875429056
1157.3571245709452
165.35712457093857
-491.6428754290488
242.75712457093732
1875.557124570963
-791.642875429063
755.7571245709331
-409.64287542906226
-850.6428754290533
1094.5571245709232
1124.157124570927
652.9571245709262
927.7571245709429
538.1571245709459
331.3571245709367
-290.4428754290681
-21.64287542905778
847.3571245709264
-126.44287542906423
165.95712457094507
1425.5571245709275
1538.357124570976
305.1571245709325
1225.5571245709298
-2173.2428754291163
-621.4428754290684
-6.242875429068655
-52.64287542906184
738.1571245709289
-646.0428754290585
-95.44287542907212
-382.44287542904914
145.7571245709396
-1112.2428754290538
-746.2428754291041
206.75712457093098
-265.2428754290626
-16.44287542905522
-17.84287542906779
-2241.4428754290275
-491.8428754290637
90.75712457093542
3.3571245709350785
734.557124570946
-185.64287542904987
413.75712457094636
-56.84287542906122
-153.64287542905817
-1681.8428754290746
506.55712457093756
-197.64287542906123
381.15712457094094
-485.4428754290664
439.9571245709508
206.75712457095088
1227.7571245709537
-1035.2428754290663
-791.4428754290647
-2975.24287542912
617.357124570944
415.35712457094183
-1726.4428754290811
-412.2428754290642
-1278.2428754290572
-28.64287542905741
797.7571245709435
-338.84287542907686
-531.8428754290469
-547.4428754290541
312.1571245709384
-395.24287542906535
-1644.6428754290635
1206.7571245709328
590.7571245709535
-615.6428754290645
1296.5571245709345
-567.8428754290619
610.9571245709634
-103.2428754290579
-1381.4428754290552
-1149.84287542907
318.3571245709356
-395.04287542905047
-699.642875429052
-686.2428754290632
483.95712457095027
-69.2428754290566
-303.2428754290646
-1752.2428754290656
-202.04287542906144
-1188.8428754290637
-1236.242875429058
-992.6428754290929
-2082.642875429083
-1731.8428754290646
-1417.6428754290494
-120.44287542905187
-292.642875429062
351.157124570946
-1090.8428754290314
1146.757124570941
-364.442875429056
-402.2428754290544
87.5571245709376
-24.842875429040816
219.75712457095003
-1702.0428754290847
628.3571245709368
141.75712457093465
2128.1571245709606
1159.7571245709285
-805.8428754290866
874.1571245709391
465.75712457092754
-269.0428754290596
-641.2428754290598
615.1571245709382
1546.7571245709435
-414.4428754290638
1141.7571245709307
-1435.0428754290517
900.3571245709368
1305.7571245709346
-1702.0428754290417
128.55712457093972
-1080.24287542908
-847.0428754290413
-559.8428754290524
-1136.4428754291055
-2911.042875429022
599.1571245709196
-1171.042875429046
94.95712457094751
372.75712457092766
998.3571245709485
-65.44287542905955
-661.4428754290695
1346.1571245709172
-897.8428754290588
-918.642875429054
-2218.2428754290845
463.35712457093786
-168.84287542906316
694.9571245709369
1171.5571245709446
-83.04287542904846
-418.4428754290708
2074.957124570945
99.15712457093578
-372.4428754290789
1543.357124570953
472.3571245709406
-2138.64287542901
-174.64287542906536
-794.6428754290567
-1823.2428754291363
-1241.4428754290705
-1099.242875429068
-879.0428754290448
-331.0428754290511
662.5571245709428
-620.6428754290519
-147.04287542906184
-2638.242875429019
-1899.4428754291005
41.55712457094401
1522.157124570939
2082.957124570913
613.5571245709384
-159.04287542905925
-277.8428754290589
1992.9571245708905
1313.1571245709397
1169.9571245709487
-54.64287542906443
-660.2428754290696
-709.4428754290595
-742.6428754290523
322.35712457095104
-478.0428754290657
-527.4428754290626
-1255.4428754290664
-642.6428754290857
1295.357124570952
-1221.0428754290651
-362.6428754290535
-1070.4428754290639
195.15712457094696
-1323.6428754290914
-725.6428754290664
-27.842875429059976
-49.4428754290672
1623.757124570951
1002.9571245709373
282.1571245709385
60.1571245709482
-224.04287542906138
-397.24287542906205
-505.64287542904776
2154.1571245709238
-326.04287542906326
-1849.0428754290672
-487.44287542906926
-450.44287542906005
-868.6428754290736
643.3571245709337
-127.64287542908407
1073.1571245709279
-205.24287542906154
-324.64287542905555
95.15712457093983
-568.4428754290567
-306.442875429063
-861.6428754290771
-1640.8428754290474
-359.4428754290695
-1390.0428754290356
-119.84287542905926
910.3571245709336
-22.04287542906185
-1252.8428754290712
116.95712457093529
-339.2428754290728
-448.84287542904474
559.957124570939
661.1571245709387
610.3571245709304
-683.2428754290534
741.9571245709682
419.55712457093443
-325.64287542905765
942.9571245709463
-676.242875429078
-717.2428754290587
429.15712457094344
37.95712457093789
-695.8428754290532
552.9571245709428
403.55712457093546
-543.2428754290892
58.35712457094228
64.15712457094133
310.3571245709392
-803.8428754290521
-432.2428754290636
693.1571245709392
690.1571245709432
19.557124570938743
-804.4428754290536
102.75712457093655
-258.64287542902235
-465.8428754290109
-369.4428754290566
-317.2428754290703
1317.757124570942
105.35712457093193
483.9571245709396
-223.04287542905945
942.7571245709136
-430.44287542907813
340.5571245709338
-635.2428754290594
807.75712457095
527.1571245709462
-1183.0428754290272
-1686.042875429102
-101.84287542906043
-351.64287542906294
-1153.4428754290504
-493.64287542905953
-576.2428754290353
-1540.6428754290716
564.7571245709481
-547.6428754290613
84.55712457093796
-665.6428754290733
-1610.642875429058
-512.042875429065
396.35712457093985
-601.6428754290636
-912.8428754290645
-1656.4428754290598
-1556.4428754290911
-635.642875429071
-1533.2428754290693
109.15712457094095
1974.5571245709489
148.95712457093396
-337.44287542907733
-472.44287542908097
942.5571245709377
531.3571245709504
-561.4428754290399
-509.24287542906734
-223.84287542906225
-1328.2428754290722
-1997.2428754290866
-485.24287542906376
286.95712457092975
-1805.8428754290487
-1213.842875429072
-245.44287542906432
-2547.842875429124
-1502.4428754290554
1310.5571245709657
326.5571245709317
-144.44287542906383
-490.84287542905787
176.7571245709447
-744.8428754290851
195.55712457094455
-189.84287542906333
25.15712457093049
-344.84287542906156
947.5571245709392
2262.5571245709525
369.9571245709407
419.3571245709365
686.3571245709535
-145.0428754290574
-1581.2428754290775
-1505.442875429068
-1014.4428754290656
-73.24287542906143
525.3571245709356
-188.24287542905978
-249.4428754290724
328.95712457094027
-1216.2428754290477
-387.44287542906636
530.9571245709457
-824.2428754290365
-233.64287542906408
920.357124570953
-553.4428754290607
713.5571245709386
-333.24287542906325
1449.7571245709705
699.7571245709229
-594.0428754290588
-38.642875429056495
-1944.44287542903
-1500.2428754290095
-1166.8428754290796
-1197.8428754290292
-1253.0428754290676
-295.64287542906106
353.3571245709426
-998.0428754290723
-694.4428754290868
-613.4428754290735
756.357124570933
569.1571245709409
-823.2428754290493
-1518.242875429047
-319.8428754290693
-1591.0428754290767
-1304.2428754290543
-454.04287542908196
-572.0428754290502
-1093.6428754290791
-2614.64287542906
-993.4428754290723
-620.84287542905
-919.442875429073
-864.0428754290404
-69.04287542906181
2143.557124570859
-275.24287542907695
-1192.8428754290876
-909.0428754291318
-836.0428754290547
-1790.4428754289954
-2063.042875428993
-1269.6428754290678
1558.757124570953
67.15712457092724
516.5571245709405
1839.9571245709212
1423.3571245709381
453.157124570933
1574.357124570907
1034.9571245709265
842.5571245709016
-555.6428754290741
-400.6428754290717
-2256.042875429043
-2322.2428754290304
-1138.4428754290846
-1715.6428754290218
-694.2428754290866
167.35712457093612
-225.0428754290662
-1977.0428754290324
-467.04287542906917
-1393.0428754290267
-92.04287542904387
735.5571245709405
-749.4428754290949
-3240.642875429144
-42.04287542907908
-2536.2428754290618
-4109.642875428956
-3046.8428754290967
-2073.44287542914
-2469.442875429028
-1479.0428754290817
880.5571245709269
-134.04287542906465
-1929.442875429052
208.95712457093222
283.5571245709317
607.5571245709207
3.557124570940772
-601.0428754290732
788.7571245709223
1368.357124570926
1514.957124570939
695.9571245709305
-190.2428754290615
1580.3571245709354
-959.0428754290631
-1343.242875429072
133.15712457093974
-93.44287542905315
-2267.442875429088
-449.6428754290326
-783.8428754290453
-1508.8428754290514
869.9571245709375
-597.0428754290501
-995.6428754290733
-691.442875429044
-639.8428754290647
-1637.4428754290434
-1285.8428754290537
1179.1571245709317
220.95712457094132
-731.4428754290569
674.5571245709227
-522.8428754290653
-1355.042875429068
546.357124570929
-1657.4428754291016
-1147.6428754290903
-1067.4428754290875
-35.24287542906988
601.1571245709403
632.9571245709234
3449.9571245709503
1061.357124570916
56.95712457093981
1287.1571245709586
-466.24287542905955
903.9571245709412
987.9571245709308
701.3571245709305
-1345.2428754290702
-901.4428754290959
-138.44287542906815
303.95712457092816
910.3571245709351
-382.2428754290529
220.55712457093588
1618.9571245709294
261.7571245709352
790.9571245709509
716.5571245709467
-320.04287542907986
1095.357124570931
524.3571245709335
36.957124570938404
-359.2428754290613
-2492.2428754290977
-771.0428754290668
-737.242875429067
-522.0428754290796
-391.0428754290619
236.35712457093985
-807.6428754290605
-5.6428754290630785
2695.5571245709616
353.1571245709453
-131.04287542905584
132.1571245709416
112.5571245709339
137.95712457094473
498.3571245709442
291.3571245709397
132.7571245709463
-20.64287542905546
-1054.2428754290513
1017.5571245709265
1832.3571245709365
-388.0428754290929
642.9571245709378
1675.7571245709114
594.7571245709275
-621.0428754290614
158.55712457093833
-2469.642875429041
-1092.6428754290926
-475.44287542905283
514.7571245709388
878.7571245709543
688.9571245709509
263.3571245709356
1280.357124570926
2406.3571245709377
258.1571245709383
-1171.6428754290569
-733.4428754290591
1179.1571245709276
1817.3571245709054
339.95712457093515
307.95712457094015
-697.0428754290947
211.1571245709376
667.1571245709414
-1299.6428754290646
-1942.6428754290655
317.7571245709293
-1594.0428754290613
-2461.4428754290525
-122.44287542905995
232.75712457093513
-321.24287542907194
-528.0428754290724
-354.6428754290638
-444.8428754290723
-1296.842875429076
819.157124570938
-786.842875429053
-1200.4428754291077
883.3571245709377
128.357124570946
254.55712457094208
-52.842875429056534
-613.042875429071
-1492.2428754290227
26.957124570942568
1757.7571245709923
121.55712457094425
-1181.042875429058
708.3571245709519
-439.4428754290655
-2326.842875429077
-836.042875429061
-48.24287542906684
610.5571245709363
-1415.8428754291033
-1631.2428754290443
-1339.442875429063
-425.8428754290688
144.55712457094143
-700.8428754290504
-1053.0428754290615
-935.8428754290665
-295.64287542905566
-550.0428754290602
1960.1571245709374
2371.757124570951
1320.9571245709249
1104.3571245709277
451.55712457093875
-1021.442875429086
391.15712457094014
-69.642875429058
-88.04287542906177
-373.84287542906327
-433.0428754290652
1166.357124570933
1252.7571245709648
-931.6428754290564
784.5571245709348
-1400.8428754290483
-742.4428754290634
1284.35712457094
172.95712457094024
-182.0428754290665
-21.442875429065992
362.357124570947
-785.0428754290607
339.7571245709518
1390.357124570933
30.95712457094099
1499.357124570946
37.357124570936776
1125.9571245709265
524.757124570934
-200.44287542906807
-1092.642875429099
390.7571245709332
-290.6428754290575
224.1571245709444
606.9571245709376
-38.842875429062246
367.15712457094804
-265.2428754290516
-1694.0428754290995
-13.642875429065533
197.95712457093967
214.15712457094074
677.7571245709589
-304.44287542906176
-771.4428754290752
-723.4428754290698
-1806.0428754290588
-1895.642875429042
-758.6428754290511
-579.6428754290706
-713.6428754290854
-1089.0428754290756
181.15712457093443
1584.7571245709419
-165.8428754290618
1872.3571245709354
-33.84287542906798
1726.357124570925
-1036.8428754290458
1198.1571245709433
452.9571245709275
-1428.4428754291089
30.757124570942842
-1044.4428754290934
-2031.4428754290952
1070.3571245709345
299.35712457093956
-369.4428754290756
689.5571245709264
-258.24287542905483
-143.4428754290675
-38.84287542905456
-1385.4428754290277
1074.7571245709273
-2210.842875429066
-3132.6428754290164
-703.0428754290531
-771.0428754290629
-952.4428754290622
-1400.4428754290632
18.757124570946203
1043.957124570937
-1262.4428754290825
-400.04287542906275
446.7571245709462
-297.8428754290717
294.35712457093683
1106.3571245709466
-413.44287542906375
722.3571245709293
-429.8428754290644
548.1571245709462
801.5571245709325
-1282.8428754290956
-435.04287542905587
-40.84287542906048
-444.2428754290728
814.3571245709335
-272.0428754290676
-120.24287542906382
-1107.042875429068
-2121.642875429089
-190.64287542906365
396.357124570945
-227.24287542905498
403.7571245709304
-1597.8428754290458
-663.042875429048
234.1571245709419
-277.8428754290617
-122.64287542906297
404.3571245709359
425.35712457094655
223.75712457093692
-880.6428754290757
1407.157124570941
2216.557124570898
-525.4428754290627
-13.04287542905821
1399.7571245709157
343.15712457093457
992.3571245709655
441.75712457092004
-1242.6428754290719
-435.2428754290634
-643.042875429056
-1301.642875429057
-357.24287542907337
119.75712457094193
589.3571245709439
715.157124570937
261.3571245709326
894.55712457094
335.35712457093314
-1161.2428754290668
353.5571245709353
2305.7571245709505
-276.242875429064
-591.6428754290645
-720.242875429102
-1130.4428754290707
720.3571245709492
336.5571245709386
-340.8428754290626
-1676.4428754290598
1627.3571245709775
1029.3571245709568
1265.7571245709537
128.95712457094137
-287.04287542905934
-5.642875429059256
-23.242875429062437
-1183.84287542907
119.95712457093867
2563.557124570942
-101.84287542905521
-454.4428754290615
1640.9571245709183
2173.55712457099
-310.042875429093
150.95712457093242
288.95712457093765
490.15712457095555
220.5571245709429
13.557124570941951
194.35712457094
-596.6428754290657
-293.04287542906854
2453.5571245709757
-992.0428754290814
-578.6428754290785
1149.9571245709396
-614.4428754290424
1004.9571245709326
2102.957124570913
1847.55712457093
-87.84287542905884
3272.957124570875
1089.7571245709241
1314.1571245709183
254.5571245709419
207.15712457093838
928.5571245709433
-1183.8428754290865
-1658.042875429092
-453.6428754290633
1576.5571245709284
1276.9571245708778
-360.44287542905954
-579.0428754290592
1173.1571245709238
-494.442875429065
129.95712457093887
-201.24287542905137
942.7571245709344
-651.2428754290561
967.1571245709584
1034.1571245709408
214.95712457094328
454.55712457093887
1609.9571245709321
25.95712457094014
543.7571245709424
2166.957124570917
-58.64287542905245
-125.64287542905774
769.1571245709341
851.9571245709366
185.9571245709437
-885.4428754290641
-885.4428754290509
-996.6428754290763
683.9571245709504
1939.557124570896
269.1571245709437
-403.44287542907193
807.1571245709272
-1104.8428754290733
-940.4428754290718
19.957124570948814
120.5571245709369
-1822.2428754291038
719.5571245709466
1547.7571245709114
2078.957124570991
-170.64287542906465
1649.757124570936
-1375.6428754290312
-1120.242875429087
-1099.6428754290666
-733.2428754290776
844.3571245709434
1024.7571245709364
381.15712457094696
587.9571245709459
98.5571245709402
1711.957124570957
-62.64287542906979
-1136.6428754290555
-824.8428754290705
-1261.4428754290373
-2536.6428754291055
846.1571245709375
-1847.8428754290862
-1929.8428754290615
1140.957124570895
-1211.0428754290508
-551.2428754290606
1067.1571245709501
-1361.0428754290522
-660.8428754290496
449.15712457092263
-722.6428754290714
-2065.2428754290695
-325.8428754290511
-108.24287542905655
584.9571245709334
-245.0428754290704
2000.5571245709052
55.95712457093828
-52.44287542905966
-610.4428754290495
-853.0428754290716
608.7571245709393
486.15712457093474
1246.9571245709292
747.9571245709404
-423.0428754290638
-277.4428754290686
-1316.0428754290465
-310.44287542906136
464.757124570949
961.3571245709319
-665.8428754290588
-259.0428754290687
-819.0428754290508
-1652.0428754290763
922.3571245709478
-1523.0428754290697
-796.8428754290869
258.9571245709345
149.55712457093676
-137.84287542906233
-1068.242875429076
-1226.0428754290494
848.3571245709211
1359.5571245709455
-389.0428754290584
848.1571245709379
419.15712457094037
299.95712457093305
181.15712457094205
-298.84287542905565
201.95712457093603
420.95712457094197
695.9571245709442
-111.64287542906688
-2516.6428754290605
-1138.64287542908
-305.2428754290677
-613.6428754290395
-505.84287542907657
886.3571245709447
163.9571245709585
-86.04287542909155
-255.04287542905763
-1849.2428754290643
-1206.8428754290571
-944.4428754290593
-608.2428754290546
779.9571245709483
422.9571245709371
-1839.442875429111
-231.84287542906017
-591.8428754290586
-497.84287542906657
-1043.6428754290698
1058.7571245709396
2298.9571245709303
-687.4428754290738
-325.4428754290747
-1913.6428754291164
1017.9571245709388
1372.957124570924
-769.842875429066
376.357124570943
1533.75712457094
-734.8428754290668
-1187.242875429086
219.35712457093882
63.55712457094101
290.9571245709265
558.5571245709417
-917.4428754290491
1112.7571245709669
338.5571245709315
116.95712457093602
751.3571245709676
1141.7571245709419
-253.44287542906704
-446.04287542906616
-1162.4428754290698
-532.042875429055
809.9571245709316
-371.6428754290651
772.3571245709351
-874.6428754290665
-515.8428754290612
-1544.6428754290614
436.9571245709406
1292.5571245709148
1399.957124570967
2487.9571245709894
-877.0428754290615
72.35712457094928
-302.64287542906715
121.95712457094598
700.1571245709487
45.357124570940755
534.3571245709409
-500.84287542906804
-785.0428754290582
-283.0428754290646
1271.5571245709168
1024.1571245709358
-871.8428754290645
1448.957124571036
905.1571245709215
1929.7571245709141
1177.557124570939
1144.557124570931
-149.04287542905973
880.5571245709242
980.9571245709161
-963.6428754290594
2534.3571245709595
1009.5571245709642
715.5571245709493
-619.8428754290765
-625.6428754290606
-2554.0428754290715
-928.4428754290861
40.757124570940505
492.95712457093896
108.55712457093878
-342.84287542907146
168.55712457093665
1405.1571245709324
-498.0428754290635
83.5571245709364
-926.6428754290711
-435.2428754290664
-1353.8428754290553
-676.2428754290587
319.557124570939
-1091.2428754290806
-259.64287542906453
929.5571245709576
3419.5571245709816
1080.9571245709387
1261.757124570901
3055.9571245708835
1182.3571245709225
-1612.8428754290849
880.1571245709555
1557.757124570937
-1737.4428754290368
200.15712457093824
-215.64287542906186
464.9571245709503
37.55712457093698
180.55712457093736
-756.2428754290592
-812.2428754290631
1159.5571245709277
-726.2428754290653
-186.44287542905386
-841.2428754290853
-201.84287542906557
402.95712457093833
-1694.8428754290499
-444.0428754290576
2402.957124570918
-847.0428754290607
-1956.8428754291006
-821.6428754290588
917.9571245709357
-1569.6428754290416
305.55712457092324
1474.5571245709425
1525.5571245709434
1101.3571245709556
2015.1571245709215
600.3571245709361
248.75712457094812
305.5571245709417
-1316.8428754290965
232.5571245709351
-1147.042875429036
309.15712457093775
-636.2428754290687
-1090.8428754290444
-418.6428754290643
239.15712457093693
1386.5571245709234
87.55712457093442
410.95712457093924
254.55712457093657
1476.7571245709375
-551.8428754290721
-509.24287542906853
761.9571245709458
-1598.642875429057
-987.4428754290661
1648.3571245709418
-585.4428754290567
-543.8428754290643
46.757124570953586
343.55712457093796
-263.64287542904987
1075.3571245709402
1171.7571245709378
821.9571245709499
2285.7571245709673
1164.5571245709057
-259.64287542906123
652.3571245709395
2074.7571245709405
-518.042875429059
1342.157124570924
244.15712457093784
-641.8428754290846
-34.04287542905655
-600.4428754290541
43.157124570939544
985.3571245709431
400.15712457093946
-762.642875429087
172.15712457092846
-1110.6428754290534
-720.842875429085
-1649.0428754291088
-1079.0428754290967
39.15712457093849
608.557124570931
-490.842875429074
1697.3571245709486
-961.442875429059
-49.04287542906767
636.1571245709375
568.9571245709717
1941.9571245709064
1248.9571245709612
1779.557124570912
172.55712457094242
558.7571245709372
-918.8428754290526
-312.8428754290378
617.157124570934
-703.44287542907
-384.64287542905714
416.35712457094047
-1101.0428754290633
59.35712457093772
-743.2428754290655
-893.2428754290574
337.35712457094064
210.15712457094426
152.35712457093834
-1046.2428754290984
94.95712457093181
-2373.042875428996
-933.2428754291112
-729.0428754290543
455.9571245709352
-1917.2428754290434
-845.0428754290617
274.1571245709373
1972.7571245708598
233.3571245709453
334.35712457093314
-1747.2428754290754
1280.9571245709476
1326.9571245709342
-470.2428754290595
881.7571245709191
-595.4428754290601
-245.64287542905936
638.357124570946
479.5571245709434
484.5571245709415
-399.6428754290645
-129.84287542905534
-1191.4428754290434
-1800.642875429073
1624.7571245709642
684.1571245709393
-718.642875429069
411.95712457093725
-1101.0428754290706
-405.6428754290593
-675.6428754290678
-567.6428754290697
-2058.8428754291576
-247.84287542906196
-148.8428754290576
-345.2428754290391
-1757.4428754290811
-1073.4428754290636
-539.4428754290603
-604.4428754290667
-1087.242875429069
717.3571245709599
-237.8428754290657
-463.2428754290607
407.75712457092646
-777.2428754290639
-389.24287542906166
-865.2428754290621
316.35712457092495
851.9571245709395
1793.9571245710033
418.3571245709432
1823.9571245708892
-800.8428754290724
-1253.8428754290735
-543.4428754290677
852.9571245709521
1488.1571245709288
-722.6428754290516
1152.9571245709271
-655.8428754290474
1001.5571245709323
1544.957124570939
824.3571245709419
783.1571245709545
788.757124570949
-210.04287542906394
-101.64287542907154
115.55712457094822
-642.44287542909
-1492.4428754290452
701.5571245709451
-589.6428754290613
1326.1571245709274
1744.157124570955
-843.0428754290613
1578.9571245708928
376.5571245709548
159.75712457094136
396.95712457094004
550.5571245709567
-1029.6428754290562
2331.557124570905
1359.1571245709526
1426.957124570949
-351.8428754290675
-193.642875429066
-1177.0428754290526
-313.64287542906504
3073.1571245709742
581.5571245709476
85.55712457093765
-1998.44287542904
253.3571245709399
-265.842875429061
1713.1571245709436
1188.3571245709143
535.7571245709365
263.7571245709298
1560.1571245709501
-949.8428754290826
-1133.4428754290368
1954.157124570926
1953.157124570905
-776.8428754290542
728.1571245709297
799.3571245709328
-66.44287542906002
652.1571245709331
126.35712457093732
-291.64287542906413
843.357124570952
2155.957124570895
129.15712457093656
617.5571245709178
-798.6428754290653
-258.44287542906176
-268.84287542906117
-24.042875429064654
125.55712457094401
197.35712457093678
957.1571245709293
-24.642875429060695
1528.3571245708954
1281.5571245709762
888.5571245709458
-458.84287542906225
21.157124570934307
-445.64287542905834
255.35712457093578
1258.557124570891
-203.44287542907153
-629.2428754290665
-215.04287542905854
1681.957124570934
3765.9571245709385
264.3571245709369
403.15712457095265
-116.6428754290546
1491.1571245709367
303.3571245709276
112.95712457094503
-449.44287542906596
-66.04287542904481
832.3571245709494
687.7571245709458
817.1571245709225
1073.1571245709197
585.75712457093
-688.6428754290582
-1551.642875429079
312.7571245709385
-82.242875429064
-281.0428754290591
1.9571245709429768
-1272.6428754290832
-1691.0428754290733
-847.4428754290478
-1512.242875429044
433.7571245709384
481.15712457094065
313.1571245709396
549.9571245709456
123.95712457095719
113.35712457094226
434.75712457093726
370.35712457093905
2306.157124570952
598.9571245709387
605.7571245709324
1472.5571245709004
820.557124570934
-407.84287542907447
836.5571245709383
-177.84287542905247
-767.0428754290447
-559.4428754290584
610.1571245709347
1799.1571245709379
145.75712457094133
1819.7571245709207
730.5571245709401
-412.2428754290792
292.7571245709461
-119.84287542906569
797.3571245709401
898.9571245709319
-434.44287542906096
-799.2428754290677
166.55712457092338
-329.44287542905056
-1022.4428754290543
150.9571245709383
-274.24287542905324
177.95712457094658
876.9571245709469
946.3571245709458
1194.157124570916
1321.1571245709256
2145.9571245709267
1360.7571245709394
1094.9571245709299
777.5571245709418
681.757124570939
-97.84287542906203
-833.6428754290333
865.3571245709281
114.15712457093073
6.157124570933579
-741.0428754290634
1555.7571245709348
-435.44287542906085
140.5571245709353
1.5571245709345618
1477.7571245709385
922.757124570937
-821.4428754290618
-526.8428754290558
623.5571245709368
407.15712457093946
-147.04287542905936
830.7571245708807
448.3571245709417
-986.8428754290384
1048.3571245709315
-841.6428754290578
-489.8428754290613
-41.242875429066125
-977.0428754290639
-1485.842875429084
-110.84287542906503
702.7571245709324
409.55712457093927
-1219.0428754290613
-993.8428754290766
-182.84287542906517
-1943.242875429062
-2041.0428754290651
225.55712457094035
-785.6428754290673
-1507.2428754290609
-1027.4428754291007
686.5571245709309
-222.0428754290531
-1786.0428754290372
201.95712457093973
960.55712457094
261.55712457094484
-421.44287542906915
915.7571245709319
1140.1571245709408
-300.64287542907044
-165.2428754290661
937.1571245709441
-1883.442875429083
-889.64287542908
1427.9571245709224
-401.84287542905054
-1569.2428754290443
-1003.2428754290714
-29.64287542906579
-1730.0428754290651
-286.6428754290642
107.95712457094331
-248.44287542906073
-1192.0428754290808
340.55712457093676
2135.7571245709682
-512.0428754290565
-2022.4428754290952
-700.0428754290666
-475.8428754290543
-1249.0428754290194
-379.6428754290723
-592.042875429063
259.3571245709293
191.75712457094232
-175.24287542906183
332.75712457094204
1684.9571245709203
-264.442875429054
798.3571245709226
1276.75712457094
-610.2428754290678
-272.0428754290647
1350.7571245709123
-739.2428754290748
464.55712457095296
246.1571245709481
1768.3571245709506
963.9571245709309
694.9571245709532
1515.3571245709861
-770.0428754290705
176.5571245709356
825.7571245709127
-678.6428754290529
-1414.4428754290614
60.55712457093074
935.7571245709289
-601.8428754290748
-723.6428754290703
-718.0428754290689
1630.1571245709274
3148.7571245709146
2626.7571245709437
1220.1571245709063
2029.9571245709162
339.7571245709417
-325.04287542906775
1065.5571245709218
1638.357124570879
714.9571245709332
-434.6428754290567
923.757124570907
541.3571245709253
-362.2428754290588
-191.64287542905825
266.757124570937
2220.1571245709083
