-37.21261207660822
-1546.4126120766068
1728.3873879233756
1455.987387923374
322.9873879233934
1151.387387923389
836.5873879233808
1078.7873879233866
-940.0126120766013
-601.8126120766071
688.78738792338
702.9873879233938
952.3873879233897
1153.787387923392
591.187387923397
410.58738792339284
90.78738792339561
1077.587387923372
-648.8126120766022
-359.2126120766088
501.5873879233989
21.587387923391766
324.787387923394
144.78738792339144
234.58738792338985
957.5873879234009
237.1873879233889
-137.61261207661295
377.1873879233894
611.5873879233868
15.187387923390943
-567.4126120766075
671.9873879233993
1261.787387923383
994.9873879234062
1561.1873879233985
557.9873879233825
457.9873879233707
-1203.812612076634
-1539.4126120765986
-1256.012612076613
-393.2126120766012
-769.4126120766116
-32.21261207660878
122.18738792338922
-709.412612076614
-1225.2126120766109
-858.8126120766245
-479.81261207661544
98.58738792339673
-752.6126120766199
-661.4126120766182
161.38738792339404
-2495.812612076598
-2298.6126120766085
-223.212612076609
-887.0126120766187
19.587387923392974
-90.41261207660762
-785.4126120766124
278.387387923395
-362.012612076602
286.1873879233872
582.7873879233927
1403.9873879233864
1020.3873879233929
96.38738792338825
2592.3873879233934
1070.3873879233802
1145.3873879233863
-136.01261207660468
-873.0126120766204
-356.8126120766186
-1840.2126120766306
-1969.2126120766009
-455.81261207661487
259.98738792339856
-433.2126120765927
-394.21261207661445
-671.212612076597
-45.212612076614235
340.9873879233926
-1118.0126120766108
-1286.6126120766326
-473.0126120766169
-1277.0126120765974
-914.4126120766043
17.187387923391896
-1081.0126120766056
925.3873879233821
633.7873879233954
-950.2126120766126
767.5873879233941
1050.1873879233829
659.7873879233914
2163.9873879234283
2195.1873879233617
105.98738792339083
13.387387923395394
2103.1873879233835
-143.81261207661024
875.3873879233938
365.7873879233924
20.587387923392285
650.3873879233921
-339.41261207660693
-418.21261207660217
-424.81261207660987
-583.0126120766113
-118.01261207660882
277.9873879233884
511.7873879233905
103.18738792339103
905.9873879233917
185.58738792339324
-145.01261207661366
-1465.6126120766182
-765.0126120766122
-215.01261207660906
-951.4126120766006
-1160.0126120765904
691.3873879233893
-47.61261207660732
-1072.8126120766092
397.5873879233915
1087.387387923387
-176.21261207660615
1857.987387923408
1341.9873879233853
321.1873879233879
1471.9873879234005
1886.5873879233754
1655.5873879233848
162.78738792339485
1098.1873879233872
461.7873879233898
-451.812612076613
691.1873879233885
-180.81261207660754
-271.812612076606
-625.2126120766047
-1130.412612076614
-1177.4126120766107
450.98738792338855
744.7873879233986
106.18738792339276
146.5873879233977
-794.212612076616
-2526.8126120766133
-425.8126120766098
276.1873879233936
768.7873879233863
-760.212612076592
-517.0126120766042
-187.41261207660617
836.7873879233845
713.7873879233988
296.1873879233955
759.9873879234001
1589.7873879233923
298.9873879234026
267.5873879233933
321.587387923396
552.3873879234026
503.98738792338975
-330.81261207661026
420.38738792339154
620.9873879233949
-206.4126120766084
431.7873879233952
-1194.61261207662
-1647.0126120765935
-852.4126120766306
-594.2126120766067
-362.61261207660664
1198.1873879234015
186.78738792338825
-34.612612076606794
1132.1873879234001
-1967.2126120766036
-2215.612612076633
-220.01261207660852
-1588.2126120766068
265.1873879233909
1061.7873879233987
1166.1873879233895
1253.7873879233964
1273.3873879233909
-162.41261207660818
-483.2126120766271
-371.0126120766073
1367.3873879234088
610.9873879233947
-1053.812612076601
-1574.012612076606
-881.6126120766233
-112.41261207660862
-198.81261207661163
63.38738792339038
855.5873879233906
-320.4126120766107
883.3873879234051
-32.01261207660957
87.98738792338827
-1355.8126120766103
-1054.0126120766104
-413.01261207661094
560.5873879233878
-700.2126120766094
-1389.6126120765737
1017.1873879233901
-684.6126120766093
-1094.2126120766166
-1765.2126120765965
-1352.8126120766065
-1017.4126120765893
319.98738792338867
1166.187387923382
1003.3873879233829
736.3873879233951
-716.2126120766203
-398.61261207661005
-626.012612076609
247.18738792338866
657.3873879233979
695.9873879233946
-717.2126120766169
-1182.0126120766013
-857.2126120765963
-635.6126120766083
-471.81261207660896
656.3873879233859
674.9873879233986
649.1873879233904
357.5873879233946
782.7873879233855
-775.2126120766334
-1186.81261207663
-2054.4126120765786
-148.8126120766158
624.7873879233913
469.7873879233883
189.387387923395
-362.6126120766056
-1111.2126120766095
-1431.4126120766036
583.3873879233992
-1428.2126120766288
-778.4126120766111
374.7873879233947
193.78738792339178
0.18738792339642885
167.38738792339
68.18738792339065
-907.212612076606
-165.41261207659915
98.98738792338314
-576.6126120766085
-208.41261207661225
-99.01261207660761
-1081.2126120766136
-561.8126120766087
73.78738792339054
-1065.2126120766045
571.587387923392
1280.3873879234056
225.98738792339108
1351.1873879233992
616.3873879233981
-800.8126120765851
-2521.8126120765646
155.9873879233827
-657.4126120766201
-231.41261207660418
-34.61261207660763
-391.0126120766097
-1108.8126120766065
-883.0126120766145
-577.6126120766144
-1967.4126120766216
117.98738792339219
358.98738792339594
304.7873879233939
410.5873879233908
1156.1873879233945
-22.41261207661586
89.38738792339043
-505.6126120766089
-415.8126120766081
-1959.4126120765777
-1506.6126120766273
-51.812612076608524
1249.9873879233899
458.9873879233883
836.5873879233884
873.3873879233853
275.38738792339103
-543.812612076608
174.98738792338972
744.5873879233975
848.5873879233814
-113.01261207661216
-3064.8126120765937
-1303.6126120766112
-1628.812612076631
-1776.0126120766029
-28.612612076608507
1244.9873879233949
-406.2126120766127
166.3873879233884
-750.8126120766088
-907.6126120766162
29.987387923393
-67.01261207660798
56.38738792339173
-1051.212612076606
467.38738792339143
-457.0126120766067
513.7873879233933
-314.01261207661116
-1086.4126120766018
-16.41261207660667
345.58738792339216
1759.7873879233819
99.18738792339562
-102.21261207661283
-50.21261207660412
364.9873879233888
94.9873879233931
-1316.6126120765748
374.98738792339043
554.9873879233905
-174.41261207661393
807.587387923394
-566.0126120766048
-494.0126120766087
-535.6126120766045
-765.8126120766082
-229.21261207659904
-19.81261207661417
-220.21261207660996
75.38738792338864
-675.8126120766234
-267.21261207660586
-624.6126120766152
-1516.2126120766397
-525.2126120766156
-353.0126120766106
-1334.812612076597
-656.4126120766034
130.78738792339539
355.3873879233781
-904.0126120766189
287.5873879233884
948.5873879233941
151.18738792339465
-217.41261207660693
-180.81261207661316
396.5873879233922
449.1873879233867
-146.41261207661046
-1025.812612076616
254.18738792340037
1803.9873879233942
-725.0126120766059
-1060.212612076605
343.3873879233924
696.1873879233917
-1661.0126120765813
-1120.8126120765974
-832.0126120766242
-2154.8126120766024
-767.612612076613
-31.212612076604813
394.18738792338985
508.3873879233852
-243.21261207661203
-19.812612076608538
-631.812612076627
369.3873879233869
-237.81261207661146
-1071.212612076597
-309.41261207661273
-480.0126120766096
-1239.0126120766033
517.187387923383
-243.61261207661187
-2231.0126120766186
-292.81261207661305
1019.5873879233902
270.58738792338755
537.9873879233919
658.3873879233887
80.58738792339429
1704.3873879233684
1285.9873879234083
-735.4126120766025
-354.2126120766184
320.1873879233861
477.3873879233951
-1129.2126120766077
240.58738792338482
537.5873879233878
58.98738792339338
-769.8126120766225
-366.2126120766132
-567.6126120766047
-638.6126120766081
86.38738792338941
-715.8126120766162
-917.0126120766218
-299.6126120766047
369.38738792338586
128.78738792338126
-470.81261207660833
-835.8126120765962
-610.0126120766048
-572.8126120766202
-674.2126120766192
-939.4126120765936
-732.4126120766057
356.98738792338963
-908.4126120766213
82.78738792339092
-88.21261207661189
56.98738792339237
311.18738792339025
407.1873879233919
-112.81261207660596
91.98738792338253
-136.21261207659785
881.3873879233942
-541.6126120766187
-840.8126120766076
-1110.6126120766144
264.58738792339165
-220.61261207660863
-355.6126120766174
115.18738792338974
21.787387923383207
213.78738792339544
-495.4126120766118
-1043.812612076606
-1618.0126120766088
-111.81261207661248
-1295.6126120766005
-1509.6126120766112
-864.0126120766217
412.3873879233969
-418.6126120766156
-535.4126120766084
-673.8126120766116
-517.012612076611
-976.2126120766061
-437.61261207660783
897.9873879233937
296.1873879233908
-920.6126120765998
-1734.8126120766187
-973.4126120765918
-154.812612076609
523.9873879233965
1211.3873879233752
1117.7873879233696
-267.0126120766036
-570.2126120765973
94.58738792338156
776.587387923411
26.987387923393847
-973.8126120766094
189.58738792338613
719.787387923392
-252.61261207661167
307.5873879233978
-740.6126120766086
-845.6126120766296
-297.4126120766099
-516.6126120766171
102.58738792339383
-251.01261207660684
1.3873879233931774
-92.21261207660712
-582.6126120766339
-883.6126120766187
376.38738792339024
204.18738792338715
-679.2126120766123
-650.4126120766123
-1166.2126120766136
-1428.612612076618
50.58738792339468
-310.61261207660954
-865.0126120766025
-1096.2126120766368
153.78738792339408
67.98738792338467
-209.4126120766054
584.9873879233976
2879.187387923354
587.9873879233886
571.787387923388
437.1873879233959
-287.21261207660734
1228.5873879234066
194.58738792339068
443.58738792339267
-980.0126120766339
-753.4126120766135
-821.4126120766048
580.5873879233973
1009.9873879233935
969.187387923387
746.5873879234018
-67.01261207661138
-285.81261207661055
-1069.0126120766113
-157.61261207661155
274.7873879233885
-613.6126120766004
-406.61261207661767
-186.61261207661425
-524.412612076617
-402.2126120766159
-499.2126120766153
-836.8126120766044
-54.212612076605595
292.5873879233952
1340.9873879233824
466.5873879233863
12.587387923388022
1179.1873879233963
1655.9873879233678
907.9873879233979
-674.8126120766124
-1506.012612076632
-118.01261207661327
-413.61261207661846
-104.21261207660797
-379.0126120766115
-1503.2126120766216
-1151.2126120766088
-1124.6126120766155
-408.01261207661565
-23.41261207661789
-849.2126120765826
-1211.6126120765975
-1024.4126120765682
-958.4126120766049
-486.8126120766051
440.3873879233856
68.3873879233935
-69.81261207660756
-1303.2126120766195
-383.41261207661097
19.587387923397515
295.98738792339617
-149.41261207660375
1009.1873879233589
275.38738792338233
1408.5873879233802
-440.8126120766123
325.38738792339745
1332.5873879233877
617.7873879233945
46.78738792339189
492.18738792339286
-361.01261207661287
-570.4126120766127
-112.81261207661159
311.1873879233976
-1067.41261207661
-1610.61261207661
-746.0126120766074
-1180.0126120766088
-41.21261207661696
-165.81261207660586
-706.8126120765845
-1139.0126120765979
-295.2126120766162
-182.41261207660742
-929.0126120766193
-236.81261207661265
452.5873879233894
-594.2126120766192
-75.0126120766075
-964.8126120766136
-252.21261207660896
305.3873879233901
495.1873879234
1034.9873879233953
-108.61261207660135
672.7873879233862
-529.4126120766047
405.5873879233753
1312.5873879234066
379.1873879233931
468.9873879233933
1817.187387923449
819.5873879234097
491.7873879233803
-46.41261207660766
754.3873879233946
-577.012612076609
-1117.2126120766143
-972.0126120766091
-740.8126120766175
494.58738792339886
1462.9873879233933
126.18738792339106
198.58738792339278
-115.61261207661296
-604.012612076612
-8.412612076609854
-1620.4126120766273
-1485.0126120765894
-796.4126120766135
-705.6126120766085
-910.0126120765991
-1582.4126120766034
93.58738792339263
182.18738792339394
-162.21261207660868
116.5873879233778
405.5873879233728
-301.0126120766138
-40.21261207661256
591.1873879233922
1223.9873879233676
204.78738792338552
781.3873879233827
507.18738792338627
-586.4126120766102
367.3873879233938
203.38738792339507
-360.0126120766074
-385.41261207661245
-994.2126120766036
-1102.0126120766022
941.3873879233746
-349.8126120766157
-657.2126120766413
-501.61261207661005
44.78738792338867
540.9873879233909
-2.4126120766093777
84.58738792339423
131.78738792339493
395.78738792339465
286.58738792339017
-476.8126120766097
-569.6126120766162
268.18738792339155
283.1873879234064
1297.5873879233943
369.7873879233858
1154.1873879233858
823.9873879233941
-4.612612076606368
804.1873879233895
1183.5873879233852
-760.2126120766053
-386.61261207660846
-380.0126120766089
-656.6126120766107
-239.2126120766075
543.1873879233893
169.98738792339287
172.58738792339003
-339.0126120765923
-423.812612076615
227.98738792339128
-1324.6126120766069
-665.0126120766304
-503.41261207661483
1443.587387923392
-706.0126120766117
-1230.4126120766343
-592.2126120766112
-217.81261207660899
4.787387923392249
-709.6126120766079
180.3873879233911
883.3873879233801
-702.0126120766209
363.18738792339093
1425.1873879234042
2.587387923386572
178.58738792339892
1800.7873879233896
861.3873879233931
234.78738792339402
388.78738792338197
-1310.2126120766106
-1066.2126120766159
-1027.8126120766105
-90.21261207660868
-748.4126120766016
-702.8126120766179
671.9873879233828
1302.7873879233773
-1303.6126120766012
-598.8126120766077
-793.6126120766016
-605.012612076609
-1132.6126120766248
-132.81261207660893
2437.1873879233476
-398.01261207660696
-791.8126120766037
74.38738792339615
1072.787387923385
633.787387923397
55.387387923393035
96.58738792338528
1246.7873879233578
-84.81261207660512
-332.01261207658274
-459.8126120766016
13.387387923393618
297.7873879234008
625.3873879233769
-211.01261207660733
-217.21261207661937
-1032.6126120765973
-1904.812612076629
-848.8126120766102
-903.6126120766008
-153.8126120765981
588.3873879233854
1047.987387923383
-356.612612076613
1206.7873879233875
-132.012612076609
38.78738792339427
-57.01261207661021
-938.8126120766218
-79.81261207661069
1405.9873879233776
368.18738792338974
-673.6126120766054
281.98738792339003
-358.41261207660745
-227.21261207661746
-714.2126120766118
-695.012612076623
-474.4126120766044
88.98738792338628
-51.01261207660804
497.7873879233954
-1633.2126120766154
-310.2126120766026
369.3873879233858
33.38738792339098
225.18738792338974
-154.81261207660793
-1485.2126120766093
28.187387923395256
364.7873879233825
-258.01261207661565
-1158.0126120766283
-75.41261207660799
1906.1873879233947
1181.1873879233988
1409.587387923394
468.3873879233933
1218.787387923405
290.18738792339207
-1848.4126120766432
1478.187387923388
429.7873879233934
-19.412612076607605
709.9873879233949
37.18738792339143
153.98738792339296
8.387387923388367
-502.0126120766164
765.787387923392
946.987387923382
-918.0126120766173
-1501.8126120766117
-70.81261207661234
-995.2126120766142
1517.5873879234014
943.5873879233876
-136.81261207660583
-104.01261207660181
-358.01261207660656
-330.0126120766118
485.3873879233882
-854.8126120766127
561.9873879233957
100.38738792338395
-1193.2126120766227
-306.012612076606
147.9873879233911
784.3873879233851
-496.2126120766118
214.9873879233928
-753.4126120766017
-1502.8126120766017
-278.41261207660443
-1002.2126120766155
313.38738792339313
667.9873879233842
-1262.6126120766053
115.98738792338916
-16.21261207660794
170.5873879233954
1344.9873879233808
1187.987387923393
-600.212612076609
-769.0126120766082
-154.41261207660955
-9.61261207661014
1459.7873879233807
1050.387387923409
-194.41261207660725
-735.6126120766085
-161.81261207661055
-70.61261207661106
-381.81261207661544
448.5873879233987
-296.0126120766126
394.18738792338263
-588.8126120766052
795.3873879233699
910.7873879233897
1515.787387923385
-323.21261207660183
-715.0126120766158
-731.212612076616
309.1873879233881
93.7873879233972
1243.5873879233893
1156.7873879234012
-459.0126120766134
-746.2126120766039
1476.7873879234044
-302.4126120766105
-834.2126120766151
-754.6126120766031
-605.2126120766309
1035.1873879233883
317.7873879233916
-981.4126120766077
-163.61261207661178
802.7873879233938
-195.2126120766105
-62.01261207661184
144.38738792339362
287.18738792339127
319.9873879233937
-353.81261207660964
674.1873879233866
-771.0126120766122
-447.212612076609
71.98738792338105
1443.5873879234018
524.5873879234034
-277.4126120766059
644.1873879233939
403.3873879233931
-230.41261207661128
-245.81261207661032
-28.01261207660871
1203.1873879233644
467.38738792338415
-507.612612076594
-753.8126120766016
1048.1873879233997
279.7873879233895
-396.41261207661563
-493.61261207661283
-356.61261207661516
443.78738792339436
-677.8126120765983
-996.6126120766145
-1017.4126120766039
-814.412612076604
-1598.2126120765977
-995.6126120766012
-1035.2126120766075
-775.2126120766147
-9.612612076608848
-168.61261207661187
-320.41261207660546
-480.4126120766225
-470.01261207662054
-964.2126120766053
670.7873879233879
420.187387923395
-400.4126120766166
-238.8126120766054
657.3873879233944
233.58738792338903
74.38738792339657
-67.61261207660542
-1050.2126120766104
-1618.4126120766139
521.3873879233932
-722.8126120765986
-640.2126120766115
-548.612612076605
-343.41261207661427
65.9873879233906
1315.5873879234123
798.5873879234013
-577.0126120766147
445.387387923382
314.78738792337384
1630.587387923421
991.9873879233857
-152.21261207660658
-64.81261207661343
964.9873879233846
-1023.8126120766185
-758.6126120766029
737.9873879233894
-562.2126120766067
686.3873879233935
219.78738792339388
-64.81261207660609
667.9873879233892
843.9873879234041
336.98738792339253
-254.01261207661298
-819.2126120766178
-417.6126120766126
-417.8126120766117
-178.01261207660738
-1208.8126120766062
1074.7873879233855
1954.7873879234014
1269.1873879234
531.3873879233967
53.98738792338989
278.3873879233988
1464.5873879233968
437.3873879233877
-471.41261207659795
-428.21261207661416
-1181.01261207662
-204.8126120766089
878.3873879233952
-381.21261207661576
291.3873879233986
519.787387923402
-465.61261207661204
-677.4126120766065
-462.6126120766057
312.38738792337455
2115.5873879233773
1782.5873879233654
836.1873879234003
-38.81261207660827
831.9873879233866
454.1873879233929
-113.01261207661065
-809.8126120766041
-492.21261207661246
487.98738792340146
1266.5873879233893
-1252.2126120766063
-919.812612076612
178.18738792339636
434.58738792339125
655.1873879233865
1339.5873879233627
-29.0126120766096
-354.4126120766061
-202.21261207660615
-1647.612612076616
-1029.4126120766125
661.3873879233993
152.7873879233934
756.3873879233935
-410.2126120765772
-1082.2126120766109
-1052.4126120766168
-387.41261207661097
298.3873879233949
-983.8126120766044
708.7873879233829
341.5873879233934
-177.81261207660467
-441.81261207660947
-1420.012612076606
-1047.6126120766019
181.9873879233816
555.1873879233779
-21.41261207661241
68.18738792339235
1333.987387923371
1264.3873879233652
553.9873879233945
780.1873879233776
115.38738792338826
-747.012612076613
85.78738792339118
-655.2126120766138
-1929.0126120766051
-660.8126120766101
-657.2126120766167
-767.8126120766228
19.5873879233906
-160.6126120766083
-314.81261207661043
521.1873879233942
-374.2126120766155
-554.4126120766019
-623.6126120766172
-1080.6126120766128
-1290.4126120766111
-517.2126120766056
-728.4126120766098
-369.2126120766084
-161.21261207661408
-1009.8126120766069
592.9873879233926
520.787387923388
1641.5873879233693
-311.6126120766047
170.78738792340022
370.98738792338713
63.98738792338345
-3160.612612076575
719.9873879233883
-278.21261207661627
-1485.0126120765954
-141.41261207660796
-16.612612076608436
1059.3873879233795
53.38738792339091
300.38738792339535
1224.3873879234088
334.38738792339655
76.78738792339107
-65.21261207660758
-133.61261207660633
-99.41261207660881
-197.21261207660814
1552.1873879233672
66.3873879233955
-53.812612076605845
1059.787387923405
738.9873879233993
852.1873879233885
906.9873879233703
-57.21261207661155
-65.01261207660835
-322.4126120766122
-163.21261207660623
307.5873879233878
6.387387923391707
-351.4126120766042
-1505.8126120766183
-1281.2126120766152
-145.01261207661102
197.78738792339283
-205.01261207661253
-823.0126120766049
-301.41261207661086
-1537.0126120766015
-887.012612076612
166.9873879233942
728.587387923395
143.18738792339246
220.5873879233962
103.18738792339198
-527.2126120766173
-435.8126120766127
-459.81261207661737
-432.0126120766098
1105.7873879233941
470.9873879233842
-138.2126120766079
1279.7873879233919
-913.2126120766068
-827.0126120766176
1382.3873879234086
-333.6126120766148
-285.41261207660483
361.9873879233917
111.98738792338665
852.7873879233919
-496.4126120766054
-58.81261207660869
-362.41261207661324
-334.4126120766202
-114.01261207660517
-1117.412612076615
-17.412612076606386
-602.4126120766207
-456.21261207660535
-1708.012612076596
-1049.012612076593
379.5873879233933
-1109.8126120766271
-992.4126120766148
334.1873879233968
580.9873879233982
111.98738792339287
520.9873879233991
-132.21261207661453
-124.01261207661095
1363.9873879233885
32.98738792339279
-148.81261207661186
1341.587387923391
357.58738792339415
-112.41261207660726
799.3873879233795
-983.8126120766104
500.58738792338977
1152.587387923395
-387.61261207661084
628.1873879234055
-154.01261207660625
-754.6126120765986
484.7873879233945
10.587387923391447
-917.6126120766064
-1169.0126120766151
-558.2126120766077
-2043.01261207662
-735.612612076608
-1880.4126120766252
-1141.612612076615
638.9873879233908
-541.0126120766122
142.98738792339356
298.7873879233953
-530.4126120766043
-285.4126120766059
336.98738792339503
433.18738792339497
-489.0126120766149
617.9873879233872
343.5873879233874
1353.187387923392
724.1873879233948
431.7873879233884
93.5873879233886
-421.0126120766092
-780.6126120766056
652.9873879233908
252.7873879233909
-1488.4126120766207
-666.2126120766146
-838.6126120766166
-2026.4126120765918
444.1873879233908
-672.2126120766256
-252.41261207660912
720.1873879233947
275.9873879233915
483.38738792339245
-443.61261207661147
-222.81261207660592
-299.8126120766177
128.18738792339101
575.987387923388
1.387387923389369
596.1873879233896
-369.0126120766099
-870.6126120766123
-976.4126120766043
38.78738792339443
428.9873879233891
-116.21261207661178
-221.21261207660987
70.58738792339062
-711.2126120766129
401.1873879234099
230.38738792338046
973.3873879233784
-181.41261207660997
-407.21261207660683
-513.4126120766152
-44.212612076605524
-387.2126120766132
-1039.0126120766095
-454.8126120766023
1102.1873879233885
-622.2126120765947
463.38738792338717
496.1873879233915
-150.2126120766099
-530.6126120766025
-1260.0126120766042
-730.6126120766032
-906.8126120766092
-385.6126120766183
324.7873879233995
-1208.8126120766105
-590.012612076613
283.987387923387
742.9873879233953
720.5873879233827
1700.3873879233458
732.9873879233938
626.5873879233991
1120.3873879233988
-1484.8126120766144
-714.412612076613
991.3873879233802
-675.2126120766086
438.18738792339866
621.3873879233913
177.5873879233909
563.9873879233969
61.78738792339705
-1624.812612076587
-1403.412612076581
-833.0126120766106
1277.3873879234104
110.98738792339584
-488.01261207660764
-800.0126120765992
-838.612612076611
-783.2126120766203
-677.8126120766132
-890.2126120766197
-557.012612076626
-660.6126120766127
645.3873879233943
-581.8126120766191
606.3873879233954
189.98738792339347
820.987387923385
954.3873879234036
1345.7873879233557
-403.41261207661597
-386.81261207661214
1687.7873879234044
47.787387923391094
524.7873879234
-251.6126120766048
-53.01261207660998
-23.212612076606707
-199.0126120766089
-420.61261207660965
-203.4126120766069
-622.6126120766089
-2638.612612076648
-1600.6126120766246
-790.4126120766164
76.38738792339527
-93.21261207659788
773.1873879233724
-546.4126120766056
-1653.8126120766237
-731.612612076617
248.78738792339004
-12.612612076608755
859.1873879233841
729.7873879233921
-67.01261207661244
-332.81261207661345
647.187387923389
-187.41261207660796
329.58738792338056
-42.61261207661413
1101.9873879233992
1228.1873879233954
1559.387387923381
1677.3873879234166
812.1873879233963
718.1873879234013
-147.0126120766039
2009.787387923372
-46.212612076612444
-654.6126120766107
-616.2126120766127
-1609.2126120766316
-1967.2126120766047
-1732.4126120766134
-1195.2126120766122
-1324.812612076581
-488.4126120766201
-595.4126120766059
667.5873879233848
1022.3873879233997
54.18738792338951
-821.812612076602
488.7873879233889
1093.1873879233804
-23.812612076604495
431.5873879233882
-85.21261207660629
-755.2126120766122
554.7873879233817
266.3873879233852
214.78738792338748
-405.2126120766213
1683.787387923406
634.3873879233893
762.1873879233837
559.7873879233767
307.58738792340245
212.1873879233887
-23.212612076611478
788.9873879233872
-770.0126120766053
851.9873879233924
317.18738792338723
-503.8126120766074
-978.2126120766135
-498.6126120766114
-1267.0126120766072
-316.8126120766116
-1008.0126120766392
-848.6126120766029
-513.0126120766116
352.3873879233898
727.3873879233781
811.1873879233984
73.38738792339178
627.987387923373
365.78738792338345
-286.81261207661134
-1126.212612076618
-925.4126120766184
-556.0126120766143
353.5873879233825
612.587387923386
-915.2126120766112
1419.7873879233941
1367.587387923415
238.38738792338324
875.7873879233979
2121.1873879234595
843.5873879234051
797.3873879233777
474.38738792338586
-119.21261207661225
457.1873879233668
-31.21261207660528
727.9873879233846
-942.4126120766127
-234.21261207660663
-940.4126120766028
693.9873879233801
-228.41261207661137
-880.8126120766005
-360.0126120766098
741.5873879233862
1776.5873879233864
-220.8126120766101
-815.2126120766105
-1088.4126120766007
-704.6126120766108
-112.01261207660895
-542.0126120766063
-264.21261207661115
-417.6126120766093
-1074.0126120766058
1154.5873879233873
792.5873879234134
1735.7873879233903
2599.7873879234157
1599.787387923398
1231.1873879233901
1203.587387923354
1117.587387923389
561.987387923383
-149.8126120766074
-139.81261207661396
-913.6126120766094
-1595.8126120766067
341.9873879233854
251.5873879233884
-992.0126120766137
-9.212612076605318
1292.1873879233997
1471.987387923404
-328.81261207660873
-940.212612076608
465.78738792338237
-150.41261207660867
279.38738792339706
-109.21261207660902
-172.01261207660593
-271.0126120766089
-161.61261207660922
-306.2126120766072
-218.2126120766125
910.1873879233655
-1197.0126120766079
-261.6126120766112
1705.5873879233839
1789.7873879233673
104.38738792338333
858.7873879233986
625.5873879233925
-739.4126120766125
595.9873879233837
272.9873879233962
534.9873879233689
213.38738792340325
-729.8126120766078
-213.81261207660484
26.587387923395113
1131.3873879234154
-31.61261207660453
-801.4126120766094
273.3873879233784
682.1873879233995
-192.61261207660664
-506.61261207660533
-50.412612076606905
-1895.4126120766148
527.7873879233987
1470.5873879233773
65.18738792339092
-135.81261207660867
326.5873879233923
-126.6126120766087
852.787387923395
808.5873879234
-882.2126120766173
302.7873879233962
840.9873879233888
468.587387923396
-965.8126120766036
1354.5873879234034
1704.987387923427
679.5873879233992
432.1873879233892
680.5873879233859
430.7873879233939
-154.81261207660867
396.7873879233896
-62.2126120766166
671.7873879233956
1378.187387923397
1093.3873879233586
301.78738792339396
-30.41261207660552
30.987387923387246
-36.61261207661048
-1173.2126120766106
-256.6126120766081
288.58738792339074
909.9873879233983
1549.3873879233668
-200.41261207661375
-6.612612076608357
-78.41261207660833
-38.41261207661056
-89.01261207661142
333.9873879233904
328.18738792339633
859.3873879233846
279.58738792338903
-332.6126120766094
-1680.8126120766008
-589.6126120766128
-689.6126120766073
300.9873879233872
533.1873879233882
1085.9873879233955
1338.5873879233905
696.3873879233935
658.7873879233882
736.3873879233983
1339.987387923379
547.3873879233823
1016.1873879233731
-778.2126120766127
-855.412612076616
-223.81261207661
-119.81261207660499
-380.6126120766082
256.9873879233889
973.5873879233933
1495.9873879233626
550.1873879233918
944.187387923386
1890.1873879233913
947.9873879233979
-482.41261207661336
-772.6126120766166
-162.41261207660807
416.38738792339336
802.9873879233892
968.1873879233954
-1006.4126120766215
-1320.4126120766202
-1040.6126120765923
-993.0126120766254
-539.4126120765958
-443.61261207660743
-480.61261207662113
471.98738792339043
282.98738792338673
-970.6126120766216
848.787387923406
1180.387387923384
868.3873879233812
434.78738792338703
-342.012612076605
-45.212612076606376
-19.012612076609624
-893.2126120765962
372.9873879233894
367.3873879233941
411.5873879233918
1677.9873879234046
1184.1873879233794
1108.7873879233744
605.7873879233906
-578.4126120766135
-692.6126120765998
1204.987387923385
1042.5873879234052
-342.2126120766104
-1135.0126120766074
-936.6126120766063
-2212.412612076619
-923.0126120766158
-591.0126120766081
392.1873879233968
-1969.6126120766073
96.58738792339946
914.1873879233923
214.98738792338986
1580.3873879233827
-361.2126120766128
133.58738792339105
-364.81261207660486
688.3873879233867
358.38738792338523
1136.9873879233703
1333.3873879233718
1220.587387923407
-680.4126120766161
-398.01261207660787
387.187387923396
378.5873879233907
1345.5873879233914
762.9873879233966
173.18738792339963
624.7873879233963
419.58738792339267
36.98738792338644
488.98738792339236
571.9873879233899
-461.8126120766144
-140.61261207661184
-1244.8126120766092
-808.2126120766158
-341.0126120765855
-1616.8126120766296
-1599.212612076606
-951.4126120766273
-40.21261207662065
-320.0126120765919
-870.8126120766204
831.587387923389
255.3873879233928
-75.41261207661074
272.98738792338895
262.7873879233908
933.1873879234121
495.58738792339136
535.5873879233905
96.58738792339278
-2141.6126120766135
-2022.6126120766135
-521.612612076604
323.5873879233935
1357.5873879233818
822.3873879233979
36.38738792339169
965.1873879233825
-263.4126120766048
247.58738792338949
595.5873879233859
672.9873879234099
-131.8126120766109
401.1873879233876
-1105.8126120766105
-671.2126120766068
-1460.212612076627
-1332.4126120766277
-1400.4126120765782
-1394.0126120765958
-1173.2126120766134
275.9873879233931
378.7873879233926
168.58738792338673
678.9873879233899
637.9873879233917
415.18738792337206
879.1873879233901
1616.5873879233905
365.1873879233906
830.5873879234091
95.38738792339143
-1245.8126120765896
-1264.212612076603
290.7873879233846
1207.18738792338
712.3873879233747
349.58738792339767
948.9873879233996
903.9873879233961
1447.3873879234102
37.787387923391165
296.18738792338553
296.7873879233887
245.3873879233888
409.987387923389
-1097.012612076608
-1135.6126120766214
-1630.2126120766272
-656.6126120766122
-402.6126120766125
-1664.8126120766485
-1545.8126120766242
-77.6126120766058
902.7873879233764
827.587387923395
453.38738792338927
1048.987387923401
534.9873879234025
959.3873879234004
1300.7873879234105
240.78738792340073
930.1873879234197
1758.78738792338
-502.21261207661064
95.98738792338742
570.387387923398
170.58738792338505
878.5873879233785
-517.0126120766114
-252.2126120766095
840.1873879234041
1026.387387923384
110.18738792339644
-801.2126120766072
-205.81261207661146
-830.2126120766117
-902.2126120766223
-1053.4126120766005
-1520.212612076603
-1514.6126120765882
-761.812612076601
-715.4126120765892
-1140.6126120765978
-1832.4126120765827
-946.8126120766074
170.78738792338942
-285.6126120766054
915.787387923403
269.98738792339356
26.987387923393456
725.7873879234014
792.9873879233929
-242.812612076615
1986.9873879234087
287.7873879233925
-1562.6126120766016
-517.4126120766118
553.1873879233874
289.58738792339534
519.9873879233891
1099.1873879233783
1160.7873879234048
1504.3873879234075
1094.987387923387
23.187387923388812
-199.81261207661197
41.98738792338719
-979.4126120766139
-353.2126120766055
-1685.0126120765794
-1905.4126120766398
-2185.012612076595
-2398.4126120765845
-1229.8126120766347
-357.6126120766025
-1148.012612076613
-187.2126120766152
364.9873879233944
29.387387923390477
647.1873879233882
695.3873879233719
132.98738792338747
1037.1873879233942
1456.9873879234017
652.9873879233874
1808.9873879233785
125.38738792340376
-684.2126120766156
-1411.612612076623
1118.387387923395
-818.2126120766134
-706.8126120766084
-143.21261207660717
41.187387923394894
250.7873879233981
-203.21261207661274
393.78738792339226
819.1873879233922
-677.0126120766176
-366.81261207661106
71.78738792339837
-1652.0126120765826
-2087.0126120766345
-1362.8126120765896
-1703.6126120765875
-1522.6126120765791
-103.0126120766119
-192.8126120766033
-242.81261207660975
-440.41261207661194
-53.012612076612534
-328.8126120766116
-347.4126120766055
879.5873879234024
1820.9873879234187
102.3873879233972
-181.21261207661192
417.5873879233856
655.3873879234038
-1177.612612076613
-1485.612612076613
1471.9873879234017
-816.2126120766089
-392.41261207660915
722.1873879233659
1089.3873879233952
473.3873879233914
258.78738792339647
128.18738792338976
931.7873879233797
182.98738792339606
255.1873879233962
-193.41261207661103
-225.41261207660338
-257.6126120766178
-1223.6126120766012
-1537.8126120766253
-627.8126120766046
-381.012612076616
-366.2126120766125
-251.41261207661012
-552.2126120766193
-310.21261207661007
89.58738792339057
225.38738792339117
-998.4126120766017
934.9873879233814
303.18738792339286
101.18738792339312
905.3873879234026
-325.4126120766089
-990.6126120766271
-856.8126120766128
-1025.0126120766074
-1115.2126120766122
978.1873879233839
835.7873879234039
388.987387923388
-198.41261207660614
125.78738792339105
-81.41261207661032
58.18738792340483
762.187387923389
1769.1873879233858
-942.6126120765966
-377.6126120766049
-324.21261207660956
-1212.412612076588
-867.612612076623
-467.0126120766097
-763.6126120766057
355.58738792338977
-141.41261207661222
94.78738792339178
-245.61261207661576
-135.01261207660812
882.9873879233913
-217.41261207660463
774.7873879233842
469.5873879233912
1261.987387923386
397.58738792339307
-2028.6126120766223
231.58738792339818
-1735.4126120766232
-1149.2126120765997
510.58738792339057
296.9873879233923
633.5873879233804
787.3873879233956
704.587387923393
1774.987387923401
1273.9873879234053
-393.8126120766149
-289.81261207660486
1203.3873879233822
-1060.8126120766103
221.5873879233896
-591.4126120766215
-1377.6126120766185
-1288.212612076607
-897.6126120766128
102.98738792339577
368.78738792339004
-1887.2126120766156
605.187387923392
1114.787387923374
-871.0126120766064
16.587387923388825
-191.01261207660872
395.7873879233896
492.78738792338675
690.5873879233978
-885.8126120766141
-1904.0126120765874
-1555.212612076606
-1928.0126120766374
70.78738792339301
867.5873879234016
-1401.2126120766093
251.98738792338946
449.1873879233842
1103.1873879233794
1780.1873879233726
1300.987387923373
206.3873879233899
1203.387387923402
1888.9873879234078
268.9873879233904
647.1873879234023
222.98738792339685
-379.01261207660735
-1022.2126120766004
-196.8126120766142
285.18738792339167
-54.412612076606536
-148.21261207660768
-58.812612076605085
1457.3873879234075
-635.2126120766073
355.38738792339194
169.18738792339548
1368.9873879233878
517.3873879233923
-679.6126120766072
-1215.0126120766245
68.58738792338889
-933.0126120766084
940.1873879233937
1461.9873879233842
-391.6126120766104
-878.0126120766107
1634.187387923399
144.78738792339004
-236.81261207661362
-783.8126120766162
-609.612612076609
1253.1873879233863
1199.5873879233843
1020.1873879233833
1507.5873879233818
1129.3873879234031
-103.21261207660714
645.9873879233962
346.7873879233911
249.78738792339456
490.9873879233867
640.9873879233843
1781.5873879233955
127.78738792338845
860.5873879233908
439.98738792338696
1259.3873879233888
-291.0126120766138
-433.8126120766079
502.38738792338927
-176.81261207661055
-981.0126120766134
-917.8126120766079
-1398.2126120766093
793.1873879233863
902.9873879233785
-605.812612076611
-895.4126120766056
1225.7873879233864
709.5873879233924
184.38738792339288
-186.21261207660734
243.38738792339194
618.9873879233864
-575.0126120766107
214.98738792339358
535.7873879233899
-213.61261207661244
-1364.612612076607
291.38738792339495
-621.6126120766037
-836.6126120766072
413.787387923394
1006.7873879233782
1353.5873879233877
323.78738792339254
79.18738792339165
-560.8126120765992
744.7873879233913
-84.01261207660954
-740.0126120766071
-643.2126120766029
-15.412612076605889
-280.61261207660823
-106.61261207660723
-1216.4126120766082
-2061.012612076637
-1624.2126120766657
392.1873879233864
-786.4126120766089
-652.2126120766048
-443.2126120766083
-454.41261207660693
-202.81261207660592
1627.3873879234106
1011.5873879233893
-228.81261207660668
1404.1873879233767
1409.987387923424
1879.5873879234061
1334.5873879233654
1277.9873879233937
95.18738792339477
759.1873879233929
-701.8126120766078
76.78738792339635
1252.587387923388
-993.0126120766167
-134.6126120766102
-361.41261207660875
-1086.8126120766105
-255.21261207660513
116.58738792338968
-142.01261207660497
-762.8126120766119
-725.0126120766134
131.9873879233942
-414.01261207660787
-719.6126120766057
-1003.0126120766106
840.7873879233858
1459.5873879233884
352.1873879233799
-240.6126120766028
-799.0126120766107
-470.61261207660556
1318.387387923371
1175.7873879233914
428.98738792339043
958.9873879233966
-36.01261207659889
-48.01261207660509
1358.5873879233893
1158.1873879233758
1047.987387923399
984.3873879233788
112.98738792339367
-424.81261207660583
-845.6126120766113
-441.6126120766036
1139.3873879233925
645.1873879233902
-300.4126120766087
-645.8126120766118
273.98738792339157
212.58738792339818
-220.01261207660474
-384.21261207660933
413.9873879233887
847.587387923405
1289.9873879233999
-910.2126120766143
-1062.6126120765982
-507.21261207661047
-925.0126120766041
-444.2126120766104
1182.387387923385
766.3873879233853
942.3873879234006
1383.5873879233775
-36.812612076607444
320.38738792339007
1267.9873879234012
291.9873879233957
1478.9873879233894
1116.3873879233975
486.7873879233927
329.38738792338734
1173.1873879234126
1335.9873879233862
-344.41261207660807
1023.1873879234009
656.1873879233917
-486.6126120766078
-452.2126120766064
-778.0126120766107
-1041.0126120766085
32.38738792339036
652.5873879233843
155.78738792339456
334.9873879233879
1064.1873879233653
1030.5873879233834
327.1873879233738
306.1873879233867
-481.4126120766064
-1682.012612076619
-572.2126120766079
186.3873879233919
-174.8126120766094
1044.7873879233941
765.9873879233941
700.3873879233943
1226.787387923394
685.7873879233821
633.1873879233899
1874.3873879233633
1236.3873879233809
1138.3873879233845
886.3873879233894
747.3873879234047
942.9873879233886
1142.9873879233915
511.1873879233887
640.3873879233934
445.3873879233923
-160.01261207661193
1785.587387923374
1437.1873879234015
1738.1873879234117
-319.6126120766085
454.1873879233947
919.5873879233878
84.98738792339688
-3379.2126120765934
170.38738792339007
-146.4126120766027
-1022.0126120766174
242.98738792338986
256.98738792338986
588.1873879233912
-825.2126120766112
312.5873879233909
1209.9873879233942
530.3873879233897
161.7873879233882
-838.4126120766192
-1162.2126120766106
-1162.8126120766312
-1092.212612076628
670.1873879233905
-369.8126120766076
-738.6126120766139
128.98738792339032
-251.61261207661272
820.9873879233869
352.7873879233968
-1546.0126120766224
-601.0126120766095
-570.6126120766155
-693.0126120766128
-785.8126120766076
-859.812612076618
-966.8126120766149
-2537.012612076611
-3193.2126120766443
-959.4126120766039
-451.0126120766263
-40.61261207661087
498.3873879233936
1144.3873879233954
-208.812612076612
114.38738792338867
947.1873879234141
1605.5873879233995
511.98738792339134
349.1873879233918
396.38738792339143
-535.012612076615
-1027.8126120766187
-849.2126120765848
-550.8126120766093
598.7873879233845
-192.61261207660885
-478.4126120766115
634.987387923388
-1782.4126120766211
-1216.41261207661
555.5873879233865
-1696.412612076593
-525.2126120766034
916.7873879233911
427.98738792339526
924.987387923396
-520.8126120765988
-412.4126120766182
-1193.812612076603
-1765.2126120766065
-1333.612612076618
-1990.6126120765932
-310.6126120766058
157.58738792339153
1276.7873879233914
123.78738792339217
326.18738792339116
1560.7873879233885
-237.21261207660862
-741.2126120766029
-196.4126120766102
815.9873879233812
234.1873879233908
60.18738792339236
-485.8126120766179
-533.6126120766072
290.7873879233882
-597.6126120766119
-421.6126120766113
560.5873879233922
-335.4126120766112
-224.2126120766028
347.58738792339045
-1228.2126120766052
714.1873879233827
1541.5873879233982
113.98738792338901
1281.387387923406
152.18738792339462
-1279.812612076631
-580.412612076606
-999.8126120766321
-1609.4126120765886
-1686.8126120766094
-161.01261207661202
-1124.212612076594
958.1873879234089
377.1873879233994
294.9873879233885
1548.787387923425
8.587387923390963
675.1873879233972
192.5873879233937
-234.21261207660615
166.58738792339318
23.187387923397743
81.78738792339276
-628.6126120766147
-286.61261207661323
126.38738792339319
1826.7873879234028
867.5873879233941
407.78738792338606
370.3873879234004
-980.2126120766088
-1052.4126120766048
1007.387387923394
751.5873879234016
-304.2126120766091
520.9873879233871
-119.21261207661115
-2245.412612076626
327.9873879233897
-893.6126120766195
-938.2126120766111
-559.8126120766035
66.9873879233876
1137.1873879234063
892.7873879233903
1582.787387923382
1188.1873879233929
1132.5873879234055
763.5873879233859
467.5873879233802
950.3873879234012
-608.6126120766174
-890.2126120766208
-1231.212612076614
-731.0126120766085
-656.2126120766048
-1204.6126120765985
-1078.4126120766184
226.58738792339807
40.98738792339291
1051.187387923407
1086.187387923391
756.1873879234046
-401.6126120766123
-304.0126120766107
-122.81261207660368
1361.987387923404
1701.5873879233932
411.98738792339014
10.58738792338896
1176.987387923387
-588.6126120766054
-97.81261207661463
-1082.81261207661
-1077.012612076605
-885.4126120766198
-930.4126120766045
-110.81261207660484
-376.0126120766139
-756.8126120766126
-587.2126120766088
-1240.2126120766113
-39.612612076608976
402.3873879233808
397.98738792338673
114.18738792339104
863.5873879233885
-430.01261207660434
-1306.4126120766182
-459.41261207661
-1780.2126120766093
-213.61261207660112
1297.3873879233909
-50.01261207660832
395.1873879233908
288.98738792339054
124.18738792339025
968.7873879233783
1913.9873879234053
1124.587387923383
145.18738792339389
-730.612612076611
1087.7873879233684
86.98738792339437
-17.81261207660561
-643.2126120766188
-668.4126120766102
-632.2126120766011
147.9873879233929
311.5873879233949
-134.01261207661315
-1653.2126120766104
101.78738792339257
-592.8126120766044
715.3873879233857
720.5873879233843
444.58738792339307
327.38738792339444
620.7873879233905
-852.6126120766157
-2279.812612076629
-428.6126120766037
-435.8126120766051
312.9873879233889
-830.8126120765962
-17.41261207661026
492.3873879234078
283.7873879233954
197.58738792339
277.9873879233896
1566.587387923402
466.187387923379
271.78738792339396
6.987387923395737
757.1873879233922
474.1873879233829
1895.1873879233901
555.9873879233909
-934.2126120766043
-470.21261207660535
1582.3873879233872
705.7873879233989
346.3873879233847
-446.8126120766135
-99.01261207660822
45.187387923391256
742.3873879233902
-221.6126120766091
-402.01261207661065
-762.0126120766132
107.18738792339431
571.9873879233842
-154.6126120765932
-907.0126120766099
-251.81261207661248
-291.81261207661476
-1582.0126120766051
1816.1873879233685
218.9873879233897
-570.2126120766105
-269.612612076614
-835.0126120766091
316.7873879233965
1331.3873879233934
1610.9873879234015
462.5873879233924
303.18738792339514
-67.01261207660679
1139.1873879233844
1493.587387923412
164.98738792338926
-499.61261207661244
1021.3873879234161
937.9873879234102
-576.0126120766117
-172.0126120766085
5.187387923401722
-172.8126120766134
721.9873879233832
604.1873879233823
388.38738792339404
-1350.8126120766024
672.3873879233815
312.58738792339403
-666.2126120766148
-1365.6126120766007
-1386.8126120766053
-1322.2126120766022
-2103.8126120765987
269.98738792339117
-279.21261207660984
1010.7873879233982
203.78738792339067
-273.6126120766054
195.58738792339557
1158.787387923393
286.1873879233812
47.58738792338457
-1455.0126120766056
-741.2126120765888
-271.8126120766089
-101.21261207660757
-21.812612076608154
155.98738792339316
-911.6126120766103
-296.81261207660975
784.9873879233924
614.787387923398
19.58738792338856
117.78738792339368
-383.612612076604
1163.3873879233993
1260.1873879233844
-1689.0126120766188
-58.412612076612064
321.38738792339115
-882.2126120766101
-342.41261207661813
569.1873879233909
-240.21261207661584
-377.4126120766032
760.9873879233971
1080.9873879233642
928.5873879233934
498.7873879233838
1204.1873879234217
-208.41261207661455
-292.41261207661046
-1222.212612076606
-246.61261207660664
-1280.8126120765976
-1145.8126120766112
376.38738792339626
26.987387923391758
731.1873879233907
-1164.4126120766134
-1612.6126120766178
-2136.2126120766084
-187.21261207660905
1184.787387923383
905.5873879234015
1108.9873879233967
-219.61261207660203
-415.0126120766073
1141.1873879233756
-145.41261207661015
316.78738792337737
1256.1873879233897
-124.41261207660656
-524.8126120766117
232.78738792338888
277.1873879233919
-576.2126120766112
-71.8126120766074
380.5873879233828
-379.41261207661086
-850.012612076608
149.7873879233834
62.38738792338496
-1146.4126120766086
-494.61261207660823
375.18738792338917
802.5873879233794
-402.2126120766054
395.1873879233812
370.18738792338775
-535.0126120766023
-270.0126120766141
-532.0126120766038
-894.0126120766132
-231.21261207661328
676.1873879233867
610.3873879233813
792.3873879233643
1401.9873879233712
-873.0126120766045
-1685.6126120765985
-224.81261207660506
305.1873879233935
-1320.01261207659
-621.4126120766206
-1150.0126120765897
-1353.0126120766145
117.58738792338912
-75.81261207660692
1150.187387923392
-282.0126120766095
-1501.8126120765999
-171.01261207661491
-991.2126120766279
-317.8126120766089
-748.2126120766044
-604.8126120766132
880.5873879233897
1234.5873879233654
379.7873879234002
1119.9873879233978
530.9873879233878
-1515.4126120765934
561.5873879233899
275.3873879233898
-1019.212612076608
-217.21261207661914
134.38738792339024
-362.4126120766117
974.3873879233796
742.3873879233804
-1635.0126120765933
-2246.4126120766373
-1707.6126120765944
-526.2126120766048
-1402.0126120765922
1221.1873879233947
372.5873879233928
-544.6126120766072
-420.4126120766162
199.18738792339045
575.7873879233829
-1554.2126120766354
-1235.612612076604
-216.61261207660962
-946.8126120766044
-905.0126120766114
-534.6126120766066
-209.01261207660843
268.78738792339516
813.387387923402
508.3873879233876
-82.6126120766089
351.387387923392
19.387387923390705
423.58738792338676
-86.8126120766135
-2369.612612076607
-1033.2126120766088
-372.0126120766117
-8.612612076610233
-257.81261207661447
-482.41261207662296
-1204.0126120766042
-1657.2126120766236
-1906.8126120765928
-321.4126120766145
-548.4126120766058
-153.41261207660875
-1568.2126120766102
-322.4126120766092
20.38738792339435
554.5873879233935
802.187387923394
-310.81261207660424
144.98738792340313
1052.7873879233928
125.38738792339447
-1143.8126120766142
-55.01261207660892
-845.4126120766044
-370.61261207660993
827.9873879233946
1510.787387923415
443.78738792338197
460.5873879233864
427.5873879233856
590.7873879233816
-685.4126120766033
-965.0126120765765
758.5873879233887
1170.7873879233928
318.98738792339384
-362.8126120766121
405.7873879233907
-109.21261207660893
-597.8126120766079
-711.2126120766155
-694.6126120766016
-4.612612076606709
-514.2126120766135
-1618.0126120766215
-515.6126120766102
161.98738792338997
-777.0126120766129
119.18738792339818
182.987387923393
-1519.6126120766044
412.98738792338713
395.78738792339374
-548.0126120766083
-173.01261207660934
-674.8126120766108
140.38738792339353
1341.3873879233956
1635.3873879233845
996.7873879233864
399.987387923385
-408.01261207661014
296.1873879233969
-595.6126120766082
-519.0126120766099
-173.21261207660734
-457.2126120766137
-856.2126120766042
319.7873879233954
1057.5873879233857
-564.4126120766163
-1369.4126120765882
-1841.0126120765979
-2230.212612076617
10.187387923389828
209.9873879233869
772.5873879233917
-1212.4126120765804
1231.5873879233827
1354.1873879233929
523.3873879233915
1331.5873879233955
-1123.4126120765918
-604.0126120766025
-1285.0126120766085
-445.21261207660905
-65.01261207660714
-28.21261207661213
88.7873879233938
1996.1873879233942
1464.5873879233789
1249.5873879233986
871.587387923396
-806.6126120765966
-545.4126120766084
-373.0126120766141
-798.4126120766126
125.98738792339336
455.18738792338826
-30.81261207660448
-575.2126120766086
-375.2126120766146
-1110.612612076601
-154.21261207660916
-933.2126120765885
-275.6126120766221
667.7873879233913
-132.6126120766063
-231.2126120766076
284.9873879233903
1323.9873879233871
1209.187387923393
161.7873879233906
757.387387923388
317.1873879233897
-83.01261207661057
-481.8126120766228
-596.0126120766087
528.9873879233928
-762.6126120766079
-1083.4126120765934
168.98738792339063
-327.21261207661496
534.787387923381
319.5873879233912
-256.41261207661057
-33.21261207661015
-119.81261207661959
-708.2126120766185
404.1873879233916
-499.21261207661524
572.1873879233918
358.58738792338374
347.78738792339175
-476.01261207661065
692.3873879233947
-194.2126120766099
705.5873879233983
-84.61261207660493
24.187387923392663
-333.21261207661814
-942.0126120766097
-391.6126120766138
796.9873879233913
321.3873879233961
-1284.0126120766133
-333.2126120766145
-5.2126120766095525
-503.2126120766066
-423.8126120766085
840.9873879233859
-1008.2126120766022
-730.0126120766145
-190.41261207661196
-307.2126120766092
902.5873879234017
1130.9873879234
1275.1873879233817
494.18738792339195
260.587387923392
601.1873879233882
51.38738792338344
629.9873879234009
-436.8126120766141
172.38738792338853
-134.81261207660862
298.7873879233932
1047.9873879233946
364.38738792338665
783.7873879233965
-359.21261207661695
688.3873879233921
748.1873879233991
-939.812612076611
-390.2126120766163
262.3873879234088
-243.01261207661005
-1238.4126120766152
-1234.212612076626
-46.21261207660464
-489.0126120766115
-215.4126120766093
558.7873879233833
-1202.6126120766137
-264.8126120766045
1256.3873879233547
-120.61261207660992
1339.1873879233844
880.787387923404
47.187387923387625
739.1873879233912
-640.8126120766024
-707.6126120766168
-211.61261207660843
-405.4126120766109
-1051.8126120766053
-557.6126120766063
292.3873879233887
-870.4126120766067
-852.4126120766284
430.9873879233781
793.1873879234031
-80.21261207660692
882.5873879233966
778.3873879233882
109.9873879233916
55.98738792339208
255.78738792338314
-925.0126120765963
-2140.2126120765997
82.18738792339039
-369.6126120766107
-1118.4126120766202
-348.0126120766125
425.18738792339076
-988.8126120766125
1349.387387923382
131.9873879233946
-470.8126120766062
1079.7873879233862
809.1873879233905
108.18738792339471
340.78738792338663
531.7873879233986
-346.0126120766168
-512.212612076607
-1166.4126120765854
-1710.0126120766247
-521.212612076615
1024.3873879234009
-623.212612076608
-273.61261207660715
-160.2126120766062
67.58738792339292
-588.2126120765965
-477.81261207660094
-372.01261207660593
362.7873879233903
64.18738792339249
712.5873879233912
-302.6126120766045
-1271.2126120766313
187.18738792339252
241.38738792338842
-1080.6126120766123
-633.0126120766254
868.1873879233895
-116.41261207661576
1079.1873879233929
646.3873879233914
907.7873879233805
385.38738792339467
1610.5873879233793
-1171.4126120766105
-835.4126120766141
-519.0126120766056
-1626.0126120765974
-1559.6126120766144
-1539.0126120766413
-849.6126120766156
439.58738792339574
-5.2126120766048025
-244.61261207660598
577.9873879233944
-339.21261207661195
-1130.0126120766151
-127.21261207661028
218.5873879233904
-580.6126120766073
612.3873879233861
455.58738792340193
439.3873879233921
419.9873879233889
138.78738792339166
-451.0126120765974
-399.41261207660625
650.7873879233873
676.5873879233865
-586.6126120766112
-895.612612076623
-523.8126120766115
1153.1873879233679
503.5873879233952
-83.21261207660957
1732.9873879234299
-1154.0126120766183
-806.8126120766195
364.5873879233942
379.587387923392
-328.8126120765824
-215.41261207660986
-1046.4126120766175
1001.7873879233782
951.1873879233767
-82.2126120766084
641.3873879233748
1261.3873879233975
512.787387923402
193.18738792337814
413.58738792339176
986.1873879233847
763.5873879233869
386.5873879233952
814.9873879233919
1083.9873879233876
442.9873879233943
-445.0126120766038
-166.81261207660668
-1062.4126120766105
421.587387923387
-427.0126120766108
-477.61261207661914
364.58738792339227
219.38738792339407
958.5873879233782
1133.9873879233892
104.18738792339192
-489.01261207660673
628.1873879233926
-44.41261207660565
-136.41261207660332
-804.0126120765843
-989.8126120766036
-1505.6126120765953
296.7873879233876
1611.5873879233939
814.3873879233864
-1008.6126120766058
548.1873879233817
905.1873879233967
-80.61261207660179
1069.5873879233793
1271.9873879233837
-143.41261207661077
890.3873879233903
948.9873879233885
1069.387387923401
-164.81261207660864
-692.2126120766023
83.18738792338539
-842.8126120766042
-52.01261207661334
-744.6126120766145
817.787387923387
885.3873879233853
43.38738792339299
2877.5873879233877
-669.2126120766202
-553.812612076609
957.7873879233931
446.18738792338866
-174.0126120766122
-790.0126120766113
-1144.8126120766015
64.78738792338561
-269.61261207661363
-1074.0126120766233
-961.4126120766064
-574.0126120766118
-1807.2126120766054
134.5873879233891
209.58738792338386
-500.61261207661033
-423.61261207660385
384.98738792339236
343.7873879233969
504.1873879234021
-844.0126120766181
1286.9873879233803
1023.1873879233901
-1101.012612076603
-1218.0126120766176
-1382.4126120766277
-498.2126120766014
-716.8126120765959
785.5873879233985
770.5873879233905
408.9873879233935
1432.3873879233954
-1671.0126120765947
-152.8126120766051
925.9873879233942
-314.21261207660285
443.5873879233927
-597.2126120766055
-320.8126120766196
741.7873879233882
-211.0126120766033
-864.6126120766043
338.38738792338984
25.587387923393088
-410.41261207660176
633.5873879234001
513.9873879233756
-507.412612076611
-1569.4126120766086
166.98738792338816
13.78738792339238
66.18738792339173
451.38738792339353
430.1873879233865
1337.9873879234083
-169.21261207661115
-323.4126120765943
-1089.6126120766085
672.1873879233889
-465.0126120766027
-1049.01261207662
-101.81261207660691
1380.9873879233874
502.5873879233912
1110.587387923398
746.1873879233974
-759.4126120766197
-402.0126120765862
1540.9873879233858
-155.81261207661234
-551.2126120766176
-1140.2126120766147
-1251.412612076591
36.387387923387394
139.78738792339317
-709.4126120766124
368.9873879233893
646.5873879233949
-168.81261207661177
-90.2126120766048
-917.6126120766097
-596.2126120766108
-608.2126120766018
341.7873879233861
1349.7873879233953
-571.212612076598
463.98738792338963
963.3873879233823
878.5873879233837
-801.8126120766079
-8.412612076609967
1214.9873879233833
586.7873879233877
638.9873879233871
441.18738792338894
-863.412612076605
665.1873879233976
117.58738792338887
-881.8126120766209
-801.0126120766041
816.5873879234008
127.78738792339095
-282.6126120765998
-69.41261207661418
380.5873879233939
-185.6126120766226
-986.8126120765752
-751.8126120766162
-666.6126120766054
-728.2126120766037
-886.2126120766094
455.9873879233915
-1527.6126120766055
-1897.4126120766223
-645.2126120766164
337.18738792338996
324.38738792338853
-1005.4126120766227
-810.8126120765868
-753.8126120766078
689.5873879233862
-446.21261207662275
-310.6126120766166
327.9873879233913
630.7873879233905
920.1873879233814
1029.5873879234014
-845.2126120766076
-2088.81261207662
-2234.4126120766045
112.78738792338864
-374.21261207660865
-609.0126120766125
-610.2126120766026
-987.2126120766011
-369.4126120766196
775.5873879233884
-1.8126120766113658
-561.6126120766122
704.3873879233888
151.58738792339716
847.1873879233843
1037.787387923385
717.5873879234026
-1380.0126120766126
-862.6126120765954
-1835.612612076591
-194.21261207660578
1237.787387923406
-1665.2126120766102
-1033.6126120766207
-886.0126120766031
-743.0126120766071
-208.01261207660957
-87.21261207661168
9.387387923391227
-942.8126120766096
-1252.2126120765872
82.58738792338892
-518.2126120766156
-517.2126120766085
-1107.8126120766242
628.7873879233883
1966.9873879233958
759.5873879233924
-169.41261207660563
-1286.8126120766278
-1484.8126120766024
-96.01261207660778
-399.6126120766159
-165.61261207660124
803.5873879233881
-1403.8126120765983
-1685.0126120766083
163.38738792339183
-679.6126120766193
-1333.6126120765907
-489.8126120766044
-257.2126120766051
327.98738792339293
218.3873879233956
-649.2126120766175
-42.412612076603395
-262.21261207660575
-937.0126120766015
-1722.4126120766073
-1038.6126120766137
-962.6126120766031
-1161.2126120765934
-1479.012612076602
-656.2126120766102
-191.21261207660987
235.58738792339187
-1393.0126120766124
-894.212612076615
280.3873879233946
-192.21261207661257
-232.61261207660843
779.1873879233904
-150.0126120766073
-827.8126120766216
-88.2126120766076
-798.8126120766017
79.58738792338617
292.78738792338953
-1649.2126120765984
-606.0126120766015
-835.4126120765997
-1790.0126120766251
-1112.6126120766212
762.5873879234024
1518.5873879234073
-47.41261207662132
163.38738792338654
-868.0126120766203
-1148.012612076601
-1455.212612076604
-2307.412612076606
-2909.2126120766375
-1695.0126120765906
-638.4126120766084
-567.8126120766066
-688.6126120765958
-873.8126120766217
-737.4126120766023
-83.61261207660633
1139.1873879233824
-29.81261207660298
-734.612612076605
504.1873879233892
385.5873879233962
-884.8126120766208
-321.6126120766132
329.18738792339514
401.98738792339134
742.5873879233903
557.7873879233946
-585.0126120766175
-541.6126120766417
-1083.012612076611
-854.8126120766187
-1292.8126120766217
-707.4126120766043
-238.01261207660264
270.98738792338776
-433.8126120766002
-343.0126120766136
-296.8126120766204
-932.8126120766145
283.1873879233965
-416.81261207661225
405.58738792339665
-984.6126120766188
-132.61261207661124
-133.81261207660913
-2271.012612076638
